0,0,0,50.804408707037226,-38.051619073733846,513.201
1,0,1,52.70393212654196,-23.78554980339537,514.7
2,0,2,52.785518736177764,-8.868566066475616,515.799
3,0,3,51.039182799378075,5.489594217555322,516.47
4,0,4,47.697034634707435,18.360748894740905,516.735
5,0,5,43.10949026734418,29.418201906229786,516.668
6,0,6,37.616720438711624,38.793794259136604,516.375
7,0,7,31.490529111735842,46.8079659859198,515.991
8,0,8,24.930576376234647,53.80041312985537,515.658
9,0,9,18.080624053858465,60.06750442921935,515.51
10,0,10,11.046343708803855,65.85425242991842,515.659
11,0,11,3.9097044413001414,71.36547742968835,516.178
12,0,12,-3.2602864264773324,76.78153057356332,517.098
13,0,13,-10.39899801606391,82.27404768519658,518.398
14,0,14,-17.438430885073647,88.02145379627639,520.005
15,0,15,-24.298891453487894,94.22463160048197,521.806
16,0,16,-30.878510011156852,101.12250794516954,523.65
17,0,17,-37.03950115195385,109.00393153033896,525.369
18,0,18,-42.59082619234092,118.20262539883703,526.79
19,0,19,-47.27154117017232,129.04299621548267,527.75
20,0,20,-50.75117762774073,141.68608618052647,528.117
21,0,21,-52.67968495498842,155.86875542600453,527.804
22,0,22,-52.8078090585341,170.73216230530105,526.773
23,0,23,-51.11574580487933,-174.91920487030228,525.045
24,0,24,-47.824660134443704,-162.0215947360271,522.703
25,0,25,-43.278021770019656,-150.92036533460032,519.877
26,0,26,-37.813518679267204,-141.49811937456775,516.742
27,0,27,-31.70308459870664,-133.44141947491747,513.501
28,0,28,-25.147416099362335,-126.41243081892232,510.367
29,0,29,-18.291572738827014,-120.11440900790194,507.544
30,0,30,-11.242562237053628,-114.30117353360156,505.212
31,0,31,-4.083672774554951,-108.76652781516765,503.508
32,0,32,3.1147011577619224,-103.32869319802951,502.521
33,0,33,10.286451012694085,-97.81449023578145,502.276
34,0,34,17.361907153160118,-92.04376585887523,502.743
35,0,35,24.25945906386212,-85.81342439234051,503.833
36,0,36,30.87486610523465,-78.88167030936967,505.413
37,0,37,37.06735124829457,-70.95595294743272,507.319
38,0,38,42.64195015827847,-61.69852628226171,509.368
39,0,39,47.332831872689425,-50.78260674320654,511.382
40,1,0,51.970366394588005,-22.068885915897507,513.996
41,1,1,52.97903507083715,-7.333493857119943,515.302
42,1,2,52.13092706650208,7.451461469369819,516.188
43,1,3,49.54666010723064,21.145471660868463,516.65
44,1,4,45.53639308323311,33.11527060583638,516.737
45,1,5,40.45745758622246,43.29798982805819,516.541
46,1,6,34.61878648745295,51.949162072309704,516.186
47,1,7,28.25469967168562,59.41212045759995,515.809
48,1,8,21.534544849201776,66.00819806362134,515.553
49,1,9,14.580987094852963,72.00735811731863,515.542
50,1,10,7.486312509609808,77.63264727622777,515.869
51,1,11,0.3248265080094698,83.0746551389488,516.589
52,1,12,-6.8376255384716025,88.50741492553362,517.704
53,1,13,-13.935716925847055,94.10404461068539,519.169
54,1,14,-20.896740076958693,100.05221047203938,520.89
55,1,15,-27.631386853314012,106.56992531771321,522.733
56,1,16,-34.02181087852091,113.92019924207658,524.536
57,1,17,-39.90589932017642,122.41694773938328,526.127
58,1,18,-45.05928387914021,132.4010040794061,527.336
59,1,19,-49.184004383059644,144.1423724702248,528.014
60,1,20,-51.92904375010943,157.62497464653322,528.049
61,1,21,-52.97636788196626,172.28889902093036,527.378
62,1,22,-52.180124919093686,-172.95803899353817,525.992
63,1,23,-49.64971058633321,-159.25345566920436,523.944
64,1,24,-45.68598447134014,-147.24626997626706,521.34
65,1,25,-40.64172584474565,-137.0170098450408,518.336
66,1,26,-34.82498648340105,-128.32079933340222,515.122
67,1,27,-28.470752215511467,-120.81823268111506,511.908
68,1,28,-21.749624091070892,-114.18853688399888,508.905
69,1,29,-14.785592241629866,-108.16084029994926,506.307
70,1,30,-7.672258433347881,-102.51077804492049,504.275
71,1,31,-0.48528152543482095,-97.04635350134348,502.922
72,1,32,6.7080816093522015,-91.59205129811644,502.306
73,1,33,13.840936098282082,-85.97314836608126,502.425
74,1,34,20.838765431283626,-80.00006597463506,503.217
75,1,35,27.610182531035708,-73.45224365509982,504.572
76,1,36,34.03466870963346,-66.06339965249339,506.337
77,1,37,39.94669945518349,-57.51561598170835,508.337
78,1,38,45.11746001539579,-47.46443595761723,510.39
79,1,39,49.24381293452686,-35.64008759857203,512.324
80,2,0,50.804408707037226,-20.05161686529092,513.201
81,2,1,52.70393212654196,-5.785549729386559,514.7
82,2,2,52.785518736177764,9.131434434420019,515.799
83,2,3,51.039182799378075,23.48959429156413,516.47
84,2,4,47.697034634707435,36.36075110318383,516.735
85,2,5,43.10949026734418,47.41820240712542,516.668
86,2,6,37.616720438711624,56.793794760032235,516.375
87,2,7,31.490529111735842,64.80796990191001,515.991
88,2,8,24.930576376234647,71.80041021565643,515.658
89,2,9,18.080624053858465,78.06750493011498,515.51
90,2,10,11.046343708803855,83.85425293081406,515.659
91,2,11,3.9097044413001414,89.36547793058398,516.178
92,2,12,-3.2602864264773324,94.78153107445895,517.098
93,2,13,-10.39899801606391,100.27404818609222,518.398
94,2,14,-17.438430885073647,106.02145429717201,520.005
95,2,15,-24.298891453487894,112.2246321013776,521.806
96,2,16,-30.878510011156852,119.12251527625435,523.65
97,2,17,-37.03950115195385,127.00393886142376,525.369
98,2,18,-42.59082619234092,136.2026190695435,526.79
99,2,19,-47.27154117017232,147.0430035465675,527.75
100,2,20,-50.75117762774073,159.68607985123296,528.117
101,2,21,-52.67968495498842,173.8687627570893,527.804
102,2,22,-52.8078090585341,-171.2678403815268,526.773
103,2,23,-51.11574580487933,-156.91919753921746,525.045
104,2,24,-47.824660134443704,-144.0215874049423,522.703
105,2,25,-43.278021770019656,-132.92035800351553,519.877
106,2,26,-37.813518679267204,-123.49812570386128,516.742
107,2,27,-31.70308459870664,-115.441425804211,513.501
108,2,28,-25.147416099362335,-108.41242348783751,510.367
109,2,29,-18.291572738827014,-102.1144085070063,507.544
110,2,30,-11.242562237053628,-96.30117303270592,505.212
111,2,31,-4.083672774554951,-90.76652731427201,503.508
112,2,32,3.1147011577619224,-85.32869269713387,502.521
113,2,33,10.286451012694085,-79.81448973488583,502.276
114,2,34,17.361907153160118,-74.0437653579796,502.743
115,2,35,24.25945906386212,-67.81342389144488,503.833
116,2,36,30.87486610523465,-60.88166980847404,505.413
117,2,37,37.06735124829457,-52.95595586163168,507.319
118,2,38,42.64195015827847,-43.69852919646066,509.368
119,2,39,47.332831872689425,-32.78260624231091,511.382
120,3,0,51.970366394588005,-4.068884561228227,513.996
121,3,1,52.97903507083715,10.66650664377569,515.302
122,3,2,52.13092706650208,25.451461970265452,516.188
123,3,3,49.54666010723064,39.14547386931139,516.65
124,3,4,45.53639308323311,51.11527110673202,516.737
125,3,5,40.45745758622246,61.29799032895382,516.541
126,3,6,34.61878648745295,69.94916257320533,516.186
127,3,7,28.25469967168562,77.41212095849558,515.809
128,3,8,21.534544849201776,84.00819856451697,515.553
129,3,9,14.580987094852963,90.00735861821427,515.542
130,3,10,7.486312509609808,95.63264777712341,515.869
131,3,11,0.3248265080094698,101.07465563984444,516.589
132,3,12,-6.8376255384716025,106.50741542642925,517.704
133,3,13,-13.935716925847055,112.10404511158102,519.169
134,3,14,-20.896740076958693,118.052210972935,520.89
135,3,15,-27.631386853314012,124.56993264879802,522.733
136,3,16,-34.02181087852091,131.92019974297222,524.536
137,3,17,-39.90589932017642,140.41694141008975,526.127
138,3,18,-45.05928387914021,150.4010114104909,527.336
139,3,19,-49.184004383059644,162.14237980130963,528.014
140,3,20,-51.92904375010943,175.62498197761803,528.049
141,3,21,-52.97636788196626,-169.7111036658975,527.378
142,3,22,-52.180124919093686,-154.9580453228317,525.992
143,3,23,-49.64971058633321,-141.25344833811954,523.944
144,3,24,-45.68598447134014,-129.24626264518227,521.34
145,3,25,-40.64172584474565,-119.01700251395599,518.336
146,3,26,-34.82498648340105,-110.32079883250658,515.122
147,3,27,-28.470752215511467,-102.81823218021944,511.908
148,3,28,-21.749624091070892,-96.18853638310324,508.905
149,3,29,-14.785592241629866,-90.16083979905363,506.307
150,3,30,-7.672258433347881,-84.51077754402485,504.275
151,3,31,-0.48528152543482095,-79.04635300044785,502.922
152,3,32,6.7080816093522015,-73.59205079722081,502.306
153,3,33,13.840936098282082,-67.97314786518562,502.425
154,3,34,20.838765431283626,-62.00006547373943,503.217
155,3,35,27.610182531035708,-55.452239739109594,504.572
156,3,36,34.03466870963346,-48.06339915159775,506.337
157,3,37,39.94669945518349,-39.51561548081272,508.337
158,3,38,45.11746001539579,-29.4644354567216,510.39
159,3,39,49.24381293452686,-17.640087097676396,512.324
160,4,0,50.804408707037226,-2.051616577838699,513.201
161,4,1,52.70393212654196,12.214450344622252,514.7
162,4,2,52.785518736177764,27.1314357890893,515.799
163,4,3,51.039182799378075,41.48959479245976,516.47
164,4,4,47.697034634707435,54.36075160407946,516.735
165,4,5,43.10949026734418,65.41820632311564,516.668
166,4,6,37.616720438711624,74.79379526092787,516.375
167,4,7,31.490529111735842,82.80797040280565,515.991
168,4,8,24.930576376234647,89.80041071655205,515.658
169,4,9,18.080624053858465,96.06750543101062,515.51
170,4,10,11.046343708803855,101.8542534317097,515.659
171,4,11,3.9097044413001414,107.36547843147962,516.178
172,4,12,-3.2602864264773324,112.78153157535459,517.098
173,4,13,-10.39899801606391,118.27405551717702,518.398
174,4,14,-17.438430885073647,124.02145479806765,520.005
175,4,15,-24.298891453487894,130.22463260227323,521.806
176,4,16,-30.878510011156852,137.1225089469608,523.65
177,4,17,-37.03950115195385,145.00393253213022,525.369
178,4,18,-42.59082619234092,154.2026264006283,526.79
179,4,19,-47.27154117017232,165.04299721727395,527.75
180,4,20,-50.75117762774073,177.68608718231775,528.117
181,4,21,-52.67968495498842,-168.13123992973854,527.804
182,4,22,-52.8078090585341,-153.26783305044202,526.773
183,4,23,-51.11574580487933,-138.919203868511,525.045
184,4,24,-47.824660134443704,-126.02159373423585,522.703
185,4,25,-43.278021770019656,-114.92036433280906,519.877
186,4,26,-37.813518679267204,-105.49812520296564,516.742
187,4,27,-31.70308459870664,-97.44141847312619,513.501
188,4,28,-25.147416099362335,-90.41242298694188,510.367
189,4,29,-18.291572738827014,-84.11440800611066,507.544
190,4,30,-11.242562237053628,-78.30117253181028,505.212
191,4,31,-4.083672774554951,-72.76652681337639,503.508
192,4,32,3.1147011577619224,-67.32869219623824,502.521
193,4,33,10.286451012694085,-61.81448923399019,502.276
194,4,34,17.361907153160118,-56.04376144198938,502.743
195,4,35,24.25945906386212,-49.81341997545466,503.833
196,4,36,30.87486610523465,-42.88166589248382,505.413
197,4,37,37.06735124829457,-34.95595536073604,507.319
198,4,38,42.64195015827847,-25.698526988017736,509.368
199,4,39,47.332831872689425,-14.782605741415278,511.382
200,5,0,51.970366394588005,13.931115939667405,513.996
201,5,1,52.97903507083715,28.666508852218616,515.302
202,5,2,52.13092706650208,43.45146417870838,516.188
203,5,3,49.54666010723064,57.14547437020702,516.65
204,5,4,45.53639308323311,69.11527160762765,516.737
205,5,5,40.45745758622246,79.29799082984945,516.541
206,5,6,34.61878648745295,87.94916307410097,516.186
207,5,7,28.25469967168562,95.41212145939122,515.809
208,5,8,21.534544849201776,102.0081990654126,515.553
209,5,9,14.580987094852963,108.0073591191099,515.542
210,5,10,7.486312509609808,113.63264827801905,515.869
211,5,11,0.3248265080094698,119.0746493105509,516.589
212,5,12,-6.8376255384716025,124.50740909713572,517.704
213,5,13,-13.935716925847055,130.10405244266582,519.169
214,5,14,-20.896740076958693,136.05220464364146,520.89
215,5,15,-27.631386853314012,142.56992631950448,522.733
216,5,16,-34.02181087852091,149.92019341367867,524.536
217,5,17,-39.90589932017642,158.41694874117454,526.127
218,5,18,-45.05928387914021,168.40100508119735,527.336
219,5,19,-49.184004383059644,-179.85762288551825,528.014
220,5,20,-51.92904375010943,-166.37502070920985,528.049
221,5,21,-52.97636788196626,-151.7110963348127,527.378
222,5,22,-52.180124919093686,-136.9580379917469,525.992
223,5,23,-49.64971058633321,-123.25345466741308,523.944
224,5,24,-45.68598447134014,-111.24626214428663,521.34
225,5,25,-40.64172584474565,-101.01700884324953,518.336
226,5,26,-34.82498648340105,-92.32079833161094,515.122
227,5,27,-28.470752215511467,-84.8182316793238,511.908
228,5,28,-21.749624091070892,-78.1885358822076,508.905
229,5,29,-14.785592241629866,-72.160839298158,506.307
230,5,30,-7.672258433347881,-66.51077704312921,504.275
231,5,31,-0.48528152543482095,-61.04635249955221,502.922
232,5,32,6.7080816093522015,-55.59205029632517,502.306
233,5,33,13.840936098282082,-49.973150779384575,502.425
234,5,34,20.838765431283626,-44.000068387938384,503.217
235,5,35,27.610182531035708,-37.45223923821396,504.572
236,5,36,34.03466870963346,-30.063398650702116,506.337
237,5,37,39.94669945518349,-21.51561668746438,508.337
238,5,38,45.11746001539579,-11.464434102052321,510.39
239,5,39,49.24381293452686,0.35991297633241376,512.324
240,6,0,50.804408707037226,15.948384136500346,513.201
241,6,1,52.70393212654196,30.21445169929153,514.7
242,6,2,52.785518736177764,45.13143458243764,515.799
243,6,3,51.039182799378075,59.4895952933554,516.47
244,6,4,47.697034634707435,72.36075210497509,516.735
245,6,5,43.10949026734418,83.41820682401126,516.668
246,6,6,37.616720438711624,92.7937957618235,516.375
247,6,7,31.490529111735842,100.80797090370129,515.991
248,6,8,24.930576376234647,107.80041121744769,515.658
249,6,9,18.080624053858465,114.06750593190625,515.51
250,6,10,11.046343708803855,119.8542607627945,515.659
251,6,11,3.9097044413001414,125.36548576256442,516.178
252,6,12,-3.2602864264773324,130.78152524606105,517.098
253,6,13,-10.39899801606391,136.2740491878835,518.398
254,6,14,-17.438430885073647,142.02146212915244,520.005
255,6,15,-24.298891453487894,148.22463993335802,521.806
256,6,16,-30.878510011156852,155.12251627804562,523.65
257,6,17,-37.03950115195385,163.00393986321504,525.369
258,6,18,-42.59082619234092,172.20262007133476,526.79
259,6,19,-47.27154117017232,-176.95699180917558,527.75
260,6,20,-50.75117762774073,-164.3139155045101,528.117
261,6,21,-52.67968495498842,-150.13123259865372,527.804
262,6,22,-52.8078090585341,-135.26783937973553,526.773
263,6,23,-51.11574580487933,-120.9191965374262,525.045
264,6,24,-47.824660134443704,-108.02159323334021,522.703
265,6,25,-43.278021770019656,-96.92036383191342,519.877
266,6,26,-37.813518679267204,-87.49812470207,516.742
267,6,27,-31.70308459870664,-79.44141797223055,513.501
268,6,28,-25.147416099362335,-72.41242248604624,510.367
269,6,29,-18.291572738827014,-66.11440750521504,507.544
270,6,30,-11.242562237053628,-60.30117203091466,505.212
271,6,31,-4.083672774554951,-54.76652631248075,503.508
272,6,32,3.1147011577619224,-49.32869169534261,502.521
273,6,33,10.286451012694085,-43.81448873309456,502.276
274,6,34,17.361907153160118,-38.043760941093744,502.743
275,6,35,24.25945906386212,-31.813419474559026,503.833
276,6,36,30.87486610523465,-24.881667099135477,505.413
277,6,37,37.06735124829457,-16.95595485984041,507.319
278,6,38,42.64195015827847,-7.698526487122105,509.368
279,6,39,47.332831872689425,3.2173951863671797,511.382
280,7,0,51.970366394588005,31.9311138792421,513.996
281,7,1,52.97903507083715,46.66650593801967,515.302
282,7,2,52.13092706650208,61.451457849414844,516.188
283,7,3,49.54666010723064,75.14546804091349,516.65
284,7,4,45.53639308323311,87.11527210852329,516.737
285,7,5,40.45745758622246,97.29799133074509,516.541
286,7,6,34.61878648745295,105.94915674480742,516.186
287,7,7,28.25469967168562,113.41212196028684,515.809
288,7,8,21.534544849201776,120.00819956630824,515.553
289,7,9,14.580987094852963,126.00735962000553,515.542
290,7,10,7.486312509609808,131.63264877891467,515.869
291,7,11,0.3248265080094698,137.0746566416357,516.589
292,7,12,-6.8376255384716025,142.50741642822052,517.704
293,7,13,-13.935716925847055,148.10404611337228,519.169
294,7,14,-20.896740076958693,154.05221197472628,520.89
295,7,15,-27.631386853314012,160.56991999021093,522.733
296,7,16,-34.02181087852091,167.9202007447635,524.536
297,7,17,-39.90589932017642,176.416942411881,526.127
298,7,18,-45.05928387914021,-173.5989976056305,527.336
299,7,19,-49.184004383059644,-161.8576292148118,528.014
300,7,20,-51.92904375010943,-148.37502703850336,528.049
301,7,21,-52.97636788196626,-133.71110266410625,527.378
302,7,22,-52.180124919093686,-118.95804432104043,525.992
303,7,23,-49.64971058633321,-105.25345416651744,523.944
304,7,24,-45.68598447134014,-93.24626847358017,521.34
305,7,25,-40.64172584474565,-83.01700834235389,518.336
306,7,26,-34.82498648340105,-74.32079783071532,515.122
307,7,27,-28.470752215511467,-66.81823800861734,511.908
308,7,28,-21.749624091070892,-60.188542211501144,508.905
309,7,29,-14.785592241629866,-54.16084221235695,506.307
310,7,30,-7.672258433347881,-48.510776542233586,504.275
311,7,31,-0.48528152543482095,-43.04635199865658,502.922
312,7,32,6.7080816093522015,-37.59205321052412,502.306
313,7,33,13.840936098282082,-31.97315369358353,502.425
314,7,34,20.838765431283626,-26.00007130213734,503.217
315,7,35,27.610182531035708,-19.452243859960205,504.572
316,7,36,34.03466870963346,-12.063403272448358,506.337
317,7,37,39.94669945518349,-3.5156191747765075,508.337
318,7,38,45.11746001539579,6.5355629837487275,510.39
319,7,39,49.24381293452686,18.359910489020287,512.324
320,8,0,50.804408707037226,33.948382929848684,513.201
321,8,1,52.70393212654196,48.21445220018717,514.7
322,8,2,52.785518736177764,63.131438498427855,515.799
323,8,3,51.039182799378075,77.48959579425103,516.47
324,8,4,47.697034634707435,90.36075260587073,516.735
325,8,5,43.10949026734418,101.4182073249069,516.668
326,8,6,37.616720438711624,110.79379626271914,516.375
327,8,7,31.490529111735842,118.80797140459691,515.991
328,8,8,24.930576376234647,125.80041854853249,515.658
329,8,9,18.080624053858465,132.0674996026127,515.51
330,8,10,11.046343708803855,137.85425443350096,515.659
331,8,11,3.9097044413001414,143.36547943327088,516.178
332,8,12,-3.2602864264773324,148.78153257714587,517.098
333,8,13,-10.39899801606391,154.27405651896828,518.398
334,8,14,-17.438430885073647,160.02145579985893,520.005
335,8,15,-24.298891453487894,166.2246336040645,521.806
336,8,16,-30.878510011156852,173.12250994875208,523.65
337,8,17,-37.03950115195385,-178.99606282361285,525.369
338,8,18,-42.59082619234092,-169.79736895511476,526.79
339,8,19,-47.27154117017232,-158.95699813846912,527.75
340,8,20,-50.75117762774073,-146.31392183380365,528.117
341,8,21,-52.67968495498842,-132.13123892794727,527.804
342,8,22,-52.8078090585341,-117.26783204865075,526.773
343,8,23,-51.11574580487933,-102.91919603653056,525.045
344,8,24,-47.824660134443704,-90.02159273244457,522.703
345,8,25,-43.278021770019656,-78.9203633310178,519.877
346,8,26,-37.813518679267204,-69.49812420117438,516.742
347,8,27,-31.70308459870664,-61.44141747133492,513.501
348,8,28,-25.147416099362335,-54.4124254002452,510.367
349,8,29,-18.291572738827014,-48.114403589224814,507.544
350,8,30,-11.242562237053628,-42.30117494511361,505.212
351,8,31,-4.083672774554951,-36.76652581158512,503.508
352,8,32,3.1147011577619224,-31.328691194446975,502.521
353,8,33,10.286451012694085,-25.814488232198922,502.276
354,8,34,17.361907153160118,-20.043762147745408,502.743
355,8,35,24.25945906386212,-13.81341982743704,503.833
356,8,36,30.87486610523465,-6.881665744466198,505.413
357,8,37,37.06735124829457,1.0440457477769298,507.319
358,8,38,42.64195015827847,10.301474013773529,509.368
359,8,39,47.332831872689425,21.21739526037599,511.382
360,9,0,51.970366394588005,49.931114380137736,513.996
361,9,1,52.97903507083715,64.66650302382071,515.302
362,9,2,52.13092706650208,79.45145835031047,516.188
363,9,3,49.54666010723064,93.14546854180912,516.65
364,9,4,45.53639308323311,105.11527260941891,516.737
365,9,5,40.45745758622246,115.29799183164073,516.541
366,9,6,34.61878648745295,123.94916407589224,516.186
367,9,7,28.25469967168562,131.4121156309933,515.809
368,9,8,21.534544849201776,138.0081932370147,515.553
369,9,9,14.580987094852963,144.007353290712,515.542
370,9,10,7.486312509609808,149.63264244962113,515.869
371,9,11,0.3248265080094698,155.07465031234216,516.589
372,9,12,-6.8376255384716025,160.50741009892698,517.704
373,9,13,-13.935716925847055,166.10403978407876,519.169
374,9,14,-20.896740076958693,172.05220564543274,520.89
375,9,15,-27.631386853314012,178.56992732129575,522.733
376,9,16,-34.02181087852091,-174.0798019420644,524.536
377,9,17,-39.90589932017642,-165.58306027494686,526.127
378,9,18,-45.05928387914021,-155.5989902745457,527.336
379,9,19,-49.184004383059644,-143.85762188372698,528.014
380,9,20,-51.92904375010943,-130.37501970741857,528.049
381,9,21,-52.97636788196626,-115.71110899339978,527.378
382,9,22,-52.180124919093686,-100.95804382014481,525.992
383,9,23,-49.64971058633321,-87.2534536656218,523.944
384,9,24,-45.68598447134014,-75.24626797268454,521.34
385,9,25,-40.64172584474565,-65.01700784145825,518.336
386,9,26,-34.82498648340105,-56.320800744914266,515.122
387,9,27,-28.470752215511467,-48.818237507721705,511.908
388,9,28,-21.749624091070892,-42.188538295510924,508.905
389,9,29,-14.785592241629866,-36.16084171146131,506.307
390,9,30,-7.672258433347881,-30.510776041337948,504.275
391,9,31,-0.48528152543482095,-25.04635320530824,502.922
392,9,32,6.7080816093522015,-19.59205270962849,502.306
393,9,33,13.840936098282082,-13.97315233891425,502.425
394,9,34,20.838765431283626,-8.000070801241705,503.217
395,9,35,27.610182531035708,-1.452242718734339,504.572
396,9,36,34.03466870963346,5.936597228447275,506.337
397,9,37,39.94669945518349,14.484380899232303,508.337
398,9,38,45.11746001539579,24.535564338418006,510.39
399,9,39,49.24381293452686,36.35991098991592,512.324
400,10,0,50.804408707037226,51.94838343074432,513.201
401,10,1,52.70393212654196,66.21444928598821,514.7
402,10,2,52.785518736177764,81.13143899932349,515.799
403,10,3,51.039182799378075,95.48959629514667,516.47
404,10,4,47.697034634707435,108.36075310676637,516.735
405,10,5,43.10949026734418,119.41820782580254,516.668
406,10,6,37.616720438711624,128.7937899334256,516.375
407,10,7,31.490529111735842,136.80796507530337,515.991
408,10,8,24.930576376234647,143.80041221923895,515.658
409,10,9,18.080624053858465,150.0675069336975,515.51
410,10,10,11.046343708803855,155.85426176458574,515.659
411,10,11,3.9097044413001414,161.3654867643557,516.178
412,10,12,-3.2602864264773324,166.78152624785233,517.098
413,10,13,-10.39899801606391,172.27405018967474,518.398
414,10,14,-17.438430885073647,178.02146313094372,520.005
415,10,15,-24.298891453487894,-175.77536908276338,521.806
416,10,16,-30.878510011156852,-168.8774927380758,523.65
417,10,17,-37.03950115195385,-160.9960691529064,525.369
418,10,18,-42.59082619234092,-151.7973752844083,526.79
419,10,19,-47.27154117017232,-140.9569908073843,527.75
420,10,20,-50.75117762774073,-128.31391450271883,528.117
421,10,21,-52.67968495498842,-114.13123842705164,527.804
422,10,22,-52.8078090585341,-99.26783154775511,526.773
423,10,23,-51.11574580487933,-84.91919553563493,525.045
424,10,24,-47.824660134443704,-72.02159223154895,522.703
425,10,25,-43.278021770019656,-60.92036283012216,519.877
426,10,26,-37.813518679267204,-51.49812370027874,516.742
427,10,27,-31.70308459870664,-43.44141697043929,513.501
428,10,28,-25.147416099362335,-36.41242489934956,510.367
429,10,29,-18.291572738827014,-30.114403088329183,507.544
430,10,30,-11.242562237053628,-24.30117444421797,505.212
431,10,31,-4.083672774554951,-18.766527018236776,503.508
432,10,32,3.1147011577619224,-13.328689839777697,502.521
433,10,33,10.286451012694085,-7.814487731303289,502.276
434,10,34,17.361907153160118,-2.043760793076127,502.743
435,10,35,24.25945906386212,4.186580673458595,503.833
436,10,36,30.87486610523465,11.118334756429435,505.413
437,10,37,37.06735124829457,19.044046141950858,507.319
438,10,38,42.64195015827847,28.301474514669163,509.368
439,10,39,47.332831872689425,39.217395761271625,511.382
440,11,0,51.970366394588005,67.93111488103337,513.996
441,11,1,52.97903507083715,82.66650352471635,515.302
442,11,2,52.13092706650208,97.45145885120611,516.188
443,11,3,49.54666010723064,111.14546904270475,516.65
444,11,4,45.53639308323311,123.11526628012538,516.737
445,11,5,40.45745758622246,133.2979855023472,516.541
446,11,6,34.61878648745295,141.9491577465987,516.186
447,11,7,28.25469967168562,149.41212296207812,515.809
448,11,8,21.534544849201776,156.0082005680995,515.553
449,11,9,14.580987094852963,162.0073606217968,515.542
450,11,10,7.486312509609808,167.63264978070595,515.869
451,11,11,0.3248265080094698,173.07465764342697,516.589
452,11,12,-6.8376255384716025,178.5074174300118,517.704
453,11,13,-13.935716925847055,-175.89596290274912,519.169
454,11,14,-20.896740076958693,-169.94779704139512,520.89
455,11,15,-27.631386853314012,-163.43007536553213,522.733
456,11,16,-34.02181087852091,-156.0798082713579,524.536
457,11,17,-39.90589932017642,-147.5830666042404,526.127
458,11,18,-45.05928387914021,-137.59899660383923,527.336
459,11,19,-49.184004383059644,-125.85762821302052,528.014
460,11,20,-51.92904375010943,-112.37501920652294,528.049
461,11,21,-52.97636788196626,-97.71110166231497,527.378
462,11,22,-52.180124919093686,-82.95804331924917,525.992
463,11,23,-49.64971058633321,-69.25345316472618,523.944
464,11,24,-45.68598447134014,-57.246264056694315,521.34
465,11,25,-40.64172584474565,-47.01701075565721,518.336
466,11,26,-34.82498648340105,-38.320800244018635,515.122
467,11,27,-28.470752215511467,-30.818237006826074,511.908
468,11,28,-21.749624091070892,-24.188537794615293,508.905
469,11,29,-14.785592241629866,-18.160842918112973,506.307
470,11,30,-7.672258433347881,-12.510776394215963,504.275
471,11,31,-0.48528152543482095,-7.046352704412607,502.922
472,11,32,6.7080816093522015,-1.5920514616809167,502.306
473,11,33,13.840936098282082,4.026848588868207,502.425
474,11,34,20.838765431283626,9.999929699653928,503.217
475,11,35,27.610182531035708,16.54775714183106,504.572
476,11,36,34.03466870963346,23.93659772934291,506.337
477,11,37,39.94669945518349,32.48438310767523,508.337
478,11,38,45.11746001539579,42.535563131766345,510.39
479,11,39,49.24381293452686,54.359911490811555,512.324
480,12,0,50.804408707037226,69.94838393163995,513.201
481,12,1,52.70393212654196,84.21444978688385,514.7
482,12,2,52.785518736177764,99.13143950021913,515.799
483,12,3,51.039182799378075,113.48959679604229,516.47
484,12,4,47.697034634707435,126.36075360766199,516.735
485,12,5,43.10949026734418,137.418201496509,516.668
486,12,6,37.616720438711624,146.7937972645104,516.375
487,12,7,31.490529111735842,154.8079724063882,515.991
488,12,8,24.930576376234647,161.80041955032377,515.658
489,12,9,18.080624053858465,168.067500604404,515.51
490,12,10,11.046343708803855,173.85425543529223,515.659
491,12,11,3.9097044413001414,179.36548043506215,516.178
492,12,12,-3.2602864264773324,-175.2184627785972,517.098
493,12,13,-10.39899801606391,-169.72595249715312,518.398
494,12,14,-17.438430885073647,-163.97853955588414,520.005
495,12,15,-24.298891453487894,-157.77536175167856,521.806
496,12,16,-30.878510011156852,-150.87748540699098,523.65
497,12,17,-37.03950115195385,-142.99606182182157,525.369
498,12,18,-42.59082619234092,-133.7973679533235,526.79
499,12,19,-47.27154117017232,-122.95699713667784,527.75
500,12,20,-50.75117762774073,-110.31392083201239,528.117
501,12,21,-52.67968495498842,-96.131237926156,527.804
502,12,22,-52.8078090585341,-81.26783104685947,526.773
503,12,23,-51.11574580487933,-66.9191950347393,525.045
504,12,24,-47.824660134443704,-54.02159173065331,522.703
505,12,25,-43.278021770019656,-42.92036232922653,519.877
506,12,26,-37.813518679267204,-33.49812319938311,516.742
507,12,27,-31.70308459870664,-25.44141817709095,513.501
508,12,28,-25.147416099362335,-18.412422690906634,510.367
509,12,29,-18.291572738827014,-12.114403441207196,507.544
510,12,30,-11.242562237053628,-6.301173516435515,505.212
511,12,31,-4.083672774554951,-0.7665262505368791,503.508
512,12,32,3.1147011577619224,4.671310234231114,502.521
513,12,33,10.286451012694085,10.185512769592345,502.276
514,12,34,17.361907153160118,15.95623885404586,502.743
515,12,35,24.25945906386212,22.186582028127873,503.833
516,12,36,30.87486610523465,29.118336111098714,505.413
517,12,37,37.06735124829457,37.04404664284649,507.319
518,12,38,42.64195015827847,46.301473308017506,509.368
519,12,39,47.332831872689425,57.217396262167256,511.382
520,13,0,51.970366394588005,85.93112221211817,513.996
521,13,1,52.97903507083715,100.66651085580115,515.302
522,13,2,52.13092706650208,115.45146618229091,516.188
523,13,3,49.54666010723064,129.14547637378956,516.65
524,13,4,45.53639308323311,141.11527361121017,516.737
525,13,5,40.45745758622246,151.297992833432,516.541
526,13,6,34.61878648745295,159.9491650776835,516.186
527,13,7,28.25469967168562,167.4121302931629,515.809
528,13,8,21.534544849201776,174.0082078991843,515.553
529,13,9,14.580987094852963,-179.99264206503105,515.542
530,13,10,7.486312509609808,-174.36733924574358,515.869
531,13,11,0.3248265080094698,-168.9253450434009,516.589
532,13,12,-6.8376255384716025,-163.49258525681608,517.704
533,13,13,-13.935716925847055,-157.8959555716643,519.169
534,13,14,-20.896740076958693,-151.94778971031033,520.89
535,13,15,-27.631386853314012,-145.43006803444732,522.733
536,13,16,-34.02181087852091,-138.07980094027312,524.536
537,13,17,-39.90589932017642,-129.58305927315558,526.127
538,13,18,-45.05928387914021,-119.59898927275444,527.336
539,13,19,-49.184004383059644,-107.85762088193572,528.014
540,13,20,-51.92904375010943,-94.37501187543813,528.049
541,13,21,-52.97636788196626,-79.71109433123017,527.378
542,13,22,-52.180124919093686,-64.95803598816437,525.992
543,13,23,-49.64971058633321,-51.25344241854679,523.944
544,13,24,-45.68598447134014,-39.24625672560951,521.34
545,13,25,-40.64172584474565,-29.017003424572405,518.336
546,13,26,-34.82498648340105,-20.320792912933832,515.122
547,13,27,-28.470752215511467,-12.818228821967624,511.908
548,13,28,-21.749624091070892,-6.1885308904173115,508.905
549,13,29,-14.785592241629866,-0.1608352001619843,506.307
550,13,30,-7.672258433347881,5.489230936868841,504.275
551,13,31,-0.48528152543482095,10.953654626672197,502.922
552,13,32,6.7080816093522015,16.407955122351947,502.306
553,13,33,13.840936098282082,22.026856346839832,502.425
554,13,34,20.838765431283626,27.99993703073873,503.217
555,13,35,27.610182531035708,34.54776618046316,504.572
556,13,36,34.03466870963346,41.93660676797501,506.337
557,13,37,39.94669945518349,50.48439043876003,508.337
558,13,38,45.11746001539579,60.535570462851155,510.39
559,13,39,49.24381293452686,72.35991882189636,512.324
560,14,0,50.804408707037226,87.94837760234641,513.201
561,14,1,52.70393212654196,102.2144434575903,514.7
562,14,2,52.785518736177764,117.13143317092559,515.799
563,14,3,51.039182799378075,131.48959729693794,516.47
564,14,4,47.697034634707435,144.36074727836845,516.735
565,14,5,43.10949026734418,155.41819516721546,516.668
566,14,6,37.616720438711624,164.79379093521686,516.375
567,14,7,31.490529111735842,172.80796607709465,515.991
568,14,8,24.930576376234647,179.80041322103023,515.658
569,14,9,18.080624053858465,-173.9325020824239,515.51
570,14,10,11.046343708803855,-168.14574725153565,515.659
571,14,11,3.9097044413001414,-162.6345222517657,516.178
572,14,12,-3.2602864264773324,-157.21846910789074,517.098
573,14,13,-10.39899801606391,-151.72595882644666,518.398
574,14,14,-17.438430885073647,-145.97854588517768,520.005
575,14,15,-24.298891453487894,-139.7753680809721,521.806
576,14,16,-30.878510011156852,-132.87749173628453,523.65
577,14,17,-37.03950115195385,-124.99606815111511,525.369
578,14,18,-42.59082619234092,-115.79737428261704,526.79
579,14,19,-47.27154117017232,-104.95700346597138,527.75
580,14,20,-50.75117762774073,-92.31392716130591,528.117
581,14,21,-52.67968495498842,-78.13124425544954,527.804
582,14,22,-52.8078090585341,-63.26783737615301,526.773
583,14,23,-51.11574580487933,-48.91920136403284,525.045
584,14,24,-47.824660134443704,-36.02159805994685,522.703
585,14,25,-43.278021770019656,-24.92036695097277,519.877
586,14,26,-37.813518679267204,-15.49812782112935,516.742
587,14,27,-31.70308459870664,-7.441424506384484,513.501
588,14,28,-25.147416099362335,-0.4124296338499807,510.367
589,14,29,-18.291572738827014,5.885589802612444,507.544
590,14,30,-11.242562237053628,11.698819727384125,505.212
591,14,31,-4.083672774554951,17.23346715336532,503.508
592,14,32,3.1147011577619224,22.671303478050753,502.521
593,14,33,10.286451012694085,28.18550644029881,502.276
594,14,34,17.361907153160118,33.956234232299614,502.743
595,14,35,24.25945906386212,40.18657569883434,503.833
596,14,36,30.87486610523465,47.11832978180518,505.413
597,14,37,37.06735124829457,55.044040313552955,507.319
598,14,38,42.64195015827847,64.30147039381855,509.368
599,14,39,47.332831872689425,75.21738993287371,511.382
600,15,0,51.970366394588005,103.93111588282463,513.996
601,15,1,52.97903507083715,118.66650452650761,515.302
602,15,2,52.13092706650208,133.45145985299737,516.188
603,15,3,49.54666010723064,147.14547004449602,516.65
604,15,4,45.53639308323311,159.11526728191666,516.737
605,15,5,40.45745758622246,169.29798650413846,516.541
606,15,6,34.61878648745295,177.94915874838998,516.186
607,15,7,28.25469967168562,-174.58787239366495,515.809
608,15,8,21.534544849201776,-167.99180844802189,515.553
609,15,9,14.580987094852963,-161.9926483943246,515.542
610,15,10,7.486312509609808,-156.36734557503712,515.869
611,15,11,0.3248265080094698,-150.92535137269442,516.589
612,15,12,-6.8376255384716025,-145.49259158610963,517.704
613,15,13,-13.935716925847055,-139.89596190095784,519.169
614,15,14,-20.896740076958693,-133.94779603960387,520.89
615,15,15,-27.631386853314012,-127.43007436374086,522.733
616,15,16,-34.02181087852091,-120.07980726956666,524.536
617,15,17,-39.90589932017642,-111.58305877225996,526.127
618,15,18,-45.05928387914021,-101.5989887718588,527.336
619,15,19,-49.184004383059644,-89.85762721122926,528.014
620,15,20,-51.92904375010943,-76.37501820473167,528.049
621,15,21,-52.97636788196626,-61.711100660523705,527.378
622,15,22,-52.180124919093686,-46.9580423174579,525.992
623,15,23,-49.64971058633321,-33.253448747840324,523.944
624,15,24,-45.68598447134014,-21.24626305490305,521.34
625,15,25,-40.64172584474565,-11.017008900092296,518.336
626,15,26,-34.82498648340105,-2.320799028783956,515.122
627,15,27,-28.470752215511467,5.1817648487388395,511.908
628,15,28,-21.749624091070892,11.811462353402328,508.905
629,15,29,-14.785592241629866,17.839158083678296,506.307
630,15,30,-7.672258433347881,23.48922375380166,504.275
631,15,31,-0.48528152543482095,28.95365000492595,502.922
632,15,32,6.7080816093522015,34.40794879305841,502.306
633,15,33,13.840936098282082,40.026848309999004,502.425
634,15,34,20.838765431283626,45.999930701445194,503.217
635,15,35,27.610182531035708,52.547759851169616,504.572
636,15,36,34.03466870963346,59.936597023586884,506.337
637,15,37,39.94669945518349,68.48438069437191,508.337
638,15,38,45.11746001539579,78.53556413355761,510.39
639,15,39,49.24381293452686,90.35991249260282,512.324
640,16,0,50.804408707037226,105.94838493343121,513.201
641,16,1,52.70393212654196,120.21445761886429,514.7
642,16,2,52.785518736177764,135.13144050201038,515.799
643,16,3,51.039182799378075,149.48960462802273,516.47
644,16,4,47.697034634707435,162.36075460945327,516.735
645,16,5,43.10949026734418,173.41820249830027,516.668
646,16,6,37.616720438711624,-177.20619809123266,516.375
647,16,7,31.490529111735842,-169.19202294935488,515.991
648,16,8,24.930576376234647,-162.19958946579763,515.658
649,16,9,18.080624053858465,-155.93249475133908,515.51
650,16,10,11.046343708803855,-150.14573992045084,515.659
651,16,11,3.9097044413001414,-144.6345149206809,516.178
652,16,12,-3.2602864264773324,-139.21846177680595,517.098
653,16,13,-10.39899801606391,-133.72595149536184,518.398
654,16,14,-17.438430885073647,-127.97853855409288,520.005
655,16,15,-24.298891453487894,-121.7753607498873,521.806
656,16,16,-30.878510011156852,-114.87748440519972,523.65
657,16,17,-37.03950115195385,-106.99606082003031,525.369
658,16,18,-42.59082619234092,-97.7973737817214,526.79
659,16,19,-47.27154117017232,-86.95699613488658,527.75
660,16,20,-50.75117762774073,-74.31391983022111,528.117
661,16,21,-52.67968495498842,-60.131236924364735,527.804
662,16,22,-52.8078090585341,-45.26783346016279,526.773
663,16,23,-51.11574580487933,-30.91919403294803,525.045
664,16,24,-47.824660134443704,-18.021590728862044,522.703
665,16,25,-43.278021770019656,-6.92036004677479,519.877
666,16,26,-37.813518679267204,2.5018786561818067,516.742
667,16,27,-31.70308459870664,10.558582824700318,513.501
668,16,28,-25.147416099362335,17.58757831088463,510.367
669,16,29,-18.291572738827014,23.885596706810425,507.544
670,16,30,-11.242562237053628,29.69882705846893,505.212
671,16,31,-4.083672774554951,35.23347619199742,503.508
672,16,32,3.1147011577619224,40.671310809135555,502.521
673,16,33,10.286451012694085,46.18551377138361,502.276
674,16,34,17.361907153160118,51.95624156338442,502.743
675,16,35,24.25945906386212,58.18657961482456,503.833
676,16,36,30.87486610523465,65.11833369779539,505.413
677,16,37,37.06735124829457,73.04405105973234,507.319
678,16,38,42.64195015827847,82.30147772490335,509.368
679,16,39,47.332831872689425,93.21739726395852,511.382
680,17,0,51.970366394588005,121.93110272334192,513.996
681,17,1,52.97903507083715,136.66649819721408,515.302
682,17,2,52.13092706650208,151.45145352370383,516.188
683,17,3,49.54666010723064,165.14546371520248,516.65
684,17,4,45.53639308323311,177.11526095262312,516.737
685,17,5,40.45745758622246,-172.70201618268942,516.541
686,17,6,34.61878648745295,-164.0508439384379,516.186
687,17,7,28.25469967168562,-156.5878787229585,515.809
688,17,8,21.534544849201776,-149.99181477731543,515.553
689,17,9,14.580987094852963,-143.99265472361813,515.542
690,17,10,7.486312509609808,-138.36735190433066,515.869
691,17,11,0.3248265080094698,-132.92535770198796,516.589
692,17,12,-6.8376255384716025,-127.49259791540315,517.704
693,17,13,-13.935716925847055,-121.89596823025138,519.169
694,17,14,-20.896740076958693,-115.9478023688974,520.89
695,17,15,-27.631386853314012,-109.43008069303438,522.733
696,17,16,-34.02181087852091,-102.07980676867102,524.536
697,17,17,-39.90589932017642,-93.5830651015535,526.127
698,17,18,-45.05928387914021,-83.59899510115234,527.336
699,17,19,-49.184004383059644,-71.85763354052278,528.014
700,17,20,-51.92904375010943,-58.37502453402521,528.049
701,17,21,-52.97636788196626,-43.71111040491183,527.378
702,17,22,-52.180124919093686,-28.95804864675144,525.992
703,17,23,-49.64971058633321,-15.253456784681154,523.944
704,17,24,-45.68598447134014,-3.246269597639997,521.34
705,17,25,-40.64172584474565,6.982984770614167,518.336
706,17,26,-34.82498648340105,15.679194428479097,515.122
707,17,27,-28.470752215511467,23.181757665671658,511.908
708,17,28,-21.749624091070892,29.81145687788244,508.905
709,17,29,-14.785592241629866,35.83915346193205,506.307
710,17,30,-7.672258433347881,41.48921913205542,504.275
711,17,31,-0.48528152543482095,46.953643675632414,502.922
712,17,32,6.7080816093522015,52.407942463764876,502.306
713,17,33,13.840936098282082,58.02684198070547,502.425
714,17,34,20.838765431283626,63.99992437215166,503.217
715,17,35,27.610182531035708,70.54775352187609,504.572
716,17,36,34.03466870963346,77.93659069429334,506.337
717,17,37,39.94669945518349,86.48437436507838,508.337
718,17,38,45.11746001539579,96.53555780426407,510.39
719,17,39,49.24381293452686,108.35990616330928,512.324
720,18,0,50.804408707037226,123.94838543432685,513.201
721,18,1,52.70393212654196,138.21445128957075,514.7
722,18,2,52.785518736177764,153.13143417271687,515.799
723,18,3,51.039182799378075,167.4895982987292,516.47
724,18,4,47.697034634707435,-179.6392480773746,516.735
725,18,5,43.10949026734418,-168.5818001885276,516.668
726,18,6,37.616720438711624,-159.2062044205262,516.375
727,18,7,31.490529111735842,-151.19202927864842,515.991
728,18,8,24.930576376234647,-144.19959579509117,515.658
729,18,9,18.080624053858465,-137.93250108063262,515.51
730,18,10,11.046343708803855,-132.14574624974438,515.659
731,18,11,3.9097044413001414,-126.63452124997445,516.178
732,18,12,-3.2602864264773324,-121.21846810609948,517.098
733,18,13,-10.39899801606391,-115.72595782465538,518.398
734,18,14,-17.438430885073647,-109.97854488338642,520.005
735,18,15,-24.298891453487894,-103.77536707918084,521.806
736,18,16,-30.878510011156852,-96.87749073449325,523.65
737,18,17,-37.03950115195385,-88.99606714932385,525.369
738,18,18,-42.59082619234092,-79.79738011101495,526.79
739,18,19,-47.27154117017232,-68.9570024641801,527.75
740,18,20,-50.75117762774073,-56.31392274442006,528.117
741,18,21,-52.67968495498842,-42.131243253658276,527.804
742,18,22,-52.8078090585341,-27.267839789456332,526.773
743,18,23,-51.11574580487933,-12.919201216015214,525.045
744,18,24,-47.824660134443704,-0.021596644608970414,522.703
745,18,25,-43.278021770019656,11.079633197044851,519.877
746,18,26,-37.813518679267204,20.501873180661917,516.742
747,18,27,-31.70308459870664,28.558576495406783,513.501
748,18,28,-25.147416099362335,35.5875702740438,510.367
749,18,29,-18.291572738827014,41.88559208506418,507.544
750,18,30,-11.242562237053628,47.698820729175395,505.212
751,18,31,-4.083672774554951,53.23346986270388,503.508
752,18,32,3.1147011577619224,58.67130447984202,502.521
753,18,33,10.286451012694085,64.18550744209007,502.276
754,18,34,17.361907153160118,69.9562318189963,502.743
755,18,35,24.25945906386212,76.18657328553103,503.833
756,18,36,30.87486610523465,83.11832736850187,505.413
757,18,37,37.06735124829457,91.04404473043881,507.319
758,18,38,42.64195015827847,100.30147139560982,509.368
759,18,39,47.332831872689425,111.21739093466499,511.382
760,19,0,51.970366394588005,139.93111005442674,513.996
761,19,1,52.97903507083715,154.66650552829887,515.302
762,19,2,52.13092706650208,169.45146085478865,516.188
763,19,3,49.54666010723064,-176.85452531124704,516.65
764,19,4,45.53639308323311,-164.8847280738264,516.737
765,19,5,40.45745758622246,-154.7020088516046,516.541
766,19,6,34.61878648745295,-146.0508366073531,516.186
767,19,7,28.25469967168562,-138.58787139187368,515.809
768,19,8,21.534544849201776,-131.99180744623064,515.553
769,19,9,14.580987094852963,-125.99264739253333,515.542
770,19,10,7.486312509609808,-120.36734457324584,515.869
771,19,11,0.3248265080094698,-114.92535037090317,516.589
772,19,12,-6.8376255384716025,-109.49258375412917,517.704
773,19,13,-13.935716925847055,-103.8959540689774,519.169
774,19,14,-20.896740076958693,-97.94778820762342,520.89
775,19,15,-27.631386853314012,-91.43007336194958,522.733
776,19,16,-34.02181087852091,-84.07979943758622,524.536
777,19,17,-39.90589932017642,-75.5830577704687,526.127
778,19,18,-45.05928387914021,-65.59898777006754,527.336
779,19,19,-49.184004383059644,-53.8576227943434,528.014
780,19,20,-51.92904375010943,-40.37502061803499,528.049
781,19,21,-52.97636788196626,-25.71110136627973,527.378
782,19,22,-52.180124919093686,-10.95804302321393,525.992
783,19,23,-49.64971058633321,2.746550973290473,523.944
784,19,24,-45.68598447134014,14.753737946888219,521.34
785,19,25,-40.64172584474565,24.982991247925323,518.336
786,19,26,-34.82498648340105,33.6792017595639,515.122
787,19,27,-28.470752215511467,41.18176499675646,511.908
788,19,28,-21.749624091070892,47.811464208967244,508.905
789,19,29,-14.785592241629866,53.83916079301685,506.307
790,19,30,-7.672258433347881,59.48922646314022,504.275
791,19,31,-0.48528152543482095,64.95365100671722,502.922
792,19,32,6.7080816093522015,70.40795320994427,502.306
793,19,33,13.840936098282082,76.02684931179027,502.425
794,19,34,20.838765431283626,81.99993170323646,503.217
795,19,35,27.610182531035708,88.54776085296089,504.572
796,19,36,34.03466870963346,95.93659802537815,506.337
797,19,37,39.94669945518349,104.48438169616318,508.337
798,19,38,45.11746001539579,114.53556513534888,510.39
799,19,39,49.24381293452686,126.35990666420491,512.324
800,20,0,50.804408707037226,141.94839276541165,513.201
801,20,1,52.70393212654196,156.21445862065556,514.7
802,20,2,52.785518736177764,171.13144150380165,515.799
803,20,3,51.039182799378075,-174.51040438809866,516.47
804,20,4,47.697034634707435,-161.6392407462898,516.735
805,20,5,43.10949026734418,-150.5817928574428,516.668
806,20,6,37.616720438711624,-141.2061970894414,516.375
807,20,7,31.490529111735842,-133.1920219475636,515.991
808,20,8,24.930576376234647,-126.19958846400638,515.658
809,20,9,18.080624053858465,-119.93249374954782,515.51
810,20,10,11.046343708803855,-114.14573891865957,515.659
811,20,11,3.9097044413001414,-108.63451391888964,516.178
812,20,12,-3.2602864264773324,-103.21846760520384,517.098
813,20,13,-10.39899801606391,-97.72595049357058,518.398
814,20,14,-17.438430885073647,-91.97853755230162,520.005
815,20,15,-24.298891453487894,-85.77535974809604,521.806
816,20,16,-30.878510011156852,-78.87748340340845,523.65
817,20,17,-37.03950115195385,-70.99605981823903,525.369
818,20,18,-42.59082619234092,-61.797372779930136,526.79
819,20,19,-47.27154117017232,-50.95699513309531,527.75
820,20,20,-50.75117762774073,-38.31391541333526,528.117
821,20,21,-52.67968495498842,-24.13123592257347,527.804
822,20,22,-52.8078090585341,-9.267832458371526,526.773
823,20,23,-51.11574580487933,5.0808061150695885,525.045
824,20,24,-47.824660134443704,17.978410272929224,522.703
825,20,25,-43.278021770019656,29.079639674356006,519.877
826,20,26,-37.813518679267204,38.50187880419943,516.742
827,20,27,-31.70308459870664,46.558585534038876,513.501
828,20,28,-25.147416099362335,53.58757760512861,510.367
829,20,29,-18.291572738827014,59.885596001054395,507.544
830,20,30,-11.242562237053628,65.69883147535478,505.212
831,20,31,-4.083672774554951,71.23347719378869,503.508
832,20,32,3.1147011577619224,76.67131181092682,502.521
833,20,33,10.286451012694085,82.18551477317487,502.276
834,20,34,17.361907153160118,87.9562391500811,502.743
835,20,35,24.25945906386212,94.18658061661583,503.833
836,20,36,30.87486610523465,101.11833469958667,505.413
837,20,37,37.06735124829457,109.04405206152362,507.319
838,20,38,42.64195015827847,118.30147189650545,509.368
839,20,39,47.332831872689425,129.21739826574978,511.382
840,21,0,51.970366394588005,157.9311037251332,513.996
841,21,1,52.97903507083715,172.66649919900533,515.302
842,21,2,52.13092706650208,-172.54854183203923,516.188
843,21,3,49.54666010723064,-158.85453164054059,516.65
844,21,4,45.53639308323311,-146.88473440311995,516.737
845,21,5,40.45745758622246,-136.70201518089814,516.541
846,21,6,34.61878648745295,-128.05084293664663,516.186
847,21,7,28.25469967168562,-120.58787772116722,515.809
848,21,8,21.534544849201776,-113.991806945335,515.553
849,21,9,14.580987094852963,-107.99264689163769,515.542
850,21,10,7.486312509609808,-102.36735773272855,515.869
851,21,11,0.3248265080094698,-96.92534987000754,516.589
852,21,12,-6.8376255384716025,-91.49259008342271,517.704
853,21,13,-13.935716925847055,-85.89596039827094,519.169
854,21,14,-20.896740076958693,-79.94779453691696,520.89
855,21,15,-27.631386853314012,-73.43007969124312,522.733
856,21,16,-34.02181087852091,-66.07980576687976,524.536
857,21,17,-39.90589932017642,-57.58306409976223,526.127
858,21,18,-45.05928387914021,-47.598997514455654,527.336
859,21,19,-49.184004383059644,-35.85762912363693,528.014
860,21,20,-51.92904375010943,-22.375026947328525,528.049
861,21,21,-52.97636788196626,-7.711107695573268,527.378
862,21,22,-52.180124919093686,7.041950647492534,525.992
863,21,23,-49.64971058633321,20.746544217110113,523.944
864,21,24,-45.68598447134014,32.75373161759468,521.34
865,21,25,-40.64172584474565,42.982984918631786,518.336
866,21,26,-34.82498648340105,51.67919543027036,515.122
867,21,27,-28.470752215511467,59.18175866746292,511.908
868,21,28,-21.749624091070892,65.81145446457911,508.905
869,21,29,-14.785592241629866,71.83915104862874,506.307
870,21,30,-7.672258433347881,77.48922013384669,504.275
871,21,31,-0.48528152543482095,82.95364467742368,502.922
872,21,32,6.7080816093522015,88.40794688065073,502.306
873,21,33,13.840936098282082,94.02684298249673,502.425
874,21,34,20.838765431283626,99.99992537394293,503.217
875,21,35,27.610182531035708,106.54775452366735,504.572
876,21,36,34.03466870963346,113.93659169608462,506.337
877,21,37,39.94669945518349,122.48437536686964,508.337
878,21,38,45.11746001539579,132.53555880605535,510.39
879,21,39,49.24381293452686,144.35990033491137,512.324
880,22,0,50.804408707037226,159.9483864361181,513.201
881,22,1,52.70393212654196,174.21445229136202,514.7
882,22,2,52.785518736177764,-170.8685611830262,515.799
883,22,3,51.039182799378075,-156.5104107173922,516.47
884,22,4,47.697034634707435,-143.63924707558334,516.735
885,22,5,43.10949026734418,-132.58179918673633,516.668
886,22,6,37.616720438711624,-123.20620341873493,516.375
887,22,7,31.490529111735842,-115.19202827685714,515.991
888,22,8,24.930576376234647,-108.19958796311074,515.658
889,22,9,18.080624053858465,-101.93250007884136,515.51
890,22,10,11.046343708803855,-96.14574524795312,515.659
891,22,11,3.9097044413001414,-90.63452024818318,516.178
892,22,12,-3.2602864264773324,-85.21847393449738,517.098
893,22,13,-10.39899801606391,-79.72595682286412,518.398
894,22,14,-17.438430885073647,-73.97854388159514,520.005
895,22,15,-24.298891453487894,-67.77536607738956,521.806
896,22,16,-30.878510011156852,-60.87748973270199,523.65
897,22,17,-37.03950115195385,-52.996066147532574,525.369
898,22,18,-42.59082619234092,-43.79737910922368,526.79
899,22,19,-47.27154117017232,-32.957001462388845,527.75
900,22,20,-50.75117762774073,-20.3139217426288,528.117
901,22,21,-52.67968495498842,-6.13124139809336,527.804
902,22,22,-52.8078090585341,8.732161212334937,526.773
903,22,23,-51.11574580487933,23.080798932002406,525.045
904,22,24,-47.824660134443704,35.97840394363568,522.703
905,22,25,-43.278021770019656,47.07963334506247,519.877
906,22,26,-37.813518679267204,56.50187247490589,516.742
907,22,27,-31.70308459870664,64.55857920474534,513.501
908,22,28,-25.147416099362335,71.58757469092966,510.367
909,22,29,-18.291572738827014,77.88558967176085,507.544
910,22,30,-11.242562237053628,83.69882514606124,505.212
911,22,31,-4.083672774554951,89.23347086449515,503.508
912,22,32,3.1147011577619224,94.67130548163328,502.521
913,22,33,10.286451012694085,100.18550844388135,502.276
914,22,34,17.361907153160118,105.95623282078756,502.743
915,22,35,24.25945906386212,112.18657428732229,503.833
916,22,36,30.87486610523465,119.11833520048229,505.413
917,22,37,37.06735124829457,127.04404573223007,507.319
918,22,38,42.64195015827847,136.30146556721192,509.368
919,22,39,47.332831872689425,147.21739193645627,511.382
920,23,0,51.970366394588005,175.931111056218,513.996
921,23,1,52.97903507083715,-169.33348982744417,515.302
922,23,2,52.13092706650208,-154.54853450095442,516.188
923,23,3,49.54666010723064,-140.85452430945577,516.65
924,23,4,45.53639308323311,-128.88472707203516,516.737
925,23,5,40.45745758622246,-118.70200784981334,516.541
926,23,6,34.61878648745295,-110.05083560556183,516.186
927,23,7,28.25469967168562,-102.5878772202716,515.809
928,23,8,21.534544849201776,-95.9917996142502,515.553
929,23,9,14.580987094852963,-89.99263956055289,515.542
930,23,10,7.486312509609808,-84.36735040164375,515.869
931,23,11,0.3248265080094698,-78.92534253892273,516.589
932,23,12,-6.8376255384716025,-73.49258275233791,517.704
933,23,13,-13.935716925847055,-67.89595306718614,519.169
934,23,14,-20.896740076958693,-61.94778720583216,520.89
935,23,15,-27.631386853314012,-55.43007236015832,522.733
936,23,16,-34.02181087852091,-48.07980185088953,524.536
937,23,17,-39.90589932017642,-39.58305676867742,526.127
938,23,18,-45.05928387914021,-29.59899018337085,527.336
939,23,19,-49.184004383059644,-17.857623500099425,528.014
940,23,20,-51.92904375010943,-4.375019616243723,528.049
941,23,21,-52.97636788196626,10.288899635511536,527.378
942,23,22,-52.180124919093686,25.041957978577337,525.992
943,23,23,-49.64971058633321,38.74655325574221,523.944
944,23,24,-45.68598447134014,50.753738948679484,521.34
945,23,25,-40.64172584474565,60.98299566481118,518.336
946,23,26,-34.82498648340105,69.67920617644975,515.122
947,23,27,-28.470752215511467,77.18176599854773,511.908
948,23,28,-21.749624091070892,83.81146179566393,508.905
949,23,29,-14.785592241629866,89.83915837971354,506.307
950,23,30,-7.672258433347881,95.48922746493149,504.275
951,23,31,-0.48528152543482095,100.95365200850848,502.922
952,23,32,6.7080816093522015,106.40795421173553,502.306
953,23,33,13.840936098282082,112.02685031358153,502.425
954,23,34,20.838765431283626,117.99993270502773,503.217
955,23,35,27.610182531035708,124.54776185475215,504.572
956,23,36,34.03466870963346,131.9366058573586,506.337
957,23,37,39.94669945518349,140.48438269795443,508.337
958,23,38,45.11746001539579,150.53556613714014,510.39
959,23,39,49.24381293452686,162.3599076659962,512.324
960,24,0,50.804408707037226,177.94839376720293,513.201
961,24,1,52.70393212654196,-167.78555039546586,514.7
962,24,2,52.785518736177764,-152.8685538519414,515.799
963,24,3,51.039182799378075,-138.5104033863074,516.47
964,24,4,47.697034634707435,-125.63923974449852,516.735
965,24,5,43.10949026734418,-114.58179185565153,516.668
966,24,6,37.616720438711624,-105.20620291783929,516.375
967,24,7,31.490529111735842,-97.19202777596152,515.991
968,24,8,24.930576376234647,-90.19958063202594,515.658
969,24,9,18.080624053858465,-83.93249274775656,515.51
970,24,10,11.046343708803855,-78.14573791686831,515.659
971,24,11,3.9097044413001414,-72.63451291709838,516.178
972,24,12,-3.2602864264773324,-67.21846660341258,517.098
973,24,13,-10.39899801606391,-61.72594949177931,518.398
974,24,14,-17.438430885073647,-55.97853655051034,520.005
975,24,15,-24.298891453487894,-49.77536216139935,521.806
976,24,16,-30.878510011156852,-42.87748581671177,523.65
977,24,17,-37.03950115195385,-34.99605881644777,525.369
978,24,18,-42.59082619234092,-25.797370070591576,526.79
979,24,19,-47.27154117017232,-14.95699242375675,527.75
980,24,20,-50.75117762774073,-2.313914411543995,528.117
981,24,21,-52.67968495498842,11.868765932991444,527.804
982,24,22,-52.8078090585341,26.73216854341974,526.773
983,24,23,-51.11574580487933,41.0808079706345,525.045
984,24,24,-47.824660134443704,53.97841127472049,522.703
985,24,25,-43.278021770019656,65.07964067614728,519.877
986,24,26,-37.813518679267204,74.5018798059907,516.742
987,24,27,-31.70308459870664,82.55858653583014,513.501
988,24,28,-25.147416099362335,89.58758202201446,510.367
989,24,29,-18.291572738827014,95.88559700284567,507.544
990,24,30,-11.242562237053628,101.69883247714604,505.212
991,24,31,-4.083672774554951,107.23347819557995,503.508
992,24,32,3.1147011577619224,112.67131281271809,502.521
993,24,33,10.286451012694085,118.18550894477697,502.276
994,24,34,17.361907153160118,123.95624015187236,502.743
995,24,35,24.25945906386212,130.18658844859627,503.833
996,24,36,30.87486610523465,137.1183425315671,505.413
997,24,37,37.06735124829457,145.04405306331486,507.319
998,24,38,42.64195015827847,154.3014728982967,509.368
999,24,39,47.332831872689425,165.21739926754105,511.382
1000,25,0,51.970366394588005,-166.06889163060987,513.996
1001,25,1,52.97903507083715,-151.3334961567377,515.302
1002,25,2,52.13092706650208,-136.54854083024796,516.188
1003,25,3,49.54666010723064,-122.85453063874931,516.65
1004,25,4,45.53639308323311,-110.88473340132869,516.737
1005,25,5,40.45745758622246,-100.70201417910688,516.541
1006,25,6,34.61878648745295,-92.05084193485537,516.186
1007,25,7,28.25469967168562,-84.58788354956512,515.809
1008,25,8,21.534544849201776,-77.99180594354372,515.553
1009,25,9,14.580987094852963,-71.99264588984643,515.542
1010,25,10,7.486312509609808,-66.36735673093729,515.869
1011,25,11,0.3248265080094698,-60.92534886821627,516.589
1012,25,12,-6.8376255384716025,-55.49259249672603,517.704
1013,25,13,-13.935716925847055,-49.895959396479675,519.169
1014,25,14,-20.896740076958693,-43.94779695022028,520.89
1015,25,15,-27.631386853314012,-37.430078689451854,522.733
1016,25,16,-34.02181087852091,-30.07980818018307,524.536
1017,25,17,-39.90589932017642,-21.583063097970964,526.127
1018,25,18,-45.05928387914021,-11.598996512664389,527.336
1019,25,19,-49.184004383059644,0.1423703573700234,528.014
1020,25,20,-51.92904375010943,13.62497405446274,528.049
1021,25,21,-52.97636788196626,28.288893306218,527.378
1022,25,22,-52.180124919093686,43.041953356831094,525.992
1023,25,23,-49.64971058633321,56.74654692644867,523.944
1024,25,24,-45.68598447134014,68.75372920429136,521.34
1025,25,25,-40.64172584474565,78.98298933551764,518.336
1026,25,26,-34.82498648340105,87.67919984715621,515.122
1027,25,27,-28.470752215511467,95.18175966925419,511.908
1028,25,28,-21.749624091070892,101.81145546637039,508.905
1029,25,29,-14.785592241629866,107.83915205042,506.307
1030,25,30,-7.672258433347881,113.48922113563795,504.275
1031,25,31,-0.48528152543482095,118.95364567921494,502.922
1032,25,32,6.7080816093522015,124.40794788244199,502.306
1033,25,33,13.840936098282082,130.026843984288,502.425
1034,25,34,20.838765431283626,135.9999263757342,503.217
1035,25,35,27.610182531035708,142.54775552545863,504.572
1036,25,36,34.03466870963346,149.93659952806505,506.337
1037,25,37,39.94669945518349,158.48437636866092,508.337
1038,25,38,45.11746001539579,168.53555980784662,510.39
1039,25,39,49.24381293452686,-179.6400950208317,512.324
1040,26,0,50.804408707037226,-164.05160891962495,513.201
1041,26,1,52.70393212654196,-149.78554306438105,514.7
1042,26,2,52.785518736177764,-134.8685465208566,515.799
1043,26,3,51.039182799378075,-120.5103960552226,516.47
1044,26,4,47.697034634707435,-107.6392392436029,516.735
1045,26,5,43.10949026734418,-96.58178452456673,516.668
1046,26,6,37.616720438711624,-87.20619558675449,516.375
1047,26,7,31.490529111735842,-79.1920204448767,515.991
1048,26,8,24.930576376234647,-72.19957330094114,515.658
1049,26,9,18.080624053858465,-65.93248541667175,515.51
1050,26,10,11.046343708803855,-60.145730585783504,515.659
1051,26,11,3.9097044413001414,-54.634505586013574,516.178
1052,26,12,-3.2602864264773324,-49.21845927232777,517.098
1053,26,13,-10.39899801606391,-43.725938745599926,518.398
1054,26,14,-17.438430885073647,-37.97852921942554,520.005
1055,26,15,-24.298891453487894,-31.775354830314544,521.806
1056,26,16,-30.878510011156852,-24.877476778079675,523.65
1057,26,17,-37.03950115195385,-16.99605319291026,525.369
1058,26,18,-42.59082619234092,-7.797362739506774,526.79
1059,26,19,-47.27154117017232,3.0430149073280535,527.75
1060,26,20,-50.75117762774073,15.686092919540808,528.117
1061,26,21,-52.67968495498842,29.8687724103026,527.804
1062,26,22,-52.8078090585341,44.73217587450454,526.773
1063,26,23,-51.11574580487933,59.080815301719305,525.045
1064,26,24,-47.824660134443704,71.97841860580529,522.703
1065,26,25,-43.278021770019656,83.07964800723208,519.877
1066,26,26,-37.813518679267204,92.5018871370755,516.742
1067,26,27,-31.70308459870664,100.55859386691495,513.501
1068,26,28,-25.147416099362335,107.58758935309926,510.367
1069,26,29,-18.291572738827014,113.88560433393047,507.544
1070,26,30,-11.242562237053628,119.69883297804168,505.212
1071,26,31,-4.083672774554951,125.23348552666475,503.508
1072,26,32,3.1147011577619224,130.67132697399205,502.521
1073,26,33,10.286451012694085,136.18551627586177,502.276
1074,26,34,17.361907153160118,141.95624748295717,502.743
1075,26,35,24.25945906386212,148.18659577968106,503.833
1076,26,36,30.87486610523465,155.1183498626519,505.413
1077,26,37,37.06735124829457,163.04406039439968,507.319
1078,26,38,42.64195015827847,172.30148022938153,509.368
1079,26,39,47.332831872689425,-176.78258975890847,511.382
1080,27,0,51.970366394588005,-148.0688979599034,513.996
1081,27,1,52.97903507083715,-133.33350248603125,515.302
1082,27,2,52.13092706650208,-118.5485471595415,516.188
1083,27,3,49.54666010723064,-104.85453696804285,516.65
1084,27,4,45.53639308323311,-92.88473973062223,516.737
1085,27,5,40.45745758622246,-82.70202050840041,516.541
1086,27,6,34.61878648745295,-74.0508482641489,516.186
1087,27,7,28.25469967168562,-66.58788987885866,515.809
1088,27,8,21.534544849201776,-59.991812272837265,515.553
1089,27,9,14.580987094852963,-53.99265221913997,515.542
1090,27,10,7.486312509609808,-48.36736306023082,515.869
1091,27,11,0.3248265080094698,-42.92535861260439,516.589
1092,27,12,-6.8376255384716025,-37.49259882601957,517.704
1093,27,13,-13.935716925847055,-31.895965725773216,519.169
1094,27,14,-20.896740076958693,-25.947801571966522,520.89
1095,27,15,-27.631386853314012,-19.430085018745395,522.733
1096,27,16,-34.02181087852091,-12.07981365570296,524.536
1097,27,17,-39.90589932017642,-3.583069427264499,526.127
1098,27,18,-45.05928387914021,6.400997584928898,527.336
1099,27,19,-49.184004383059644,18.1423638413135,528.014
1100,27,20,-51.92904375010943,31.624967725169203,528.049
1101,27,21,-52.97636788196626,46.28888526937717,527.378
1102,27,22,-52.180124919093686,61.04194702753755,525.992
1103,27,23,-49.64971058633321,74.74653718206055,523.944
1104,27,24,-45.68598447134014,86.75372287499782,521.34
1105,27,25,-40.64172584474565,96.9829830062241,518.336
1106,27,26,-34.82498648340105,105.67919351786267,515.122
1107,27,27,-28.470752215511467,113.18175333996065,511.908
1108,27,28,-21.749624091070892,119.81144913707685,508.905
1109,27,29,-14.785592241629866,125.83914572112646,506.307
1110,27,30,-7.672258433347881,131.48921480634442,504.275
1111,27,31,-0.48528152543482095,136.95363934992142,502.922
1112,27,32,6.7080816093522015,142.40794155314845,502.306
1113,27,33,13.840936098282082,148.02683765499447,502.425
1114,27,34,20.838765431283626,153.99992004644065,503.217
1115,27,35,27.610182531035708,160.54774919616509,504.572
1116,27,36,34.03466870963346,167.9365931987715,506.337
1117,27,37,39.94669945518349,176.48437003936738,508.337
1118,27,38,45.11746001539579,-173.46444287898126,510.39
1119,27,39,49.24381293452686,-161.6401013501252,512.324
1120,28,0,50.804408707037226,-146.05162890929682,513.201
1121,28,1,52.70393212654196,-131.78556305405291,514.7
1122,28,2,52.785518736177764,-116.86856651052848,515.799
1123,28,3,51.039182799378075,-102.5104092147053,516.47
1124,28,4,47.697034634707435,-89.63925923327477,516.735
1125,28,5,43.10949026734418,-78.5818045142386,516.668
1126,28,6,37.616720438711624,-69.20621557642637,516.375
1127,28,7,31.490529111735842,-61.19204043454859,515.991
1128,28,8,24.930576376234647,-54.1995967057076,515.658
1129,28,9,18.080624053858465,-47.93250540634362,515.51
1130,28,10,11.046343708803855,-42.14575399054996,515.659
1131,28,11,3.9097044413001414,-36.63452557568545,516.178
1132,28,12,-3.2602864264773324,-31.21847926199965,517.098
1133,28,13,-10.39899801606391,-25.725958735271803,518.398
1134,28,14,-17.438430885073647,-19.97855091664471,520.005
1135,28,15,-24.298891453487894,-13.775373966212776,521.806
1136,28,16,-30.878510011156852,-6.877496767751552,523.65
1137,28,17,-37.03950115195385,1.0039270308612733,525.369
1138,28,18,-42.59082619234092,10.20261727082135,526.79
1139,28,19,-47.27154117017232,21.042994917656177,527.75
1140,28,20,-50.75117762774073,33.686072929868935,528.117
1141,28,21,-52.67968495498842,47.86875242063073,527.804
1142,28,22,-52.8078090585341,62.732159299927254,526.773
1143,28,23,-51.11574580487933,77.08079531204743,525.045
1144,28,24,-47.824660134443704,89.97839861613342,522.703
1145,28,25,-43.278021770019656,101.0796280175602,519.877
1146,28,26,-37.813518679267204,110.50186714740362,516.742
1147,28,27,-31.70308459870664,118.55857387724308,513.501
1148,28,28,-25.147416099362335,125.58756253323821,510.367
1149,28,29,-18.291572738827014,131.8855843442586,507.544
1150,28,30,-11.242562237053628,137.6988129883698,505.212
1151,28,31,-4.083672774554951,143.23346553699287,503.508
1152,28,32,3.1147011577619224,148.67130698432018,502.521
1153,28,33,10.286451012694085,154.1854962861899,502.276
1154,28,34,17.361907153160118,159.9562274932853,502.743
1155,28,35,24.25945906386212,166.1865757900092,503.833
1156,28,36,30.87486610523465,173.11832987298,505.413
1157,28,37,37.06735124829457,-178.95596961318486,507.319
1158,28,38,42.64195015827847,-169.6985361178247,509.368
1159,28,39,47.332831872689425,-158.78260974858034,511.382
1160,29,0,51.970366394588005,-130.0688906288186,513.996
1161,29,1,52.97903507083715,-115.33349515494645,515.302
1162,29,2,52.13092706650208,-100.54853982845668,516.188
1163,29,3,49.54666010723064,-86.85452963695805,516.65
1164,29,4,45.53639308323311,-74.88473239953741,516.737
1165,29,5,40.45745758622246,-64.7020131773156,516.541
1166,29,6,34.61878648745295,-56.0508409330641,516.186
1167,29,7,28.25469967168562,-48.58788254777386,515.809
1168,29,8,21.534544849201776,-41.991808356847045,515.553
1169,29,9,14.580987094852963,-35.99264488805516,515.542
1170,29,10,7.486312509609808,-30.36735572914602,515.869
1171,29,11,0.3248265080094698,-24.925351281519585,516.589
1172,29,12,-6.8376255384716025,-19.492589787387473,517.704
1173,29,13,-13.935716925847055,-13.895958394688412,519.169
1174,29,14,-20.896740076958693,-7.947795094655366,520.89
1175,29,15,-27.631386853314012,-1.4300776876605898,522.733
1176,29,16,-34.02181087852091,5.92019324849502,524.536
1177,29,17,-39.90589932017642,14.416937903820305,526.127
1178,29,18,-45.05928387914021,24.40100448912688,527.336
1179,29,19,-49.184004383059644,36.1423728799456,528.014
1180,29,20,-51.92904375010943,49.62497505625401,528.049
1181,29,21,-52.97636788196626,64.28889601555656,527.378
1182,29,22,-52.180124919093686,79.04195435862236,525.992
1183,29,23,-49.64971058633321,92.74654451314535,523.944
1184,29,24,-45.68598447134014,104.75373020608264,521.34
1185,29,25,-40.64172584474565,114.98298350711974,518.336
1186,29,26,-34.82498648340105,123.67919401875831,515.122
1187,29,27,-28.470752215511467,131.18176067104545,511.908
1188,29,28,-21.749624091070892,137.81145646816165,508.905
1189,29,29,-14.785592241629866,143.83915305221126,506.307
1190,29,30,-7.672258433347881,149.4892221374292,504.275
1191,29,31,-0.48528152543482095,154.9536466810062,502.922
1192,29,32,6.7080816093522015,160.40794888423326,502.306
1193,29,33,13.840936098282082,166.02684498607925,502.425
1194,29,34,20.838765431283626,171.99992737752547,503.217
1195,29,35,27.610182531035708,178.54775652724987,504.572
1196,29,36,34.03466870963346,-174.06340948805635,506.337
1197,29,37,39.94669945518349,-165.51561898708215,508.337
1198,29,38,45.11746001539579,-155.46443554789644,510.39
1199,29,39,49.24381293452686,-143.64009401904042,512.324
1200,30,0,50.804408707037226,-128.051621578212,513.201
1201,30,1,52.70393212654196,-113.78554889277895,514.7
1202,30,2,52.785518736177764,-98.86856600963284,515.799
1203,30,3,51.039182799378075,-84.5104018836205,516.47
1204,30,4,47.697034634707435,-71.63925190218997,516.735
1205,30,5,43.10949026734418,-60.581797183153796,516.668
1206,30,6,37.616720438711624,-51.20620483024698,516.375
1207,30,7,31.490529111735842,-43.192033103463785,515.991
1208,30,8,24.930576376234647,-36.199589374622796,515.658
1209,30,9,18.080624053858465,-29.93249807525882,515.51
1210,30,10,11.046343708803855,-24.14574495191787,515.659
1211,30,11,3.9097044413001414,-18.63451824460065,516.178
1212,30,12,-3.2602864264773324,-13.218471077141201,517.098
1213,30,13,-10.39899801606391,-7.725951404186998,518.398
1214,30,14,-17.438430885073647,-1.978543158673083,520.005
1215,30,15,-24.298891453487894,4.2246333648720285,521.806
1216,30,16,-30.878510011156852,11.122510563333252,523.65
1217,30,17,-37.03950115195385,19.003934148502665,525.369
1218,30,18,-42.59082619234092,28.20262460190615,526.79
1219,30,19,-47.27154117017232,39.043000541193685,527.75
1220,30,20,-50.75117762774073,51.68608026095374,528.117
1221,30,21,-52.67968495498842,65.86875975171553,527.804
1222,30,22,-52.8078090585341,80.73216663101205,526.773
1223,30,23,-51.11574580487933,95.08080264313223,525.045
1224,30,24,-47.824660134443704,107.97840594721822,522.703
1225,30,25,-43.278021770019656,119.079635348645,519.877
1226,30,26,-37.813518679267204,128.50188130867758,516.742
1227,30,27,-31.70308459870664,136.55858120832787,513.501
1228,30,28,-25.147416099362335,143.58756986432303,510.367
1229,30,29,-18.291572738827014,149.8855916753434,507.544
1230,30,30,-11.242562237053628,155.6988203194546,505.212
1231,30,31,-4.083672774554951,161.23347286807768,503.508
1232,30,32,3.1147011577619224,166.671314315405,502.521
1233,30,33,10.286451012694085,172.18550361727472,502.276
1234,30,34,17.361907153160118,177.95623482437009,502.743
1235,30,35,24.25945906386212,-175.81342689681867,503.833
1236,30,36,30.87486610523465,-168.88167281384784,505.413
1237,30,37,37.06735124829457,-160.95596228210007,507.319
1238,30,38,42.64195015827847,-151.69852878673987,509.368
1239,30,39,47.332831872689425,-140.78260241749555,511.382
1240,31,0,51.970366394588005,-112.06888329773379,513.996
1241,31,1,52.97903507083715,-97.33348782386165,515.302
1242,31,2,52.13092706650208,-82.54853249737188,516.188
1243,31,3,49.54666010723064,-68.85452230587325,516.65
1244,31,4,45.53639308323311,-56.88472506845262,516.737
1245,31,5,40.45745758622246,-46.702005846230804,516.541
1246,31,6,34.61878648745295,-38.05083360197929,516.186
1247,31,7,28.25469967168562,-30.587875216689053,515.809
1248,31,8,21.534544849201776,-23.991801025762243,515.553
1249,31,9,14.580987094852963,-17.992639264517653,515.542
1250,31,10,7.486312509609808,-12.367346690513925,515.869
1251,31,11,0.3248265080094698,-6.925343950434784,516.589
1252,31,12,-6.8376255384716025,-1.4925825630243748,517.704
1253,31,13,-13.935716925847055,4.1040485095095685,519.169
1254,31,14,-20.896740076958693,10.052212236429437,520.89
1255,31,15,-27.631386853314012,16.569929643424214,522.733
1256,31,16,-34.02181087852091,23.920200152693,524.536
1257,31,17,-39.90589932017642,32.41694523490511,526.127
1258,31,18,-45.05928387914021,42.40101182021168,527.336
1259,31,19,-49.184004383059644,54.1423802110304,528.014
1260,31,20,-51.92904375010943,67.6249858024334,528.049
1261,31,21,-52.97636788196626,82.28890334664136,527.378
1262,31,22,-52.180124919093686,97.04196168970716,525.992
1263,31,23,-49.64971058633321,110.74655184423015,523.944
1264,31,24,-45.68598447134014,122.7537443673566,521.34
1265,31,25,-40.64172584474565,132.98299083820453,518.336
1266,31,26,-34.82498648340105,141.6792013498431,515.122
1267,31,27,-28.470752215511467,149.18176800213027,511.908
1268,31,28,-21.749624091070892,155.81146379924647,508.905
1269,31,29,-14.785592241629866,161.83916038329608,506.307
1270,31,30,-7.672258433347881,167.48922946851403,504.275
1271,31,31,-0.48528152543482095,172.95365401209102,502.922
1272,31,32,6.7080816093522015,178.40795621531805,502.306
1273,31,33,13.840936098282082,-175.97314404037024,502.425
1274,31,34,20.838765431283626,-170.00006164892406,503.217
1275,31,35,27.610182531035708,-163.45223249919965,504.572
1276,31,36,34.03466870963346,-156.06340215697153,506.337
1277,31,37,39.94669945518349,-147.51561165599736,508.337
1278,31,38,45.11746001539579,-137.46442821681165,510.39
1279,31,39,49.24381293452686,-125.64008668795562,512.324
1280,32,0,50.804408707037226,-110.05160741693804,513.201
1281,32,1,52.70393212654196,-95.78554156169415,514.7
1282,32,2,52.785518736177764,-80.86855867854804,515.799
1283,32,3,51.039182799378075,-66.5103945525357,516.47
1284,32,4,47.697034634707435,-53.639244571105166,516.735
1285,32,5,43.10949026734418,-42.581789852068994,516.668
1286,32,6,37.616720438711624,-33.20619749916218,516.375
1287,32,7,31.490529111735842,-25.19202406483169,515.991
1288,32,8,24.930576376234647,-18.1995803359907,515.658
1289,32,9,18.080624053858465,-11.93248989040037,515.51
1290,32,10,11.046343708803855,-6.145737620833065,515.659
1291,32,11,3.9097044413001414,-0.6345112870418148,516.178
1292,32,12,-3.2602864264773324,4.781535827056779,517.098
1293,32,13,-10.39899801606391,10.274055926897805,518.398
1294,32,14,-17.438430885073647,16.021463745524898,520.005
1295,32,15,-24.298891453487894,22.224639842183183,521.806
1296,32,16,-30.878510011156852,29.12251618687076,523.65
1297,32,17,-37.03950115195385,37.00394318713476,525.369
1298,32,18,-42.59082619234092,46.20263022544366,526.79
1299,32,19,-47.27154117017232,57.043007872278494,527.75
1300,32,20,-50.75117762774073,69.68608417694395,528.117
1301,32,21,-52.67968495498842,83.86876708280033,527.804
1302,32,22,-52.8078090585341,98.73217396209685,526.773
1303,32,23,-51.11574580487933,113.08080997421703,525.045
1304,32,24,-47.824660134443704,125.97841327830302,522.703
1305,32,25,-43.278021770019656,137.0796426797298,519.877
1306,32,26,-37.813518679267204,146.5018886397624,516.742
1307,32,27,-31.70308459870664,154.55858853941268,513.501
1308,32,28,-25.147416099362335,161.58757719540782,510.367
1309,32,29,-18.291572738827014,167.8855990064282,507.544
1310,32,30,-11.242562237053628,173.6988276505394,505.212
1311,32,31,-4.083672774554951,179.23348019916247,503.508
1312,32,32,3.1147011577619224,-175.32868837142288,502.521
1313,32,33,10.286451012694085,-169.8144854091748,502.276
1314,32,34,17.361907153160118,-164.0437542020794,502.743
1315,32,35,24.25945906386212,-157.81341956573388,503.833
1316,32,36,30.87486610523465,-150.88166548276303,505.413
1317,32,37,37.06735124829457,-142.95595495101526,507.319
1318,32,38,42.64195015827847,-133.69852145565508,509.368
1319,32,39,47.332831872689425,-122.78259508641074,511.382
1320,33,0,51.970366394588005,-94.06887596664899,513.996
1321,33,1,52.97903507083715,-79.33348049277684,515.302
1322,33,2,52.13092706650208,-64.54852516628708,516.188
1323,33,3,49.54666010723064,-50.854518389883026,516.65
1324,33,4,45.53639308323311,-38.884717737367815,516.737
1325,33,5,40.45745758622246,-28.701998515146002,516.541
1326,33,6,34.61878648745295,-20.050827978441784,516.186
1327,33,7,28.25469967168562,-12.58786788560425,515.809
1328,33,8,21.534544849201776,-5.99179369467744,515.553
1329,33,9,14.580987094852963,0.007368796943825197,515.542
1330,33,10,7.486312509609808,5.632660213684055,515.869
1331,33,11,0.3248265080094698,11.07466338065002,516.589
1332,33,12,-6.8376255384716025,16.507424874782135,517.704
1333,33,13,-13.935716925847055,22.104056267481194,519.169
1334,33,14,-20.896740076958693,28.05222042128789,520.89
1335,33,15,-27.631386853314012,34.56993697450902,522.733
1336,33,16,-34.02181087852091,41.9202074837778,524.536
1337,33,17,-39.90589932017642,50.41695256598991,526.127
1338,33,18,-45.05928387914021,60.40102256639107,527.336
1339,33,19,-49.184004383059644,72.14238412702062,528.014
1340,33,20,-51.92904375010943,85.6249931335182,528.049
1341,33,21,-52.97636788196626,100.28891067772616,527.378
1342,33,22,-52.180124919093686,115.04196902079197,525.992
1343,33,23,-49.64971058633321,128.74656600550412,523.944
1344,33,24,-45.68598447134014,140.75375169844142,521.34
1345,33,25,-40.64172584474565,150.98299816928935,518.336
1346,33,26,-34.82498648340105,159.67920868092793,515.122
1347,33,27,-28.470752215511467,167.18177533321506,511.908
1348,33,28,-21.749624091070892,173.81147113033126,508.905
1349,33,29,-14.785592241629866,179.83916771438086,506.307
1350,33,30,-7.672258433347881,-174.5107595579355,504.275
1351,33,31,-0.48528152543482095,-169.0463350143585,502.922
1352,33,32,6.7080816093522015,-163.59203281113147,502.306
1353,33,33,13.840936098282082,-157.97313670928546,502.425
1354,33,34,20.838765431283626,-152.00005431783927,503.217
1355,33,35,27.610182531035708,-145.45222516811484,504.572
1356,33,36,34.03466870963346,-138.06339482588675,506.337
1357,33,37,39.94669945518349,-129.51560432491254,508.337
1358,33,38,45.11746001539579,-119.46442088572684,510.39
1359,33,39,49.24381293452686,-107.64007935687081,512.324
1360,34,0,50.804408707037226,-92.05162740660991,513.201
1361,34,1,52.70393212654196,-77.78556155136603,514.7
1362,34,2,52.785518736177764,-62.86857866821992,515.799
1363,34,3,51.039182799378075,-48.51041795730216,516.47
1364,34,4,47.697034634707435,-35.63926456077704,516.735
1365,34,5,43.10949026734418,-24.58180984174087,516.668
1366,34,6,37.616720438711624,-15.206219196381346,516.375
1367,34,7,31.490529111735842,-7.192044054503564,515.991
1368,34,8,24.930576376234647,-0.19960035234300158,515.658
1369,34,9,18.080624053858465,6.0674896930409306,515.51
1370,34,10,11.046343708803855,11.854242389495058,515.659
1371,34,11,3.9097044413001414,17.36546909681228,516.178
1372,34,12,-3.2602864264773324,22.78151541049808,517.098
1373,34,13,-10.39899801606391,28.27403593722593,518.398
1374,34,14,-17.438430885073647,34.02144546340031,520.005
1375,34,15,-24.298891453487894,40.22461985251131,521.806
1376,34,16,-30.878510011156852,47.122496197198885,523.65
1377,34,17,-37.03950115195385,55.00392319746288,525.369
1378,34,18,-42.59082619234092,64.20261023577179,526.79
1379,34,19,-47.27154117017232,75.04298788260661,527.75
1380,34,20,-50.75117762774073,87.68606418727208,528.117
1381,34,21,-52.67968495498842,101.86874709312845,527.804
1382,34,22,-52.8078090585341,116.73215397242498,526.773
1383,34,23,-51.11574580487933,131.080783154356,525.045
1384,34,24,-47.824660134443704,143.97839328863114,522.703
1385,34,25,-43.278021770019656,155.07962269005793,519.877
1386,34,26,-37.813518679267204,164.50186865009053,516.742
1387,34,27,-31.70308459870664,172.5585685497408,513.501
1388,34,28,-25.147416099362335,179.58755720573595,510.367
1389,34,29,-18.291572738827014,-174.114417340778,507.544
1390,34,30,-11.242562237053628,-168.3011886966668,505.212
1391,34,31,-4.083672774554951,-162.7665361480437,503.508
1392,34,32,3.1147011577619224,-157.32870836109475,502.521
1393,34,33,10.286451012694085,-151.8145053988467,502.276
1394,34,34,17.361907153160118,-146.0437741917513,502.743
1395,34,35,24.25945906386212,-139.81343955540575,503.833
1396,34,36,30.87486610523465,-132.88168547243492,505.413
1397,34,37,37.06735124829457,-124.95597494068713,507.319
1398,34,38,42.64195015827847,-115.69854144532695,509.368
1399,34,39,47.332831872689425,-104.78261507608262,511.382
1400,35,0,51.970366394588005,-76.06889595632087,513.996
1401,35,1,52.97903507083715,-61.33350048244872,515.302
1402,35,2,52.13092706650208,-46.548548571053544,516.188
1403,35,3,49.54666010723064,-32.8545383795549,516.65
1404,35,4,45.53639308323311,-20.88473772703969,516.737
1405,35,5,40.45745758622246,-10.702018504817879,516.541
1406,35,6,34.61878648745295,-2.0508477546702495,516.186
1407,35,7,28.25469967168562,5.4121121247238735,515.809
1408,35,8,21.534544849201776,12.008186315650683,515.553
1409,35,9,14.580987094852963,18.007348076895276,515.542
1410,35,10,7.486312509609808,23.632640650899003,515.869
1411,35,11,0.3248265080094698,29.074643390978142,516.589
1412,35,12,-6.8376255384716025,34.50740317756296,517.704
1413,35,13,-13.935716925847055,40.10403627780932,519.169
1414,35,14,-20.896740076958693,46.05219872406872,520.89
1415,35,15,-27.631386853314012,52.56991698483714,522.733
1416,35,16,-34.02181087852091,59.920190909200514,524.536
1417,35,17,-39.90589932017642,68.41693257631803,526.127
1418,35,18,-45.05928387914021,78.4010025767192,527.336
1419,35,19,-49.184004383059644,90.14236413734874,528.014
1420,35,20,-51.92904375010943,103.62497314384632,528.049
1421,35,21,-52.97636788196626,118.2888906880543,527.378
1422,35,22,-52.180124919093686,133.04194903112008,525.992
1423,35,23,-49.64971058633321,146.74654601583225,523.944
1424,35,24,-45.68598447134014,158.75373170876952,521.34
1425,35,25,-40.64172584474565,168.98297817961748,518.336
1426,35,26,-34.82498648340105,177.67918869125603,515.122
1427,35,27,-28.470752215511467,-174.81824101399113,511.908
1428,35,28,-21.749624091070892,-168.18854521687496,508.905
1429,35,29,-14.785592241629866,-162.16084863282532,506.307
1430,35,30,-7.672258433347881,-156.51077954760737,504.275
1431,35,31,-0.48528152543482095,-151.04635500403037,502.922
1432,35,32,6.7080816093522015,-145.59205280080334,502.306
1433,35,33,13.840936098282082,-139.97315669895733,502.425
1434,35,34,20.838765431283626,-134.00007430751114,503.217
1435,35,35,27.610182531035708,-127.45224515778672,504.572
1436,35,36,34.03466870963346,-120.06341481555862,506.337
1437,35,37,39.94669945518349,-111.51562431458443,508.337
1438,35,38,45.11746001539579,-101.46444087539872,510.39
1439,35,39,49.24381293452686,-89.64009934654268,512.324
1440,36,0,50.804408707037226,-74.05162007552511,513.201
1441,36,1,52.70393212654196,-59.78555422028122,514.7
1442,36,2,52.785518736177764,-44.868571337135116,515.799
1443,36,3,51.039182799378075,-30.510410626217354,516.47
1444,36,4,47.697034634707435,-17.639255522144946,516.735
1445,36,5,43.10949026734418,-6.581802510656067,516.668
1446,36,6,37.616720438711624,2.793788775033693,516.375
1447,36,7,31.490529111735842,10.807963276581239,515.991
1448,36,8,24.930576376234647,17.80040700542223,515.658
1449,36,9,18.080624053858465,24.06749659723891,515.51
1450,36,10,11.046343708803855,29.854248013032567,515.659
1451,36,11,3.9097044413001414,35.36547642789708,516.178
1452,36,12,-3.2602864264773324,40.78152274158288,517.098
1453,36,13,-10.39899801606391,46.274043268310734,518.398
1454,36,14,-17.438430885073647,52.021452794485114,520.005
1455,36,15,-24.298891453487894,58.224630598690695,521.806
1456,36,16,-30.878510011156852,65.12250694337827,523.65
1457,36,17,-37.03950115195385,73.00393052854768,525.369
1458,36,18,-42.59082619234092,82.20261756685659,526.79
1459,36,19,-47.27154117017232,93.04299521369141,527.75
1460,36,20,-50.75117762774073,105.68607151835688,528.117
1461,36,21,-52.67968495498842,119.86875442421326,527.804
1462,36,22,-52.8078090585341,134.7321613035098,526.773
1463,36,23,-51.11574580487933,149.0807904854408,525.045
1464,36,24,-47.824660134443704,161.97840061971596,522.703
1465,36,25,-43.278021770019656,173.07963002114275,519.877
1466,36,26,-37.813518679267204,-177.49813403673735,516.742
1467,36,27,-31.70308459870664,-169.4414204767087,513.501
1468,36,28,-25.147416099362335,-162.41243182071358,510.367
1469,36,29,-18.291572738827014,-156.11441000969322,507.544
1470,36,30,-11.242562237053628,-150.30118136558198,505.212
1471,36,31,-4.083672774554951,-144.76652881695892,503.508
1472,36,32,3.1147011577619224,-139.32870103000994,502.521
1473,36,33,10.286451012694085,-133.8144980677619,502.276
1474,36,34,17.361907153160118,-128.0437668606665,502.743
1475,36,35,24.25945906386212,-121.81343222432095,503.833
1476,36,36,30.87486610523465,-114.88167814135011,505.413
1477,36,37,37.06735124829457,-106.95596077941316,507.319
1478,36,38,42.64195015827847,-97.69853411424215,509.368
1479,36,39,47.332831872689425,-86.7826077449978,511.382
1480,37,0,51.970366394588005,-58.06888862523606,513.996
1481,37,1,52.97903507083715,-43.3334965664585,515.302
1482,37,2,52.13092706650208,-28.548539532421447,516.188
1483,37,3,49.54666010723064,-14.854529340922804,516.65
1484,37,4,45.53639308323311,-2.884729542181239,516.737
1485,37,5,40.45745758622246,7.297988826266924,516.541
1486,37,6,34.61878648745295,15.949159362971143,516.186
1487,37,7,28.25469967168562,23.41211945580868,515.809
1488,37,8,21.534544849201776,30.008193646735485,515.553
1489,37,9,14.580987094852963,36.00735711552737,515.542
1490,37,10,7.486312509609808,41.63264627443651,515.869
1491,37,11,0.3248265080094698,47.07465072206295,516.589
1492,37,12,-6.8376255384716025,52.507410508647766,517.704
1493,37,13,-13.935716925847055,58.10404360889412,519.169
1494,37,14,-20.896740076958693,64.0522094702481,520.89
1495,37,15,-27.631386853314012,70.56992431592194,522.733
1496,37,16,-34.02181087852091,77.92019824028532,524.536
1497,37,17,-39.90589932017642,86.41693990740283,526.127
1498,37,18,-45.05928387914021,96.401009907804,527.336
1499,37,19,-49.184004383059644,108.14237146843355,528.014
1500,37,20,-51.92904375010943,121.62497364474196,528.049
1501,37,21,-52.97636788196626,136.28889801913908,527.378
1502,37,22,-52.180124919093686,151.0419563622049,525.992
1503,37,23,-49.64971058633321,164.74655334691707,523.944
1504,37,24,-45.68598447134014,176.75373903985434,521.34
1505,37,25,-40.64172584474565,-173.01701084683205,518.336
1506,37,26,-34.82498648340105,-164.3208003351935,515.122
1507,37,27,-28.470752215511467,-156.81823368290634,511.908
1508,37,28,-21.749624091070892,-150.18853788579014,508.905
1509,37,29,-14.785592241629866,-144.16084130174053,506.307
1510,37,30,-7.672258433347881,-138.51077221652258,504.275
1511,37,31,-0.48528152543482095,-133.0463476729456,502.922
1512,37,32,6.7080816093522015,-127.59204546971854,502.306
1513,37,33,13.840936098282082,-121.97314936787252,502.425
1514,37,34,20.838765431283626,-116.00006697642634,503.217
1515,37,35,27.610182531035708,-109.45224465689108,504.572
1516,37,36,34.03466870963346,-102.06340065428465,506.337
1517,37,37,39.94669945518349,-93.51561698349963,508.337
1518,37,38,45.11746001539579,-83.46443354431392,510.39
1519,37,39,49.24381293452686,-71.64009201545788,512.324
1520,38,0,50.804408707037226,-56.051616159534895,513.201
1521,38,1,52.70393212654196,-41.78554688919642,514.7
1522,38,2,52.785518736177764,-26.86856229850302,515.799
1523,38,3,51.039182799378075,-12.51040329513255,516.47
1524,38,4,47.697034634707435,0.3607515954964444,516.735
1525,38,5,43.10949026734418,11.418204820428736,516.668
1526,38,6,37.616720438711624,20.79379546578826,516.375
1527,38,7,31.490529111735842,28.80796890011875,515.991
1528,38,8,24.930576376234647,35.80041262895974,515.658
1529,38,9,18.080624053858465,42.06750392832372,515.51
1530,38,10,11.046343708803855,47.85425534411737,515.659
1531,38,11,3.9097044413001414,53.36548375898189,516.178
1532,38,12,-3.2602864264773324,58.781530072667685,517.098
1533,38,13,-10.39899801606391,64.27404718430095,518.398
1534,38,14,-17.438430885073647,70.02146012556992,520.005
1535,38,15,-24.298891453487894,76.2246379297755,521.806
1536,38,16,-30.878510011156852,83.12251427446307,523.65
1537,38,17,-37.03950115195385,91.00393785963249,525.369
1538,38,18,-42.59082619234092,100.20262489794139,526.79
1539,38,19,-47.27154117017232,111.04300254477621,527.75
1540,38,20,-50.75117762774073,123.68607884944169,528.117
1541,38,21,-52.67968495498842,137.86876175529807,527.804
1542,38,22,-52.8078090585341,152.7321686345946,526.773
1543,38,23,-51.11574580487933,167.0807978165256,525.045
1544,38,24,-47.824660134443704,179.97840795080074,522.703
1545,38,25,-43.278021770019656,-168.92035900530678,519.877
1546,38,26,-37.813518679267204,-159.49812670565254,516.742
1547,38,27,-31.70308459870664,-151.44141314562393,513.501
1548,38,28,-25.147416099362335,-144.4124244896288,510.367
1549,38,29,-18.291572738827014,-138.1144026786084,507.544
1550,38,30,-11.242562237053628,-132.3011740344972,505.212
1551,38,31,-4.083672774554951,-126.76652148587411,503.508
1552,38,32,3.1147011577619224,-121.32869369892514,502.521
1553,38,33,10.286451012694085,-115.81449073667709,502.276
1554,38,34,17.361907153160118,-110.04375952958169,502.743
1555,38,35,24.25945906386212,-103.81341806304698,503.833
1556,38,36,30.87486610523465,-96.88166398007614,505.413
1557,38,37,37.06735124829457,-88.95595344832836,507.319
1558,38,38,42.64195015827847,-79.69852678315735,509.368
1559,38,39,47.332831872689425,-68.782600413913,511.382
1560,39,0,51.970366394588005,-40.06887787905668,513.996
1561,39,1,52.97903507083715,-25.333487527826406,515.302
1562,39,2,52.13092706650208,-10.548532201336645,516.188
1563,39,3,49.54666010723064,3.1454779901619996,516.65
1564,39,4,45.53639308323311,15.115276935129918,516.737
1565,39,5,40.45745758622246,25.29799615735173,516.541
1566,39,6,34.61878648745295,33.94916840160324,516.186
1567,39,7,28.25469967168562,41.41212678689348,515.809
1568,39,8,21.534544849201776,48.00820097782029,515.553
1569,39,9,14.580987094852963,54.00736444661217,515.542
1570,39,10,7.486312509609808,59.63265360552131,515.869
1571,39,11,0.3248265080094698,65.07466146824234,516.589
1572,39,12,-6.8376255384716025,70.50742125482715,517.704
1573,39,13,-13.935716925847055,76.10405093997892,519.169
1574,39,14,-20.896740076958693,82.0522168013329,520.89
1575,39,15,-27.631386853314012,88.56993164700674,522.733
1576,39,16,-34.02181087852091,95.92020557137012,524.536
1577,39,17,-39.90589932017642,104.41694723848764,526.127
1578,39,18,-45.05928387914021,114.4010172388888,527.336
1579,39,19,-49.184004383059644,126.14237879951835,528.014
1580,39,20,-51.92904375010943,139.62498097582676,528.049
1581,39,21,-52.97636788196626,154.2889053502239,527.378
1582,39,22,-52.180124919093686,169.0419636932897,525.992
1583,39,23,-49.64971058633321,-177.25344933991082,523.944
1584,39,24,-45.68598447134014,-165.24626364697352,521.34
1585,39,25,-40.64172584474565,-155.01700351574726,518.336
1586,39,26,-34.82498648340105,-146.32079300410868,515.122
1587,39,27,-28.470752215511467,-138.81822635182152,511.908
1588,39,28,-21.749624091070892,-132.18853055470532,508.905
1589,39,29,-14.785592241629866,-126.16083397065573,506.307
1590,39,30,-7.672258433347881,-120.51076488543778,504.275
1591,39,31,-0.48528152543482095,-115.04634034186077,502.922
1592,39,32,6.7080816093522015,-109.5920449688229,502.306
1593,39,33,13.840936098282082,-103.97314203678772,502.425
1594,39,34,20.838765431283626,-98.0000664755307,503.217
1595,39,35,27.610182531035708,-91.45223732580628,504.572
1596,39,36,34.03466870963346,-84.06339332319985,506.337
1597,39,37,39.94669945518349,-75.51560965241481,508.337
1598,39,38,45.11746001539579,-65.46442621322912,510.39
1599,39,39,49.24381293452686,-53.6400812692785,512.324
