0,0,0,15.023098409638719,-90.19616553744093,502.514
1,0,1,21.99005187249722,-84.14336800819153,503.41
2,0,2,28.712820949885888,-77.47482892526547,504.845
3,0,3,35.06459976476885,-69.91557170286721,506.663
4,0,4,40.87053376684649,-61.14012416666732,508.684
5,0,5,45.88967437276826,-50.80654997134202,510.729
6,0,6,49.807163522174925,-38.675888118589256,512.629
7,0,7,52.26548179315133,-24.85194723850946,514.246
8,0,8,52.9664504472914,-10.021618965363304,515.484
9,0,9,51.81277002477372,4.651164591274161,516.297
10,0,10,48.96537685791671,18.08345175217485,516.692
11,0,11,44.75203806461094,29.746436892078503,516.725
12,0,12,39.526499387255136,39.65060733956885,516.492
13,0,13,33.58560426227263,48.07893100177036,516.123
14,0,14,27.151668516958168,55.37580650720257,515.757
15,0,15,20.38493521942942,61.85465757649904,515.533
16,0,16,13.40197179315641,67.77682773787195,515.572
17,0,17,6.291291086480153,73.35882715782155,515.962
18,0,18,-0.8748335740619761,78.78737954787765,516.748
19,0,19,-8.031175482721943,84.2353023544199,517.926
20,0,20,-15.111733774497974,89.87703860885043,519.441
21,0,21,-22.041712008284613,95.90422292871229,521.192
22,0,22,-28.727977139654147,102.54149340561803,523.039
23,0,23,-35.04646902761705,110.06038421002151,524.819
24,0,24,-40.82591897118797,118.78233087445268,526.357
25,0,25,-45.82995461376026,129.04593319682579,527.487
26,0,26,-49.74896006516266,141.09164115668193,528.064
27,0,27,-52.22931594149611,154.82799852103466,527.983
28,0,28,-52.971822391073616,169.59228569509597,527.191
29,0,29,-51.87113740632606,-175.75922251556545,525.69
30,0,30,-49.07688994140092,-162.3104980775403,523.54
31,0,31,-44.9082752267804,-150.60747436872205,520.857
32,0,32,-39.71526874044136,-140.65650346503875,517.804
33,0,33,-33.79418457914648,-132.18388602606973,514.576
34,0,34,-27.36819917402591,-124.84844044239445,511.383
35,0,35,-20.598805517815446,-118.33690691791948,508.435
36,0,36,-13.603900359552313,-112.38693105643544,505.923
37,0,37,-6.473310932105939,-106.78064348379728,503.998
38,0,38,0.7193139019204882,-101.32992029969532,502.767
39,0,39,7.907316832312932,-95.86046190670002,502.276
40,1,0,18.53056788807493,-78.23155924378952,502.886
41,1,1,25.388972569549004,-71.9020024493712,504.069
42,1,2,31.94466838964999,-64.82582401640043,505.717
43,1,3,38.04911239430845,-56.70169648926378,507.659
44,1,4,43.496478540433344,-47.18769035282666,509.715
45,1,5,48.00827952499574,-35.97089756573784,511.707
46,1,6,51.24044798365084,-22.947721233761172,513.48
47,1,7,52.84785787273247,-8.495915214227951,514.917
48,1,8,52.616980403313114,6.411780746081056,515.945
49,1,9,50.582434389200984,20.570516581820545,516.545
50,1,10,47.006587886983766,33.14516292873894,516.748
51,1,11,42.2454645071484,43.903957381032555,516.634
52,1,12,36.62991519799569,53.027587470552184,516.316
53,1,13,30.419019280028,60.84801746643338,515.93
54,1,14,23.801795408336243,67.69994712857428,515.619
55,1,15,16.914449507801535,73.87090693046491,515.513
56,1,16,9.857810538498889,79.59817081368234,515.719
57,1,17,2.7110107242745465,85.08134422653103,516.305
58,1,18,-4.458244190619858,90.49823748367392,517.29
59,1,19,-11.585295153189342,96.02055471065594,518.647
60,1,20,-18.60080101576288,101.82936422237417,520.295
61,1,21,-25.422165581367974,108.13084893930373,522.113
62,1,22,-31.942578351763967,115.1717016338872,523.949
63,1,23,-38.01663142971046,123.24941119542443,525.629
64,1,24,-43.442561027125265,132.70191489348016,526.983
65,1,25,-47.94693418096527,143.84054641080195,527.852
66,1,26,-51.19059443289891,156.7749849250818,528.11
67,1,27,-52.83037258845724,171.14670014640745,527.678
68,1,28,-52.648129481022956,-173.99217061501312,526.527
69,1,29,-50.66800641421749,-159.83583857897466,524.69
70,1,30,-47.141849538212114,-147.2305058996627,522.256
71,1,31,-42.41957968947036,-136.4266492743199,519.365
72,1,32,-36.83013877842003,-127.2567514833626,516.199
73,1,33,-30.63296812558948,-119.39472563543603,512.961
74,1,34,-24.018237272944777,-112.50727215942189,509.866
75,1,35,-17.123425975647244,-106.30622537423736,507.114
76,1,36,-10.050701057075573,-100.55309556463308,504.879
77,1,37,-2.8805185171145147,-95.0468702633356,503.292
78,1,38,4.3180050390338645,-89.60831847633462,502.428
79,1,39,11.478713466285878,-84.06417196476522,502.307
80,2,0,15.023098409638719,-72.1961650365453,502.514
81,2,1,21.99005187249722,-66.14336750729589,503.41
82,2,2,28.712820949885888,-59.47482842436983,504.845
83,2,3,35.06459976476885,-51.91557461706616,506.663
84,2,4,40.87053376684649,-43.14012366577169,508.684
85,2,5,45.88967437276826,-32.80654947044639,510.729
86,2,6,49.807163522174925,-20.675889325240917,512.629
87,2,7,52.26548179315133,-6.85194716450065,514.246
88,2,8,52.9664504472914,7.978381535532329,515.484
89,2,9,51.81277002477372,22.65116466528297,516.297
90,2,10,48.96537685791671,36.08345225307048,516.692
91,2,11,44.75203806461094,47.74643739297414,516.725
92,2,12,39.526499387255136,57.65060784046449,516.492
93,2,13,33.58560426227263,66.078931502666,516.123
94,2,14,27.151668516958168,73.3758070080982,515.757
95,2,15,20.38493521942942,79.85465807739466,515.533
96,2,16,13.40197179315641,85.77682823876758,515.572
97,2,17,6.291291086480153,91.35882765871719,515.962
98,2,18,-0.8748335740619761,96.78738004877327,516.748
99,2,19,-8.031175482721943,102.23530285531552,517.926
100,2,20,-15.111733774497974,107.87703910974606,519.441
101,2,21,-22.041712008284613,113.90422342960792,521.192
102,2,22,-28.727977139654147,120.54148707632449,523.039
103,2,23,-35.04646902761705,128.06037788072797,524.819
104,2,24,-40.82591897118797,136.78233820553749,526.357
105,2,25,-45.82995461376026,147.04592686753224,527.487
106,2,26,-49.74896006516266,159.0916348273884,528.064
107,2,27,-52.22931594149611,172.82800585211947,527.983
108,2,28,-52.971822391073616,-172.4077169917319,527.191
109,2,29,-51.87113740632606,-157.75921518448067,525.69
110,2,30,-49.07688994140092,-144.3104907464555,523.54
111,2,31,-44.9082752267804,-132.6074806980156,520.857
112,2,32,-39.71526874044136,-122.65650979433231,517.804
113,2,33,-33.79418457914648,-114.18388552517409,514.576
114,2,34,-27.36819917402591,-106.84844677168799,511.383
115,2,35,-20.598805517815446,-100.33690641702384,508.435
116,2,36,-13.603900359552313,-94.3869305555398,505.923
117,2,37,-6.473310932105939,-88.78064298290164,503.998
118,2,38,0.7193139019204882,-83.32991979879968,502.767
119,2,39,7.907316832312932,-77.86046140580439,502.276
120,3,0,18.53056788807493,-60.23155874289388,502.886
121,3,1,25.388972569549004,-53.90200536357014,504.069
122,3,2,31.94466838964999,-46.825823515504794,505.717
123,3,3,38.04911239430845,-38.70169598836815,507.659
124,3,4,43.496478540433344,-29.187689851931022,509.715
125,3,5,48.00827952499574,-17.970895357294918,511.707
126,3,6,51.24044798365084,-4.947721159752359,513.48
127,3,7,52.84785787273247,9.504085286667683,514.917
128,3,8,52.616980403313114,24.411780820089866,515.945
129,3,9,50.582434389200984,38.57051537516889,516.545
130,3,10,47.006587886983766,51.14516342963458,516.748
131,3,11,42.2454645071484,61.903957881928186,516.634
132,3,12,36.62991519799569,71.02758797144782,516.316
133,3,13,30.419019280028,78.84801796732901,515.93
134,3,14,23.801795408336243,85.69994762946992,515.619
135,3,15,16.914449507801535,91.87090743136055,515.513
136,3,16,9.857810538498889,97.59817131457798,515.719
137,3,17,2.7110107242745465,103.08134472742667,516.305
138,3,18,-4.458244190619858,108.49823798456956,517.29
139,3,19,-11.585295153189342,114.02055521155158,518.647
140,3,20,-18.60080101576288,119.82935789308063,520.295
141,3,21,-25.422165581367974,126.13084944019937,522.113
142,3,22,-31.942578351763967,133.17169530459364,523.949
143,3,23,-38.01663142971046,141.2494048661309,525.629
144,3,24,-43.442561027125265,150.70192222456498,526.983
145,3,25,-47.94693418096527,161.8405400815084,527.852
146,3,26,-51.19059443289891,174.77497859578827,528.11
147,3,27,-52.83037258845724,-170.8533025404204,527.678
148,3,28,-52.648129481022956,-155.99217694430666,526.527
149,3,29,-50.66800641421749,-141.83583124788984,524.69
150,3,30,-47.141849538212114,-129.2305122289562,522.256
151,3,31,-42.41957968947036,-118.42664194323511,519.365
152,3,32,-36.83013877842003,-109.25675098246698,516.199
153,3,33,-30.63296812558948,-101.39473196472957,512.961
154,3,34,-24.018237272944777,-94.50727165852626,509.866
155,3,35,-17.123425975647244,-88.30622487334172,507.114
156,3,36,-10.050701057075573,-82.55309506373746,504.879
157,3,37,-2.8805185171145147,-77.04686976243998,503.292
158,3,38,4.3180050390338645,-71.60831797543898,502.428
159,3,39,11.478713466285878,-66.0641714638696,502.307
160,4,0,15.023098409638719,-54.196164535649665,502.514
161,4,1,21.99005187249722,-48.143367006400254,503.41
162,4,2,28.712820949885888,-41.47482450837961,504.845
163,4,3,35.06459976476885,-33.91557411617053,506.663
164,4,4,40.87053376684649,-25.14012316487605,508.684
165,4,5,45.88967437276826,-14.806548969550757,510.729
166,4,6,49.807163522174925,-2.675888824345283,512.629
167,4,7,52.26548179315133,11.148053763281807,514.246
168,4,8,52.9664504472914,25.978382036427963,515.484
169,4,9,51.81277002477372,40.65116516617861,516.297
170,4,10,48.96537685791671,54.083452753966114,516.692
171,4,11,44.75203806461094,65.74643789386977,516.725
172,4,12,39.526499387255136,75.65060834136011,516.492
173,4,13,33.58560426227263,84.07893200356162,516.123
174,4,14,27.151668516958168,91.37580750899383,515.757
175,4,15,20.38493521942942,97.8546585782903,515.533
176,4,16,13.40197179315641,103.77682873966322,515.572
177,4,17,6.291291086480153,109.35882815961281,515.962
178,4,18,-0.8748335740619761,114.78738054966891,516.748
179,4,19,-8.031175482721943,120.23530335621116,517.926
180,4,20,-15.111733774497974,125.87703961064169,519.441
181,4,21,-22.041712008284613,131.90421710031438,521.192
182,4,22,-28.727977139654147,138.5414944074093,523.039
183,4,23,-35.04646902761705,146.0603852118128,524.819
184,4,24,-40.82591897118797,154.78233187624394,526.357
185,4,25,-45.82995461376026,165.04593419861706,527.487
186,4,26,-49.74896006516266,177.0916421584732,528.064
187,4,27,-52.22931594149611,-169.1719968347084,527.983
188,4,28,-52.971822391073616,-154.4077096606471,527.191
189,4,29,-51.87113740632606,-139.75922151377418,525.69
190,4,30,-49.07688994140092,-126.31049707574904,523.54
191,4,31,-44.9082752267804,-114.60747336693078,520.857
192,4,32,-39.71526874044136,-104.65650929343667,517.804
193,4,33,-33.79418457914648,-96.18388502427847,514.576
194,4,34,-27.36819917402591,-88.84844627079235,511.383
195,4,35,-20.598805517815446,-82.33690591612822,508.435
196,4,36,-13.603900359552313,-76.38693005464417,505.923
197,4,37,-6.473310932105939,-70.780642482006,503.998
198,4,38,0.7193139019204882,-65.32991929790406,502.767
199,4,39,7.907316832312932,-59.86046090490875,502.276
200,5,0,18.53056788807493,-42.23155824199825,502.886
201,5,1,25.388972569549004,-35.90200486267451,504.069
202,5,2,31.94466838964999,-28.825823014609163,505.717
203,5,3,38.04911239430845,-20.70169719501981,507.659
204,5,4,43.496478540433344,-11.187690204809037,509.715
205,5,5,48.00827952499574,0.02910508690481064,511.707
206,5,6,51.24044798365084,13.052279768030097,513.48
207,5,7,52.84785787273247,27.504085787563316,514.917
208,5,8,52.616980403313114,42.41178302853279,515.945
209,5,9,50.582434389200984,56.57051587606452,516.545
210,5,10,47.006587886983766,69.14516051543562,516.748
211,5,11,42.2454645071484,79.90395838282382,516.634
212,5,12,36.62991519799569,89.02758847234345,516.316
213,5,13,30.419019280028,96.84801846822465,515.93
214,5,14,23.801795408336243,103.69994813036556,515.619
215,5,15,16.914449507801535,109.87090793225619,515.513
216,5,16,9.857810538498889,115.59817864566278,515.719
217,5,17,2.7110107242745465,121.0813452283223,516.305
218,5,18,-4.458244190619858,126.49823165527602,517.29
219,5,19,-11.585295153189342,132.02054888225805,518.647
220,5,20,-18.60080101576288,137.82936522416543,520.295
221,5,21,-25.422165581367974,144.13085677128416,522.113
222,5,22,-31.942578351763967,151.17170263567846,523.949
223,5,23,-38.01663142971046,159.2494121972157,525.629
224,5,24,-43.442561027125265,168.70191589527144,526.983
225,5,25,-47.94693418096527,179.84054741259322,527.852
226,5,26,-51.19059443289891,-167.22501043066126,528.11
227,5,27,-52.83037258845724,-152.85330886971394,527.678
228,5,28,-52.648129481022956,-137.99216961322185,526.527
229,5,29,-50.66800641421749,-123.83583757718338,524.69
230,5,30,-47.141849538212114,-111.23050489787141,522.256
231,5,31,-42.41957968947036,-100.42664827252864,519.365
232,5,32,-36.83013877842003,-91.25675048157134,516.199
233,5,33,-30.63296812558948,-83.39473146383393,512.961
234,5,34,-24.018237272944777,-76.50727115763063,509.866
235,5,35,-17.123425975647244,-70.3062243724461,507.114
236,5,36,-10.050701057075573,-64.55309456284182,504.879
237,5,37,-2.8805185171145147,-59.046869261544344,503.292
238,5,38,4.3180050390338645,-53.60831747454335,502.428
239,5,39,11.478713466285878,-48.06417096297396,502.307
240,6,0,15.023098409638719,-36.196164034754034,502.514
241,6,1,21.99005187249722,-30.143366505504623,503.41
242,6,2,28.712820949885888,-23.474825715031272,504.845
243,6,3,35.06459976476885,-15.915573615274898,506.663
244,6,4,40.87053376684649,-7.140122237093596,508.684
245,6,5,45.88967437276826,3.193451317901465,510.729
246,6,6,49.807163522174925,15.32411167655035,512.629
247,6,7,52.26548179315133,29.14805426417744,514.246
248,6,8,52.9664504472914,43.9783825373236,515.484
249,6,9,51.81277002477372,58.65116908216882,516.297
250,6,10,48.96537685791671,72.08345325486175,516.692
251,6,11,44.75203806461094,83.7464383947654,516.725
252,6,12,39.526499387255136,93.65060884225575,516.492
253,6,13,33.58560426227263,102.07893250445726,516.123
254,6,14,27.151668516958168,109.37580800988947,515.757
255,6,15,20.38493521942942,115.85465224899676,515.533
256,6,16,13.40197179315641,121.77682241036968,515.572
257,6,17,6.291291086480153,127.35883549069762,515.962
258,6,18,-0.8748335740619761,132.78738788075373,516.748
259,6,19,-8.031175482721943,138.23529702691764,517.926
260,6,20,-15.111733774497974,143.8770469417265,519.441
261,6,21,-22.041712008284613,149.9042244313992,521.192
262,6,22,-28.727977139654147,156.54148807811575,523.039
263,6,23,-35.04646902761705,164.06037888251925,524.819
264,6,24,-40.82591897118797,172.78233920732876,526.357
265,6,25,-45.82995461376026,-176.9540684882108,527.487
266,6,26,-49.74896006516266,-164.90836052835465,528.064
267,6,27,-52.22931594149611,-151.1719895036236,527.983
268,6,28,-52.971822391073616,-136.40771598994064,527.191
269,6,29,-51.87113740632606,-121.75921418268939,525.69
270,6,30,-49.07688994140092,-108.31049657485342,523.54
271,6,31,-44.9082752267804,-96.60747969622432,520.857
272,6,32,-39.71526874044136,-86.65650879254103,517.804
273,6,33,-33.79418457914648,-78.18388452338283,514.576
274,6,34,-27.36819917402591,-70.84844576989673,511.383
275,6,35,-20.598805517815446,-64.33690541523258,508.435
276,6,36,-13.603900359552313,-58.38692955374854,505.923
277,6,37,-6.473310932105939,-52.78064198111037,503.998
278,6,38,0.7193139019204882,-47.329922212103,502.767
279,6,39,7.907316832312932,-41.8604638191077,502.276
280,7,0,18.53056788807493,-24.231561156197202,502.886
281,7,1,25.388972569549004,-17.90200777687346,504.069
282,7,2,31.94466838964999,-10.82582507503447,505.717
283,7,3,38.04911239430845,-2.7016998957753495,507.659
284,7,4,43.496478540433344,6.812306880992011,509.715
285,7,5,48.00827952499574,18.029102229401765,511.707
286,7,6,51.24044798365084,31.052276853831145,513.48
287,7,7,52.84785787273247,45.50408287336437,514.917
288,7,8,52.616980403313114,60.41178011433384,515.945
289,7,9,50.582434389200984,74.57051637696016,516.545
290,7,10,47.006587886983766,87.14516101633126,516.748
291,7,11,42.2454645071484,97.90395205353028,516.634
292,7,12,36.62991519799569,107.02758214304991,516.316
293,7,13,30.419019280028,114.84801896912029,515.93
294,7,14,23.801795408336243,121.69994180107201,515.619
295,7,15,16.914449507801535,127.87090843315181,515.513
296,7,16,9.857810538498889,133.59817231636924,515.719
297,7,17,2.7110107242745465,139.08133889902876,516.305
298,7,18,-4.458244190619858,144.4982389863608,517.29
299,7,19,-11.585295153189342,150.02055621334284,518.647
300,7,20,-18.60080101576288,155.8293588948719,520.295
301,7,21,-25.422165581367974,162.13085044199065,522.113
302,7,22,-31.942578351763967,169.17169630638492,523.949
303,7,23,-38.01663142971046,177.24940586792215,525.629
304,7,24,-43.442561027125265,-173.29808679155641,526.983
305,7,25,-47.94693418096527,-162.15945527423466,527.852
306,7,26,-51.19059443289891,-149.22501675995477,528.11
307,7,27,-52.83037258845724,-134.85330153862913,527.678
308,7,28,-52.648129481022956,-119.99217594251539,526.527
309,7,29,-50.66800641421749,-105.83583707628775,524.69
310,7,30,-47.141849538212114,-93.23051122716495,522.256
311,7,31,-42.41957968947036,-82.42664777163301,519.365
312,7,32,-36.83013877842003,-73.25675681086489,516.199
313,7,33,-30.63296812558948,-65.3947309629383,512.961
314,7,34,-24.018237272944777,-58.50727748692417,509.866
315,7,35,-17.123425975647244,-52.30622728664504,507.114
316,7,36,-10.050701057075573,-46.55309406194619,504.879
317,7,37,-2.8805185171145147,-41.046872175743296,503.292
318,7,38,4.3180050390338645,-35.6083203887423,502.428
319,7,39,11.478713466285878,-30.06417387717291,502.307
320,8,0,15.023098409638719,-18.19616524140569,502.514
321,8,1,21.99005187249722,-12.143366004608989,503.41
322,8,2,28.712820949885888,-5.474824787248815,504.845
323,8,3,35.06459976476885,2.084427099064148,506.663
324,8,4,40.87053376684649,10.859878690688861,508.684
325,8,5,45.88967437276826,21.19345203224051,510.729
326,8,6,49.807163522174925,33.324113884993274,512.629
327,8,7,52.26548179315133,47.14805476507308,514.246
328,8,8,52.9664504472914,61.978379623124646,515.484
329,8,9,51.81277002477372,76.65116958306446,516.297
330,8,10,48.96537685791671,90.08345375575739,516.692
331,8,11,44.75203806461094,101.74643889566103,516.725
332,8,12,39.526499387255136,111.65060934315139,516.492
333,8,13,33.58560426227263,120.0789330053529,516.123
334,8,14,27.151668516958168,127.37580168059593,515.757
335,8,15,20.38493521942942,133.85465958008157,515.533
336,8,16,13.40197179315641,139.7768297414545,515.572
337,8,17,6.291291086480153,145.3588291614041,515.962
338,8,18,-0.8748335740619761,150.7873815514602,516.748
339,8,19,-8.031175482721943,156.23530435800242,517.926
340,8,20,-15.111733774497974,161.87704061243295,519.441
341,8,21,-22.041712008284613,167.90421810210566,521.192
342,8,22,-28.727977139654147,174.54149540920056,523.039
343,8,23,-35.04646902761705,-177.93961014393028,524.819
344,8,24,-40.82591897118797,-169.2176634794991,526.357
345,8,25,-45.82995461376026,-158.954061157126,527.487
346,8,26,-49.74896006516266,-146.9083668576482,528.064
347,8,27,-52.22931594149611,-133.17199583291713,527.983
348,8,28,-52.971822391073616,-118.40770865885582,527.191
349,8,29,-51.87113740632606,-103.75922051198292,525.69
350,8,30,-49.07688994140092,-90.31049607395778,523.54
351,8,31,-44.9082752267804,-78.60747919532868,520.857
352,8,32,-39.71526874044136,-68.6565082916454,517.804
353,8,33,-33.79418457914648,-60.18388402248719,514.576
354,8,34,-27.36819917402591,-52.84844185390651,511.383
355,8,35,-20.598805517815446,-46.33690491433694,508.435
356,8,36,-13.603900359552313,-40.386929052852906,505.923
357,8,37,-6.473310932105939,-34.78064148021474,503.998
358,8,38,0.7193139019204882,-29.32992171120737,502.767
359,8,39,7.907316832312932,-23.86046331821207,502.276
360,9,0,18.53056788807493,-6.231559801527922,502.886
361,9,1,25.388972569549004,0.09799353777517952,504.069
362,9,2,31.94466838964999,7.174175425861164,505.717
363,9,3,38.04911239430845,15.298300391676872,507.659
364,9,4,43.496478540433344,24.812306528114,509.715
365,9,5,48.00827952499574,36.029101022750105,511.707
366,9,6,51.24044798365084,49.052277354726776,513.48
367,9,7,52.84785787273247,63.504079959165416,514.917
368,9,8,52.616980403313114,78.41178061522947,515.945
369,9,9,50.582434389200984,92.57051687785578,516.545
370,9,10,47.006587886983766,105.1451615172269,516.748
371,9,11,42.2454645071484,115.90395255442591,516.634
372,9,12,36.62991519799569,125.02758264394555,516.316
373,9,13,30.419019280028,132.84801263982675,515.93
374,9,14,23.801795408336243,139.69994913215683,515.619
375,9,15,16.914449507801535,145.87090210385827,515.513
376,9,16,9.857810538498889,151.5981659870757,515.719
377,9,17,2.7110107242745465,157.08134623011358,516.305
378,9,18,-4.458244190619858,162.4982326570673,517.29
379,9,19,-11.585295153189342,168.0205498840493,518.647
380,9,20,-18.60080101576288,173.8293662259567,520.295
381,9,21,-25.422165581367974,-179.86915224483724,522.113
382,9,22,-31.942578351763967,-172.82830638044294,523.949
383,9,23,-38.01663142971046,-164.7505968189057,525.629
384,9,24,-43.442561027125265,-155.29807946047163,526.983
385,9,25,-47.94693418096527,-144.15946160352817,527.852
386,9,26,-51.19059443289891,-131.2250230892483,528.11
387,9,27,-52.83037258845724,-116.85330786792267,527.678
388,9,28,-52.648129481022956,-101.99217544161975,526.527
389,9,29,-50.66800641421749,-87.83583657539212,524.69
390,9,30,-47.141849538212114,-75.23051072626932,522.256
391,9,31,-42.41957968947036,-64.42664727073738,519.365
392,9,32,-36.83013877842003,-55.25675630996925,516.199
393,9,33,-30.63296812558948,-47.394730462042666,512.961
394,9,34,-24.018237272944777,-40.50727357093395,509.866
395,9,35,-17.123425975647244,-34.30622678574941,507.114
396,9,36,-10.050701057075573,-28.553093561050556,504.879
397,9,37,-2.8805185171145147,-23.046873382394953,503.292
398,9,38,4.3180050390338645,-17.60831988784667,502.428
399,9,39,11.478713466285878,-12.064173376277276,502.307
400,10,0,15.023098409638719,-0.19616468714920582,502.514
401,10,1,21.99005187249722,5.856634069399821,503.41
402,10,2,28.712820949885888,12.525175286759994,504.845
403,10,3,35.06459976476885,20.08442738651637,506.663
404,10,4,40.87053376684649,28.859878337810848,508.684
405,10,5,45.88967437276826,39.193452533136146,510.729
406,10,6,49.807163522174925,51.32411438588891,512.629
407,10,7,52.26548179315133,65.14805185087413,514.246
408,10,8,52.9664504472914,79.97838012402028,515.484
409,10,9,51.81277002477372,94.6511700839601,516.297
410,10,10,48.96537685791671,108.08345425665301,516.692
411,10,11,44.75203806461094,119.74643939655667,516.725
412,10,12,39.526499387255136,129.650609844047,516.492
413,10,13,33.58560426227263,138.07894033643768,516.123
414,10,14,27.151668516958168,145.37580901168073,515.757
415,10,15,20.38493521942942,151.85465325078803,515.533
416,10,16,13.40197179315641,157.77682341216095,515.572
417,10,17,6.291291086480153,163.35883649248888,515.962
418,10,18,-0.8748335740619761,168.78738888254497,516.748
419,10,19,-8.031175482721943,174.23529802870888,517.926
420,10,20,-15.111733774497974,179.87704794351777,519.441
421,10,21,-22.041712008284613,-174.09577092434387,521.192
422,10,22,-28.727977139654147,-167.4585072776273,523.039
423,10,23,-35.04646902761705,-159.93961647322382,524.819
424,10,24,-40.82591897118797,-151.21766980879264,526.357
425,10,25,-45.82995461376026,-140.95406748641955,527.487
426,10,26,-49.74896006516266,-128.9083595265634,528.064
427,10,27,-52.22931594149611,-115.17198850183233,527.983
428,10,28,-52.971822391073616,-100.40771498814937,527.191
429,10,29,-51.87113740632606,-85.7592200110873,525.69
430,10,30,-49.07688994140092,-72.31049557306214,523.54
431,10,31,-44.9082752267804,-60.60747869443305,520.857
432,10,32,-39.71526874044136,-50.65650779074977,517.804
433,10,33,-33.79418457914648,-42.18388010649698,514.576
434,10,34,-27.36819917402591,-34.84844135301087,511.383
435,10,35,-20.598805517815446,-28.336906120988605,508.435
436,10,36,-13.603900359552313,-22.386928551957272,505.923
437,10,37,-6.473310932105939,-16.780640979319106,503.998
438,10,38,0.7193139019204882,-11.32992035653809,502.767
439,10,39,7.907316832312932,-5.860462390429612,502.276
440,11,0,18.53056788807493,11.76844069936771,502.886
441,11,1,25.388972569549004,18.097993224917808,504.069
442,11,2,31.94466838964999,25.17417507298315,505.717
443,11,3,38.04911239430845,33.2983026001198,507.659
444,11,4,43.496478540433344,42.81230873655692,509.715
445,11,5,48.00827952499574,54.02910152364574,511.707
446,11,6,51.24044798365084,67.05227444052782,513.48
447,11,7,52.84785787273247,81.50408046006105,514.917
448,11,8,52.616980403313114,96.41178111612511,515.945
449,11,9,50.582434389200984,110.57051737875142,516.545
450,11,10,47.006587886983766,123.14515518793336,516.748
451,11,11,42.2454645071484,133.90395988551072,516.634
452,11,12,36.62991519799569,143.02758997503034,516.316
453,11,13,30.419019280028,150.84801997091157,515.93
454,11,14,23.801795408336243,157.6999428028633,515.619
455,11,15,16.914449507801535,163.8709094349431,515.513
456,11,16,9.857810538498889,169.59817331816052,515.719
457,11,17,2.7110107242745465,175.08133990082004,516.305
458,11,18,-4.458244190619858,-179.5017700297606,517.29
459,11,19,-11.585295153189342,-173.97945280277855,518.647
460,11,20,-18.60080101576288,-168.17063646087118,520.295
461,11,21,-25.422165581367974,-161.86914491375242,522.113
462,11,22,-31.942578351763967,-154.82829904935815,523.949
463,11,23,-38.01663142971046,-146.7505894878209,525.629
464,11,24,-43.442561027125265,-137.29808578976517,526.983
465,11,25,-47.94693418096527,-126.15945427244338,527.852
466,11,26,-51.19059443289891,-113.22501575816351,528.11
467,11,27,-52.83037258845724,-98.85330736702703,527.678
468,11,28,-52.648129481022956,-83.99217494072413,526.527
469,11,29,-50.66800641421749,-69.83583607449648,524.69
470,11,30,-47.141849538212114,-57.23051022537368,522.256
471,11,31,-42.41957968947036,-46.42664676984174,519.365
472,11,32,-36.83013877842003,-37.25675580907361,516.199
473,11,33,-30.63296812558948,-29.394729961147036,512.961
474,11,34,-24.018237272944777,-22.507273070038313,509.866
475,11,35,-17.123425975647244,-16.306226284853775,507.114
476,11,36,-10.050701057075573,-10.553093913928567,504.879
477,11,37,-2.8805185171145147,-5.046872027725673,503.292
478,11,38,4.3180050390338645,0.3916812266987745,502.428
479,11,39,11.478713466285878,5.9358266977315335,502.307
480,12,0,15.023098409638719,17.803835760385574,502.514
481,12,1,21.99005187249722,23.856634997182276,503.41
482,12,2,28.712820949885888,30.52517749520292,504.845
483,12,3,35.06459976476885,38.084427887412005,506.663
484,12,4,40.87053376684649,46.85987883870648,508.684
485,12,5,45.88967437276826,57.193453034031776,510.729
486,12,6,49.807163522174925,69.32411147168996,512.629
487,12,7,52.26548179315133,83.14805235176975,514.246
488,12,8,52.9664504472914,97.97838062491591,515.484
489,12,9,51.81277002477372,112.65117058485572,516.297
490,12,10,48.96537685791671,126.08344792735947,516.692
491,12,11,44.75203806461094,137.74643306726313,516.725
492,12,12,39.526499387255136,147.65060351475347,516.492
493,12,13,33.58560426227263,156.07893400714417,516.123
494,12,14,27.151668516958168,163.3758026823872,515.757
495,12,15,20.38493521942942,169.85466058187282,515.533
496,12,16,13.40197179315641,175.77683074324574,515.572
497,12,17,6.291291086480153,-178.64116619433898,515.962
498,12,18,-0.8748335740619761,-173.21261380428288,516.748
499,12,19,-8.031175482721943,-167.76469099774064,517.926
500,12,20,-15.111733774497974,-162.1229547433101,519.441
501,12,21,-22.041712008284613,-156.0957772536374,521.192
502,12,22,-28.727977139654147,-149.4584999465425,523.039
503,12,23,-35.04646902761705,-141.93960914213903,524.819
504,12,24,-40.82591897118797,-133.21766247770785,526.357
505,12,25,-45.82995461376026,-122.95406015533474,527.487
506,12,26,-49.74896006516266,-110.90836585585693,528.064
507,12,27,-52.22931594149611,-97.17199483112587,527.983
508,12,28,-52.971822391073616,-82.40771448725373,527.191
509,12,29,-51.87113740632606,-67.75921951019166,525.69
510,12,30,-49.07688994140092,-54.31049165707193,523.54
511,12,31,-44.9082752267804,-42.60747819353741,520.857
512,12,32,-39.71526874044136,-32.65650728985413,517.804
513,12,33,-33.79418457914648,-24.183879605601344,514.576
514,12,34,-27.36819917402591,-16.84844085211524,511.383
515,12,35,-20.598805517815446,-10.33690562009297,508.435
516,12,36,-13.603900359552313,-4.386927624174817,505.923
517,12,37,-6.473310932105939,1.2193588812462917,503.998
518,12,38,0.7193139019204882,6.670080144357543,502.767
519,12,39,7.907316832312932,12.139538537352845,502.276
520,13,0,18.53056788807493,29.76844717667887,502.886
521,13,1,25.388972569549004,36.09800055600261,504.069
522,13,2,31.94466838964999,43.174182404067956,505.717
523,13,3,38.04911239430845,51.2983099312046,507.659
524,13,4,43.496478540433344,60.812316067641724,509.715
525,13,5,48.00827952499574,72.02911226982513,511.707
526,13,6,51.24044798365084,85.05228177161263,513.48
527,13,7,52.84785787273247,99.50408779114585,514.917
528,13,8,52.616980403313114,114.41178844720991,515.945
529,13,9,50.582434389200984,128.57052470983623,516.545
530,13,10,47.006587886983766,141.14516251901816,516.748
531,13,11,42.2454645071484,151.90396721659553,516.634
532,13,12,36.62991519799569,161.02759730611515,516.316
533,13,13,30.419019280028,168.84802730199635,515.93
534,13,14,23.801795408336243,175.69995013394808,515.619
535,13,15,16.914449507801535,-178.12907959150644,515.513
536,13,16,9.857810538498889,-172.401815708289,515.719
537,13,17,2.7110107242745465,-166.91864912562949,516.305
538,13,18,-4.458244190619858,-161.50176269867578,517.29
539,13,19,-11.585295153189342,-155.97944547169377,518.647
540,13,20,-18.60080101576288,-150.17062912978636,520.295
541,13,21,-25.422165581367974,-143.86913758266763,522.113
542,13,22,-31.942578351763967,-136.82829171827333,523.949
543,13,23,-38.01663142971046,-128.7505821567361,525.629
544,13,24,-43.442561027125265,-119.29807845868035,526.983
545,13,25,-47.94693418096527,-108.15945377154775,527.852
546,13,26,-51.19059443289891,-95.2250084270787,528.11
547,13,27,-52.83037258845724,-80.85330003594223,527.678
548,13,28,-52.648129481022956,-65.99216760963932,526.527
549,13,29,-50.66800641421749,-51.835832158506264,524.69
550,13,30,-47.141849538212114,-39.230502894288875,522.256
551,13,31,-42.41957968947036,-28.42664114630423,519.365
552,13,32,-36.83013877842003,-19.25674847798881,516.199
553,13,33,-30.63296812558948,-11.394724337609524,512.961
554,13,34,-24.018237272944777,-4.507266165840332,509.866
555,13,35,-17.123425975647244,1.693781152952733,507.114
556,13,36,-10.050701057075573,7.446913417156236,504.879
557,13,37,-2.8805185171145147,12.953135303359131,503.292
558,13,38,4.3180050390338645,18.39168794413377,502.428
559,13,39,11.478713466285878,23.93583445570316,502.307
560,14,0,15.023098409638719,35.80383113863933,502.514
561,14,1,21.99005187249722,41.85662866788874,503.41
562,14,2,28.712820949885888,48.525171165909384,504.845
563,14,3,35.06459976476885,56.084421558118464,506.663
564,14,4,40.87053376684649,64.85987250941294,508.684
565,14,5,45.88967437276826,75.19344328964365,510.729
566,14,6,49.807163522174925,87.32410514239642,512.629
567,14,7,52.26548179315133,101.14804602247622,514.246
568,14,8,52.9664504472914,115.97837429562237,515.484
569,14,9,51.81277002477372,130.65116425556218,516.297
570,14,10,48.96537685791671,144.08344159806595,516.692
571,14,11,44.75203806461094,155.74642673796959,516.725
572,14,12,39.526499387255136,165.65059718545996,516.492
573,14,13,33.58560426227263,174.07892767785063,516.123
574,14,14,27.151668516958168,-178.62420000444067,515.757
575,14,15,20.38493521942942,-172.14534210495503,515.533
576,14,16,13.40197179315641,-166.22317194358212,515.572
577,14,17,6.291291086480153,-160.64117252363252,515.962
578,14,18,-0.8748335740619761,-155.21262013357642,516.748
579,14,19,-8.031175482721943,-149.76469732703416,517.926
580,14,20,-15.111733774497974,-144.12296107260363,519.441
581,14,21,-22.041712008284613,-138.09578358293095,521.192
582,14,22,-28.727977139654147,-131.45850627583604,523.039
583,14,23,-35.04646902761705,-123.93961547143256,524.819
584,14,24,-40.82591897118797,-115.21766880700137,526.357
585,14,25,-45.82995461376026,-104.95407331481745,527.487
586,14,26,-49.74896006516266,-92.90837218515047,528.064
587,14,27,-52.22931594149611,-79.1720011604194,527.983
588,14,28,-52.971822391073616,-64.40772081654727,527.191
589,14,29,-51.87113740632606,-49.7592258394852,525.69
590,14,30,-49.07688994140092,-36.31049798636546,523.54
591,14,31,-44.9082752267804,-24.607484522830948,520.857
592,14,32,-39.71526874044136,-14.65651191160038,517.804
593,14,33,-33.79418457914648,-6.183886788668525,514.576
594,14,34,-27.36819917402591,1.1515523917044017,511.383
595,14,35,-20.598805517815446,7.663088050613493,508.435
596,14,36,-13.603900359552313,13.613065619644823,505.923
597,14,37,-6.473310932105939,19.21935319228299,503.998
598,14,38,0.7193139019204882,24.670074668837653,502.767
599,14,39,7.907316832312932,30.139531354285662,502.276
600,15,0,18.53056788807493,47.768440847385335,502.886
601,15,1,25.388972569549004,54.097994226709076,504.069
602,15,2,31.94466838964999,61.174179489869005,505.717
603,15,3,38.04911239430845,69.29830018681648,507.659
604,15,4,43.496478540433344,78.81230973834819,509.715
605,15,5,48.00827952499574,90.0291059405316,511.707
606,15,6,51.24044798365084,103.0522754423191,513.48
607,15,7,52.84785787273247,117.50408829204149,514.917
608,15,8,52.616980403313114,132.41178211791637,515.945
609,15,9,50.582434389200984,146.5705183805427,516.545
610,15,10,47.006587886983766,159.14515618972462,516.748
611,15,11,42.2454645071484,169.903960887302,516.634
612,15,12,36.62991519799569,179.0275909768216,516.316
613,15,13,30.419019280028,-173.15198904520986,515.93
614,15,14,23.801795408336243,-166.30005255287978,515.619
615,15,15,16.914449507801535,-160.12908592079998,515.513
616,15,16,9.857810538498889,-154.40182203758255,515.719
617,15,17,2.7110107242745465,-148.91865545492303,516.305
618,15,18,-4.458244190619858,-143.50176902796932,517.29
619,15,19,-11.585295153189342,-137.97945180098728,518.647
620,15,20,-18.60080101576288,-132.1706354590799,520.295
621,15,21,-25.422165581367974,-125.86914391196116,522.113
622,15,22,-31.942578351763967,-118.82829804756688,523.949
623,15,23,-38.01663142971046,-110.75058848602964,525.629
624,15,24,-43.442561027125265,-101.29807795778471,526.983
625,15,25,-47.94693418096527,-90.15946010084129,527.852
626,15,26,-51.19059443289891,-77.22501475637225,528.11
627,15,27,-52.83037258845724,-62.85330636523577,527.678
628,15,28,-52.648129481022956,-47.99217735402744,526.527
629,15,29,-50.66800641421749,-33.835838487799805,524.69
630,15,30,-47.141849538212114,-21.23050751603512,522.256
631,15,31,-42.41957968947036,-10.426646621824121,519.365
632,15,32,-36.83013877842003,-1.2567547005606403,516.199
633,15,33,-30.63296812558948,6.605269333096938,512.961
634,15,34,-24.018237272944777,13.492727077979307,509.866
635,15,35,-17.123425975647244,19.69377471693749,507.114
636,15,36,-10.050701057075573,25.446907941636347,504.879
637,15,37,-2.8805185171145147,30.95312982783924,503.292
638,15,38,4.3180050390338645,36.39168161484023,502.428
639,15,39,11.478713466285878,41.935828126409625,502.307
640,16,0,15.023098409638719,53.803838469724134,502.514
641,16,1,21.99005187249722,59.856635998973545,503.41
642,16,2,28.712820949885888,66.5251750818996,504.845
643,16,3,35.06459976476885,74.08443230429785,506.663
644,16,4,40.87053376684649,82.85987984049775,508.684
645,16,5,45.88967437276826,93.19345062072846,510.729
646,16,6,49.807163522174925,105.32411247348122,512.629
647,16,7,52.26548179315133,119.14806018375019,514.246
648,16,8,52.9664504472914,133.97838162670718,515.484
649,16,9,51.81277002477372,148.651171586647,516.297
650,16,10,48.96537685791671,162.08344892915073,516.692
651,16,11,44.75203806461094,173.7464340690544,516.725
652,16,12,39.526499387255136,-176.34939184098957,516.492
653,16,13,33.58560426227263,-167.9210613485989,516.123
654,16,14,27.151668516958168,-160.62419267335585,515.757
655,16,15,20.38493521942942,-154.14533477387022,515.533
656,16,16,13.40197179315641,-148.2231646124973,515.572
657,16,17,6.291291086480153,-142.6411651925477,515.962
658,16,18,-0.8748335740619761,-137.2126128024916,516.748
659,16,19,-8.031175482721943,-131.76468999594937,517.926
660,16,20,-15.111733774497974,-126.12295374151883,519.441
661,16,21,-22.041712008284613,-120.09577625184615,521.192
662,16,22,-28.727977139654147,-113.4585057749404,523.039
663,16,23,-35.04646902761705,-105.93961497053692,524.819
664,16,24,-40.82591897118797,-97.21766147591657,526.357
665,16,25,-45.82995461376026,-86.95406598373265,527.487
666,16,26,-49.74896006516266,-74.90836485406567,528.064
667,16,27,-52.22931594149611,-61.171993829334596,527.983
668,16,28,-52.971822391073616,-46.407710070367884,527.191
669,16,29,-51.87113740632606,-31.75921850840039,525.69
670,16,30,-49.07688994140092,-18.31049236282795,523.54
671,16,31,-44.9082752267804,-6.607476337972499,520.857
672,16,32,-39.71526874044136,3.3434952060410126,517.804
673,16,33,-33.79418457914648,11.816120542416277,514.576
674,16,34,-27.36819917402591,19.15156014967603,511.383
675,16,35,-20.598805517815446,25.663095381698298,508.435
676,16,36,-13.603900359552313,31.613072950729627,505.923
677,16,37,-6.473310932105939,37.21936052336779,503.998
678,16,38,0.7193139019204882,42.67008029237516,502.767
679,16,39,7.907316832312932,48.13953868537047,502.276
680,17,0,18.53056788807493,65.76843793318638,502.886
681,17,1,25.388972569549004,72.09798789741554,504.069
682,17,2,31.94466838964999,79.17417316057546,505.717
683,17,3,38.04911239430845,87.29829385752295,507.659
684,17,4,43.496478540433344,96.81230340905465,509.715
685,17,5,48.00827952499574,108.02909961123805,511.707
686,17,6,51.24044798365084,121.05227594321472,513.48
687,17,7,52.84785787273247,135.50408196274793,514.917
688,17,8,52.616980403313114,150.41177578862283,515.945
689,17,9,50.582434389200984,164.57051205124915,516.545
690,17,10,47.006587886983766,177.14514986043108,516.748
691,17,11,42.2454645071484,-172.09605545990422,516.634
692,17,12,36.62991519799569,-162.9724253703846,516.316
693,17,13,30.419019280028,-155.1519953745034,515.93
694,17,14,23.801795408336243,-148.30005888217332,515.619
695,17,15,16.914449507801535,-142.12909225009352,515.513
696,17,16,9.857810538498889,-136.4018283668761,515.719
697,17,17,2.7110107242745465,-130.91866178421657,516.305
698,17,18,-4.458244190619858,-125.50177535726286,517.29
699,17,19,-11.585295153189342,-119.97945813028082,518.647
700,17,20,-18.60080101576288,-114.17064178837344,520.295
701,17,21,-25.422165581367974,-107.86915707144387,522.113
702,17,22,-31.942578351763967,-100.82831120704958,523.949
703,17,23,-38.01663142971046,-92.75059481532317,525.629
704,17,24,-43.442561027125265,-83.29808428707825,526.983
705,17,25,-47.94693418096527,-72.15946643013483,527.852
706,17,26,-51.19059443289891,-59.22502108566579,528.11
707,17,27,-52.83037258845724,-44.85331269452931,527.678
708,17,28,-52.648129481022956,-29.992183683320977,526.527
709,17,29,-50.66800641421749,-15.835844817093339,524.69
710,17,30,-47.141849538212114,-3.230514485658893,522.256
711,17,31,-42.41957968947036,7.573347048882342,519.365
712,17,32,-36.83013877842003,16.743238863424118,516.199
713,17,33,-30.63296812558948,24.6052630038034,512.961
714,17,34,-24.018237272944777,31.49272160245942,509.866
715,17,35,-17.123425975647244,37.693768387643956,507.114
716,17,36,-10.050701057075573,43.446901612342806,504.879
717,17,37,-2.8805185171145147,48.9531234985457,503.292
718,17,38,4.3180050390338645,54.3916752855467,502.428
719,17,39,11.478713466285878,59.9358183820215,502.307
720,18,0,15.023098409638719,71.8038321404306,502.514
721,18,1,21.99005187249722,77.85662966968,503.41
722,18,2,28.712820949885888,84.52516875260606,504.845
723,18,3,35.06459976476885,92.08442597500432,506.663
724,18,4,40.87053376684649,100.85987351120421,508.684
725,18,5,45.88967437276826,111.19344429143493,510.729
726,18,6,49.807163522174925,123.3241061441877,512.629
727,18,7,52.26548179315133,137.14805385445666,514.246
728,18,8,52.9664504472914,151.97837529741363,515.484
729,18,9,51.81277002477372,166.65116525735345,516.297
730,18,10,48.96537685791671,-179.91655375767712,516.692
731,18,11,44.75203806461094,-168.25356861777345,516.725
732,18,12,39.526499387255136,-158.3493981702831,516.492
733,18,13,33.58560426227263,-149.92106767789244,516.123
734,18,14,27.151668516958168,-142.6241990026494,515.757
735,18,15,20.38493521942942,-136.14534110316376,515.533
736,18,16,13.40197179315641,-130.22317094179084,515.572
737,18,17,6.291291086480153,-124.64117152184124,515.962
738,18,18,-0.8748335740619761,-119.21261913178515,516.748
739,18,19,-8.031175482721943,-113.76470315543207,517.926
740,18,20,-15.111733774497974,-108.12296007081237,519.441
741,18,21,-22.041712008284613,-102.09578258113967,521.192
742,18,22,-28.727977139654147,-95.45851210423393,523.039
743,18,23,-35.04646902761705,-87.93962129983046,524.819
744,18,24,-40.82591897118797,-79.21766780521011,526.357
745,18,25,-45.82995461376026,-68.95407231302617,527.487
746,18,26,-49.74896006516266,-56.90836776826461,528.064
747,18,27,-52.22931594149611,-43.17199674353355,527.983
748,18,28,-52.971822391073616,-28.407716399661417,527.191
749,18,29,-51.87113740632606,-13.759224837693926,525.69
750,18,30,-49.07688994140092,-0.31049807847167893,523.54
751,18,31,-44.9082752267804,11.392517332733965,520.857
752,18,32,-39.71526874044136,21.34348909019089,517.804
753,18,33,-33.79418457914648,29.816115066896387,514.576
754,18,34,-27.36819917402591,37.15155382038249,511.383
755,18,35,-20.598805517815446,43.663090759952055,508.435
756,18,36,-13.603900359552313,49.61306662143609,505.923
757,18,37,-6.473310932105939,55.219354194074256,503.998
758,18,38,0.7193139019204882,60.67007737817621,502.767
759,18,39,7.907316832312932,66.13953577117151,502.276
760,19,0,18.53056788807493,83.76844526427118,502.886
761,19,1,25.388972569549004,90.09799522850034,504.069
762,19,2,31.94466838964999,97.17418049166027,505.717
763,19,3,38.04911239430845,105.29830118860775,507.659
764,19,4,43.496478540433344,114.81231074013945,509.715
765,19,5,48.00827952499574,126.02910694232285,511.707
766,19,6,51.24044798365084,139.05228327429953,513.48
767,19,7,52.84785787273247,153.50408929383275,514.917
768,19,8,52.616980403313114,168.41178311970765,515.945
769,19,9,50.582434389200984,-177.42947697520037,516.545
770,19,10,47.006587886983766,-164.85483916601845,516.748
771,19,11,42.2454645071484,-154.0960481288194,516.634
772,19,12,36.62991519799569,-144.97241803929978,516.316
773,19,13,30.419019280028,-137.15198804341858,515.93
774,19,14,23.801795408336243,-130.3000515510885,515.619
775,19,15,16.914449507801535,-124.1290849190087,515.513
776,19,16,9.857810538498889,-118.40182103579127,515.719
777,19,17,2.7110107242745465,-112.91865445313177,516.305
778,19,18,-4.458244190619858,-107.50176119598888,517.29
779,19,19,-11.585295153189342,-101.97944396900685,518.647
780,19,20,-18.60080101576288,-96.17063445728864,520.295
781,19,21,-25.422165581367974,-89.86914974035906,522.113
782,19,22,-31.942578351763967,-82.82830387596478,523.949
783,19,23,-38.01663142971046,-74.75058748423837,525.629
784,19,24,-43.442561027125265,-65.29807695599345,526.983
785,19,25,-47.94693418096527,-54.159455683955436,527.852
786,19,26,-51.19059443289891,-41.22501716967557,528.11
787,19,27,-52.83037258845724,-26.853305363444502,527.678
788,19,28,-52.648129481022956,-11.992175498462526,526.527
789,19,29,-50.66800641421749,2.164162727434877,524.69
790,19,30,-47.141849538212114,14.769493485756145,522.256
791,19,31,-42.41957968947036,25.5733535261935,519.365
792,19,32,-36.83013877842003,34.74324619450892,516.199
793,19,33,-30.63296812558948,42.605272042435494,512.961
794,19,34,-24.018237272944777,49.49272893354422,509.866
795,19,35,-17.123425975647244,55.69377571872876,507.114
796,19,36,-10.050701057075573,61.446908943427616,504.879
797,19,37,-2.8805185171145147,66.95312741453593,503.292
798,19,38,4.3180050390338645,72.39168603172608,502.428
799,19,39,11.478713466285878,77.93582571310631,502.307
800,20,0,15.023098409638719,89.8038394715154,502.514
801,20,1,21.99005187249722,95.8566370007648,503.41
802,20,2,28.712820949885888,102.52517608369087,504.845
803,20,3,35.06459976476885,110.08443330608912,506.663
804,20,4,40.87053376684649,118.85988084228902,508.684
805,20,5,45.88967437276826,129.19345162251972,510.729
806,20,6,49.807163522174925,141.3241134752725,512.629
807,20,7,52.26548179315133,155.14806118554145,514.246
808,20,8,52.9664504472914,169.97838262849845,515.484
809,20,9,51.81277002477372,-175.34882376909607,516.297
810,20,10,48.96537685791671,-161.9165464265923,516.692
811,20,11,44.75203806461094,-150.25356128668867,516.725
812,20,12,39.526499387255136,-140.34939083919832,516.492
813,20,13,33.58560426227263,-131.92106034680765,516.123
814,20,14,27.151668516958168,-124.62419167156459,515.757
815,20,15,20.38493521942942,-118.14533377207896,515.533
816,20,16,13.40197179315641,-112.22317044089522,515.572
817,20,17,6.291291086480153,-106.64116419075644,515.962
818,20,18,-0.8748335740619761,-101.21261180070034,516.748
819,20,19,-8.031175482721943,-95.76469582434727,517.926
820,20,20,-15.111733774497974,-90.12295273972757,519.441
821,20,21,-22.041712008284613,-84.09577525005487,521.192
822,20,22,-28.727977139654147,-77.45850477314913,523.039
823,20,23,-35.04646902761705,-69.93961396874566,524.819
824,20,24,-40.82591897118797,-61.2176604741253,526.357
825,20,25,-45.82995461376026,-50.95406498194137,527.487
826,20,26,-49.74896006516266,-38.90836043717981,528.064
827,20,27,-52.22931594149611,-25.17199111999604,527.983
828,20,28,-52.971822391073616,-10.40770992235026,527.191
829,20,29,-51.87113740632606,4.2407829202777,525.69
830,20,30,-49.07688994140092,17.689508638963318,523.54
831,20,31,-44.9082752267804,29.392523810045123,520.857
832,20,32,-39.71526874044136,39.3434947137284,517.804
833,20,33,-33.79418457914648,47.81612239798119,514.576
834,20,34,-27.36819917402591,55.1515611514673,511.383
835,20,35,-20.598805517815446,61.66309809103686,508.435
836,20,36,-13.603900359552313,67.61307395252089,505.923
837,20,37,-6.473310932105939,73.21936152515906,503.998
838,20,38,0.7193139019204882,78.67008470926102,502.767
839,20,39,7.907316832312932,84.13954310225631,502.276
840,21,0,18.53056788807493,101.76843893497765,502.886
841,21,1,25.388972569549004,108.0979888992068,504.069
842,21,2,31.94466838964999,115.17417416236674,505.717
843,21,3,38.04911239430845,123.29830168950338,507.659
844,21,4,43.496478540433344,132.8123044108459,509.715
845,21,5,48.00827952499574,144.02910061302933,511.707
846,21,6,51.24044798365084,157.05227694500599,513.48
847,21,7,52.84785787273247,171.5040829645392,514.917
848,21,8,52.616980403313114,-173.58821956712023,515.945
849,21,9,50.582434389200984,-159.4294833044939,516.545
850,21,10,47.006587886983766,-146.85484549531196,516.748
851,21,11,42.2454645071484,-136.09605445811295,516.634
852,21,12,36.62991519799569,-126.97242436859332,516.316
853,21,13,30.419019280028,-119.15199437271212,515.93
854,21,14,23.801795408336243,-112.30005788038204,515.619
855,21,15,16.914449507801535,-106.12909807849142,515.513
856,21,16,9.857810538498889,-100.40183419527399,515.719
857,21,17,2.7110107242745465,-94.9186607824253,516.305
858,21,18,-4.458244190619858,-89.50176752528242,517.29
859,21,19,-11.585295153189342,-83.97945029830039,518.647
860,21,20,-18.60080101576288,-78.17064078658217,520.295
861,21,21,-25.422165581367974,-71.8691560696526,522.113
862,21,22,-31.942578351763967,-64.82831020525832,523.949
863,21,23,-38.01663142971046,-56.75059722862649,525.629
864,21,24,-43.442561027125265,-47.298083285286985,526.983
865,21,25,-47.94693418096527,-36.15946201324897,527.852
866,21,26,-51.19059443289891,-23.22502179142181,528.11
867,21,27,-52.83037258845724,-8.853311692738037,527.678
868,21,28,-52.648129481022956,6.007818172243937,526.527
869,21,29,-50.66800641421749,20.16415618469793,524.69
870,21,30,-47.141849538212114,32.76948544891532,522.256
871,21,31,-42.41957968947036,43.57334890444726,519.365
872,21,32,-36.83013877842003,52.743239865215386,516.199
873,21,33,-30.63296812558948,60.60526571314196,512.961
874,21,34,-24.018237272944777,67.4927191891561,509.866
875,21,35,-17.123425975647244,73.6937728045298,507.114
876,21,36,-10.050701057075573,79.44690261413407,504.879
877,21,37,-2.8805185171145147,84.95312108524239,503.292
878,21,38,4.3180050390338645,90.39167970243255,502.428
879,21,39,11.478713466285878,95.93581938381277,502.307
880,22,0,15.023098409638719,107.80383314222186,502.514
881,22,1,21.99005187249722,113.85663067147128,503.41
882,22,2,28.712820949885888,120.5251765845865,504.845
883,22,3,35.06459976476885,128.08442014660642,506.663
884,22,4,40.87053376684649,136.85987451299548,508.684
885,22,5,45.88967437276826,147.19344529322618,510.729
886,22,6,49.807163522174925,159.32410714597896,512.629
887,22,7,52.26548179315133,173.1480548562479,514.246
888,22,8,52.9664504472914,-172.02162005832943,515.484
889,22,9,51.81277002477372,-157.3488300983896,516.297
890,22,10,48.96537685791671,-143.91655275588585,516.692
891,22,11,44.75203806461094,-132.2535676159822,516.725
892,22,12,39.526499387255136,-122.34939716849185,516.492
893,22,13,33.58560426227263,-113.92106667610118,516.123
894,22,14,27.151668516958168,-106.62419800085813,515.757
895,22,15,20.38493521942942,-100.14534693156166,515.533
896,22,16,13.40197179315641,-94.22317677018876,515.572
897,22,17,6.291291086480153,-88.64117052004998,515.962
898,22,18,-0.8748335740619761,-83.21261812999388,516.748
899,22,19,-8.031175482721943,-77.76470215364081,517.926
900,22,20,-15.111733774497974,-72.1229590690211,519.441
901,22,21,-22.041712008284613,-66.09578157934841,521.192
902,22,22,-28.727977139654147,-59.45851110244267,523.039
903,22,23,-35.04646902761705,-51.939616882944605,524.819
904,22,24,-40.82591897118797,-43.217670218513426,526.357
905,22,25,-45.82995461376026,-32.95407131123491,527.487
906,22,26,-49.74896006516266,-20.908366766473346,528.064
907,22,27,-52.22931594149611,-7.17199659551593,527.983
908,22,28,-52.971822391073616,7.592283748356202,527.191
909,22,29,-51.87113740632606,22.24077616409734,525.69
910,22,30,-49.07688994140092,35.689504017217075,523.54
911,22,31,-44.9082752267804,47.392517480751586,520.857
912,22,32,-39.71526874044136,57.34348838443486,517.804
913,22,33,-33.79418457914648,65.81611265359307,514.576
914,22,34,-27.36819917402591,73.15155140707917,511.383
915,22,35,-20.598805517815446,79.66309176174332,508.435
916,22,36,-13.603900359552313,85.61306762322735,505.923
917,22,37,-6.473310932105939,91.21935519586552,503.998
918,22,38,0.7193139019204882,96.67007837996748,502.767
919,22,39,7.907316832312932,102.13953677296278,502.276
920,23,0,18.53056788807493,119.76844626606245,502.886
921,23,1,25.388972569549004,126.09799623029161,504.069
922,23,2,31.94466838964999,133.17418149345153,505.717
923,23,3,38.04911239430845,141.2983090205882,507.659
924,23,4,43.496478540433344,150.81231174193073,509.715
925,23,5,48.00827952499574,162.02910794411412,511.707
926,23,6,51.24044798365084,175.0522842760908,513.48
927,23,7,52.84785787273247,-170.49591972228865,514.917
928,23,8,52.616980403313114,-155.58821223603542,515.945
929,23,9,50.582434389200984,-141.4294759734091,516.545
930,23,10,47.006587886983766,-128.85483816422717,516.748
931,23,11,42.2454645071484,-118.09604712702814,516.634
932,23,12,36.62991519799569,-108.97241020731934,516.316
933,23,13,30.419019280028,-101.15198021143814,515.93
934,23,14,23.801795408336243,-94.30005054929724,515.619
935,23,15,16.914449507801535,-88.12909074740661,515.513
936,23,16,9.857810538498889,-82.40182686418918,515.719
937,23,17,2.7110107242745465,-76.91865345134049,516.305
938,23,18,-4.458244190619858,-71.50176019419762,517.29
939,23,19,-11.585295153189342,-65.97944296721559,518.647
940,23,20,-18.60080101576288,-60.17063345549737,520.295
941,23,21,-25.422165581367974,-53.86914532347321,522.113
942,23,22,-31.942578351763967,-46.82830287417351,523.949
943,23,23,-38.01663142971046,-38.75058989754169,525.629
944,23,24,-43.442561027125265,-29.298075954202186,526.983
945,23,25,-47.94693418096527,-18.159454682164167,527.852
946,23,26,-51.19059443289891,-5.225014460337007,528.11
947,23,27,-52.83037258845724,9.146695638346765,527.678
948,23,28,-52.648129481022956,24.007824649555094,526.527
949,23,29,-50.66800641421749,38.16416351578273,524.69
950,23,30,-47.141849538212114,50.76949278000012,522.256
951,23,31,-42.41957968947036,61.57335623553206,519.365
952,23,32,-36.83013877842003,70.74324719630019,516.199
953,23,33,-30.63296812558948,78.60527304422676,512.961
954,23,34,-24.018237272944777,85.49272652024091,509.866
955,23,35,-17.123425975647244,91.6937801356146,507.114
956,23,36,-10.050701057075573,97.44690994521888,504.879
957,23,37,-2.8805185171145147,102.95312841632719,503.292
958,23,38,4.3180050390338645,108.39168703351736,502.428
959,23,39,11.478713466285878,113.93582671489757,502.307
960,24,0,15.023098409638719,125.8038336431175,502.514
961,24,1,21.99005187249722,131.85663800255608,503.41
962,24,2,28.712820949885888,138.5251839156713,504.845
963,24,3,35.06459976476885,146.0844274776912,506.663
964,24,4,40.87053376684649,154.8598818440803,508.684
965,24,5,45.88967437276826,165.193452624311,510.729
966,24,6,49.807163522174925,177.32411447706374,512.629
967,24,7,52.26548179315133,-168.85194783057995,514.246
968,24,8,52.9664504472914,-154.02161272724462,515.484
969,24,9,51.81277002477372,-139.3488227673048,516.297
970,24,10,48.96537685791671,-125.91654542480104,516.692
971,24,11,44.75203806461094,-114.25356028489739,516.725
972,24,12,39.526499387255136,-104.34938983740705,516.492
973,24,13,33.58560426227263,-95.92105934501637,516.123
974,24,14,27.151668516958168,-88.62419066977333,515.757
975,24,15,20.38493521942942,-82.14533960047686,515.533
976,24,16,13.40197179315641,-76.22316943910394,515.572
977,24,17,6.291291086480153,-70.64116318896518,515.962
978,24,18,-0.8748335740619761,-65.21261079890908,516.748
979,24,19,-8.031175482721943,-59.764694822556,517.926
980,24,20,-15.111733774497974,-54.12295515303089,519.441
981,24,21,-22.041712008284613,-48.09577083316902,521.192
982,24,22,-28.727977139654147,-41.45850377135787,523.039
983,24,23,-35.04646902761705,-33.9396095518598,524.819
984,24,24,-40.82591897118797,-25.21766117988133,526.357
985,24,25,-45.82995461376026,-14.954062272602815,527.487
986,24,26,-49.74896006516266,-2.908359648831956,528.064
987,24,27,-52.22931594149611,10.828010735568872,527.983
988,24,28,-52.971822391073616,25.592291933214653,527.191
989,24,29,-51.87113740632606,40.24078349518214,525.69
990,24,30,-49.07688994140092,53.68951134830188,523.54
991,24,31,-44.9082752267804,65.3925248118364,520.857
992,24,32,-39.71526874044136,75.34349571551967,517.804
993,24,33,-33.79418457914648,83.81611998467787,514.576
994,24,34,-27.36819917402591,91.15155873816397,511.383
995,24,35,-20.598805517815446,97.66309909282812,508.435
996,24,36,-13.603900359552313,103.61307495431215,505.923
997,24,37,-6.473310932105939,109.21936252695032,503.998
998,24,38,0.7193139019204882,114.67007888086312,502.767
999,24,39,7.907316832312932,120.13954410404759,502.276
1000,25,0,18.53056788807493,137.7684399367689,502.886
1001,25,1,25.388972569549004,144.09798990099807,504.069
1002,25,2,31.94466838964999,151.174175164158,505.717
1003,25,3,38.04911239430845,159.29830269129465,507.659
1004,25,4,43.496478540433344,168.8123054126372,509.715
1005,25,5,48.00827952499574,-179.97089474271374,511.707
1006,25,6,51.24044798365084,-166.9477320711154,513.48
1007,25,7,52.84785787273247,-152.4959260515822,514.917
1008,25,8,52.616980403313114,-137.58821856532896,515.945
1009,25,9,50.582434389200984,-123.42948230270264,516.545
1010,25,10,47.006587886983766,-110.85484449352072,516.748
1011,25,11,42.2454645071484,-100.09604662613252,516.634
1012,25,12,36.62991519799569,-90.97241653661288,516.316
1013,25,13,30.419019280028,-83.15198654073168,515.93
1014,25,14,23.801795408336243,-76.30005687859078,515.619
1015,25,15,16.914449507801535,-70.12909707670015,515.513
1016,25,16,9.857810538498889,-64.40183319348272,515.719
1017,25,17,2.7110107242745465,-58.91865978063403,516.305
1018,25,18,-4.458244190619858,-53.50176993858574,517.29
1019,25,19,-11.585295153189342,-47.979452711603706,518.647
1020,25,20,-18.60080101576288,-42.17063978479091,520.295
1021,25,21,-25.422165581367974,-35.869151652766746,522.113
1022,25,22,-31.942578351763967,-28.828309203467047,523.949
1023,25,23,-38.01663142971046,-20.750596226835224,525.629
1024,25,24,-43.442561027125265,-11.298083137269368,526.983
1025,25,25,-47.94693418096527,-0.15946106481855557,527.852
1026,25,26,-51.19059443289891,12.774979210369457,528.11
1027,25,27,-52.83037258845724,27.14668930905323,527.678
1028,25,28,-52.648129481022956,42.007818320261556,526.527
1029,25,29,-50.66800641421749,56.1641571864892,524.69
1030,25,30,-47.141849538212114,68.76948645070658,522.256
1031,25,31,-42.41957968947036,79.57334990623852,519.365
1032,25,32,-36.83013877842003,88.74324086700665,516.199
1033,25,33,-30.63296812558948,96.60526671493322,512.961
1034,25,34,-24.018237272944777,103.49272019094737,509.866
1035,25,35,-17.123425975647244,109.69377380632108,507.114
1036,25,36,-10.050701057075573,115.44690361592534,504.879
1037,25,37,-2.8805185171145147,120.95312891722283,503.292
1038,25,38,4.3180050390338645,126.39168070422382,502.428
1039,25,39,11.478713466285878,131.9358272157932,502.307
1040,26,0,15.023098409638719,143.8038409742023,502.514
1041,26,1,21.99005187249722,149.85664533364087,503.41
1042,26,2,28.712820949885888,156.52519124675612,504.845
1043,26,3,35.06459976476885,164.08443480877602,506.663
1044,26,4,40.87053376684649,172.85988917516508,508.684
1045,26,5,45.88967437276826,-176.80653640213853,510.729
1046,26,6,49.807163522174925,-164.67587454938575,512.629
1047,26,7,52.26548179315133,-150.85194049949513,514.246
1048,26,8,52.9664504472914,-136.0216053961598,515.484
1049,26,9,51.81277002477372,-121.34881543622,516.297
1050,26,10,48.96537685791671,-107.91653809371624,516.692
1051,26,11,44.75203806461094,-96.25355295381259,516.725
1052,26,12,39.526499387255136,-86.34938250632224,516.492
1053,26,13,33.58560426227263,-77.92105201393157,516.123
1054,26,14,27.151668516958168,-70.62418333868852,515.757
1055,26,15,20.38493521942942,-64.14533226939206,515.533
1056,26,16,13.40197179315641,-58.223162108019146,515.572
1057,26,17,6.291291086480153,-52.64115927297496,515.962
1058,26,18,-0.8748335740619761,-47.21260688291886,516.748
1059,26,19,-8.031175482721943,-41.7646874914712,517.926
1060,26,20,-15.111733774497974,-36.122947821946084,519.441
1061,26,21,-22.041712008284613,-30.09576350208422,521.192
1062,26,22,-28.727977139654147,-23.458496440273063,523.039
1063,26,23,-35.04646902761705,-15.939603928322294,524.819
1064,26,24,-40.82591897118797,-7.217654702570173,526.357
1065,26,25,-45.82995461376026,3.0459448450385773,527.487
1066,26,26,-49.74896006516266,15.091647895696259,528.064
1067,26,27,-52.22931594149611,28.828018920427322,527.983
1068,26,28,-52.971822391073616,43.592299264299456,527.191
1069,26,29,-51.87113740632606,58.240790826266945,525.69
1070,26,30,-49.07688994140092,71.6895152642921,523.54
1071,26,31,-44.9082752267804,83.3925321429212,520.857
1072,26,32,-39.71526874044136,93.34350304660447,517.804
1073,26,33,-33.79418457914648,101.81612731576267,514.576
1074,26,34,-27.36819917402591,109.15156606924879,511.383
1075,26,35,-20.598805517815446,115.66310642391292,508.435
1076,26,36,-13.603900359552313,121.61308911558613,505.923
1077,26,37,-6.473310932105939,127.21936302784596,503.998
1078,26,38,0.7193139019204882,132.6700862119479,502.767
1079,26,39,7.907316832312932,138.13955143513238,502.276
1080,27,0,18.53056788807493,155.76843360747537,502.886
1081,27,1,25.388972569549004,162.09798357170453,504.069
1082,27,2,31.94466838964999,169.17416883486447,505.717
1083,27,3,38.04911239430845,177.2982963620011,507.659
1084,27,4,43.496478540433344,-173.18769727419067,509.715
1085,27,5,48.00827952499574,-161.97090107200728,511.707
1086,27,6,51.24044798365084,-148.94773840040895,513.48
1087,27,7,52.84785787273247,-134.49593238087573,514.917
1088,27,8,52.616980403313114,-119.5882248946225,515.945
1089,27,9,50.582434389200984,-105.42949546218536,516.545
1090,27,10,47.006587886983766,-92.85485082281424,516.748
1091,27,11,42.2454645071484,-82.09605295542605,516.634
1092,27,12,36.62991519799569,-72.97242286590642,516.316
1093,27,13,30.419019280028,-65.15199287002523,515.93
1094,27,14,23.801795408336243,-58.30006320788432,515.619
1095,27,15,16.914449507801535,-52.12910340599369,515.513
1096,27,16,9.857810538498889,-46.40183610768167,515.719
1097,27,17,2.7110107242745465,-40.91866610992757,516.305
1098,27,18,-4.458244190619858,-35.50177626787927,517.29
1099,27,19,-11.585295153189342,-29.979459040897243,518.647
1100,27,20,-18.60080101576288,-24.170647821631736,520.295
1101,27,21,-25.422165581367974,-17.869159689607578,522.113
1102,27,22,-31.942578351763967,-10.828314678986938,523.949
1103,27,23,-38.01663142971046,-2.750602129241937,525.629
1104,27,24,-43.442561027125265,6.701910533437095,526.983
1105,27,25,-47.94693418096527,17.840532659248762,527.852
1106,27,26,-51.19059443289891,30.774971173528627,528.11
1107,27,27,-52.83037258845724,45.146682979759696,527.678
1108,27,28,-52.648129481022956,60.007815406062605,526.527
1109,27,29,-50.66800641421749,74.16415427229025,524.69
1110,27,30,-47.141849538212114,86.76948012141304,522.256
1111,27,31,-42.41957968947036,97.57334357694498,519.365
1112,27,32,-36.83013877842003,106.7432345377131,516.199
1113,27,33,-30.63296812558948,114.6052603856397,512.961
1114,27,34,-24.018237272944777,121.49271386165383,509.866
1115,27,35,-17.123425975647244,127.69376064683837,507.114
1116,27,36,-10.050701057075573,133.4468972866318,504.879
1117,27,37,-2.8805185171145147,138.95312258792927,503.292
1118,27,38,4.3180050390338645,144.3916743749303,502.428
1119,27,39,11.478713466285878,149.93582088649967,502.307
1120,28,0,15.023098409638719,161.80382098453043,502.514
1121,28,1,21.99005187249722,167.856625343969,503.41
1122,28,2,28.712820949885888,174.52517125708422,504.845
1123,28,3,35.06459976476885,-177.9155815384302,506.663
1124,28,4,40.87053376684649,-169.14012717204113,508.684
1125,28,5,45.88967437276826,-158.8065563918104,510.729
1126,28,6,49.807163522174925,-146.67589453905765,512.629
1127,28,7,52.26548179315133,-132.85196048916703,514.246
1128,28,8,52.9664504472914,-118.02162538583168,515.484
1129,28,9,51.81277002477372,-103.34884225608104,516.297
1130,28,10,48.96537685791671,-89.91655808338813,516.692
1131,28,11,44.75203806461094,-78.25357294348447,516.725
1132,28,12,39.526499387255136,-68.34940249599411,516.492
1133,28,13,33.58560426227263,-59.92107200360344,516.123
1134,28,14,27.151668516958168,-52.62419991326582,515.757
1135,28,15,20.38493521942942,-46.14534884396935,515.533
1136,28,16,13.40197179315641,-40.22317868259643,515.572
1137,28,17,6.291291086480153,-34.64117926264684,515.962
1138,28,18,-0.8748335740619761,-29.21262687259074,516.748
1139,28,19,-8.031175482721943,-23.764707481143077,517.926
1140,28,20,-15.111733774497974,-18.122966104070667,519.441
1141,28,21,-22.041712008284613,-12.095784345529742,521.192
1142,28,22,-28.727977139654147,-5.458515576171294,523.039
1143,28,23,-35.04646902761705,2.0603765088926522,524.819
1144,28,24,-40.82591897118797,10.78232530775795,526.357
1145,28,25,-45.82995461376026,21.045925068810114,527.487
1146,28,26,-49.74896006516266,33.091627906024385,528.064
1147,28,27,-52.22931594149611,46.82799893075545,527.983
1148,28,28,-52.971822391073616,61.592275859533,527.191
1149,28,29,-51.87113740632606,76.24077083659508,525.69
1150,28,30,-49.07688994140092,89.68949527462021,523.54
1151,28,31,-44.9082752267804,101.39251215324931,520.857
1152,28,32,-39.71526874044136,111.3434830569326,517.804
1153,28,33,-33.79418457914648,119.8161073260908,514.576
1154,28,34,-27.36819917402591,127.15155290976607,511.383
1155,28,35,-20.598805517815446,133.66308643424105,508.435
1156,28,36,-13.603900359552313,139.61306912591425,505.923
1157,28,37,-6.473310932105939,145.2193430381741,503.998
1158,28,38,0.7193139019204882,150.67006622227603,502.767
1159,28,39,7.907316832312932,156.1395314454605,502.276
1160,29,0,18.53056788807493,173.7684409385602,502.886
1161,29,1,25.388972569549004,-179.902005454745,504.069
1162,29,2,31.94466838964999,-172.82582019158505,505.717
1163,29,3,38.04911239430845,-164.70170632482674,507.659
1164,29,4,43.496478540433344,-155.18768994310588,509.715
1165,29,5,48.00827952499574,-143.97089374092246,511.707
1166,29,6,51.24044798365084,-130.94773106932413,513.48
1167,29,7,52.84785787273247,-116.49592504979093,514.917
1168,29,8,52.616980403313114,-101.58822439372686,515.945
1169,29,9,50.582434389200984,-87.42948813110054,516.545
1170,29,10,47.006587886983766,-74.85484349172944,516.748
1171,29,11,42.2454645071484,-64.09604562434124,516.634
1172,29,12,36.62991519799569,-54.972415534821614,516.316
1173,29,13,30.419019280028,-47.151985538940416,515.93
1174,29,14,23.801795408336243,-40.30005587679951,515.619
1175,29,15,16.914449507801535,-34.12909607490889,515.513
1176,29,16,9.857810538498889,-28.40183048414416,515.719
1177,29,17,2.7110107242745465,-22.91866048639006,516.305
1178,29,18,-4.458244190619858,-17.50176893679447,517.29
1179,29,19,-11.585295153189342,-11.979450002265146,518.647
1180,29,20,-18.60080101576288,-6.170639636773286,520.295
1181,29,21,-25.422165581367974,0.13084829514767468,522.113
1182,29,22,-31.942578351763967,7.171692652097865,523.949
1183,29,23,-38.01663142971046,15.249404774956043,525.629
1184,29,24,-43.442561027125265,24.701917010748254,526.983
1185,29,25,-47.94693418096527,35.84053999033356,527.852
1186,29,26,-51.19059443289891,48.77497850461343,528.11
1187,29,27,-52.83037258845724,63.1466903108445,527.678
1188,29,28,-52.648129481022956,78.00782273714741,526.527
1189,29,29,-50.66800641421749,92.16416160337505,524.69
1190,29,30,-47.141849538212114,104.76948745249786,522.256
1191,29,31,-42.41957968947036,115.57334407784062,519.365
1192,29,32,-36.83013877842003,124.74324186879792,516.199
1193,29,33,-30.63296812558948,132.60526771672448,512.961
1194,29,34,-24.018237272944777,139.49272119273863,509.866
1195,29,35,-17.123425975647244,145.69376797792316,507.114
1196,29,36,-10.050701057075573,151.4469046177166,504.879
1197,29,37,-2.8805185171145147,156.9531299190141,503.292
1198,29,38,4.3180050390338645,162.39168170601508,502.428
1199,29,39,11.478713466285878,167.93582821758446,502.307
1200,30,0,15.023098409638719,179.80382831561522,502.514
1201,30,1,21.99005187249722,-174.14336368248053,503.41
1202,30,2,28.712820949885888,-167.47483142974363,504.845
1203,30,3,35.06459976476885,-159.91557420734537,506.663
1204,30,4,40.87053376684649,-151.14011984095632,508.684
1205,30,5,45.88967437276826,-140.80654906072562,510.729
1206,30,6,49.807163522174925,-128.67588720797283,512.629
1207,30,7,52.26548179315133,-114.85195315808221,514.246
1208,30,8,52.9664504472914,-100.02161805474688,515.484
1209,30,9,51.81277002477372,-85.34883492499624,516.297
1210,30,10,48.96537685791671,-71.91655075230332,516.692
1211,30,11,44.75203806461094,-60.25356561239966,516.725
1212,30,12,39.526499387255136,-50.34939174981473,516.492
1213,30,13,33.58560426227263,-41.92106808761323,516.123
1214,30,14,27.151668516958168,-34.62419258218101,515.757
1215,30,15,20.38493521942942,-28.14534322043184,515.533
1216,30,16,13.40197179315641,-22.223173059058926,515.572
1217,30,17,6.291291086480153,-16.64117193156203,515.962
1218,30,18,-0.8748335740619761,-11.212618687732292,516.748
1219,30,19,-8.031175482721943,-5.764699723171448,517.926
1220,30,20,-15.111733774497974,-0.12295961341929508,519.441
1221,30,21,-22.041712008284613,5.904223412441884,521.192
1222,30,22,-28.727977139654147,12.54149175491351,523.039
1223,30,23,-35.04646902761705,20.060383413090634,524.819
1224,30,24,-40.82591897118797,28.782331785069108,526.357
1225,30,25,-45.82995461376026,39.045930692347625,527.487
1226,30,26,-49.74896006516266,51.09163523710919,528.064
1227,30,27,-52.22931594149611,64.82800284674566,527.983
1228,30,28,-52.971822391073616,79.59228319061779,527.191
1229,30,29,-51.87113740632606,94.24077816767988,525.69
1230,30,30,-49.07688994140092,107.68950260570502,523.54
1231,30,31,-44.9082752267804,119.3925263145233,520.857
1232,30,32,-39.71526874044136,129.34349721820658,517.804
1233,30,33,-33.79418457914648,137.8161146571756,514.576
1234,30,34,-27.36819917402591,145.15156024085087,511.383
1235,30,35,-20.598805517815446,151.66309376532584,508.435
1236,30,36,-13.603900359552313,157.61307645699907,505.923
1237,30,37,-6.473310932105939,163.21935036925888,503.998
1238,30,38,0.7193139019204882,168.67007355336085,502.767
1239,30,39,7.907316832312932,174.13953877654532,502.276
1240,31,0,18.53056788807493,-168.23154808788934,502.886
1241,31,1,25.388972569549004,-161.90199812366018,504.069
1242,31,2,31.94466838964999,-154.82581286050026,505.717
1243,31,3,38.04911239430845,-146.70169899374196,507.659
1244,31,4,43.496478540433344,-137.18768261202106,509.715
1245,31,5,48.00827952499574,-125.97088640983768,511.707
1246,31,6,51.24044798365084,-112.94771690805017,513.48
1247,31,7,52.84785787273247,-98.49591088851695,514.917
1248,31,8,52.616980403313114,-83.58821706264206,515.945
1249,31,9,50.582434389200984,-69.42948080001574,516.545
1250,31,10,47.006587886983766,-56.854832745550056,516.748
1251,31,11,42.2454645071484,-46.09603829325644,516.634
1252,31,12,36.62991519799569,-36.97240820373681,516.316
1253,31,13,30.419019280028,-29.151978207855613,515.93
1254,31,14,23.801795408336243,-22.30004854571471,515.619
1255,31,15,16.914449507801535,-16.12908874382408,515.513
1256,31,16,9.857810538498889,-10.401823153059356,515.719
1257,31,17,2.7110107242745465,-4.918652728418432,516.305
1258,31,18,-4.458244190619858,0.49823892789886404,517.29
1259,31,19,-11.585295153189342,6.020557328819657,518.647
1260,31,20,-18.60080101576288,11.829367694311518,520.295
1261,31,21,-25.422165581367974,18.13085497256203,522.113
1262,31,22,-31.942578351763967,25.171700836956315,523.949
1263,31,23,-38.01663142971046,33.24941210604085,525.629
1264,31,24,-43.442561027125265,42.70192604938035,526.983
1265,31,25,-47.94693418096527,53.84054732141837,527.852
1266,31,26,-51.19059443289891,66.77498925079281,528.11
1267,31,27,-52.83037258845724,81.1466976419293,527.678
1268,31,28,-52.648129481022956,96.00783006823221,526.527
1269,31,29,-50.66800641421749,110.16416893445985,524.69
1270,31,30,-47.141849538212114,122.76949478358266,522.256
1271,31,31,-42.41957968947036,133.57335140892542,519.365
1272,31,32,-36.83013877842003,142.7432491998827,516.199
1273,31,33,-30.63296812558948,150.6052750478093,512.961
1274,31,34,-24.018237272944777,157.49272852382344,509.866
1275,31,35,-17.123425975647244,163.69377530900798,507.114
1276,31,36,-10.050701057075573,169.44691194880141,504.879
1277,31,37,-2.8805185171145147,174.9531372500989,503.292
1278,31,38,4.3180050390338645,-179.60830732043445,502.428
1279,31,39,11.478713466285878,-174.0641744692434,502.307
1280,32,0,15.023098409638719,-162.1961607108343,502.514
1281,32,1,21.99005187249722,-156.1433563513957,503.41
1282,32,2,28.712820949885888,-149.47482409865881,504.845
1283,32,3,35.06459976476885,-141.91556687626058,506.663
1284,32,4,40.87053376684649,-133.1401125098715,508.684
1285,32,5,45.88967437276826,-122.8065417296408,510.729
1286,32,6,49.807163522174925,-110.67587987688803,512.629
1287,32,7,52.26548179315133,-96.85193899680824,514.246
1288,32,8,52.9664504472914,-82.02161072366208,515.484
1289,32,9,51.81277002477372,-67.34882759391144,516.297
1290,32,10,48.96537685791671,-53.91654000612393,516.692
1291,32,11,44.75203806461094,-42.25355486622028,516.725
1292,32,12,39.526499387255136,-32.349384418729926,516.492
1293,32,13,33.58560426227263,-23.921060756528423,516.123
1294,32,14,27.151668516958168,-16.62418525109621,515.757
1295,32,15,20.38493521942942,-10.145335889347038,515.533
1296,32,16,13.40197179315641,-4.223164874200475,515.572
1297,32,17,6.291291086480153,1.3588356129661834,515.962
1298,32,18,-0.8748335740619761,6.787388643352513,516.748
1299,32,19,-8.031175482721943,12.235308034800179,517.926
1300,32,20,-15.111733774497974,17.87704855809894,519.441
1301,32,21,-22.041712008284613,23.90423117041351,521.192
1302,32,22,-28.727977139654147,30.541498232224665,523.039
1303,32,23,-35.04646902761705,38.06039245172273,524.819
1304,32,24,-40.82591897118797,46.78233911615391,526.357
1305,32,25,-45.82995461376026,57.04593802343243,527.487
1306,32,26,-49.74896006516266,69.09163915309941,528.064
1307,32,27,-52.22931594149611,82.82801017783046,527.983
1308,32,28,-52.971822391073616,97.5922905217026,527.191
1309,32,29,-51.87113740632606,112.24078549876468,525.69
1310,32,30,-49.07688994140092,125.68950993678982,523.54
1311,32,31,-44.9082752267804,137.3925336456081,520.857
1312,32,32,-39.71526874044136,147.34350454929137,517.804
1313,32,33,-33.79418457914648,155.81612198826042,514.576
1314,32,34,-27.36819917402591,163.1515675719357,511.383
1315,32,35,-20.598805517815446,169.66310109641066,508.435
1316,32,36,-13.603900359552313,175.61308378808386,505.923
1317,32,37,-6.473310932105939,-178.78063865719065,503.998
1318,32,38,0.7193139019204882,-173.32991547308868,502.767
1319,32,39,7.907316832312932,-167.8604502499042,502.276
1320,33,0,18.53056788807493,-150.23154075680455,502.886
1321,33,1,25.388972569549004,-143.9019907925754,504.069
1322,33,2,31.94466838964999,-136.82580552941545,505.717
1323,33,3,38.04911239430845,-128.70169166265714,507.659
1324,33,4,43.496478540433344,-119.18767528093626,509.715
1325,33,5,48.00827952499574,-107.97088590894204,511.707
1326,33,6,51.24044798365084,-94.94770957696537,513.48
1327,33,7,52.84785787273247,-80.49590355743214,514.917
1328,33,8,52.616980403313114,-65.58820973155726,515.945
1329,33,9,50.582434389200984,-51.429473468930944,516.545
1330,33,10,47.006587886983766,-38.85482541446525,516.748
1331,33,11,42.2454645071484,-28.096030962171643,516.634
1332,33,12,36.62991519799569,-18.9724025801993,516.316
1333,33,13,30.419019280028,-11.151971730544455,515.93
1334,33,14,23.801795408336243,-4.300040787743084,515.619
1335,33,15,16.914449507801535,1.8709188007041342,515.513
1336,33,16,9.857810538498889,7.5981841780254475,515.719
1337,33,17,2.7110107242745465,13.081354175779548,516.305
1338,33,18,-4.458244190619858,18.49824572537514,517.29
1339,33,19,-11.585295153189342,24.020564659904462,518.647
1340,33,20,-18.60080101576288,29.829375879169966,520.295
1341,33,21,-25.422165581367974,36.13086401119413,522.113
1342,33,22,-31.942578351763967,43.17170646049382,523.949
1343,33,23,-38.01663142971046,51.24941943712565,525.629
1344,33,24,-43.442561027125265,60.70193338046515,526.983
1345,33,25,-47.94693418096527,71.84055123740859,527.852
1346,33,26,-51.19059443289891,84.77499658187762,528.11
1347,33,27,-52.83037258845724,99.1467049730141,527.678
1348,33,28,-52.648129481022956,114.00783739931701,526.527
1349,33,29,-50.66800641421749,128.1641694353555,524.69
1350,33,30,-47.141849538212114,140.76950211466746,522.256
1351,33,31,-42.41957968947036,151.57335874001024,519.365
1352,33,32,-36.83013877842003,160.74325653096753,516.199
1353,33,33,-30.63296812558948,168.6052823788941,512.961
1354,33,34,-24.018237272944777,175.49273585490823,509.866
1355,33,35,-17.123425975647244,-178.30621371744155,507.114
1356,33,36,-10.050701057075573,-172.5530770776481,504.879
1357,33,37,-2.8805185171145147,-167.04686543672898,503.292
1358,33,38,4.3180050390338645,-161.60829998934963,502.428
1359,33,39,11.478713466285878,-156.06416713815858,502.307
1360,34,0,15.023098409638719,-144.19618070050618,502.514
1361,34,1,21.99005187249722,-138.14337634106758,503.41
1362,34,2,28.712820949885888,-131.4748440883307,504.845
1363,34,3,35.06459976476885,-123.91558686593245,506.663
1364,34,4,40.87053376684649,-115.14013249954338,508.684
1365,34,5,45.88967437276826,-104.80656171931268,510.729
1366,34,6,49.807163522174925,-92.67589986655992,512.629
1367,34,7,52.26548179315133,-78.85195898648011,514.246
1368,34,8,52.9664504472914,-64.02163071333396,515.484
1369,34,9,51.81277002477372,-49.348847583583314,516.297
1370,34,10,48.96537685791671,-35.91655999579581,516.692
1371,34,11,44.75203806461094,-24.253574855892154,516.725
1372,34,12,39.526499387255136,-14.349406115949096,516.492
1373,34,13,33.58560426227263,-5.921080319313476,516.123
1374,34,14,27.151668516958168,1.3757943323450903,515.757
1375,34,15,20.38493521942942,7.854644120981086,515.533
1376,34,16,13.40197179315641,13.776815136127649,515.572
1377,34,17,6.291291086480153,19.358815409850894,515.962
1378,34,18,-0.8748335740619761,24.78736779990699,516.748
1379,34,19,-8.031175482721943,30.235287191354654,517.926
1380,34,20,-15.111733774497974,35.87702686087977,519.441
1381,34,21,-22.041712008284613,41.90421118074163,521.192
1382,34,22,-28.727977139654147,48.54147824255279,523.039
1383,34,23,-35.04646902761705,56.06037246205085,524.819
1384,34,24,-40.82591897118797,64.78232254157662,526.357
1385,34,25,-45.82995461376026,75.04591803376054,527.487
1386,34,26,-49.74896006516266,87.09161916342752,528.064
1387,34,27,-52.22931594149611,100.8279901881586,527.983
1388,34,28,-52.971822391073616,115.59227736221989,527.191
1389,34,29,-51.87113740632606,130.2407655090928,525.69
1390,34,30,-49.07688994140092,143.68948994711795,523.54
1391,34,31,-44.9082752267804,155.39251365593623,520.857
1392,34,32,-39.71526874044136,165.3434845596195,517.804
1393,34,33,-33.79418457914648,173.81610199858852,514.576
1394,34,34,-27.36819917402591,-178.84846243564886,511.383
1395,34,35,-20.598805517815446,-172.33691525079556,508.435
1396,34,36,-13.603900359552313,-166.3869462195007,505.923
1397,34,37,-6.473310932105939,-160.78065864686252,503.998
1398,34,38,0.7193139019204882,-155.32993546276055,502.767
1399,34,39,7.907316832312932,-149.86047023957607,502.276
1400,35,0,18.53056788807493,-132.23156074647642,502.886
1401,35,1,25.388972569549004,-125.90201078224726,504.069
1402,35,2,31.94466838964999,-118.82582551908733,505.717
1403,35,3,38.04911239430845,-110.70170482213986,507.659
1404,35,4,43.496478540433344,-101.18770210079731,509.715
1405,35,5,48.00827952499574,-89.9709058986139,511.707
1406,35,6,51.24044798365084,-76.94772956663724,513.48
1407,35,7,52.84785787273247,-62.49592354710402,514.917
1408,35,8,52.616980403313114,-47.58822972122913,515.945
1409,35,9,50.582434389200984,-33.42949345860282,516.545
1410,35,10,47.006587886983766,-20.85484711168442,516.748
1411,35,11,42.2454645071484,-10.096051805617163,516.634
1412,35,12,36.62991519799569,-0.9724218228192374,516.316
1413,35,13,30.419019280028,6.848008279783668,515.93
1414,35,14,23.801795408336243,13.699939649471862,515.619
1415,35,15,16.914449507801535,19.870898597588845,515.513
1416,35,16,9.857810538498889,25.59816418835357,515.719
1417,35,17,2.7110107242745465,31.081335893654963,516.305
1418,35,18,-4.458244190619858,36.498225735703265,517.29
1419,35,19,-11.585295153189342,42.02054296268529,518.647
1420,35,20,-18.60080101576288,47.82935588949809,520.295
1421,35,21,-25.422165581367974,54.13084402152225,522.113
1422,35,22,-31.942578351763967,61.171686470821946,523.949
1423,35,23,-38.01663142971046,69.24940286254837,525.629
1424,35,24,-43.442561027125265,78.70191339079328,526.983
1425,35,25,-47.94693418096527,89.8405312477367,527.852
1426,35,26,-51.19059443289891,102.77497659220575,528.11
1427,35,27,-52.83037258845724,117.14669181353139,527.678
1428,35,28,-52.648129481022956,132.00781740964513,526.527
1429,35,29,-50.66800641421749,146.16414944568362,524.69
1430,35,30,-47.141849538212114,158.7694821249956,522.256
1431,35,31,-42.41957968947036,169.57333875033834,519.365
1432,35,32,-36.83013877842003,178.74323654129566,516.199
1433,35,33,-30.63296812558948,-173.3947339683121,512.961
1434,35,34,-24.018237272944777,-166.50728049229795,509.866
1435,35,35,-17.123425975647244,-160.30623370711342,507.114
1436,35,36,-10.050701057075573,-154.55309706731998,504.879
1437,35,37,-2.8805185171145147,-149.04688542640085,503.292
1438,35,38,4.3180050390338645,-143.6083199790215,502.428
1439,35,39,11.478713466285878,-138.06418712783048,502.307
1440,36,0,15.023098409638719,-126.19617336942137,502.514
1441,36,1,21.99005187249722,-120.14336900998279,503.41
1442,36,2,28.712820949885888,-113.47482992705673,504.845
1443,36,3,35.06459976476885,-105.91557953484765,506.663
1444,36,4,40.87053376684649,-97.14012516845858,508.684
1445,36,5,45.88967437276826,-86.80655438822788,510.729
1446,36,6,49.807163522174925,-74.67589253547511,512.629
1447,36,7,52.26548179315133,-60.85195165539531,514.246
1448,36,8,52.9664504472914,-46.02162338224915,515.484
1449,36,9,51.81277002477372,-31.348840252498515,516.297
1450,36,10,48.96537685791671,-17.916552664711002,516.692
1451,36,11,44.75203806461094,-6.253567951694173,516.725
1452,36,12,39.526499387255136,3.650602068909354,516.492
1453,36,13,33.58560426227263,12.07892743865815,516.123
1454,36,14,27.151668516958168,19.375802090316718,515.757
1455,36,15,20.38493521942942,25.85465145206589,515.533
1456,36,16,13.40197179315641,31.776823320986097,515.572
1457,36,17,6.291291086480153,37.3588227409357,515.962
1458,36,18,-0.8748335740619761,42.78737513099179,516.748
1459,36,19,-8.031175482721943,48.23529452243946,517.926
1460,36,20,-15.111733774497974,53.877034191964576,519.441
1461,36,21,-22.041712008284613,59.90421509673185,521.192
1462,36,22,-28.727977139654147,66.54148557363759,523.039
1463,36,23,-35.04646902761705,74.06037637804107,524.819
1464,36,24,-40.82591897118797,82.78232987266142,526.357
1465,36,25,-45.82995461376026,93.04592536484536,527.487
1466,36,26,-49.74896006516266,105.09162649451233,528.064
1467,36,27,-52.22931594149611,118.8279975192434,527.983
1468,36,28,-52.971822391073616,133.5922846933047,527.191
1469,36,29,-51.87113740632606,148.2407728401776,525.69
1470,36,30,-49.07688994140092,161.68949727820274,523.54
1471,36,31,-44.9082752267804,173.39252098702102,520.857
1472,36,32,-39.71526874044136,-176.65651812720836,517.804
1473,36,33,-33.79418457914648,-168.183887027861,514.576
1474,36,34,-27.36819917402591,-160.84845510456407,511.383
1475,36,35,-20.598805517815446,-154.33690791971074,508.435
1476,36,36,-13.603900359552313,-148.38693888841587,505.923
1477,36,37,-6.473310932105939,-142.7806513157777,503.998
1478,36,38,0.7193139019204882,-137.32992813167576,502.767
1479,36,39,7.907316832312932,-131.8604629084913,502.276
1480,37,0,18.53056788807493,-114.23156024558078,502.886
1481,37,1,25.388972569549004,-107.90200345116246,504.069
1482,37,2,31.94466838964999,-100.8258250181917,505.717
1483,37,3,38.04911239430845,-92.70169749105506,507.659
1484,37,4,43.496478540433344,-83.18769476971251,509.715
1485,37,5,48.00827952499574,-71.9708985675291,511.707
1486,37,6,51.24044798365084,-58.94772223555243,513.48
1487,37,7,52.84785787273247,-44.49591621601922,514.917
1488,37,8,52.616980403313114,-29.588222390144328,515.945
1489,37,9,50.582434389200984,-15.429484419970722,516.545
1490,37,10,47.006587886983766,-2.8548395671562057,516.748
1491,37,11,42.2454645071484,7.903955525467639,516.634
1492,37,12,36.62991519799569,17.027584761213625,516.316
1493,37,13,30.419019280028,24.848014757094827,515.93
1494,37,14,23.801795408336243,31.69994612678302,515.619
1495,37,15,16.914449507801535,37.87090592867365,515.513
1496,37,16,9.857810538498889,43.598173226985665,515.719
1497,37,17,2.7110107242745465,49.08134322473977,516.305
1498,37,18,-4.458244190619858,54.49823306678807,517.29
1499,37,19,-11.585295153189342,60.02055370886468,518.647
1500,37,20,-18.60080101576288,65.82936322058289,520.295
1501,37,21,-25.422165581367974,72.13084793751247,522.113
1502,37,22,-31.942578351763967,79.17169380190676,523.949
1503,37,23,-38.01663142971046,87.24941019363317,525.629
1504,37,24,-43.442561027125265,96.70192072187808,526.983
1505,37,25,-47.94693418096527,107.84053857882151,527.852
1506,37,26,-51.19059443289891,120.77498392329055,528.11
1507,37,27,-52.83037258845724,135.1466991446162,527.678
1508,37,28,-52.648129481022956,150.00782474072994,526.527
1509,37,29,-50.66800641421749,164.1641567767684,524.69
1510,37,30,-47.141849538212114,176.76948945608038,522.256
1511,37,31,-42.41957968947036,-172.4266502761112,519.365
1512,37,32,-36.83013877842003,-163.25675248515387,516.199
1513,37,33,-30.63296812558948,-155.3947266372273,512.961
1514,37,34,-24.018237272944777,-148.50727316121316,509.866
1515,37,35,-17.123425975647244,-142.30622637602863,507.114
1516,37,36,-10.050701057075573,-136.5530897362352,504.879
1517,37,37,-2.8805185171145147,-131.04687809531603,503.292
1518,37,38,4.3180050390338645,-125.60831264793671,502.428
1519,37,39,11.478713466285878,-120.06417979674566,502.307
1520,38,0,15.023098409638719,-108.19616603833657,502.514
1521,38,1,21.99005187249722,-102.14336850908715,503.41
1522,38,2,28.712820949885888,-95.47482259597193,504.845
1523,38,3,35.06459976476885,-87.91557220376285,506.663
1524,38,4,40.87053376684649,-79.14011783737378,508.684
1525,38,5,45.88967437276826,-68.80654705714308,510.729
1526,38,6,49.807163522174925,-56.675888619484894,512.629
1527,38,7,52.26548179315133,-42.85194432431051,514.246
1528,38,8,52.9664504472914,-28.02161605116435,515.484
1529,38,9,51.81277002477372,-13.34883292141371,516.297
1530,38,10,48.96537685791671,0.0834543128581504,516.692
1531,38,11,44.75203806461094,11.746438952503807,516.725
1532,38,12,39.526499387255136,21.65060854622051,516.492
1533,38,13,33.58560426227263,30.07893391596931,516.123
1534,38,14,27.151668516958168,37.37580942140152,515.757
1535,38,15,20.38493521942942,43.85466049069799,515.533
1536,38,16,13.40197179315641,49.7768306520709,515.572
1537,38,17,6.291291086480153,55.3588300720205,515.962
1538,38,18,-0.8748335740619761,60.78738587717118,516.748
1539,38,19,-8.031175482721943,66.23530185352426,517.926
1540,38,20,-15.111733774497974,71.87704493814397,519.441
1541,38,21,-22.041712008284613,77.90422242781666,521.192
1542,38,22,-28.727977139654147,84.5414929047224,523.039
1543,38,23,-35.04646902761705,92.06038370912587,524.819
1544,38,24,-40.82591897118797,100.78233720374622,526.357
1545,38,25,-45.82995461376026,111.04593269593016,527.487
1546,38,26,-49.74896006516266,123.09163382559713,528.064
1547,38,27,-52.22931594149611,136.8280048503282,527.983
1548,38,28,-52.971822391073616,151.5922920243895,527.191
1549,38,29,-51.87113740632606,166.2407801712624,525.69
1550,38,30,-49.07688994140092,179.68950460928755,523.54
1551,38,31,-44.9082752267804,-168.60748169980684,520.857
1552,38,32,-39.71526874044136,-158.65651079612357,517.804
1553,38,33,-33.79418457914648,-150.1838796967762,514.576
1554,38,34,-27.36819917402591,-142.84844777347925,511.383
1555,38,35,-20.598805517815446,-136.33690058862595,508.435
1556,38,36,-13.603900359552313,-130.38693155733108,505.923
1557,38,37,-6.473310932105939,-124.7806439846929,503.998
1558,38,38,0.7193139019204882,-119.32992080059095,502.767
1559,38,39,7.907316832312932,-113.86046240759565,502.276
1560,39,0,18.53056788807493,-96.23155291449598,502.886
1561,39,1,25.388972569549004,-89.90199612007765,504.069
1562,39,2,31.94466838964999,-82.82581768710689,505.717
1563,39,3,38.04911239430845,-74.70169015997024,507.659
1564,39,4,43.496478540433344,-65.1876874386277,509.715
1565,39,5,48.00827952499574,-53.9708912364443,511.707
1566,39,6,51.24044798365084,-40.94771490446763,513.48
1567,39,7,52.84785787273247,-26.495908884934416,514.917
1568,39,8,52.616980403313114,-11.58821335151223,515.945
1569,39,9,50.582434389200984,2.5705224842272583,516.545
1570,39,10,47.006587886983766,15.145167550485187,516.748
1571,39,11,42.2454645071484,25.90396371032609,516.634
1572,39,12,36.62991519799569,35.02759379984572,516.316
1573,39,13,30.419019280028,42.848023795726924,515.93
1574,39,14,23.801795408336243,49.69995345786782,515.619
1575,39,15,16.914449507801535,55.87091325975845,515.513
1576,39,16,9.857810538498889,61.598177142975885,515.719
1577,39,17,2.7110107242745465,67.08135055582457,516.305
1578,39,18,-4.458244190619858,72.49824381296746,517.29
1579,39,19,-11.585295153189342,78.02056103994948,518.647
1580,39,20,-18.60080101576288,83.8293705516677,520.295
1581,39,21,-25.422165581367974,90.13085526859727,522.113
1582,39,22,-31.942578351763967,97.17170113299156,523.949
1583,39,23,-38.01663142971046,105.24941752471797,525.629
1584,39,24,-43.442561027125265,114.7019212227737,526.983
1585,39,25,-47.94693418096527,125.84055274009549,527.852
1586,39,26,-51.19059443289891,138.77499125437535,528.11
1587,39,27,-52.83037258845724,153.146706475701,527.678
1588,39,28,-52.648129481022956,168.00783207181473,526.527
1589,39,29,-50.66800641421749,-177.83583224968112,524.69
1590,39,30,-47.141849538212114,-165.23049957036915,522.256
1591,39,31,-42.41957968947036,-154.42664294502637,519.365
1592,39,32,-36.83013877842003,-145.25674515406908,516.199
1593,39,33,-30.63296812558948,-137.3947193061425,512.961
1594,39,34,-24.018237272944777,-130.50726583012835,509.866
1595,39,35,-17.123425975647244,-124.30621904494382,507.114
1596,39,36,-10.050701057075573,-118.55308240515038,504.879
1597,39,37,-2.8805185171145147,-113.04686393404207,503.292
1598,39,38,4.3180050390338645,-107.60831214704108,502.428
1599,39,39,11.478713466285878,-102.0641656354717,502.307
