0,0,0,12.794357310818429,-115.87579851466712,502.357
1,0,1,19.81737894279992,-109.96793759960538,503.053
2,0,2,26.628967800155433,-103.52045758916678,504.33
3,0,3,33.11382260573234,-96.2745762760779,506.043
4,0,4,39.11421209348024,-87.91952688329228,508.018
5,0,5,44.41172047412047,-78.11086297096622,510.072
6,0,6,48.7139883304198,-66.55690814078348,512.033
7,0,7,51.669605844675665,-53.22227859774881,513.751
8,0,8,52.94644823830702,-38.59765513183593,515.115
9,0,9,52.37099797054427,-23.74127993228993,516.064
10,0,10,50.0264433303836,-9.83089020165893,516.587
11,0,11,46.203839168926756,2.408881361763852,516.726
12,0,12,41.26144256851924,12.84385142286528,516.567
13,0,13,35.51835313699489,21.699855917683596,516.228
14,0,14,29.21977466555716,29.316876049892645,515.848
15,0,15,22.54350039339606,36.0226567392682,515.569
16,0,16,15.617990810873904,42.0949066472738,515.517
17,0,17,8.539146896579547,47.76278545075256,515.793
18,0,18,1.383262290428853,53.22067350329386,516.456
19,0,19,-5.7830861655303,58.64405885524284,517.518
20,0,20,-12.89497453502918,64.2052261982239,518.939
21,0,21,-19.88130268324207,70.08868967757036,520.633
22,0,22,-26.655907773789256,76.50701161044216,522.47
23,0,23,-33.10603960517311,83.71581865671624,524.293
24,0,24,-39.077260770070474,92.02193657428788,525.929
25,0,25,-44.35541922479206,101.76595274611977,527.206
26,0,26,-48.65333625059009,113.23889470255698,527.971
27,0,27,-51.624243143303026,126.48443467315259,528.108
28,0,28,-52.93700208668489,141.03321571852166,527.543
29,0,29,-52.412153275388185,155.85091497189245,526.261
30,0,30,-50.121898639129114,169.7661823113645,524.304
31,0,31,-46.347382424523744,-177.95945867365833,521.772
32,0,32,-41.441626373918766,-167.4785060715171,518.814
33,0,33,-35.722398208259854,-158.5768571300229,515.616
34,0,34,-29.435468624451577,-150.9193681269815,512.386
35,0,35,-22.759805654221193,-144.17911888795948,509.337
36,0,36,-15.825189721988119,-138.07765626087374,506.665
37,0,37,-8.728835763982786,-132.38451600274968,504.538
38,0,38,-1.5483954538271338,-126.90395855235312,503.077
39,0,39,5.6481587666844595,-121.45900004791065,502.347
40,1,0,16.326300210824442,-103.97502033880947,502.625
41,1,1,23.256013774780744,-97.82663431212573,503.627
42,1,2,29.92089358385897,-91.01553552084317,505.143
43,1,3,36.186588109537674,-83.25698020865312,507.009
44,1,4,41.86731791393981,-74.218099106355,509.046
45,1,5,46.70836475234809,-63.563536755890375,511.074
46,1,6,50.382808450329016,-51.096484671419894,512.93
47,1,7,52.53416435962671,-37.01546230116999,514.482
48,1,8,52.89129104566458,-22.119702523322402,515.643
49,1,9,51.404980410567276,-7.607603008890894,516.377
50,1,10,48.27745728018595,5.518145688946444,516.7
51,1,11,43.851047320627046,16.8428691252998,516.677
52,1,12,38.472901726645645,26.44858421172269,516.411
53,1,13,32.426015726122884,34.64172909287502,516.034
54,1,14,25.91987805109222,41.76505632168638,515.687
55,1,15,19.105314646353165,48.12265104264761,515.507
56,1,16,12.092629651906842,53.96661895311846,515.609
57,1,17,4.966544307331269,59.506752728550474,516.074
58,1,18,-2.2026105026031133,64.92601606133535,516.939
59,1,19,-9.3500406152218,70.39636237892275,518.188
60,1,20,-16.408740594106497,76.09422912795245,519.759
61,1,21,-23.301337202565655,82.21618232254824,521.543
62,1,22,-29.93000164111718,88.9946191492198,523.394
63,1,23,-36.16328350408959,96.71069751496154,525.145
64,1,24,-41.81915141991288,105.69317491509369,526.622
65,1,25,-46.64768876685628,116.27461326030416,527.661
66,1,26,-50.32714240859341,128.65469996116747,528.124
67,1,27,-52.50437790465628,142.64998979695537,527.915
68,1,28,-52.90594180143426,157.4861988629769,526.99
69,1,29,-51.47353843436128,171.9821279045484,525.362
70,1,30,-48.39817404357675,-174.86995920638648,523.102
71,1,31,-44.01449033237087,-163.50298080473283,520.335
72,1,32,-38.66659906131804,-153.85047550740077,517.232
73,1,33,-32.63733153375932,-145.61397770803907,513.992
74,1,34,-26.137175396894296,-138.45322104257605,510.826
75,1,35,-19.318197982404122,-132.06393424386596,507.942
76,1,36,-12.292045562461828,-126.1929085389981,505.525
77,1,37,-5.144751626739717,-120.62898179959235,503.719
78,1,38,2.0519664115902505,-115.1877798991934,502.619
79,1,39,9.231862120881301,-109.69584335363959,502.262
80,2,0,12.794357310818429,-97.87579801377149,502.357
81,2,1,19.81737894279992,-91.96793709870975,503.053
82,2,2,26.628967800155433,-85.52045708827116,504.33
83,2,3,33.11382260573234,-78.27457577518226,506.043
84,2,4,39.11421209348024,-69.91952638239665,508.018
85,2,5,44.41172047412047,-60.110862470070586,510.072
86,2,6,48.7139883304198,-48.55690763988785,512.033
87,2,7,51.669605844675665,-35.22227809685318,513.751
88,2,8,52.94644823830702,-20.59765633848759,515.115
89,2,9,52.37099797054427,-5.741280285167944,516.064
90,2,10,50.0264433303836,8.169110299236705,516.587
91,2,11,46.203839168926756,20.408881862659484,516.726
92,2,12,41.26144256851924,30.843853631308207,516.567
93,2,13,35.51835313699489,39.69985641857923,516.228
94,2,14,29.21977466555716,47.31687655078828,515.848
95,2,15,22.54350039339606,54.02265724016383,515.569
96,2,16,15.617990810873904,60.09490714816944,515.517
97,2,17,8.539146896579547,65.76278936674278,515.793
98,2,18,1.383262290428853,71.22067058909491,516.456
99,2,19,-5.7830861655303,76.64405935613847,517.518
100,2,20,-12.89497453502918,82.20522669911954,518.939
101,2,21,-19.88130268324207,88.088690178466,520.633
102,2,22,-26.655907773789256,94.5070121113378,522.47
103,2,23,-33.10603960517311,101.71581915761188,524.293
104,2,24,-39.077260770070474,110.0219370751835,525.929
105,2,25,-44.35541922479206,119.76594641682622,527.206
106,2,26,-48.65333625059009,131.23890203364178,527.971
107,2,27,-51.624243143303026,144.48442834385907,528.108
108,2,28,-52.93700208668489,159.03322304960645,527.543
109,2,29,-52.412153275388185,173.8509086425989,526.261
110,2,30,-50.121898639129114,-172.23382037546338,524.304
111,2,31,-46.347382424523744,-159.95945134257354,521.772
112,2,32,-41.441626373918766,-149.4784987404323,518.814
113,2,33,-35.722398208259854,-140.57686345931643,515.616
114,2,34,-29.435468624451577,-132.9193607958967,512.386
115,2,35,-22.759805654221193,-126.17911155687467,509.337
116,2,36,-15.825189721988119,-120.07764892978892,506.665
117,2,37,-8.728835763982786,-114.38452233204322,504.538
118,2,38,-1.5483954538271338,-108.90395805145748,503.077
119,2,39,5.6481587666844595,-103.45899954701501,502.347
120,3,0,16.326300210824442,-85.97501983791385,502.625
121,3,1,23.256013774780744,-79.82663381123011,503.627
122,3,2,29.92089358385897,-73.01553501994754,505.143
123,3,3,36.186588109537674,-65.25697970775748,507.009
124,3,4,41.86731791393981,-56.218098605459375,509.046
125,3,5,46.70836475234809,-45.563532839900155,511.074
126,3,6,50.382808450329016,-33.09648417052426,512.93
127,3,7,52.53416435962671,-19.01546009272706,514.482
128,3,8,52.89129104566458,-4.119702449313592,515.643
129,3,9,51.404980410567276,10.392397492004738,516.377
130,3,10,48.27745728018595,23.518146189842078,516.7
131,3,11,43.851047320627046,34.84286791864814,516.677
132,3,12,38.472901726645645,44.44858642016561,516.411
133,3,13,32.426015726122884,52.641729593770656,516.034
134,3,14,25.91987805109222,59.76505682258201,515.687
135,3,15,19.105314646353165,66.12265154354324,515.507
136,3,16,12.092629651906842,71.96662286910868,515.609
137,3,17,4.966544307331269,77.5067532294461,516.074
138,3,18,-2.2026105026031133,82.92601656223098,516.939
139,3,19,-9.3500406152218,88.39636287981838,518.188
140,3,20,-16.408740594106497,94.09422962884808,519.759
141,3,21,-23.301337202565655,100.21618282344387,521.543
142,3,22,-29.93000164111718,106.99461965011544,523.394
143,3,23,-36.16328350408959,114.71069118566801,525.145
144,3,24,-41.81915141991288,123.69316858580015,526.622
145,3,25,-46.64768876685628,134.27460693101062,527.661
146,3,26,-50.32714240859341,146.65470729225225,528.124
147,3,27,-52.50437790465628,160.64999712804018,527.915
148,3,28,-52.90594180143426,175.4862061940617,526.99
149,3,29,-51.47353843436128,-170.01787478227945,525.362
150,3,30,-48.39817404357675,-156.86996553568002,523.102
151,3,31,-44.01449033237087,-145.50297347364804,520.335
152,3,32,-38.66659906131804,-135.85046817631599,517.232
153,3,33,-32.63733153375932,-127.61397037695427,513.992
154,3,34,-26.137175396894296,-120.45321371149124,510.826
155,3,35,-19.318197982404122,-114.06393374297033,507.942
156,3,36,-12.292045562461828,-108.19290803810247,505.525
157,3,37,-5.144751626739717,-102.62898129869673,503.719
158,3,38,2.0519664115902505,-97.18777939829776,502.619
159,3,39,9.231862120881301,-91.69584285274395,502.262
160,4,0,12.794357310818429,-79.87579751287586,502.357
161,4,1,19.81737894279992,-73.96793659781412,503.053
162,4,2,26.628967800155433,-67.52045658737552,504.33
163,4,3,33.11382260573234,-60.274575274286626,506.043
164,4,4,39.11421209348024,-51.919522466406434,508.018
165,4,5,44.41172047412047,-42.11086538426954,510.072
166,4,6,48.7139883304198,-30.556907138992216,512.033
167,4,7,51.669605844675665,-17.222277595957546,513.751
168,4,8,52.94644823830702,-2.597655197261722,515.115
169,4,9,52.37099797054427,12.258720215727688,516.064
170,4,10,50.0264433303836,26.169111653905983,516.587
171,4,11,46.203839168926756,38.40888236355512,516.726
172,4,12,41.26144256851924,48.84385413220384,516.567
173,4,13,35.51835313699489,57.69986033456945,516.228
174,4,14,29.21977466555716,65.31687363658932,515.848
175,4,15,22.54350039339606,72.02265774105946,515.569
176,4,16,15.617990810873904,78.09490764906508,515.517
177,4,17,8.539146896579547,83.76278986763842,515.793
178,4,18,1.383262290428853,89.22067108999055,516.456
179,4,19,-5.7830861655303,94.64405985703411,517.518
180,4,20,-12.89497453502918,100.20522720001517,518.939
181,4,21,-19.88130268324207,106.08869067936162,520.633
182,4,22,-26.655907773789256,112.50701261223344,522.47
183,4,23,-33.10603960517311,119.71581282831833,524.293
184,4,24,-39.077260770070474,128.02193757607913,525.929
185,4,25,-44.35541922479206,137.76595374791103,527.206
186,4,26,-48.65333625059009,149.23889570434824,527.971
187,4,27,-51.624243143303026,162.48443567494385,528.108
188,4,28,-52.93700208668489,177.0332167203129,527.543
189,4,29,-52.412153275388185,-168.14909404422895,526.261
190,4,30,-50.121898639129114,-154.23381304437856,524.304
191,4,31,-46.347382424523744,-141.95945767186709,521.772
192,4,32,-41.441626373918766,-131.47850506972583,518.814
193,4,33,-35.722398208259854,-122.57685612823161,515.616
194,4,34,-29.435468624451577,-114.91936712519023,512.386
195,4,35,-22.759805654221193,-108.17911105597905,509.337
196,4,36,-15.825189721988119,-102.0776484288933,506.665
197,4,37,-8.728835763982786,-96.38452183114758,504.538
198,4,38,-1.5483954538271338,-90.90395755056184,503.077
199,4,39,5.6481587666844595,-85.45899904611937,502.347
200,5,0,16.326300210824442,-67.97501933701821,502.625
201,5,1,23.256013774780744,-61.82663331033447,503.627
202,5,2,29.92089358385897,-55.01553110395732,505.143
203,5,3,36.186588109537674,-47.25697579176727,507.009
204,5,4,41.86731791393981,-38.21809810456374,509.046
205,5,5,46.70836475234809,-27.56353233900452,511.074
206,5,6,50.382808450329016,-15.09648537717592,512.93
207,5,7,52.53416435962671,-1.0154603388833687,514.482
208,5,8,52.89129104566458,13.880297624695219,515.643
209,5,9,51.404980410567276,28.39239799290037,516.377
210,5,10,48.27745728018595,41.51814839828501,516.7
211,5,11,43.851047320627046,52.84286841954378,516.677
212,5,12,38.472901726645645,62.44858350596666,516.411
213,5,13,32.426015726122884,70.64173009466629,516.034
214,5,14,25.91987805109222,77.76505732347765,515.687
215,5,15,19.105314646353165,84.12265204443888,515.507
216,5,16,12.092629651906842,89.96662337000431,515.609
217,5,17,4.966544307331269,95.50675373034174,516.074
218,5,18,-2.2026105026031133,100.92601706312661,516.939
219,5,19,-9.3500406152218,106.39636338071402,518.188
220,5,20,-16.408740594106497,112.0942301297437,519.759
221,5,21,-23.301337202565655,118.21617649415033,521.543
222,5,22,-29.93000164111718,124.99462015101106,523.394
223,5,23,-36.16328350408959,132.7106985167528,525.145
224,5,24,-41.81915141991288,141.69317591688497,526.622
225,5,25,-46.64768876685628,152.27461426209544,527.661
226,5,26,-50.32714240859341,164.6547009629587,528.124
227,5,27,-52.50437790465628,178.64999079874664,527.915
228,5,28,-52.90594180143426,-166.51379649276615,526.99
229,5,29,-51.47353843436128,-152.01786745119466,525.362
230,5,30,-48.39817404357675,-138.8699582045952,523.102
231,5,31,-44.01449033237087,-127.50297980294157,520.335
232,5,32,-38.66659906131804,-117.85047450560951,517.232
233,5,33,-32.63733153375932,-109.61396987605865,513.992
234,5,34,-26.137175396894296,-102.45322004078479,510.826
235,5,35,-19.318197982404122,-96.0639332420747,507.942
236,5,36,-12.292045562461828,-90.19290753720684,505.525
237,5,37,-5.144751626739717,-84.62898079780109,503.719
238,5,38,2.0519664115902505,-79.18777889740213,502.619
239,5,39,9.231862120881301,-73.69584235184831,502.262
240,6,0,12.794357310818429,-61.875797011980225,502.357
241,6,1,19.81737894279992,-55.967932681823896,503.053
242,6,2,26.628967800155433,-49.52045608647989,504.33
243,6,3,33.11382260573234,-42.27457477339099,506.043
244,6,4,39.11421209348024,-33.919521965510796,508.018
245,6,5,44.41172047412047,-24.110864883373907,510.072
246,6,6,48.7139883304198,-12.556906638096581,512.033
247,6,7,51.669605844675665,0.777722851577234,513.751
248,6,8,52.94644823830702,15.402344663303676,515.115
249,6,9,52.37099797054427,30.25872157039697,516.064
250,6,10,50.0264433303836,44.16911215480162,516.587
251,6,11,46.203839168926756,56.40888286445075,516.726
252,6,12,41.26144256851924,66.84385121800489,516.567
253,6,13,35.51835313699489,75.69986083546507,516.228
254,6,14,29.21977466555716,83.31687413748496,515.848
255,6,15,22.54350039339606,90.0226582419551,515.569
256,6,16,15.617990810873904,96.0949081499607,515.517
257,6,17,8.539146896579547,101.76279036853404,515.793
258,6,18,1.383262290428853,107.22067159088617,516.456
259,6,19,-5.7830861655303,112.64406035792975,517.518
260,6,20,-12.89497453502918,118.20523453109998,518.939
261,6,21,-19.88130268324207,124.08869118025726,520.633
262,6,22,-26.655907773789256,130.5070062829399,522.47
263,6,23,-33.10603960517311,137.71582015940314,524.293
264,6,24,-39.077260770070474,146.0219312467856,525.929
265,6,25,-44.35541922479206,155.7659474186175,527.206
266,6,26,-48.65333625059009,167.23890303543305,527.971
267,6,27,-51.624243143303026,-179.515567011884,528.108
268,6,28,-52.93700208668489,-164.96678596651495,527.543
269,6,29,-52.412153275388185,-150.14908671314416,526.261
270,6,30,-50.121898639129114,-136.2338193736721,524.304
271,6,31,-46.347382424523744,-123.95945034078227,521.772
272,6,32,-41.441626373918766,-113.47849773864102,518.814
273,6,33,-35.722398208259854,-104.57685562733597,515.616
274,6,34,-29.435468624451577,-96.91935979410543,512.386
275,6,35,-22.759805654221193,-90.17911055508341,509.337
276,6,36,-15.825189721988119,-84.07764792799766,506.665
277,6,37,-8.728835763982786,-78.38452133025196,504.538
278,6,38,-1.5483954538271338,-72.90395704966622,503.077
279,6,39,5.6481587666844595,-67.45899854522375,502.347
280,7,0,16.326300210824442,-49.975025666311744,502.625
281,7,1,23.256013774780744,-43.826639639628006,503.627
282,7,2,29.92089358385897,-37.01553401815627,505.143
283,7,3,36.186588109537674,-29.25697870596622,507.009
284,7,4,41.86731791393981,-20.218099311215397,509.046
285,7,5,46.70836475234809,-9.563535253203474,511.074
286,7,6,50.382808450329016,2.9035125623987743,512.93
287,7,7,52.53416435962671,16.98453749396962,514.482
288,7,8,52.89129104566458,31.88029385672262,515.643
289,7,9,51.404980410567276,46.39239678624871,516.377
290,7,10,48.27745728018595,59.51814548408605,516.7
291,7,11,43.851047320627046,70.84286550534482,516.677
292,7,12,38.472901726645645,80.44858400686229,516.411
293,7,13,32.426015726122884,88.64172376537275,516.034
294,7,14,25.91987805109222,95.76505782437327,515.687
295,7,15,19.105314646353165,102.12264571514534,515.507
296,7,16,12.092629651906842,107.96661704071077,515.609
297,7,17,4.966544307331269,113.50675423123737,516.074
298,7,18,-2.2026105026031133,118.92601073383308,516.939
299,7,19,-9.3500406152218,124.39636388160964,518.188
300,7,20,-16.408740594106497,130.09423063063934,519.759
301,7,21,-23.301337202565655,136.21618382523513,521.543
302,7,22,-29.93000164111718,142.99461382171754,523.394
303,7,23,-36.16328350408959,150.71069218745927,525.145
304,7,24,-41.81915141991288,159.69316958759143,526.622
305,7,25,-46.64768876685628,170.2746079328019,527.661
306,7,26,-50.32714240859341,-177.34530172386914,528.124
307,7,27,-52.50437790465628,-163.35001188808124,527.915
308,7,28,-52.90594180143426,-148.5138028220597,526.99
309,7,29,-51.47353843436128,-134.0178737804882,525.362
310,7,30,-48.39817404357675,-120.86996453388875,523.102
311,7,31,-44.01449033237087,-109.50297930204593,520.335
312,7,32,-38.66659906131804,-99.85047400471387,517.232
313,7,33,-32.63733153375932,-91.61397620535217,513.992
314,7,34,-26.137175396894296,-84.45321953988915,510.826
315,7,35,-19.318197982404122,-78.06393274117906,507.942
316,7,36,-12.292045562461828,-72.1929070363112,505.525
317,7,37,-5.144751626739717,-66.62898712709463,503.719
318,7,38,2.0519664115902505,-61.18778522669567,502.619
319,7,39,9.231862120881301,-55.695848681141854,502.262
320,8,0,12.794357310818429,-43.875793095990005,502.357
321,8,1,19.81737894279992,-37.967932180928265,503.053
322,8,2,26.628967800155433,-31.520455585584255,504.33
323,8,3,33.11382260573234,-24.274572564948066,506.043
324,8,4,39.11421209348024,-15.919521464615164,508.018
325,8,5,44.41172047412047,-6.110863528704627,510.072
326,8,6,48.7139883304198,5.443094289685875,512.033
327,8,7,51.669605844675665,18.77772340583372,513.751
328,8,8,52.94644823830702,33.4023468717466,515.115
329,8,9,52.37099797054427,48.2587220712926,516.064
330,8,10,50.0264433303836,62.16911265569725,516.587
331,8,11,46.203839168926756,74.40888678044097,516.726
332,8,12,41.26144256851924,84.84385171890052,516.567
333,8,13,35.51835313699489,93.69986133636071,516.228
334,8,14,29.21977466555716,101.3168746383806,515.848
335,8,15,22.54350039339606,108.02265874285074,515.569
336,8,16,15.617990810873904,114.09490865085634,515.517
337,8,17,8.539146896579547,119.76279086942968,515.793
338,8,18,1.383262290428853,125.22067209178181,516.456
339,8,19,-5.7830861655303,130.64406085882538,517.518
340,8,20,-12.89497453502918,136.20522820180645,518.939
341,8,21,-19.88130268324207,142.08868485096372,520.633
342,8,22,-26.655907773789256,148.50701361402471,522.47
343,8,23,-33.10603960517311,155.7158138301096,524.293
344,8,24,-39.077260770070474,164.0219385778704,525.929
345,8,25,-44.35541922479206,173.7659547497023,527.206
346,8,26,-48.65333625059009,-174.7610996513948,527.971
347,8,27,-51.624243143303026,-161.5155596807992,528.108
348,8,28,-52.93700208668489,-146.96677863543016,527.543
349,8,29,-52.412153275388185,-132.14909304243767,526.261
350,8,30,-50.121898639129114,-118.2338120425873,524.304
351,8,31,-46.347382424523744,-105.95945667007581,521.772
352,8,32,-41.441626373918766,-95.4784972377454,518.814
353,8,33,-35.722398208259854,-86.57685512644035,515.616
354,8,34,-29.435468624451577,-78.9193592932098,512.386
355,8,35,-22.759805654221193,-72.17911005418777,509.337
356,8,36,-15.825189721988119,-66.07764742710202,506.665
357,8,37,-8.728835763982786,-60.38452082935632,504.538
358,8,38,-1.5483954538271338,-54.90395313367599,503.077
359,8,39,5.6481587666844595,-49.45899804432811,502.347
360,9,0,16.326300210824442,-31.975025165416113,502.625
361,9,1,23.256013774780744,-25.826639138732375,503.627
362,9,2,29.92089358385897,-19.01553522480793,505.143
363,9,3,36.186588109537674,-11.256979058844232,507.009
364,9,4,41.86731791393981,-2.218098810319763,509.046
365,9,5,46.70836475234809,8.43646524769216,511.074
366,9,6,50.382808450329016,20.903512209520763,512.93
367,9,7,52.53416435962671,34.98453628731796,514.482
368,9,8,52.89129104566458,49.880294357618254,515.643
369,9,9,51.404980410567276,64.39239387204977,516.377
370,9,10,48.27745728018595,77.51814598498169,516.7
371,9,11,43.851047320627046,88.84286600624046,516.677
372,9,12,38.472901726645645,98.44858450775793,516.411
373,9,13,32.426015726122884,106.64172426626838,516.034
374,9,14,25.91987805109222,113.76505832526891,515.687
375,9,15,19.105314646353165,120.12264621604098,515.507
376,9,16,12.092629651906842,125.96662437179558,515.609
377,9,17,4.966544307331269,131.506754732133,516.074
378,9,18,-2.2026105026031133,136.92601806491788,516.939
379,9,19,-9.3500406152218,142.39635755231612,518.188
380,9,20,-16.408740594106497,148.0942243013458,519.759
381,9,21,-23.301337202565655,154.2161774959416,521.543
382,9,22,-29.93000164111718,160.99462115280232,523.394
383,9,23,-36.16328350408959,168.7106995185441,525.145
384,9,24,-41.81915141991288,177.69317691867622,526.622
385,9,25,-46.64768876685628,-171.72539475402596,527.661
386,9,26,-50.32714240859341,-159.34529439278433,528.124
387,9,27,-52.50437790465628,-145.35000455699642,527.915
388,9,28,-52.90594180143426,-130.5137954909749,526.99
389,9,29,-51.47353843436128,-116.01788010978173,525.362
390,9,30,-48.39817404357675,-102.86996403299311,523.102
391,9,31,-44.01449033237087,-91.5029788011503,520.335
392,9,32,-38.66659906131804,-81.85047350381824,517.232
393,9,33,-32.63733153375932,-73.61397570445655,513.992
394,9,34,-26.137175396894296,-66.45321903899352,510.826
395,9,35,-19.318197982404122,-60.06393224028343,507.942
396,9,36,-12.292045562461828,-54.192909950510156,505.525
397,9,37,-5.144751626739717,-48.628983211104405,503.719
398,9,38,2.0519664115902505,-43.187784725800036,502.619
399,9,39,9.231862120881301,-37.69584818024622,502.262
400,10,0,12.794357310818429,-25.875794302641665,502.357
401,10,1,19.81737894279992,-19.96793168003263,503.053
402,10,2,26.628967800155433,-13.520455938462266,504.33
403,10,3,33.11382260573234,-6.274572917826077,506.043
404,10,4,39.11421209348024,2.0804788228370574,508.018
405,10,5,44.41172047412047,11.889136972191007,510.072
406,10,6,48.7139883304198,23.443094363694684,512.033
407,10,7,51.669605844675665,36.777723906729356,513.751
408,10,8,52.94644823830702,51.40234737264223,515.115
409,10,9,52.37099797054427,66.25872257218823,516.064
410,10,10,50.0264433303836,80.16911315659289,516.587
411,10,11,46.203839168926756,92.4088872813366,516.726
412,10,12,41.26144256851924,102.84385221979615,516.567
413,10,13,35.51835313699489,111.69986183725635,516.228
414,10,14,29.21977466555716,119.31687513927622,515.848
415,10,15,22.54350039339606,126.02265924374636,515.569
416,10,16,15.617990810873904,132.09491598194114,515.517
417,10,17,8.539146896579547,137.76278454013615,515.793
418,10,18,1.383262290428853,143.22067942286662,516.456
419,10,19,-5.7830861655303,148.64406818991017,517.518
420,10,20,-12.89497453502918,154.20523553289124,518.939
421,10,21,-19.88130268324207,160.08869218204853,520.633
422,10,22,-26.655907773789256,166.50700728473117,522.47
423,10,23,-33.10603960517311,173.7158211611944,524.293
424,10,24,-39.077260770070474,-177.97806410895745,525.929
425,10,25,-44.35541922479206,-168.23404793712558,527.206
426,10,26,-48.65333625059009,-156.76110598068834,527.971
427,10,27,-51.624243143303026,-143.51556601009275,528.108
428,10,28,-52.93700208668489,-128.96678496472367,527.543
429,10,29,-52.412153275388185,-114.14908571135288,526.261
430,10,30,-50.121898639129114,-100.23381837188084,524.304
431,10,31,-46.347382424523744,-87.95945616918017,521.772
432,10,32,-41.441626373918766,-77.47849673684976,518.814
433,10,33,-35.722398208259854,-68.57685462554471,515.616
434,10,34,-29.435468624451577,-60.91935879231417,512.386
435,10,35,-22.759805654221193,-54.17910955329214,509.337
436,10,36,-15.825189721988119,-48.07764692620639,506.665
437,10,37,-8.728835763982786,-42.3845169133661,504.538
438,10,38,-1.5483954538271338,-36.90395263278036,503.077
439,10,39,5.6481587666844595,-31.458997543432478,502.347
440,11,0,16.326300210824442,-13.975023810746833,502.625
441,11,1,23.256013774780744,-7.826638637836742,503.627
442,11,2,29.92089358385897,-1.0155342970254753,505.143
443,11,3,36.186588109537674,6.743021015164579,507.009
444,11,4,41.86731791393981,15.78190169057587,509.046
445,11,5,46.70836475234809,26.436465748587793,511.074
446,11,6,50.382808450329016,38.903514417963684,512.93
447,11,7,52.53416435962671,52.984536788213596,514.482
448,11,8,52.89129104566458,67.88029827360847,515.643
449,11,9,51.404980410567276,82.39239437294539,516.377
450,11,10,48.27745728018595,95.51814648587732,516.7
451,11,11,43.851047320627046,106.8428665071361,516.677
452,11,12,38.472901726645645,116.44857817846439,516.411
453,11,13,32.426015726122884,124.64173159735319,516.034
454,11,14,25.91987805109222,131.76505882616453,515.687
455,11,15,19.105314646353165,138.12265354712576,515.507
456,11,16,12.092629651906842,143.96661804250203,515.609
457,11,17,4.966544307331269,149.50674840283946,516.074
458,11,18,-2.2026105026031133,154.92601173562434,516.939
459,11,19,-9.3500406152218,160.3963648834009,518.188
460,11,20,-16.408740594106497,166.09423163243062,519.759
461,11,21,-23.301337202565655,172.2161848270264,521.543
462,11,22,-29.93000164111718,178.99461482350878,523.394
463,11,23,-36.16328350408959,-173.2893031682838,525.145
464,11,24,-41.81915141991288,-164.30682576815164,526.622
465,11,25,-46.64768876685628,-153.72538742294117,527.661
466,11,26,-50.32714240859341,-141.34530072207787,528.124
467,11,27,-52.50437790465628,-127.35001088628997,527.915
468,11,28,-52.90594180143426,-112.51379499007926,526.99
469,11,29,-51.47353843436128,-98.01787277869693,525.362
470,11,30,-48.39817404357675,-84.86996353209749,523.102
471,11,31,-44.01449033237087,-73.50297830025467,520.335
472,11,32,-38.66659906131804,-63.85047300292261,517.232
473,11,33,-32.63733153375932,-55.61397520356091,513.992
474,11,34,-26.137175396894296,-48.45322195319247,510.826
475,11,35,-19.318197982404122,-42.0639317393878,507.942
476,11,36,-12.292045562461828,-36.192909449614525,505.525
477,11,37,-5.144751626739717,-30.628982710208774,503.719
478,11,38,2.0519664115902505,-25.1877842249044,502.619
479,11,39,9.231862120881301,-19.69584767935059,502.262
480,12,0,12.794357310818429,-7.875792947972384,502.357
481,12,1,19.81737894279992,-1.9679316060238219,503.053
482,12,2,26.628967800155433,4.479544562433366,504.33
483,12,3,33.11382260573234,11.725427583069555,506.043
484,12,4,39.11421209348024,20.080479537176103,508.018
485,12,5,44.41172047412047,29.889136619312993,510.072
486,12,6,48.7139883304198,41.44309486459032,512.033
487,12,7,51.669605844675665,54.77772440762499,513.751
488,12,8,52.94644823830702,69.40234445844328,515.115
489,12,9,52.37099797054427,84.25872307308387,516.064
490,12,10,50.0264433303836,98.16911365748852,516.587
491,12,11,46.203839168926756,110.40888778223224,516.726
492,12,12,41.26144256851924,120.84385955088096,516.567
493,12,13,35.51835313699489,129.6998555079628,516.228
494,12,14,29.21977466555716,137.31688247036104,515.848
495,12,15,22.54350039339606,144.02265291445283,515.569
496,12,16,15.617990810873904,150.0949096526476,515.517
497,12,17,8.539146896579547,155.76279187122094,515.793
498,12,18,1.383262290428853,161.22067309357308,516.456
499,12,19,-5.7830861655303,166.64406186061663,517.518
500,12,20,-12.89497453502918,172.2052292035977,518.939
501,12,21,-19.88130268324207,178.088685852755,520.633
502,12,22,-26.655907773789256,-175.49298174171835,522.47
503,12,23,-33.10603960517311,-168.28418152563347,524.293
504,12,24,-39.077260770070474,-159.97805677787267,525.929
505,12,25,-44.35541922479206,-150.23404060604076,527.206
506,12,26,-48.65333625059009,-138.76109864960355,527.971
507,12,27,-51.624243143303026,-125.51555867900794,528.108
508,12,28,-52.93700208668489,-110.96677763363888,527.543
509,12,29,-52.412153275388185,-96.14908521045724,526.261
510,12,30,-50.121898639129114,-82.2338178709852,524.304
511,12,31,-46.347382424523744,-69.95945566828455,521.772
512,12,32,-41.441626373918766,-59.478496235954125,518.814
513,12,33,-35.722398208259854,-50.57685412464908,515.616
514,12,34,-29.435468624451577,-42.91935829141853,512.386
515,12,35,-22.759805654221193,-36.17910905239651,509.337
516,12,36,-15.825189721988119,-30.07764642531076,506.665
517,12,37,-8.728835763982786,-24.38451812001776,504.538
518,12,38,-1.5483954538271338,-18.903952131884726,503.077
519,12,39,5.6481587666844595,-13.4589961887632,502.347
520,13,0,16.326300210824442,4.024983520337971,502.625
521,13,1,23.256013774780744,10.173368693248062,503.627
522,13,2,29.92089358385897,16.984472607172506,505.143
523,13,3,36.186588109537674,24.74302791936256,507.009
524,13,4,41.86731791393981,33.78190731411338,509.046
525,13,5,46.70836475234809,44.436473079672595,511.074
526,13,6,50.382808450329016,56.903521749048494,512.93
527,13,7,52.53416435962671,70.98454411929839,514.482
528,13,8,52.89129104566458,85.88030560469328,515.643
529,13,9,51.404980410567276,100.39240170403019,516.377
530,13,10,48.27745728018595,113.51815381696213,516.7
531,13,11,43.851047320627046,124.84288066841006,516.677
532,13,12,38.472901726645645,134.4485855095492,516.411
533,13,13,32.426015726122884,142.641738928438,516.034
534,13,14,25.91987805109222,149.76506615724935,515.687
535,13,15,19.105314646353165,156.12266087821058,515.507
536,13,16,12.092629651906842,161.96662537358685,515.609
537,13,17,4.966544307331269,167.50675573392428,516.074
538,13,18,-2.2026105026031133,172.92601906670916,516.939
539,13,19,-9.3500406152218,178.39637221448572,518.188
540,13,20,-16.408740594106497,-175.90577105439726,519.759
541,13,21,-23.301337202565655,-169.78381785980147,521.543
542,13,22,-29.93000164111718,-163.00537420294071,523.394
543,13,23,-36.16328350408959,-155.28929583719898,525.145
544,13,24,-41.81915141991288,-146.30681843706682,526.622
545,13,25,-46.64768876685628,-135.72538009185635,527.661
546,13,26,-50.32714240859341,-123.34529339099306,528.124
547,13,27,-52.50437790465628,-109.34999672501598,527.915
548,13,28,-52.90594180143426,-94.51378765899446,526.99
549,13,29,-51.47353843436128,-80.01786544761212,525.362
550,13,30,-48.39817404357675,-66.86995620101267,523.102
551,13,31,-44.01449033237087,-55.50296755407528,520.335
552,13,32,-38.66659906131804,-45.85046225674322,517.232
553,13,33,-32.63733153375932,-37.61396787247611,513.992
554,13,34,-26.137175396894296,-30.453214622107666,510.826
555,13,35,-19.318197982404122,-24.063926115850286,507.942
556,13,36,-12.292045562461828,-18.19290211852972,505.525
557,13,37,-5.144751626739717,-12.628976232897617,503.719
558,13,38,2.0519664115902505,-7.187776040045953,502.619
559,13,39,9.231862120881301,-1.6958396012138455,502.262
560,14,0,12.794357310818429,10.124200722734079,502.357
561,14,1,19.81737894279992,16.032062491569466,503.053
562,14,2,26.628967800155433,22.479537379366185,504.33
563,14,3,33.11382260573234,29.725420400002374,506.043
564,14,4,39.11421209348024,38.08047320788256,508.018
565,14,5,44.41172047412047,47.88913029001946,510.072
566,14,6,48.7139883304198,59.44308853529678,512.033
567,14,7,51.669605844675665,72.77771466323686,513.751
568,14,8,52.94644823830702,87.40233812914975,515.115
569,14,9,52.37099797054427,102.25871674379033,516.064
570,14,10,50.0264433303836,116.1691004980058,516.587
571,14,11,46.203839168926756,128.4088814529387,516.726
572,14,12,41.26144256851924,138.8438532215874,516.567
573,14,13,35.51835313699489,147.69984917866927,516.228
574,14,14,29.21977466555716,155.3168761410675,515.848
575,14,15,22.54350039339606,162.0226465851593,515.569
576,14,16,15.617990810873904,168.09490332335406,515.517
577,14,17,8.539146896579547,173.7627855419274,515.793
578,14,18,1.383262290428853,179.22066676427954,516.456
579,14,19,-5.7830861655303,-175.35594082621122,517.518
580,14,20,-12.89497453502918,-169.79477348323016,518.939
581,14,21,-19.88130268324207,-163.9113168340729,520.633
582,14,22,-26.655907773789256,-157.4929880710119,522.47
583,14,23,-33.10603960517311,-150.284187854927,524.293
584,14,24,-39.077260770070474,-141.97806310716618,525.929
585,14,25,-44.35541922479206,-132.2340469353343,527.206
586,14,26,-48.65333625059009,-120.76110497889708,527.971
587,14,27,-51.624243143303026,-107.51557183849064,528.108
588,14,28,-52.93700208668489,-92.96678396293241,527.543
589,14,29,-52.412153275388185,-78.14909153975078,526.261
590,14,30,-50.121898639129114,-64.23382420027875,524.304
591,14,31,-46.347382424523744,-51.95945858248349,521.772
592,14,32,-41.441626373918766,-41.478502565247666,518.814
593,14,33,-35.722398208259854,-32.576860453942615,515.616
594,14,34,-29.435468624451577,-24.919366328259365,512.386
595,14,35,-22.759805654221193,-18.17911708923734,509.337
596,14,36,-15.825189721988119,-12.077654462151589,506.665
597,14,37,-8.728835763982786,-6.3845244493112965,504.538
598,14,38,-1.5483954538271338,-0.903959208230203,503.077
599,14,39,5.6481587666844595,4.540997908830087,502.347
600,15,0,16.326300210824442,22.02497804481808,502.625
601,15,1,23.256013774780744,28.173362363954524,503.627
602,15,2,29.92089358385897,34.984467985426264,505.143
603,15,3,36.186588109537674,42.74302329761632,507.009
604,15,4,41.86731791393981,51.78190098481984,509.046
605,15,5,46.70836475234809,62.43646675037906,511.074
606,15,6,50.382808450329016,74.90351541975495,512.93
607,15,7,52.53416435962671,88.98453779000486,514.482
608,15,8,52.89129104566458,103.88029927539974,515.643
609,15,9,51.404980410567276,118.39239537473667,516.377
610,15,10,48.27745728018595,131.51814748766859,516.7
611,15,11,43.851047320627046,142.84287433911652,516.677
612,15,12,38.472901726645645,152.44857918025565,516.411
613,15,13,32.426015726122884,160.64173259914446,516.034
614,15,14,25.91987805109222,167.7650598279558,515.687
615,15,15,19.105314646353165,174.12265454891704,515.507
616,15,16,12.092629651906842,179.9666190442933,515.609
617,15,17,4.966544307331269,-174.4932469529036,516.074
618,15,18,-2.2026105026031133,-169.07398362011872,516.939
619,15,19,-9.3500406152218,-163.6036441327205,518.188
620,15,20,-16.408740594106497,-157.90577738369078,519.759
621,15,21,-23.301337202565655,-151.783824189095,521.543
622,15,22,-29.93000164111718,-145.00538053223426,523.394
623,15,23,-36.16328350408959,-137.28930216649252,525.145
624,15,24,-41.81915141991288,-128.30682476636036,526.622
625,15,25,-46.64768876685628,-117.72538642114989,527.661
626,15,26,-50.32714240859341,-105.3452997202866,528.124
627,15,27,-52.50437790465628,-91.35000305430952,527.915
628,15,28,-52.90594180143426,-76.51379398828799,526.99
629,15,29,-51.47353843436128,-62.01787177690566,525.362
630,15,30,-48.39817404357675,-48.86996253030621,523.102
631,15,31,-44.01449033237087,-37.50297388336882,520.335
632,15,32,-38.66659906131804,-27.85047029358405,517.232
633,15,33,-32.63733153375932,-19.613972494222352,513.992
634,15,34,-26.137175396894296,-12.45321924385391,510.826
635,15,35,-19.318197982404122,-6.063931591370177,507.942
636,15,36,-12.292045562461828,-0.19290763407024855,505.525
637,15,37,-5.144751626739717,5.371017864695669,503.719
638,15,38,2.0519664115902505,10.812217630660511,502.619
639,15,39,9.231862120881301,16.304153322440676,502.262
640,16,0,12.794357310818429,28.124207200045237,502.357
641,16,1,19.81737894279992,34.032069822654265,503.053
642,16,2,26.628967800155433,40.47954641799828,504.33
643,16,3,33.11382260573234,47.72542773108718,506.043
644,16,4,39.11421209348024,56.08048053896737,508.018
645,16,5,44.41172047412047,65.88914103619885,510.072
646,16,6,48.7139883304198,77.44309586638158,512.033
647,16,7,51.669605844675665,90.77772199432167,513.751
648,16,8,52.94644823830702,105.40234546023456,515.115
649,16,9,52.37099797054427,120.25871724468597,516.064
650,16,10,50.0264433303836,134.16910782909062,516.587
651,16,11,46.203839168926756,146.4088887840235,516.726
652,16,12,41.26144256851924,156.84386055267223,516.567
653,16,13,35.51835313699489,165.69985650975408,516.228
654,16,14,29.21977466555716,173.31688347215228,515.848
655,16,15,22.54350039339606,-179.97734244129023,515.569
656,16,16,15.617990810873904,-173.90508570309547,515.517
657,16,17,8.539146896579547,-168.23720348452213,515.793
658,16,18,1.383262290428853,-162.77932226216998,516.456
659,16,19,-5.7830861655303,-157.3559334951264,517.518
660,16,20,-12.89497453502918,-151.79476615214537,518.939
661,16,21,-19.88130268324207,-145.91130950298808,520.633
662,16,22,-26.655907773789256,-139.4929807399271,522.47
663,16,23,-33.10603960517311,-132.2841805238422,524.293
664,16,24,-39.077260770070474,-123.97805577608139,525.929
665,16,25,-44.35541922479206,-114.23404643443867,527.206
666,16,26,-48.65333625059009,-102.76109764781228,527.971
667,16,27,-51.624243143303026,-89.51556450740584,528.108
668,16,28,-52.93700208668489,-74.96677663184761,527.543
669,16,29,-52.412153275388185,-60.14908420866598,526.261
670,16,30,-50.121898639129114,-46.233816869193944,524.304
671,16,31,-46.347382424523744,-33.95945125139869,521.772
672,16,32,-41.441626373918766,-23.478496941710155,518.814
673,16,33,-35.722398208259854,-14.576854830405106,515.616
674,16,34,-29.435468624451577,-6.919358143400913,512.386
675,16,35,-22.759805654221193,-0.17910899776038317,509.337
676,16,36,-15.825189721988119,5.922353295820037,506.665
677,16,37,-8.728835763982786,11.615482881773508,504.538
678,16,38,-1.5483954538271338,17.09604886990654,503.077
679,16,39,5.6481587666844595,22.541005666801713,502.347
680,17,0,16.326300210824442,40.02497000797725,502.625
681,17,1,23.256013774780744,46.17335603466099,503.627
682,17,2,29.92089358385897,52.98446165613272,505.143
683,17,3,36.186588109537674,60.74301696832278,507.009
684,17,4,41.86731791393981,69.7818980706209,509.046
685,17,5,46.70836475234809,80.43646042108553,511.074
686,17,6,50.382808450329016,92.90350909046141,512.93
687,17,7,52.53416435962671,106.98453146071132,514.482
688,17,8,52.89129104566458,121.88028611591703,515.643
689,17,9,51.404980410567276,136.39238904544314,516.377
690,17,10,48.27745728018595,149.51814115837504,516.7
691,17,11,43.851047320627046,160.84286800982298,516.677
692,17,12,38.472901726645645,170.44857285096214,516.411
693,17,13,32.426015726122884,178.64172626985092,516.034
694,17,14,25.91987805109222,-174.23494285887205,515.687
695,17,15,19.105314646353165,-167.87736179828917,515.507
696,17,16,12.092629651906842,-162.03338364253455,515.609
697,17,17,4.966544307331269,-156.49325328219712,516.074
698,17,18,-2.2026105026031133,-151.07398994941227,516.939
699,17,19,-9.3500406152218,-145.60365046201403,518.188
700,17,20,-16.408740594106497,-139.90578371298432,519.759
701,17,21,-23.301337202565655,-133.78383051838853,521.543
702,17,22,-29.93000164111718,-127.0053868615278,523.394
703,17,23,-36.16328350408959,-119.28930849578606,525.145
704,17,24,-41.81915141991288,-110.3068310956539,526.622
705,17,25,-46.64768876685628,-99.72539275044343,527.661
706,17,26,-50.32714240859341,-87.34530604958015,528.124
707,17,27,-52.50437790465628,-73.35000938360307,527.915
708,17,28,-52.90594180143426,-58.51380031758153,526.99
709,17,29,-51.47353843436128,-44.0178781061992,525.362
710,17,30,-48.39817404357675,-30.86996885959975,523.102
711,17,31,-44.01449033237087,-19.502980212662354,520.335
712,17,32,-38.66659906131804,-9.85047576910394,517.232
713,17,33,-32.63733153375932,-1.6139791436810078,513.992
714,17,34,-26.137175396894296,5.54677399996573,510.826
715,17,35,-19.318197982404122,11.936062079336287,507.942
716,17,36,-12.292045562461828,17.80708522288321,505.525
717,17,37,-5.144751626739717,23.371011962288954,503.719
718,17,38,2.0519664115902505,28.81221044759333,502.619
719,17,39,9.231862120881301,34.30414699314714,502.262
720,18,0,12.794357310818429,46.12420257829899,502.357
721,18,1,19.81737894279992,52.03206349336073,503.053
722,18,2,26.628967800155433,58.479540088704745,504.33
723,18,3,33.11382260573234,65.72542140179364,506.043
724,18,4,39.11421209348024,74.08047079457924,508.018
725,18,5,44.41172047412047,83.88913470690531,510.072
726,18,6,48.7139883304198,95.44308953708804,512.033
727,18,7,51.669605844675665,108.77771566502813,513.751
728,18,8,52.94644823830702,123.40233913094102,515.115
729,18,9,52.37099797054427,138.25871091539244,516.064
730,18,10,50.0264433303836,152.16910149979708,516.587
731,18,11,46.203839168926756,164.40888245472996,516.726
732,18,12,41.26144256851924,174.84385422337868,516.567
733,18,13,35.51835313699489,-176.3001461770738,516.228
734,18,14,29.21977466555716,-168.6831328750539,515.848
735,18,15,22.54350039339606,-161.97734877058377,515.569
736,18,16,15.617990810873904,-155.90509203238898,515.517
737,18,17,8.539146896579547,-150.23720981381564,515.793
738,18,18,1.383262290428853,-144.77932859146352,516.456
739,18,19,-5.7830861655303,-139.35593982441995,517.518
740,18,20,-12.89497453502918,-133.79477248143888,518.939
741,18,21,-19.88130268324207,-127.91131583228162,520.633
742,18,22,-26.655907773789256,-121.49298706922063,522.47
743,18,23,-33.10603960517311,-114.28418685313574,524.293
744,18,24,-39.077260770070474,-105.9780689355641,525.929
745,18,25,-44.35541922479206,-96.23405276373221,527.206
746,18,26,-48.65333625059009,-84.76110397710582,527.971
747,18,27,-51.624243143303026,-71.51557083669938,528.108
748,18,28,-52.93700208668489,-56.96678637623573,527.543
749,18,29,-52.412153275388185,-42.1490939530541,526.261
750,18,30,-50.121898639129114,-28.233823198487478,524.304
751,18,31,-46.347382424523744,-15.959457580692229,521.772
752,18,32,-41.441626373918766,-5.478502417230044,518.814
753,18,33,-35.722398208259854,3.4231394806315927,515.616
754,18,34,-29.435468624451577,11.08063552730555,512.386
755,18,35,-22.759805654221193,17.820883912553928,509.337
756,18,36,-15.825189721988119,23.922346539639676,506.665
757,18,37,-8.728835763982786,29.615478260027263,504.538
758,18,38,-1.5483954538271338,35.096042540613006,503.077
759,18,39,5.6481587666844595,40.540997629960884,502.347
760,19,0,16.326300210824442,58.024977339062055,502.625
761,19,1,23.256013774780744,64.17336336574579,503.627
762,19,2,29.92089358385897,70.98446898721753,505.143
763,19,3,36.186588109537674,78.74302429940758,507.009
764,19,4,41.86731791393981,87.7819054017057,509.046
765,19,5,46.70836475234809,98.43646775217033,511.074
766,19,6,50.382808450329016,110.90351642154621,512.93
767,19,7,52.53416435962671,124.98453879179613,514.482
768,19,8,52.89129104566458,139.88029344700183,515.643
769,19,9,51.404980410567276,154.39239637652793,516.377
770,19,10,48.27745728018595,167.51814848945986,516.7
771,19,11,43.851047320627046,178.8428753409078,516.677
772,19,12,38.472901726645645,-171.5514161754874,516.411
773,19,13,32.426015726122884,-163.35827641697693,516.034
774,19,14,25.91987805109222,-156.23493552778726,515.687
775,19,15,19.105314646353165,-149.87735446720436,515.507
776,19,16,12.092629651906842,-144.03337631144976,515.609
777,19,17,4.966544307331269,-138.49324595111233,516.074
778,19,18,-2.2026105026031133,-133.07398261832745,516.939
779,19,19,-9.3500406152218,-127.60364313092921,518.188
780,19,20,-16.408740594106497,-121.90577638189951,519.759
781,19,21,-23.301337202565655,-115.78382318730372,521.543
782,19,22,-29.93000164111718,-109.005379530443,523.394
783,19,23,-36.16328350408959,-101.28930799489042,525.145
784,19,24,-41.81915141991288,-92.3068237645691,526.622
785,19,25,-46.64768876685628,-81.72538541935863,527.661
786,19,26,-50.32714240859341,-69.34529871849534,528.124
787,19,27,-52.50437790465628,-55.350005467612846,527.915
788,19,28,-52.90594180143426,-40.51379640159131,526.99
789,19,29,-51.47353843436128,-26.017870775114393,525.362
790,19,30,-48.39817404357675,-12.869961528514946,523.102
791,19,31,-44.01449033237087,-1.5029729882992566,520.335
792,19,32,-38.66659906131804,8.149531561980863,517.232
793,19,33,-32.63733153375932,16.386028507568913,513.992
794,19,34,-26.137175396894296,23.546781757937357,510.826
795,19,35,-19.318197982404122,29.936070264194736,507.942
796,19,36,-12.292045562461828,35.80709255396801,505.525
797,19,37,-5.144751626739717,41.371019293373756,503.719
798,19,38,2.0519664115902505,46.81221777867813,502.619
799,19,39,9.231862120881301,52.304154324231945,502.262
800,20,0,12.794357310818429,64.12420649428921,502.357
801,20,1,19.81737894279992,70.03206740935094,503.053
802,20,2,26.628967800155433,76.47954741978954,504.33
803,20,3,33.11382260573234,83.72542873287844,506.043
804,20,4,39.11421209348024,92.08047812566404,508.018
805,20,5,44.41172047412047,101.88914203799011,510.072
806,20,6,48.7139883304198,113.44309686817286,512.033
807,20,7,51.669605844675665,126.77772299611294,513.751
808,20,8,52.94644823830702,141.4023464620258,515.115
809,20,9,52.37099797054427,156.25871824647723,516.064
810,20,10,50.0264433303836,170.16910883088187,516.587
811,20,11,46.203839168926756,-177.5911202320979,516.726
812,20,12,41.26144256851924,-167.15614846344917,516.567
813,20,13,35.51835313699489,-158.30013884598898,516.228
814,20,14,29.21977466555716,-150.6831255439691,515.848
815,20,15,22.54350039339606,-143.97734143949896,515.569
816,20,16,15.617990810873904,-137.9050847013042,515.517
817,20,17,8.539146896579547,-132.23720248273085,515.793
818,20,18,1.383262290428853,-126.77932126037872,516.456
819,20,19,-5.7830861655303,-121.35593249333516,517.518
820,20,20,-12.89497453502918,-115.7947651503541,518.939
821,20,21,-19.88130268324207,-109.91130850119681,520.633
822,20,22,-26.655907773789256,-103.492986568325,522.47
823,20,23,-33.10603960517311,-96.28417952205093,524.293
824,20,24,-39.077260770070474,-87.9780616044793,525.929
825,20,25,-44.35541922479206,-78.2340454326474,527.206
826,20,26,-48.65333625059009,-66.76109664602102,527.971
827,20,27,-51.624243143303026,-53.51556350561457,528.108
828,20,28,-52.93700208668489,-38.96677904515093,527.543
829,20,29,-52.412153275388185,-24.149086621969296,526.261
830,20,30,-50.121898639129114,-10.233815867402676,524.304
831,20,31,-46.347382424523744,2.0405491100623396,521.772
832,20,32,-41.441626373918766,12.52150491385476,518.814
833,20,33,-35.722398208259854,21.42314617138616,515.616
834,20,34,-29.435468624451577,29.080643712164,512.386
835,20,35,-22.759805654221193,35.820892951186025,509.337
836,20,36,-15.825189721988119,41.92235557827177,506.665
837,20,37,-8.728835763982786,47.61548559111207,504.538
838,20,38,-1.5483954538271338,53.09604987169781,503.077
839,20,39,5.6481587666844595,58.54100496104569,502.347
840,21,0,16.326300210824442,76.02497100976852,502.625
841,21,1,23.256013774780744,82.17335703645226,503.627
842,21,2,29.92089358385897,88.98446265792398,505.143
843,21,3,36.186588109537674,96.74301797011404,507.009
844,21,4,41.86731791393981,105.78189907241216,509.046
845,21,5,46.70836475234809,116.43646142287679,511.074
846,21,6,50.382808450329016,128.90351009225267,512.93
847,21,7,52.53416435962671,142.98453246250259,514.482
848,21,8,52.89129104566458,157.8802871177083,515.643
849,21,9,51.404980410567276,172.3923900472344,516.377
850,21,10,48.27745728018595,-174.48185419736802,516.7
851,21,11,43.851047320627046,-163.15714100629842,516.677
852,21,12,38.472901726645645,-153.55142250478093,516.411
853,21,13,32.426015726122884,-145.35828274627048,516.034
854,21,14,25.91987805109222,-138.2349418570808,515.687
855,21,15,19.105314646353165,-131.8773607964979,515.507
856,21,16,12.092629651906842,-126.03338264074328,515.609
857,21,17,4.966544307331269,-120.49325228040587,516.074
858,21,18,-2.2026105026031133,-115.07398894762099,516.939
859,21,19,-9.3500406152218,-109.60364263003359,518.188
860,21,20,-16.408740594106497,-103.90577588100389,519.759
861,21,21,-23.301337202565655,-97.7838226864081,521.543
862,21,22,-29.93000164111718,-91.00538585973653,523.394
863,21,23,-36.16328350408959,-83.28931432418396,525.145
864,21,24,-41.81915141991288,-74.30683009386264,526.622
865,21,25,-46.64768876685628,-63.725391748652164,527.661
866,21,26,-50.32714240859341,-51.34530504778888,528.124
867,21,27,-52.50437790465628,-37.35001179690638,527.915
868,21,28,-52.90594180143426,-22.513801023337553,526.99
869,21,29,-51.47353843436128,-8.017877104407928,525.362
870,21,30,-48.39817404357675,5.130032142191517,523.102
871,21,31,-44.01449033237087,16.497020789128914,520.335
872,21,32,-38.66659906131804,26.14952437891368,517.232
873,21,33,-32.63733153375932,34.386020470728084,513.992
874,21,34,-26.137175396894296,41.54677372109653,510.826
875,21,35,-19.318197982404122,47.9360639349012,507.942
876,21,36,-12.292045562461828,53.80708622467448,505.525
877,21,37,-5.144751626739717,59.37100954898564,503.719
878,21,38,2.0519664115902505,64.81221144938459,502.619
879,21,39,9.231862120881301,70.3041479949384,502.262
880,22,0,12.794357310818429,82.12420016499567,502.357
881,22,1,19.81737894279992,88.03206108005742,503.053
882,22,2,26.628967800155433,94.47954109049601,504.33
883,22,3,33.11382260573234,101.7254224035849,506.043
884,22,4,39.11421209348024,110.08047179637052,508.018
885,22,5,44.41172047412047,119.88913570869657,510.072
886,22,6,48.7139883304198,131.44309736906848,512.033
887,22,7,51.669605844675665,144.7777166668194,513.751
888,22,8,52.94644823830702,159.4023401327323,515.115
889,22,9,52.37099797054427,174.2587119171837,516.064
890,22,10,50.0264433303836,-171.830893855946,516.587
891,22,11,46.203839168926756,-159.59112656139143,516.726
892,22,12,41.26144256851924,-149.1561547927427,516.567
893,22,13,35.51835313699489,-140.30014517528252,516.228
894,22,14,29.21977466555716,-132.68313187326265,515.848
895,22,15,22.54350039339606,-125.9773477687925,515.569
896,22,16,15.617990810873904,-119.90509103059773,515.517
897,22,17,8.539146896579547,-114.23721564221356,515.793
898,22,18,1.383262290428853,-108.77932758967225,516.456
899,22,19,-5.7830861655303,-103.35593882262869,517.518
900,22,20,-12.89497453502918,-97.79477147964762,518.939
901,22,21,-19.88130268324207,-91.91131483049034,520.633
902,22,22,-26.655907773789256,-85.49299289761854,522.47
903,22,23,-33.10603960517311,-78.28418585134446,524.293
904,22,24,-39.077260770070474,-69.97806793377283,525.929
905,22,25,-44.35541922479206,-60.23405176194094,527.206
906,22,26,-48.65333625059009,-48.76110297531455,527.971
907,22,27,-51.624243143303026,-35.51556983490811,528.108
908,22,28,-52.93700208668489,-20.966785374444466,527.543
909,22,29,-52.412153275388185,-6.1490925243760115,526.261
910,22,30,-50.121898639129114,7.766177803303789,524.304
911,22,31,-46.347382424523744,20.040543421099038,521.772
912,22,32,-41.441626373918766,30.521499438334867,518.814
913,22,33,-35.722398208259854,39.423141549639915,515.616
914,22,34,-29.435468624451577,47.080637382870464,512.386
915,22,35,-22.759805654221193,53.820886621892484,509.337
916,22,36,-15.825189721988119,59.922349248978236,506.665
917,22,37,-8.728835763982786,65.61547584672394,504.538
918,22,38,-1.5483954538271338,71.09604012730969,503.077
919,22,39,5.6481587666844595,76.54099863175215,502.347
920,23,0,16.326300210824442,94.02497834085332,502.625
921,23,1,23.256013774780744,100.17336436753706,503.627
922,23,2,29.92089358385897,106.9844699890088,505.143
923,23,3,36.186588109537674,114.74302530119886,507.009
924,23,4,41.86731791393981,123.78190640349696,509.046
925,23,5,46.70836475234809,134.4364687539616,511.074
926,23,6,50.382808450329016,146.9035174233375,512.93
927,23,7,52.53416435962671,160.9845397935874,514.482
928,23,8,52.89129104566458,175.8802944487931,515.643
929,23,9,51.404980410567276,-169.60759897921514,516.377
930,23,10,48.27745728018595,-156.4818468662832,516.7
931,23,11,43.851047320627046,-145.1571336752136,516.677
932,23,12,38.472901726645645,-135.55141517369614,516.411
933,23,13,32.426015726122884,-127.35827541518567,516.034
934,23,14,25.91987805109222,-120.23493452599598,515.687
935,23,15,19.105314646353165,-113.87734663522392,515.507
936,23,16,12.092629651906842,-108.03337530965848,515.609
937,23,17,4.966544307331269,-102.49324494932107,516.074
938,23,18,-2.2026105026031133,-97.07398161653619,516.939
939,23,19,-9.3500406152218,-91.60363529894877,518.188
940,23,20,-16.408740594106497,-85.90576854991909,519.759
941,23,21,-23.301337202565655,-79.7838153553233,521.543
942,23,22,-29.93000164111718,-73.00537852865173,523.394
943,23,23,-36.16328350408959,-65.28930699309916,525.145
944,23,24,-41.81915141991288,-56.306822762777834,526.622
945,23,25,-46.64768876685628,-45.725387832661944,527.661
946,23,26,-50.32714240859341,-33.345297716704074,528.124
947,23,27,-52.50437790465628,-19.350002758274286,527.915
948,23,28,-52.90594180143426,-4.5137945460263955,526.99
949,23,29,-51.47353843436128,9.982130226676874,525.362
950,23,30,-48.39817404357675,23.13003947327632,523.102
951,23,31,-44.01449033237087,34.49702812021371,520.335
952,23,32,-38.66659906131804,44.149533417545776,517.232
953,23,33,-32.63733153375932,52.38602780181289,513.992
954,23,34,-26.137175396894296,59.54678446727591,510.826
955,23,35,-19.318197982404122,65.936071265986,507.942
956,23,36,-12.292045562461828,71.80709697085386,505.525
957,23,37,-5.144751626739717,77.37101688007044,503.719
958,23,38,2.0519664115902505,82.8122187804694,502.619
959,23,39,9.231862120881301,88.3041553260232,502.262
960,24,0,12.794357310818429,100.12420749608047,502.357
961,24,1,19.81737894279992,106.03206841114222,503.053
962,24,2,26.628967800155433,112.47954842158082,504.33
963,24,3,33.11382260573234,119.7254297346697,506.043
964,24,4,39.11421209348024,128.0804859576445,508.018
965,24,5,44.41172047412047,137.88914303978137,510.072
966,24,6,48.7139883304198,149.4431047001533,512.033
967,24,7,51.669605844675665,162.7777239979042,513.751
968,24,8,52.94644823830702,177.40234746381708,515.115
969,24,9,52.37099797054427,-167.74127710926584,516.064
970,24,10,50.0264433303836,-153.83088652486117,516.587
971,24,11,46.203839168926756,-141.59111923030662,516.726
972,24,12,41.26144256851924,-131.15614746165792,516.567
973,24,13,35.51835313699489,-122.30013784419772,516.228
974,24,14,29.21977466555716,-114.68312454217784,515.848
975,24,15,22.54350039339606,-107.9773404377077,515.569
976,24,16,15.617990810873904,-101.90508369951293,515.517
977,24,17,8.539146896579547,-96.23720831112875,515.793
978,24,18,1.383262290428853,-90.77932025858745,516.456
979,24,19,-5.7830861655303,-85.35593149154388,517.518
980,24,20,-12.89497453502918,-79.79476414856282,518.939
981,24,21,-19.88130268324207,-73.91130749940554,520.633
982,24,22,-26.655907773789256,-67.49298556653373,522.47
983,24,23,-33.10603960517311,-60.28417852025966,524.293
984,24,24,-39.077260770070474,-51.97805718759344,525.929
985,24,25,-44.35541922479206,-42.23404101576155,527.206
986,24,26,-48.65333625059009,-30.761095644229748,527.971
987,24,27,-51.624243143303026,-17.515562503823308,528.108
988,24,28,-52.93700208668489,-2.9667776164728403,527.543
989,24,29,-52.412153275388185,11.850914379821969,526.261
990,24,30,-50.121898639129114,25.766185134388593,524.304
991,24,31,-46.347382424523744,38.04055075218384,521.772
992,24,32,-41.441626373918766,48.52150676941967,518.814
993,24,33,-35.722398208259854,57.42314888072472,515.616
994,24,34,-29.435468624451577,65.08064471395527,512.386
995,24,35,-22.759805654221193,71.82089395297729,509.337
996,24,36,-15.825189721988119,77.92235658006304,506.665
997,24,37,-8.728835763982786,83.61548317780874,504.538
998,24,38,-1.5483954538271338,89.0960474583945,503.077
999,24,39,5.6481587666844595,94.54100596283695,502.347
1000,25,0,16.326300210824442,112.02497201155978,502.625
1001,25,1,23.256013774780744,118.1733648684327,503.627
1002,25,2,29.92089358385897,124.98445682952608,505.143
1003,25,3,36.186588109537674,132.74301897190531,507.009
1004,25,4,41.86731791393981,141.78190007420343,509.046
1005,25,5,46.70836475234809,152.43646242466806,511.074
1006,25,6,50.382808450329016,164.90351109404395,512.93
1007,25,7,52.53416435962671,178.98453346429386,514.482
1008,25,8,52.89129104566458,-166.11970823803478,515.643
1009,25,9,51.404980410567276,-151.60760530850868,516.377
1010,25,10,48.27745728018595,-138.48185319557675,516.7
1011,25,11,43.851047320627046,-127.15714000450714,516.677
1012,25,12,38.472901726645645,-117.55142150298967,516.411
1013,25,13,32.426015726122884,-109.35827491429005,516.034
1014,25,14,25.91987805109222,-102.23494768547869,515.687
1015,25,15,19.105314646353165,-95.87735296451746,515.507
1016,25,16,12.092629651906842,-90.03338163895202,515.609
1017,25,17,4.966544307331269,-84.4932512786146,516.074
1018,25,18,-2.2026105026031133,-79.07398794582971,516.939
1019,25,19,-9.3500406152218,-73.60364162824231,518.188
1020,25,20,-16.408740594106497,-67.90577487921261,519.759
1021,25,21,-23.301337202565655,-61.78382168461683,521.543
1022,25,22,-29.93000164111718,-55.005384857945266,523.394
1023,25,23,-36.16328350408959,-47.289309907298104,525.145
1024,25,24,-41.81915141991288,-38.306829092071375,526.622
1025,25,25,-46.64768876685628,-27.725394161955485,527.661
1026,25,26,-50.32714240859341,-15.345304045997608,528.124
1027,25,27,-52.50437790465628,-1.3500090875678228,527.915
1028,25,28,-52.90594180143426,13.486199124680068,526.99
1029,25,29,-51.47353843436128,27.98212389738334,525.362
1030,25,30,-48.39817404357675,41.130033143982786,523.102
1031,25,31,-44.01449033237087,52.49702179092018,520.335
1032,25,32,-38.66659906131804,62.14952367315765,517.232
1033,25,33,-32.63733153375932,70.38602147251935,513.992
1034,25,34,-26.137175396894296,77.54677813798237,510.826
1035,25,35,-19.318197982404122,83.93606493669246,507.942
1036,25,36,-12.292045562461828,89.80709064156032,505.525
1037,25,37,-5.144751626739717,95.3710105507769,503.719
1038,25,38,2.0519664115902505,100.81221245117587,502.619
1039,25,39,9.231862120881301,106.30414899672968,502.262
1040,26,0,12.794357310818429,118.12421482716528,502.357
1041,26,1,19.81737894279992,124.03208257241619,503.053
1042,26,2,26.628967800155433,130.47954892247645,504.33
1043,26,3,33.11382260573234,137.7254370657545,506.043
1044,26,4,39.11421209348024,146.0804932887293,508.018
1045,26,5,44.41172047412047,155.8891503708662,510.072
1046,26,6,48.7139883304198,167.4431120312381,512.033
1047,26,7,51.669605844675665,-179.2222650285453,513.751
1048,26,8,52.94644823830702,-164.59764156263245,515.115
1049,26,9,52.37099797054427,-149.74126977818102,516.064
1050,26,10,50.0264433303836,-135.83087919377638,516.587
1051,26,11,46.203839168926756,-123.59111189922183,516.726
1052,26,12,41.26144256851924,-113.15613330038394,516.567
1053,26,13,35.51835313699489,-104.30013051311292,516.228
1054,26,14,29.21977466555716,-96.68311038090387,515.848
1055,26,15,22.54350039339606,-89.9773331066229,515.569
1056,26,16,15.617990810873904,-83.90507636842811,515.517
1057,26,17,8.539146896579547,-78.23720098004395,515.793
1058,26,18,1.383262290428853,-72.77931292750264,516.456
1059,26,19,-5.7830861655303,-67.35592416045908,517.518
1060,26,20,-12.89497453502918,-61.794756817478024,518.939
1061,26,21,-19.88130268324207,-55.911296753226154,520.633
1062,26,22,-26.655907773789256,-49.49297482035434,522.47
1063,26,23,-33.10603960517311,-42.284171189174856,524.293
1064,26,24,-39.077260770070474,-33.97804985650864,525.929
1065,26,25,-44.35541922479206,-24.234033684676746,527.206
1066,26,26,-48.65333625059009,-12.761088313144944,527.971
1067,26,27,-51.624243143303026,0.48444498734405306,528.108
1068,26,28,-52.93700208668489,15.03322928772514,527.543
1069,26,29,-52.412153275388185,29.85092171090677,526.261
1070,26,30,-50.121898639129114,43.766192465473395,524.304
1071,26,31,-46.347382424523744,56.04055808326864,521.772
1072,26,32,-41.441626373918766,66.52151410050448,518.814
1073,26,33,-35.722398208259854,75.42315621180953,515.616
1074,26,34,-29.435468624451577,83.08065204504007,512.386
1075,26,35,-22.759805654221193,89.82090128406209,509.337
1076,26,36,-15.825189721988119,95.92236391114784,506.665
1077,26,37,-8.728835763982786,101.61549050889356,504.538
1078,26,38,-1.5483954538271338,107.0960547894793,503.077
1079,26,39,5.6481587666844595,112.54101329392176,502.347
1080,27,0,16.326300210824442,130.0249725124554,502.625
1081,27,1,23.256013774780744,136.17335853913914,503.627
1082,27,2,29.92089358385897,142.98445050023255,505.143
1083,27,3,36.186588109537674,150.74301264261177,507.009
1084,27,4,41.86731791393981,159.7818937449099,509.046
1085,27,5,46.70836475234809,170.43645609537452,511.074
1086,27,6,50.382808450329016,-177.0964915927839,512.93
1087,27,7,52.53416435962671,-163.015469222534,514.482
1088,27,8,52.89129104566458,-148.1197145673283,515.643
1089,27,9,51.404980410567276,-133.6076116378022,516.377
1090,27,10,48.27745728018595,-120.48185952487029,516.7
1091,27,11,43.851047320627046,-109.1571395036115,516.677
1092,27,12,38.472901726645645,-99.55142783228321,516.411
1093,27,13,32.426015726122884,-91.35828124358358,516.034
1094,27,14,25.91987805109222,-84.23495401477223,515.687
1095,27,15,19.105314646353165,-77.877359293811,515.507
1096,27,16,12.092629651906842,-72.03338796824555,515.609
1097,27,17,4.966544307331269,-66.49325760790813,516.074
1098,27,18,-2.2026105026031133,-61.073994275123255,516.939
1099,27,19,-9.3500406152218,-55.60365137263044,518.188
1100,27,20,-16.408740594106497,-49.905784623600745,519.759
1101,27,21,-23.301337202565655,-43.783828013910366,521.543
1102,27,22,-29.93000164111718,-37.00539118723881,523.394
1103,27,23,-36.16328350408959,-29.289316236591645,525.145
1104,27,24,-41.81915141991288,-20.306837128912203,526.622
1105,27,25,-46.64768876685628,-9.72540049124902,527.661
1106,27,26,-50.32714240859341,2.654690478482502,528.124
1107,27,27,-52.50437790465628,16.64998458313864,527.915
1108,27,28,-52.90594180143426,31.486191941612883,526.99
1109,27,29,-51.47353843436128,45.982117568089805,525.362
1110,27,30,-48.39817404357675,59.130026814689245,523.102
1111,27,31,-44.01449033237087,70.49701204653206,520.335
1112,27,32,-38.66659906131804,80.14951734386412,517.232
1113,27,33,-32.63733153375932,88.38601514322582,513.992
1114,27,34,-26.137175396894296,95.54677180868885,510.826
1115,27,35,-19.318197982404122,101.93605860739893,507.942
1116,27,36,-12.292045562461828,107.8070843122668,505.525
1117,27,37,-5.144751626739717,113.37100422148336,503.719
1118,27,38,2.0519664115902505,118.81220612188233,502.619
1119,27,39,9.231862120881301,124.30414266743614,502.262
1120,28,0,12.794357310818429,136.1241948374934,502.357
1121,28,1,19.81737894279992,142.03206258274432,503.053
1122,28,2,26.628967800155433,148.47952893280456,504.33
1123,28,3,33.11382260573234,155.72541707608264,506.043
1124,28,4,39.11421209348024,164.08047329905742,508.018
1125,28,5,44.41172047412047,173.8891303811943,510.072
1126,28,6,48.7139883304198,-174.55691797634645,512.033
1127,28,7,51.669605844675665,-161.2222850182172,513.751
1128,28,8,52.94644823830702,-146.59766155230432,515.115
1129,28,9,52.37099797054427,-131.7412897678529,516.064
1130,28,10,50.0264433303836,-117.83089918344825,516.587
1131,28,11,46.203839168926756,-105.59112505870453,516.726
1132,28,12,41.26144256851924,-95.15615329005581,516.567
1133,28,13,35.51835313699489,-86.30015050278479,516.228
1134,28,14,29.21977466555716,-78.68313037057574,515.848
1135,28,15,22.54350039339606,-71.97735309629478,515.569
1136,28,16,15.617990810873904,-65.9050963581,515.517
1137,28,17,8.539146896579547,-60.23722096971582,515.793
1138,28,18,1.383262290428853,-54.77933291717453,516.456
1139,28,19,-5.7830861655303,-49.35594756522555,517.518
1140,28,20,-12.89497453502918,-43.7947768071499,518.939
1141,28,21,-19.88130268324207,-37.91131674289803,520.633
1142,28,22,-26.655907773789256,-31.492994810026218,522.47
1143,28,23,-33.10603960517311,-24.28418947129944,524.293
1144,28,24,-39.077260770070474,-15.978069846180514,525.929
1145,28,25,-44.35541922479206,-6.234054101235446,527.206
1146,28,26,-48.65333625059009,5.2388912702963575,527.971
1147,28,27,-51.624243143303026,18.484424837589618,528.108
1148,28,28,-52.93700208668489,33.033209298053265,527.543
1149,28,29,-52.412153275388185,47.8509017212349,526.261
1150,28,30,-50.121898639129114,61.76617247580152,524.304
1151,28,31,-46.347382424523744,74.04053467850218,521.772
1152,28,32,-41.441626373918766,84.5214941108326,518.814
1153,28,33,-35.722398208259854,93.42313622213764,515.616
1154,28,34,-29.435468624451577,101.0806320553682,512.386
1155,28,35,-22.759805654221193,107.82088129439022,509.337
1156,28,36,-15.825189721988119,113.92234392147597,506.665
1157,28,37,-8.728835763982786,119.61547734941084,504.538
1158,28,38,-1.5483954538271338,125.09603479980741,503.077
1159,28,39,5.6481587666844595,130.5409933042499,502.347
1160,29,0,16.326300210824442,148.02497984354022,502.625
1161,29,1,23.256013774780744,154.17336587022396,503.627
1162,29,2,29.92089358385897,160.98445783131734,505.143
1163,29,3,36.186588109537674,168.7430199736966,507.009
1164,29,4,41.86731791393981,177.78190107599468,509.046
1165,29,5,46.70836475234809,-171.563532931075,511.074
1166,29,6,50.382808450329016,-159.09648426169912,512.93
1167,29,7,52.53416435962671,-145.0154618914492,514.482
1168,29,8,52.89129104566458,-130.1197072362435,515.643
1169,29,9,51.404980410567276,-115.6076043067174,516.377
1170,29,10,48.27745728018595,-102.48185902397465,516.7
1171,29,11,43.851047320627046,-91.1571321725267,516.677
1172,29,12,38.472901726645645,-81.55142050119841,516.411
1173,29,13,32.426015726122884,-73.35827391249877,516.034
1174,29,14,25.91987805109222,-66.23494668368743,515.687
1175,29,15,19.105314646353165,-59.877351962726195,515.507
1176,29,16,12.092629651906842,-54.033384052255336,515.609
1177,29,17,4.966544307331269,-48.49325027682333,516.074
1178,29,18,-2.2026105026031133,-43.07398694403845,516.939
1179,29,19,-9.3500406152218,-37.603644041545635,518.188
1180,29,20,-16.408740594106497,-31.90577729251594,519.759
1181,29,21,-23.301337202565655,-25.783820682825564,521.543
1182,29,22,-29.93000164111718,-19.005383856154,523.394
1183,29,23,-36.16328350408959,-11.289308905506841,525.145
1184,29,24,-41.81915141991288,-2.3068295843839874,526.622
1185,29,25,-46.64768876685628,8.274606839835782,527.661
1186,29,26,-50.32714240859341,20.65469695579366,528.124
1187,29,27,-52.50437790465628,34.64999020667615,527.915
1188,29,28,-52.90594180143426,49.48619927269769,526.99
1189,29,29,-51.47353843436128,63.98212489917461,525.362
1190,29,30,-48.39817404357675,77.13003414577405,523.102
1191,29,31,-44.01449033237087,88.49701937761687,520.335
1192,29,32,-38.66659906131804,98.14952467494892,517.232
1193,29,33,-32.63733153375932,106.38602247431062,513.992
1194,29,34,-26.137175396894296,113.54677913977365,510.826
1195,29,35,-19.318197982404122,119.93605910829456,507.942
1196,29,36,-12.292045562461828,125.80708481316242,505.525
1197,29,37,-5.144751626739717,131.37101155256818,503.719
1198,29,38,2.0519664115902505,136.81221345296711,502.619
1199,29,39,9.231862120881301,142.30414999852093,502.262
1200,30,0,12.794357310818429,154.1242021685782,502.357
1201,30,1,19.81737894279992,160.0320699138291,503.053
1202,30,2,26.628967800155433,166.47953626388937,504.33
1203,30,3,33.11382260573234,173.72542440716745,506.043
1204,30,4,39.11421209348024,-177.91952938777044,508.018
1205,30,5,44.41172047412047,-168.1108586452552,510.072
1206,30,6,48.7139883304198,-156.55691064526164,512.033
1207,30,7,51.669605844675665,-143.2222776871324,513.751
1208,30,8,52.94644823830702,-128.5976542212195,515.115
1209,30,9,52.37099797054427,-113.7412824367681,516.064
1210,30,10,50.0264433303836,-99.83089185236345,516.587
1211,30,11,46.203839168926756,-87.59111772761973,516.726
1212,30,12,41.26144256851924,-77.15614595897101,516.567
1213,30,13,35.51835313699489,-68.30014317169999,516.228
1214,30,14,29.21977466555716,-60.68312303949094,515.848
1215,30,15,22.54350039339606,-53.977342350115386,515.569
1216,30,16,15.617990810873904,-47.905092442109776,515.517
1217,30,17,8.539146896579547,-42.23721363863102,515.793
1218,30,18,1.383262290428853,-36.77932558608972,516.456
1219,30,19,-5.7830861655303,-31.355940234140743,517.518
1220,30,20,-12.89497453502918,-25.794771183612387,518.939
1221,30,21,-19.88130268324207,-19.91131111936052,520.633
1222,30,22,-26.655907773789256,-13.492988332715061,522.47
1223,30,23,-33.10603960517311,-6.284182993988286,524.293
1224,30,24,-39.077260770070474,2.021936844574055,525.929
1225,30,25,-44.35541922479206,11.76595365673618,527.206
1226,30,26,-48.65333625059009,23.238899028267983,527.971
1227,30,27,-51.624243143303026,36.484432168674424,528.108
1228,30,28,-52.93700208668489,51.03321662913807,527.543
1229,30,29,-52.412153275388185,65.85091246741429,526.261
1230,30,30,-50.121898639129114,79.76617980688633,524.304
1231,30,31,-46.347382424523744,92.04054200958699,521.772
1232,30,32,-41.441626373918766,102.52150144191741,518.814
1233,30,33,-35.722398208259854,111.42314355322245,515.616
1234,30,34,-29.435468624451577,119.08063255626382,512.386
1235,30,35,-22.759805654221193,125.82088179528584,509.337
1236,30,36,-15.825189721988119,131.9223444223716,506.665
1237,30,37,-8.728835763982786,137.61548468049565,504.538
1238,30,38,-1.5483954538271338,143.09604213089222,503.077
1239,30,39,5.6481587666844595,148.54100063533468,502.347
1240,31,0,16.326300210824442,166.024987174625,502.625
1241,31,1,23.256013774780744,172.17337320130875,503.627
1242,31,2,29.92089358385897,178.98446516240216,505.143
1243,31,3,36.186588109537674,-173.25696905275294,507.009
1244,31,4,41.86731791393981,-164.21808795045484,509.046
1245,31,5,46.70836475234809,-153.56352559999021,511.074
1246,31,6,50.382808450329016,-141.0964769306143,512.93
1247,31,7,52.53416435962671,-127.0154545603644,514.482
1248,31,8,52.89129104566458,-112.1196999051587,515.643
1249,31,9,51.404980410567276,-97.6075969756326,516.377
1250,31,10,48.27745728018595,-84.48185169288985,516.7
1251,31,11,43.851047320627046,-73.1571248414419,516.677
1252,31,12,38.472901726645645,-63.5514131701136,516.411
1253,31,13,32.426015726122884,-55.35826658141398,516.034
1254,31,14,25.91987805109222,-48.234939352602616,515.687
1255,31,15,19.105314646353165,-41.87734463164139,515.507
1256,31,16,12.092629651906842,-36.033376721170534,515.609
1257,31,17,4.966544307331269,-30.493242945738526,516.074
1258,31,18,-2.2026105026031133,-25.07397961295365,516.939
1259,31,19,-9.3500406152218,-19.603636710460833,518.188
1260,31,20,-16.408740594106497,-13.905769961431135,519.759
1261,31,21,-23.301337202565655,-7.783814205514408,521.543
1262,31,22,-29.93000164111718,-1.0053771653994317,523.394
1263,31,23,-36.16328350408959,6.710698425577963,525.145
1264,31,24,-41.81915141991288,15.693177533257405,526.622
1265,31,25,-46.64768876685628,26.274614170920586,527.661
1266,31,26,-50.32714240859341,38.65470428687846,528.124
1267,31,27,-52.50437790465628,52.64999753776095,527.915
1268,31,28,-52.90594180143426,67.48621001887707,526.99
1269,31,29,-51.47353843436128,81.98213223025941,525.362
1270,31,30,-48.39817404357675,95.13004147685885,523.102
1271,31,31,-44.01449033237087,106.49702670870167,520.335
1272,31,32,-38.66659906131804,116.14953883622289,517.232
1273,31,33,-32.63733153375932,124.38603663558459,513.992
1274,31,34,-26.137175396894296,131.54677964066929,510.826
1275,31,35,-19.318197982404122,137.93606643937937,507.942
1276,31,36,-12.292045562461828,143.80709214424724,505.525
1277,31,37,-5.144751626739717,149.37101888365297,503.719
1278,31,38,2.0519664115902505,154.81222078405193,502.619
1279,31,39,9.231862120881301,160.30415732960574,502.262
1280,32,0,12.794357310818429,172.124209499663,502.357
1281,32,1,19.81737894279992,178.03207724491392,503.053
1282,32,2,26.628967800155433,-175.52045276256015,504.33
1283,32,3,33.11382260573234,-168.27456461928207,506.043
1284,32,4,39.11421209348024,-159.91952205668565,508.018
1285,32,5,44.41172047412047,-150.11085131417042,510.072
1286,32,6,48.7139883304198,-138.55690331417685,512.033
1287,32,7,51.669605844675665,-125.22227035604759,513.751
1288,32,8,52.94644823830702,-110.59764689013471,515.115
1289,32,9,52.37099797054427,-95.7412751056833,516.064
1290,32,10,50.0264433303836,-81.83088452127865,516.587
1291,32,11,46.203839168926756,-69.59111039653493,516.726
1292,32,12,41.26144256851924,-59.15613862788621,516.567
1293,32,13,35.51835313699489,-50.300135840615184,516.228
1294,32,14,29.21977466555716,-42.68311912350072,515.848
1295,32,15,22.54350039339606,-35.977335019030576,515.569
1296,32,16,15.617990810873904,-29.905085111024974,515.517
1297,32,17,8.539146896579547,-24.237206307546217,515.793
1298,32,18,1.383262290428853,-18.77931996255221,516.456
1299,32,19,-5.7830861655303,-13.355932049282293,517.518
1300,32,20,-12.89497453502918,-7.794762998753938,518.939
1301,32,21,-19.88130268324207,-1.911303147945481,520.633
1302,32,22,-26.655907773789256,4.507018998369743,522.47
1303,32,23,-33.10603960517311,11.715824337096517,524.293
1304,32,24,-39.077260770070474,20.021944815989094,525.929
1305,32,25,-44.35541922479206,29.765960987820982,527.206
1306,32,26,-48.65333625059009,41.23890635935279,527.971
1307,32,27,-51.624243143303026,54.484439499759226,528.108
1308,32,28,-52.93700208668489,69.03322737531745,527.543
1309,32,29,-52.412153275388185,83.85091979849909,526.261
1310,32,30,-50.121898639129114,97.76618713797113,524.304
1311,32,31,-46.347382424523744,110.04054934067179,521.772
1312,32,32,-41.441626373918766,120.52150194281303,518.814
1313,32,33,-35.722398208259854,129.42315088430726,515.616
1314,32,34,-29.435468624451577,137.08063988734864,512.386
1315,32,35,-22.759805654221193,143.82088912637064,509.337
1316,32,36,-15.825189721988119,149.9223517534564,506.665
1317,32,37,-8.728835763982786,155.61549201158044,504.538
1318,32,38,-1.5483954538271338,161.09604946197703,503.077
1319,32,39,5.6481587666844595,166.5410079664195,502.347
1320,33,0,16.326300210824442,-175.97501551220284,502.625
1321,33,1,23.256013774780744,-169.8266294855191,503.627
1322,33,2,29.92089358385897,-163.01552386404737,505.143
1323,33,3,36.186588109537674,-155.25696172166815,507.009
1324,33,4,41.86731791393981,-146.21808061937003,509.046
1325,33,5,46.70836475234809,-135.5635182689054,511.074
1326,33,6,50.382808450329016,-123.0964695995295,512.93
1327,33,7,52.53416435962671,-109.0154472292796,514.482
1328,33,8,52.89129104566458,-94.1196925740739,515.643
1329,33,9,51.404980410567276,-79.6075896445478,516.377
1330,33,10,48.27745728018595,-66.48184436180505,516.7
1331,33,11,43.851047320627046,-55.157120925451686,516.677
1332,33,12,38.472901726645645,-45.55140242393421,516.411
1333,33,13,32.426015726122884,-37.35825925032917,516.034
1334,33,14,25.91987805109222,-30.234932021517814,515.687
1335,33,15,19.105314646353165,-23.877339008103878,515.507
1336,33,16,12.092629651906842,-18.03336939008573,515.609
1337,33,17,4.966544307331269,-12.493233907106431,516.074
1338,33,18,-2.2026105026031133,-7.073972281868846,516.939
1339,33,19,-9.3500406152218,-1.6036288457674999,518.188
1340,33,20,-16.408740594106497,4.094237796540492,519.759
1341,33,21,-23.301337202565655,10.216193125570395,521.543
1342,33,22,-29.93000164111718,16.994630806015607,523.394
1343,33,23,-36.16328350408959,24.710705756662765,525.145
1344,33,24,-41.81915141991288,33.6931865718895,526.622
1345,33,25,-46.64768876685628,44.27462150200539,527.661
1346,33,26,-50.32714240859341,56.654711617963265,528.124
1347,33,27,-52.50437790465628,70.65000828394034,527.915
1348,33,28,-52.90594180143426,85.48621734996188,526.99
1349,33,29,-51.47353843436128,99.98213956134421,525.362
1350,33,30,-48.39817404357675,113.13004880794365,523.102
1351,33,31,-44.01449033237087,124.49704086997563,520.335
1352,33,32,-38.66659906131804,134.1495461673077,517.232
1353,33,33,-32.63733153375932,142.3860439666694,513.992
1354,33,34,-26.137175396894296,149.54678697175407,510.826
1355,33,35,-19.318197982404122,155.93607377046416,507.942
1356,33,36,-12.292045562461828,161.80709947533202,505.525
1357,33,37,-5.144751626739717,167.37102621473778,503.719
1358,33,38,2.0519664115902505,172.81222811513675,502.619
1359,33,39,9.231862120881301,178.30416466069056,502.262
1360,34,0,12.794357310818429,-169.8758068475432,502.357
1361,34,1,19.81737894279992,-163.96795276267062,503.053
1362,34,2,26.628967800155433,-157.52047275223202,504.33
1363,34,3,33.11382260573234,-150.27458460895397,506.043
1364,34,4,39.11421209348024,-141.91954204635752,508.018
1365,34,5,44.41172047412047,-132.1108713038423,510.072
1366,34,6,48.7139883304198,-120.55692330384872,512.033
1367,34,7,51.669605844675665,-107.22229034571947,513.751
1368,34,8,52.94644823830702,-92.59766687980658,515.115
1369,34,9,52.37099797054427,-77.74129509535517,516.064
1370,34,10,50.0264433303836,-63.830904510950525,516.587
1371,34,11,46.203839168926756,-51.5911303862068,516.726
1372,34,12,41.26144256851924,-41.15616203265267,516.567
1373,34,13,35.51835313699489,-32.30015583028706,516.228
1374,34,14,29.21977466555716,-24.683137405625303,515.848
1375,34,15,22.54350039339606,-17.977356716249748,515.569
1376,34,16,15.617990810873904,-11.90510510069685,515.517
1377,34,17,8.539146896579547,-6.237225870331271,515.793
1378,34,18,1.383262290428853,-0.7793395786981172,516.456
1379,34,19,-5.7830861655303,4.644048387932654,517.518
1380,34,20,-12.89497453502918,10.205217011574186,518.939
1381,34,21,-19.88130268324207,16.088676222052406,520.633
1382,34,22,-26.655907773789256,22.506999862471513,522.47
1383,34,23,-33.10603960517311,29.715803493650995,524.293
1384,34,24,-39.077260770070474,38.02192482631722,525.929
1385,34,25,-44.35541922479206,47.765940998149105,527.206
1386,34,26,-48.65333625059009,59.23888636968091,527.971
1387,34,27,-51.624243143303026,72.48441951008735,528.108
1388,34,28,-52.93700208668489,87.03320738564558,527.543
1389,34,29,-52.412153275388185,101.85089980882721,526.261
1390,34,30,-50.121898639129114,115.76617397848842,524.304
1391,34,31,-46.347382424523744,128.04052935099992,521.772
1392,34,32,-41.441626373918766,138.52148195314115,518.814
1393,34,33,-35.722398208259854,147.42313089463536,515.616
1394,34,34,-29.435468624451577,155.08061989767674,512.386
1395,34,35,-22.759805654221193,161.82086913669878,509.337
1396,34,36,-15.825189721988119,167.9223317637845,506.665
1397,34,37,-8.728835763982786,173.61547202190857,504.538
1398,34,38,-1.5483954538271338,179.09602947230513,503.077
1399,34,39,5.6481587666844595,-175.4590083807867,502.347
1400,35,0,16.326300210824442,-157.97503550187471,502.625
1401,35,1,23.256013774780744,-151.82664947519098,503.627
1402,35,2,29.92089358385897,-145.01554385371924,505.143
1403,35,3,36.186588109537674,-137.25698171134002,507.009
1404,35,4,41.86731791393981,-128.2181006090419,509.046
1405,35,5,46.70836475234809,-117.56353825857727,511.074
1406,35,6,50.382808450329016,-105.09649641939055,512.93
1407,35,7,52.53416435962671,-91.01546721895147,514.482
1408,35,8,52.89129104566458,-76.11971256374576,515.643
1409,35,9,51.404980410567276,-61.60760963421967,516.377
1410,35,10,48.27745728018595,-48.48186435147692,516.7
1411,35,11,43.851047320627046,-37.15714091512356,516.677
1412,35,12,38.472901726645645,-27.55142412115338,516.411
1413,35,13,32.426015726122884,-19.35827924000105,516.034
1414,35,14,25.91987805109222,-12.234951157416045,515.687
1415,35,15,19.105314646353165,-5.8773589977757545,515.507
1416,35,16,12.092629651906842,-0.033388646045880085,515.609
1417,35,17,4.966544307331269,5.506745676334869,516.074
1418,35,18,-2.2026105026031133,10.926007728459277,516.939
1419,35,19,-9.3500406152218,16.396350630952096,518.188
1420,35,20,-16.408740594106497,22.094217379981792,519.759
1421,35,21,-23.301337202565655,28.216173989672164,521.543
1422,35,22,-29.93000164111718,34.99461081634373,523.394
1423,35,23,-36.16328350408959,42.71068576699089,525.145
1424,35,24,-41.81915141991288,51.69316658221762,526.622
1425,35,25,-46.64768876685628,62.2746049274281,527.661
1426,35,26,-50.32714240859341,74.65469162829139,528.124
1427,35,27,-52.50437790465628,88.64998829426847,527.915
1428,35,28,-52.90594180143426,103.48619736029,526.99
1429,35,29,-51.47353843436128,117.98211957167234,525.362
1430,35,30,-48.39817404357675,131.13002881827177,523.102
1431,35,31,-44.01449033237087,142.49702088030375,520.335
1432,35,32,-38.66659906131804,152.14952617763583,517.232
1433,35,33,-32.63733153375932,160.3860239769975,513.992
1434,35,34,-26.137175396894296,167.5467669820822,510.826
1435,35,35,-19.318197982404122,173.9360537807923,507.942
1436,35,36,-12.292045562461828,179.80707948566015,505.525
1437,35,37,-5.144751626739717,-174.62899013246843,503.719
1438,35,38,2.0519664115902505,-169.18778823206947,502.619
1439,35,39,9.231862120881301,-163.69585168651565,502.262
1440,36,0,12.794357310818429,-151.8757995164584,502.357
1441,36,1,19.81737894279992,-145.96794543158583,503.053
1442,36,2,26.628967800155433,-139.52046542114724,504.33
1443,36,3,33.11382260573234,-132.27457727786916,506.043
1444,36,4,39.11421209348024,-123.91953471527272,508.018
1445,36,5,44.41172047412047,-114.11087080294666,510.072
1446,36,6,48.7139883304198,-102.55690914257475,512.033
1447,36,7,51.669605844675665,-89.22228301463467,513.751
1448,36,8,52.94644823830702,-74.59765954872178,515.115
1449,36,9,52.37099797054427,-59.74128776427037,516.064
1450,36,10,50.0264433303836,-45.83089376477113,516.587
1451,36,11,46.203839168926756,-33.591123055122,516.726
1452,36,12,41.26144256851924,-23.156152994020573,516.567
1453,36,13,35.51835313699489,-14.300148499202257,516.228
1454,36,14,29.21977466555716,-6.683130074540499,515.848
1455,36,15,22.54350039339606,0.022651168453903525,515.569
1456,36,16,15.617990810873904,6.094902230387953,515.517
1457,36,17,8.539146896579547,11.762781887640356,515.793
1458,36,18,1.383262290428853,17.220667378860718,516.456
1459,36,19,-5.7830861655303,22.64405614590428,517.518
1460,36,20,-12.89497453502918,28.20522348888534,518.939
1461,36,21,-19.88130268324207,34.08868526068451,520.633
1462,36,22,-26.655907773789256,40.50700719355632,522.47
1463,36,23,-33.10603960517311,47.7158108247358,524.293
1464,36,24,-39.077260770070474,56.02193215740202,525.929
1465,36,25,-44.35541922479206,65.76594491413933,527.206
1466,36,26,-48.65333625059009,77.23889370076571,527.971
1467,36,27,-51.624243143303026,90.48442684117215,528.108
1468,36,28,-52.93700208668489,105.03321471673038,527.543
1469,36,29,-52.412153275388185,119.85090030972285,526.261
1470,36,30,-50.121898639129114,133.76618130957323,524.304
1471,36,31,-46.347382424523744,146.0405366820847,521.772
1472,36,32,-41.441626373918766,156.52148928422596,518.814
1473,36,33,-35.722398208259854,165.42313822572018,515.616
1474,36,34,-29.435468624451577,173.08062722876156,512.386
1475,36,35,-22.759805654221193,179.8208764677836,509.337
1476,36,36,-15.825189721988119,-174.07765726266499,506.665
1477,36,37,-8.728835763982786,-168.38453066491928,504.538
1478,36,38,-1.5483954538271338,-162.90395955414436,503.077
1479,36,39,5.6481587666844595,-157.45900104970193,502.347
1480,37,0,16.326300210824442,-139.97502817078993,502.625
1481,37,1,23.256013774780744,-133.8266421441062,503.627
1482,37,2,29.92089358385897,-127.01553652263443,505.143
1483,37,3,36.186588109537674,-119.25697438025522,507.009
1484,37,4,41.86731791393981,-110.21810010814627,509.046
1485,37,5,46.70836475234809,-99.56353775768164,511.074
1486,37,6,50.382808450329016,-87.09648908830574,512.93
1487,37,7,52.53416435962671,-73.01545988786667,514.482
1488,37,8,52.89129104566458,-58.11970523266096,515.643
1489,37,9,51.404980410567276,-43.60760230313487,516.377
1490,37,10,48.27745728018595,-30.481857020392116,516.7
1491,37,11,43.851047320627046,-19.157133584038757,516.677
1492,37,12,38.472901726645645,-9.55141679006858,516.411
1493,37,13,32.426015726122884,-1.3582724425247745,516.034
1494,37,14,25.91987805109222,5.765056173668759,515.687
1495,37,15,19.105314646353165,12.12264833330905,515.507
1496,37,16,12.092629651906842,17.966617951327198,515.609
1497,37,17,4.966544307331269,23.506753434306496,516.074
1498,37,18,-2.2026105026031133,28.92601505954408,516.939
1499,37,19,-9.3500406152218,34.396357962036895,518.188
1500,37,20,-16.408740594106497,40.094224711066595,519.759
1501,37,21,-23.301337202565655,46.21618132075697,521.543
1502,37,22,-29.93000164111718,52.99461814742853,523.394
1503,37,23,-36.16328350408959,60.710689682981105,525.145
1504,37,24,-41.81915141991288,69.69317391330243,526.622
1505,37,25,-46.64768876685628,80.2746122585129,527.661
1506,37,26,-50.32714240859341,92.65469895937619,528.124
1507,37,27,-52.50437790465628,106.64999562535327,527.915
1508,37,28,-52.90594180143426,121.48619786118563,526.99
1509,37,29,-51.47353843436128,135.98212690275713,525.362
1510,37,30,-48.39817404357675,149.13003614935658,523.102
1511,37,31,-44.01449033237087,160.49702821138857,520.335
1512,37,32,-38.66659906131804,170.14953350872062,517.232
1513,37,33,-32.63733153375932,178.38603130808232,513.992
1514,37,34,-26.137175396894296,-174.45322204436732,510.826
1515,37,35,-19.318197982404122,-168.06393524565723,507.942
1516,37,36,-12.292045562461828,-162.19290954078937,505.525
1517,37,37,-5.144751626739717,-156.62898280138361,503.719
1518,37,38,2.0519664115902505,-151.18778090098468,502.619
1519,37,39,9.231862120881301,-145.69584435543086,502.262
1520,38,0,12.794357310818429,-133.8757921853736,502.357
1521,38,1,19.81737894279992,-127.96793810050102,503.053
1522,38,2,26.628967800155433,-121.52045809006242,504.33
1523,38,3,33.11382260573234,-114.27456994678435,506.043
1524,38,4,39.11421209348024,-105.91952055399875,508.018
1525,38,5,44.41172047412047,-96.11086347186186,510.072
1526,38,6,48.7139883304198,-84.55690181148995,512.033
1527,38,7,51.669605844675665,-71.22227568354987,513.751
1528,38,8,52.94644823830702,-56.59765221763698,515.115
1529,38,9,52.37099797054427,-41.74127701809098,516.064
1530,38,10,50.0264433303836,-27.83088643368633,516.587
1531,38,11,46.203839168926756,-15.591115724037197,516.726
1532,38,12,41.26144256851924,-5.156145662935768,516.567
1533,38,13,35.51835313699489,3.699858831882547,516.228
1534,38,14,29.21977466555716,11.316877256544304,515.848
1535,38,15,22.54350039339606,18.022657945919857,515.569
1536,38,16,15.617990810873904,24.094909561472758,515.517
1537,38,17,8.539146896579547,29.76278836495151,515.793
1538,38,18,1.383262290428853,35.22067641749281,516.456
1539,38,19,-5.7830861655303,40.64406176944179,517.518
1540,38,20,-12.89497453502918,46.20523252751744,518.939
1541,38,21,-19.88130268324207,52.08869259176931,520.633
1542,38,22,-26.655907773789256,58.50701110954653,522.47
1543,38,23,-33.10603960517311,65.7158181558206,524.293
1544,38,24,-39.077260770070474,74.02193607339224,525.929
1545,38,25,-44.35541922479206,83.76595224522413,527.206
1546,38,26,-48.65333625059009,95.23890103185052,527.971
1547,38,27,-51.624243143303026,108.48443417225695,528.108
1548,38,28,-52.93700208668489,123.03322204781519,527.543
1549,38,29,-52.412153275388185,137.85090764080763,526.261
1550,38,30,-50.121898639129114,151.76618864065802,524.304
1551,38,31,-46.347382424523744,164.04054401316952,521.772
1552,38,32,-41.441626373918766,174.52149661531075,518.814
1553,38,33,-35.722398208259854,-176.57685080072935,515.616
1554,38,34,-29.435468624451577,-168.91936179768797,512.386
1555,38,35,-22.759805654221193,-162.17911255866593,509.337
1556,38,36,-15.825189721988119,-156.0776499315802,506.665
1557,38,37,-8.728835763982786,-150.3845233338345,504.538
1558,38,38,-1.5483954538271338,-144.90395222305958,503.077
1559,38,39,5.6481587666844595,-139.4589937186171,502.347
1560,39,0,16.326300210824442,-121.97502083970511,502.625
1561,39,1,23.256013774780744,-115.82663481302137,503.627
1562,39,2,29.92089358385897,-109.01552919154963,505.143
1563,39,3,36.186588109537674,-101.25697387935958,507.009
1564,39,4,41.86731791393981,-92.21809277706147,509.046
1565,39,5,46.70836475234809,-81.56353042659684,511.074
1566,39,6,50.382808450329016,-69.09648175722094,512.93
1567,39,7,52.53416435962671,-55.01545597187645,514.482
1568,39,8,52.89129104566458,-40.11969790157616,515.643
1569,39,9,51.404980410567276,-25.607596679597357,516.377
1570,39,10,48.27745728018595,-12.48184798176002,516.7
1571,39,11,43.851047320627046,-1.1571255059020147,516.677
1572,39,12,38.472901726645645,8.448590541016225,516.411
1573,39,13,32.426015726122884,16.64173542216856,516.034
1574,39,14,25.91987805109222,23.76506435852721,515.687
1575,39,15,19.105314646353165,30.122657371941145,515.507
1576,39,16,12.092629651906842,35.966625282412,515.609
1577,39,17,4.966544307331269,41.50675905784401,516.074
1578,39,18,-2.2026105026031133,46.92602239062889,516.939
1579,39,19,-9.3500406152218,52.396365293121704,518.188
1580,39,20,-16.408740594106497,58.094235457245986,519.759
1581,39,21,-23.301337202565655,64.21618865184178,521.543
1582,39,22,-29.93000164111718,70.99462547851334,523.394
1583,39,23,-36.16328350408959,78.71069701406591,525.145
1584,39,24,-41.81915141991288,87.69318124438723,526.622
1585,39,25,-46.64768876685628,98.2746195895977,527.661
1586,39,26,-50.32714240859341,110.654706290461,528.124
1587,39,27,-52.50437790465628,124.64999612624891,527.915
1588,39,28,-52.90594180143426,139.48620519227043,526.99
1589,39,29,-51.47353843436128,153.98213423384195,525.362
1590,39,30,-48.39817404357675,167.1300434804414,523.102
1591,39,31,-44.01449033237087,178.49703554247336,520.335
1592,39,32,-38.66659906131804,-171.85046917810723,517.232
1593,39,33,-32.63733153375932,-163.61397137874553,513.992
1594,39,34,-26.137175396894296,-156.4532147132825,510.826
1595,39,35,-19.318197982404122,-150.06392791457242,507.942
1596,39,36,-12.292045562461828,-144.19290220970456,505.525
1597,39,37,-5.144751626739717,-138.62897547029883,503.719
1598,39,38,2.0519664115902505,-133.18777356989986,502.619
1599,39,39,9.231862120881301,-127.69583702434605,502.262
