0,0,0,-1.9781053862359674,68.70370489881019,516.905
1,0,1,-9.127201424681903,74.1698369896797,518.141
2,0,2,-16.18979205007257,79.85775215308868,519.702
3,0,3,-23.088943932587647,85.96314213894719,521.479
4,0,4,-29.727664117144723,92.71704492612007,523.329
5,0,5,-35.97578456608899,100.39899966676843,525.084
6,0,6,-41.65315050232489,109.3366232146211,526.571
7,0,7,-46.51213341749362,119.8637547257408,527.625
8,0,8,-50.232974590506444,132.18766995086992,528.107
9,0,9,-52.46217075068019,146.1410087647756,527.919
10,0,10,-52.921559028971494,160.96805171693097,527.017
11,0,11,-51.544767062120755,175.4923806850714,525.41
12,0,12,-48.51608359921868,-171.307701365523,523.168
13,0,13,-44.16788272075102,-159.88405971451493,520.417
14,0,14,-38.84546464020775,-150.18185796078185,517.322
15,0,15,-32.833952189396484,-141.90627781898937,514.084
16,0,16,-26.345926468497396,-134.71672507598555,510.915
17,0,17,-19.535056488552026,-128.30739850225066,508.021
18,0,18,-12.513968653879298,-122.4235457021215,505.588
19,0,19,-5.36932056268692,-116.85289805657247,503.763
20,0,20,1.8268645074443752,-111.41050770325792,502.642
21,0,21,9.008278439721872,-105.92279904480036,502.264
22,0,22,16.106513261069896,-100.21199591748265,502.608
23,0,23,23.042746240588972,-94.08031653350876,503.594
24,0,24,29.717712531524015,-87.29397717796749,505.097
25,0,25,35.99836517148505,-79.56992115127518,506.957
26,0,26,41.70084912839368,-70.57639250506594,508.993
27,0,27,46.5727479312829,-59.97669023401486,511.025
28,0,28,50.28913923605146,-47.566192115872084,512.889
29,0,29,52.49308418686367,-33.52679633351882,514.452
30,0,30,52.90849970727843,-18.6391303298377,515.626
31,0,31,51.477943906375934,-4.097315650535228,516.374
32,0,32,48.39694119443156,9.081307676101295,516.708
33,0,33,44.005703294003645,20.462995743906205,516.693
34,0,34,38.65268938107331,30.118371428236962,516.432
35,0,35,32.62322036293408,38.35042960463815,516.055
36,0,36,26.128933066113383,45.50235142040977,515.704
37,0,37,19.322198765710457,51.8798288220449,515.515
38,0,38,12.314340153686395,57.73651112965574,515.605
39,0,39,5.190682941360761,63.28328726405558,516.055
40,1,0,-5.559154571610024,80.42032751426595,517.478
41,1,1,-12.673776297437378,85.97448708315858,518.887
42,1,2,-19.665255262058103,91.84482976910944,520.572
43,1,3,-26.4480343814945,98.24279773825461,522.405
44,1,4,-32.91041957224936,105.42248085790774,524.229
45,1,5,-38.89953583277215,113.68915443302257,525.872
46,1,6,-44.20337921386757,123.38315995975162,527.161
47,1,7,-48.53704203468687,134.79935670456436,527.944
48,1,8,-51.55490989303823,147.9933697280614,528.101
49,1,9,-52.92344416118242,162.5147617148587,527.558
50,1,10,-52.45636508988568,177.34280187463293,526.298
51,1,11,-50.217835476211114,-168.6992384611168,524.362
52,1,12,-46.484413094747126,-156.36852036757435,521.847
53,1,13,-41.608873801030285,-145.83349998796328,518.9
54,1,14,-35.91096265577098,-136.88734553383728,515.708
55,1,15,-29.638735054151155,-129.19606075478268,512.478
56,1,16,-22.973037329919823,-122.43160532534212,509.421
57,1,17,-16.044913492492842,-116.3138731876534,506.737
58,1,18,-8.952357973439685,-110.61108187223212,504.592
59,1,19,-1.7734862589156082,-105.12660389325197,503.111
60,1,20,5.423546715168121,-99.68315486061607,502.36
61,1,21,12.572371893924783,-94.10698842221767,502.349
62,1,22,19.600467502685945,-88.2123439231999,503.027
63,1,23,26.420226973836087,-81.7854091217847,504.29
64,1,24,32.91740002558111,-74.56895909382939,505.993
65,1,25,38.93588268444038,-66.25377068503998,507.964
66,1,26,44.25937651977792,-56.495708229179954,510.02
67,1,27,48.597902435286265,-44.998966478579824,511.987
68,1,28,51.601095632205855,-31.715952675102944,513.715
69,1,29,52.93428708648981,-17.11801305073001,515.092
70,1,30,52.41691733233427,-2.249984694686322,516.054
71,1,31,50.12406380909601,11.704231798527713,516.59
72,1,32,46.34229734868667,24.000950064155475,516.739
73,1,33,41.429772580614205,34.4900852329224,516.586
74,1,34,35.70767573550389,43.39046034413641,516.25
75,1,35,29.423488472647374,51.041067931589,515.867
76,1,36,22.756897701182062,57.77087381137007,515.581
77,1,37,15.837615543635664,63.85925662619525,515.519
78,1,38,8.762338695635345,69.53671476998494,515.781
79,1,39,1.6078313330977618,74.99845504921814,516.43
80,2,0,-1.9781053862359674,86.70370539970583,516.905
81,2,1,-9.127201424681903,92.16983749057533,518.141
82,2,2,-16.18979205007257,97.85775265398432,519.702
83,2,3,-23.088943932587647,103.96314263984283,521.479
84,2,4,-29.727664117144723,110.7170454270157,523.329
85,2,5,-35.97578456608899,118.39899333747489,525.084
86,2,6,-41.65315050232489,127.33662371551674,526.571
87,2,7,-46.51213341749362,137.86374839644728,527.625
88,2,8,-50.232974590506444,150.1876772819547,528.107
89,2,9,-52.46217075068019,164.1410160958604,527.919
90,2,10,-52.921559028971494,178.9680590480158,527.017
91,2,11,-51.544767062120755,-166.50760834137813,525.41
92,2,12,-48.51608359921868,-153.30770769481654,523.168
93,2,13,-44.16788272075102,-141.88406604380847,520.417
94,2,14,-38.84546464020775,-132.18185062969707,517.322
95,2,15,-32.833952189396484,-123.9062841482829,514.084
96,2,16,-26.345926468497396,-116.71671774490075,510.915
97,2,17,-19.535056488552026,-110.30739800135501,508.021
98,2,18,-12.513968653879298,-104.4235383710367,505.588
99,2,19,-5.36932056268692,-98.85289755567683,503.763
100,2,20,1.8268645074443752,-93.4105072023623,502.642
101,2,21,9.008278439721872,-87.92279854390472,502.264
102,2,22,16.106513261069896,-82.21199541658702,502.608
103,2,23,23.042746240588972,-76.08031603261313,503.594
104,2,24,29.717712531524015,-69.29397667707187,505.097
105,2,25,35.99836517148505,-61.569920650379544,506.957
106,2,26,41.70084912839368,-52.576392004170316,508.993
107,2,27,46.5727479312829,-41.97668973311922,511.025
108,2,28,50.28913923605146,-29.56619161497645,512.889
109,2,29,52.49308418686367,-15.526794125075893,514.452
110,2,30,52.90849970727843,-0.639129135250978,515.626
111,2,31,51.477943906375934,13.902685277247228,516.374
112,2,32,48.39694119443156,27.08130732322328,516.708
113,2,33,44.005703294003645,38.462994537254545,516.693
114,2,34,38.65268938107331,48.11837192913259,516.432
115,2,35,32.62322036293408,56.35043010553378,516.055
116,2,36,26.128933066113383,63.5023519213054,515.704
117,2,37,19.322198765710457,69.87982932294054,515.515
118,2,38,12.314340153686395,75.73651163055136,515.605
119,2,39,5.190682941360761,81.28328776495121,516.055
120,3,0,-5.559154571610024,98.42032801516159,517.478
121,3,1,-12.673776297437378,103.97448758405422,518.887
122,3,2,-19.665255262058103,109.84483027000508,520.572
123,3,3,-26.4480343814945,116.24279823915025,522.405
124,3,4,-32.91041957224936,123.42247452861422,524.229
125,3,5,-38.89953583277215,131.68916176410735,525.872
126,3,6,-44.20337921386757,141.3831672908364,527.161
127,3,7,-48.53704203468687,152.79936403564918,527.944
128,3,8,-51.55490989303823,165.99336339876785,528.101
129,3,9,-52.92344416118242,-179.48524097196915,527.558
130,3,10,-52.45636508988568,-164.65720081219496,526.298
131,3,11,-50.217835476211114,-150.699231130032,524.362
132,3,12,-46.484413094747126,-138.36851303648956,521.847
133,3,13,-41.608873801030285,-127.83350631725682,518.9
134,3,14,-35.91096265577098,-118.88733820275246,515.708
135,3,15,-29.638735054151155,-111.19605342369786,512.478
136,3,16,-22.973037329919823,-104.4316048244465,509.421
137,3,17,-16.044913492492842,-98.31387951694694,506.737
138,3,18,-8.952357973439685,-92.6110813713365,504.592
139,3,19,-1.7734862589156082,-87.12660339235633,503.111
140,3,20,5.423546715168121,-81.68315435972045,502.36
141,3,21,12.572371893924783,-76.10698792132203,502.349
142,3,22,19.600467502685945,-70.21234342230427,503.027
143,3,23,26.420226973836087,-63.785408620889065,504.29
144,3,24,32.91740002558111,-56.568958592933754,505.993
145,3,25,38.93588268444038,-48.253766769049754,507.964
146,3,26,44.25937651977792,-38.49570772828432,510.02
147,3,27,48.597902435286265,-26.998965977684193,511.987
148,3,28,51.601095632205855,-13.715953027980957,513.715
149,3,29,52.93428708648981,0.8819881972175645,515.092
150,3,30,52.41691733233427,15.750014952435665,516.054
151,3,31,50.12406380909601,29.704233153196995,516.59
152,3,32,46.34229734868667,42.00095056505111,516.739
153,3,33,41.429772580614205,52.490085733818034,516.586
154,3,34,35.70767573550389,61.390457429937456,516.25
155,3,35,29.423488472647374,69.04106843248464,515.867
156,3,36,22.756897701182062,75.7708743122657,515.581
157,3,37,15.837615543635664,81.85925712709088,515.519
158,3,38,8.762338695635345,87.53671527088058,515.781
159,3,39,1.6078313330977618,92.99845555011376,516.43
160,4,0,-1.9781053862359674,104.70370590060146,516.905
161,4,1,-9.127201424681903,110.16983799147096,518.141
162,4,2,-16.18979205007257,115.85775315487994,519.702
163,4,3,-23.088943932587647,121.96313631054929,521.479
164,4,4,-29.727664117144723,128.71704592791133,523.329
165,4,5,-35.97578456608899,136.3990006685597,525.084
166,4,6,-41.65315050232489,145.3366173862232,526.571
167,4,7,-46.51213341749362,155.86375572753207,527.625
168,4,8,-50.232974590506444,168.1876709526612,528.107
169,4,9,-52.46217075068019,-177.85898659096745,527.919
170,4,10,-52.921559028971494,-163.03194363881207,527.017
171,4,11,-51.544767062120755,-148.50761467067167,525.41
172,4,12,-48.51608359921868,-135.30770036373173,523.168
173,4,13,-44.16788272075102,-123.88405871272367,520.417
174,4,14,-38.84546464020775,-114.18185695899061,517.322
175,4,15,-32.833952189396484,-105.90627681719809,514.084
176,4,16,-26.345926468497396,-98.71671724400512,510.915
177,4,17,-19.535056488552026,-92.30739750045939,508.021
178,4,18,-12.513968653879298,-86.42353787014108,505.588
179,4,19,-5.36932056268692,-80.8528970547812,503.763
180,4,20,1.8268645074443752,-75.41050670146666,502.642
181,4,21,9.008278439721872,-69.92279804300908,502.264
182,4,22,16.106513261069896,-64.21199491569138,502.608
183,4,23,23.042746240588972,-58.080315531717496,503.594
184,4,24,29.717712531524015,-51.29397959127081,505.097
185,4,25,35.99836517148505,-43.569920149483906,506.957
186,4,26,41.70084912839368,-34.57639150327468,508.993
187,4,27,46.5727479312829,-23.976689232223592,511.025
188,4,28,50.28913923605146,-11.566190260307172,512.889
189,4,29,52.49308418686367,2.473206162376328,514.452
190,4,30,52.90849970727843,17.360870671953567,515.626
191,4,31,51.477943906375934,31.902686631916506,516.374
192,4,32,48.39694119443156,45.081307824118916,516.708
193,4,33,44.005703294003645,56.462995038150176,516.693
194,4,34,38.65268938107331,66.11837584512281,516.432
195,4,35,32.62322036293408,74.350434021524,516.055
196,4,36,26.128933066113383,81.50235242220103,515.704
197,4,37,19.322198765710457,87.87982982383618,515.515
198,4,38,12.314340153686395,93.736512131447,515.605
199,4,39,5.190682941360761,99.28328826584685,516.055
200,5,0,-5.559154571610024,116.42032851605722,517.478
201,5,1,-12.673776297437378,121.97448808494985,518.887
202,5,2,-19.665255262058103,127.84483077090071,520.572
203,5,3,-26.4480343814945,134.24279190985672,522.405
204,5,4,-32.91041957224936,141.42248185969902,524.229
205,5,5,-38.89953583277215,149.68915543481384,525.872
206,5,6,-44.20337921386757,159.3831609615429,527.161
207,5,7,-48.53704203468687,170.79935770635564,527.944
208,5,8,-51.55490989303823,-176.00663928806,528.101
209,5,9,-52.92344416118242,-161.4852473012627,527.558
210,5,10,-52.45636508988568,-146.65719348111014,526.298
211,5,11,-50.217835476211114,-132.69923745932553,524.362
212,5,12,-46.484413094747126,-120.36851936578309,521.847
213,5,13,-41.608873801030285,-109.8335058163612,518.9
214,5,14,-35.91096265577098,-100.887344532046,515.708
215,5,15,-29.638735054151155,-93.19605292280224,512.478
216,5,16,-22.973037329919823,-86.43160432355086,509.421
217,5,17,-16.044913492492842,-80.3138790160513,506.737
218,5,18,-8.952357973439685,-74.61108087044086,504.592
219,5,19,-1.7734862589156082,-69.1266028914607,503.111
220,5,20,5.423546715168121,-63.68315385882481,502.36
221,5,21,12.572371893924783,-58.1069874204264,502.349
222,5,22,19.600467502685945,-52.21234633650322,503.027
223,5,23,26.420226973836087,-45.785411535088016,504.29
224,5,24,32.91740002558111,-38.56895809203812,505.993
225,5,25,38.93588268444038,-30.253766268154124,507.964
226,5,26,44.25937651977792,-20.49570893493598,510.02
227,5,27,48.597902435286265,-8.998966330562206,511.987
228,5,28,51.601095632205855,4.284047899801499,513.715
229,5,29,52.93428708648981,18.88198795106126,515.092
230,5,30,52.41691733233427,33.75001716087859,516.054
231,5,31,50.12406380909601,47.704233654092626,516.59
232,5,32,46.34229734868667,60.000951065946744,516.739
233,5,33,41.429772580614205,70.49008623471366,516.586
234,5,34,35.70767573550389,79.3904579308331,516.25
235,5,35,29.423488472647374,87.04106893338026,515.867
236,5,36,22.756897701182062,93.77087481316134,515.581
237,5,37,15.837615543635664,99.85925762798651,515.519
238,5,38,8.762338695635345,105.53671577177622,515.781
239,5,39,1.6078313330977618,110.9984560510094,516.43
240,6,0,-1.9781053862359674,122.70370640149709,516.905
241,6,1,-9.127201424681903,128.1698384923666,518.141
242,6,2,-16.18979205007257,133.85776048596475,519.702
243,6,3,-23.088943932587647,139.9631436416341,521.479
244,6,4,-29.727664117144723,146.7170395986178,523.329
245,6,5,-35.97578456608899,154.39899433926615,525.084
246,6,6,-41.65315050232489,163.336624717308,526.571
247,6,7,-46.51213341749362,173.86374939823853,527.625
248,6,8,-50.232974590506444,-173.8123317341667,528.107
249,6,9,-52.46217075068019,-159.85897925988266,527.919
250,6,10,-52.921559028971494,-145.0319499681056,527.017
251,6,11,-51.544767062120755,-130.50760733958685,525.41
252,6,12,-48.51608359921868,-117.30770669302528,523.168
253,6,13,-44.16788272075102,-105.88405821182803,520.417
254,6,14,-38.84546464020775,-96.18185645809497,517.322
255,6,15,-32.833952189396484,-87.90627631630245,514.084
256,6,16,-26.345926468497396,-80.71671674310949,510.915
257,6,17,-19.535056488552026,-74.30739699956375,508.021
258,6,18,-12.513968653879298,-68.42353736924544,505.588
259,6,19,-5.36932056268692,-62.852896553885564,503.763
260,6,20,1.8268645074443752,-57.41050620057103,502.642
261,6,21,9.008278439721872,-51.92279754211345,502.264
262,6,22,16.106513261069896,-46.211990999701165,502.608
263,6,23,23.042746240588972,-40.080315030821865,503.594
264,6,24,29.717712531524015,-33.29397909037518,505.097
265,6,25,35.99836517148505,-25.569919648588275,506.957
266,6,26,41.70084912839368,-16.576391002379047,508.993
267,6,27,46.5727479312829,-5.9766887313279575,511.025
268,6,28,50.28913923605146,6.4338098137016395,512.889
269,6,29,52.49308418686367,20.473206876715373,514.452
270,6,30,52.90849970727843,35.36087288039649,515.626
271,6,31,51.477943906375934,49.90268713281214,516.374
272,6,32,48.39694119443156,63.081311740109136,516.708
273,6,33,44.005703294003645,74.4629955390458,516.693
274,6,34,38.65268938107331,84.11837634601845,516.432
275,6,35,32.62322036293408,92.35043452241963,516.055
276,6,36,26.128933066113383,99.50235292309667,515.704
277,6,37,19.322198765710457,105.8798303247318,515.515
278,6,38,12.314340153686395,111.73651263234264,515.605
279,6,39,5.190682941360761,117.28329559693165,516.055
280,7,0,-5.559154571610024,134.42032218676368,517.478
281,7,1,-12.673776297437378,139.9744817556563,518.887
282,7,2,-19.665255262058103,145.84482444160716,520.572
283,7,3,-26.4480343814945,152.2427992409415,522.405
284,7,4,-32.91041957224936,159.42247553040548,524.229
285,7,5,-38.89953583277215,167.6891491055203,525.872
286,7,6,-44.20337921386757,177.3831682926277,527.161
287,7,7,-48.53704203468687,-171.20064498047222,527.944
288,7,8,-51.55490989303823,-158.00663195697518,528.101
289,7,9,-52.92344416118242,-143.48523997017787,527.558
290,7,10,-52.45636508988568,-128.65719981040368,526.298
291,7,11,-50.217835476211114,-114.69924378861907,524.362
292,7,12,-46.484413094747126,-102.36851886488746,521.847
293,7,13,-41.608873801030285,-91.83350531546556,518.9
294,7,14,-35.91096265577098,-82.88734403115036,515.708
295,7,15,-29.638735054151155,-75.19605925209576,512.478
296,7,16,-22.973037329919823,-68.43160382265522,509.421
297,7,17,-16.044913492492842,-62.31387851515567,506.737
298,7,18,-8.952357973439685,-56.61108378463981,504.592
299,7,19,-1.7734862589156082,-51.12660580565965,503.111
300,7,20,5.423546715168121,-45.68315335792917,502.36
301,7,21,12.572371893924783,-40.10698691953076,502.349
302,7,22,19.600467502685945,-34.21234925070217,503.027
303,7,23,26.420226973836087,-27.78541274173968,504.29
304,7,24,32.91740002558111,-20.568962713784366,505.993
305,7,25,38.93588268444038,-12.253770036126722,507.964
306,7,26,44.25937651977792,-2.4957109953612853,510.02
307,7,27,48.597902435286265,9.001030755238842,511.987
308,7,28,51.601095632205855,22.28404541248937,513.715
309,7,29,52.93428708648981,36.881986744409595,515.092
310,7,30,52.41691733233427,51.75001424667964,516.054
311,7,31,50.12406380909601,65.70422732479909,516.59
312,7,32,46.34229734868667,78.00095156684237,516.739
313,7,33,41.429772580614205,88.4900867356093,516.586
314,7,34,35.70767573550389,97.39045843172872,516.25
315,7,35,29.423488472647374,105.0410694342759,515.867
316,7,36,22.756897701182062,111.77087531405697,515.581
317,7,37,15.837615543635664,117.85925812888215,515.519
318,7,38,8.762338695635345,123.53671627267184,515.781
319,7,39,1.6078313330977618,128.99844972171587,516.43
320,8,0,-1.9781053862359674,140.70370007220356,516.905
321,8,1,-9.127201424681903,146.16983216307307,518.141
322,8,2,-16.18979205007257,151.8577541566712,519.702
323,8,3,-23.088943932587647,157.96313731234056,521.479
324,8,4,-29.727664117144723,164.7170469297026,523.329
325,8,5,-35.97578456608899,172.39900167035097,525.084
326,8,6,-41.65315050232489,-178.66337796951987,526.571
327,8,7,-46.51213341749362,-168.13623962821097,527.625
328,8,8,-50.232974590506444,-155.81232440308187,528.107
329,8,9,-52.46217075068019,-141.8589855891762,527.919
330,8,10,-52.921559028971494,-127.0319426370208,527.017
331,8,11,-51.544767062120755,-112.5076136688804,525.41
332,8,12,-48.51608359921868,-99.30770619212964,523.168
333,8,13,-44.16788272075102,-87.88405771093241,520.417
334,8,14,-38.84546464020775,-78.18185595719933,517.322
335,8,15,-32.833952189396484,-69.90627581540683,514.084
336,8,16,-26.345926468497396,-62.716716242213856,510.915
337,8,17,-19.535056488552026,-56.30739649866812,508.021
338,8,18,-12.513968653879298,-50.42354028344439,505.588
339,8,19,-5.36932056268692,-44.852899468084516,503.763
340,8,20,1.8268645074443752,-39.41050569967539,502.642
341,8,21,9.008278439721872,-33.92279704121782,502.264
342,8,22,16.106513261069896,-28.211990498805534,502.608
343,8,23,23.042746240588972,-22.08031452992623,503.594
344,8,24,29.717712531524015,-15.293978589479547,505.097
345,8,25,35.99836517148505,-7.569919147692642,506.957
346,8,26,41.70084912839368,1.4236102455685282,508.993
347,8,27,46.5727479312829,12.023311769567675,511.025
348,8,28,50.28913923605146,24.43380988771045,512.889
349,8,29,52.49308418686367,38.47320567006371,514.452
350,8,30,52.90849970727843,53.36087338129213,515.626
351,8,31,51.477943906375934,67.90268763370777,516.374
352,8,32,48.39694119443156,81.08131224100477,516.708
353,8,33,44.005703294003645,92.46299603994144,516.693
354,8,34,38.65268938107331,102.11837684691407,516.432
355,8,35,32.62322036293408,110.35043502331527,516.055
356,8,36,26.128933066113383,117.5023534239923,515.704
357,8,37,19.322198765710457,123.87982399543827,515.515
358,8,38,12.314340153686395,129.7365063030491,515.605
359,8,39,5.190682941360761,135.2832892676381,516.055
360,9,0,-5.559154571610024,152.4203295178485,517.478
361,9,1,-12.673776297437378,157.9744890867411,518.887
362,9,2,-19.665255262058103,163.84483177269198,520.572
363,9,3,-26.4480343814945,170.24279291164797,522.405
364,9,4,-32.91041957224936,177.4224828614903,524.229
365,9,5,-38.89953583277215,-174.31083992092923,525.872
366,9,6,-44.20337921386757,-164.61683439420017,527.161
367,9,7,-48.53704203468687,-153.20063764938743,527.944
368,9,8,-51.55490989303823,-140.00663828626872,528.101
369,9,9,-52.92344416118242,-125.48524629947143,527.558
370,9,10,-52.45636508988568,-110.65719930950804,526.298
371,9,11,-50.217835476211114,-96.69923645753427,524.362
372,9,12,-46.484413094747126,-84.36851836399183,521.847
373,9,13,-41.608873801030285,-73.83350481456992,518.9
374,9,14,-35.91096265577098,-64.88734353025474,515.708
375,9,15,-29.638735054151155,-57.196058751200134,512.478
376,9,16,-22.973037329919823,-50.43160332175959,509.421
377,9,17,-16.044913492492842,-44.31388142935462,506.737
378,9,18,-8.952357973439685,-38.61108328374418,504.592
379,9,19,-1.7734862589156082,-33.12660530476402,503.111
380,9,20,5.423546715168121,-27.68315285703354,502.36
381,9,21,12.572371893924783,-22.106988126182422,502.349
382,9,22,19.600467502685945,-16.212348749806537,503.027
383,9,23,26.420226973836087,-9.785412240844046,504.29
384,9,24,32.91740002558111,-2.5689622128887333,505.993
385,9,25,38.93588268444038,5.746230037882088,507.964
386,9,26,44.25937651977792,15.504288651760701,510.02
387,9,27,48.597902435286265,27.00103210990812,511.987
388,9,28,51.601095632205855,40.28404591338501,513.715
389,9,29,52.93428708648981,54.88198724530523,515.092
390,9,30,52.41691733233427,69.75001474757528,516.054
391,9,31,50.12406380909601,83.70422782569473,516.59
392,9,32,46.34229734868667,96.00095206773801,516.739
393,9,33,41.429772580614205,106.49008723650493,516.586
394,9,34,35.70767573550389,115.39045893262436,516.25
395,9,35,29.423488472647374,123.04106310498236,515.867
396,9,36,22.756897701182062,129.7708758149526,515.581
397,9,37,15.837615543635664,135.8592517995886,515.519
398,9,38,8.762338695635345,141.5367099433783,515.781
399,9,39,1.6078313330977618,146.99845705280066,516.43
400,10,0,-1.9781053862359674,158.70370740328835,516.905
401,10,1,-9.127201424681903,164.16983949415786,518.141
402,10,2,-16.18979205007257,169.85776148775602,519.702
403,10,3,-23.088943932587647,175.96314464342535,521.479
404,10,4,-29.727664117144723,-177.28295575712525,523.329
405,10,5,-35.97578456608899,-169.6010010164769,525.084
406,10,6,-41.65315050232489,-160.66337063843505,526.571
407,10,7,-46.51213341749362,-150.1362459575045,527.625
408,10,8,-50.232974590506444,-137.81233073237541,528.107
409,10,9,-52.46217075068019,-123.85897825809138,527.919
410,10,10,-52.921559028971494,-109.03194213612518,527.017
411,10,11,-51.544767062120755,-94.50761316798476,525.41
412,10,12,-48.51608359921868,-81.307705691234,523.168
413,10,13,-44.16788272075102,-69.88405721003677,520.417
414,10,14,-38.84546464020775,-60.1818554563037,517.322
415,10,15,-32.833952189396484,-51.90627531451119,514.084
416,10,16,-26.345926468497396,-44.71671915641281,510.915
417,10,17,-19.535056488552026,-38.30739599777248,508.021
418,10,18,-12.513968653879298,-32.42353978254876,505.588
419,10,19,-5.36932056268692,-26.852897259641594,503.763
420,10,20,1.8268645074443752,-21.41050349123247,502.642
421,10,21,9.008278439721872,-15.922798247869478,502.264
422,10,22,16.106513261069896,-10.2119899979099,502.608
423,10,23,23.042746240588972,-4.0803131752569515,503.594
424,10,24,29.717712531524015,2.7060225517463214,505.097
425,10,25,35.99836517148505,10.430081353202992,506.957
426,10,26,41.70084912839368,19.42360999941222,508.993
427,10,27,46.5727479312829,30.023312270463308,511.025
428,10,28,50.28913923605146,42.433810388606084,512.889
429,10,29,52.49308418686367,56.473206170959344,514.452
430,10,30,52.90849970727843,71.36087388218776,515.626
431,10,31,51.477943906375934,85.90268813460341,516.374
432,10,32,48.39694119443156,99.0813127419004,516.708
433,10,33,44.005703294003645,110.46299654083708,516.693
434,10,34,38.65268938107331,120.11837051762055,516.432
435,10,35,32.62322036293408,128.35042869402173,516.055
436,10,36,26.128933066113383,135.5023607550771,515.704
437,10,37,19.322198765710457,141.87983132652306,515.515
438,10,38,12.314340153686395,147.7365136341339,515.605
439,10,39,5.190682941360761,153.28329659872293,516.055
440,11,0,-5.559154571610024,170.42032318855496,517.478
441,11,1,-12.673776297437378,175.9744827574476,518.887
442,11,2,-19.665255262058103,-178.15517091413588,520.572
443,11,3,-26.4480343814945,-171.7572097751799,522.405
444,11,4,-32.91041957224936,-164.5775198253376,524.229
445,11,5,-38.89953583277215,-156.31084625022277,525.872
446,11,6,-44.20337921386757,-146.6168407234937,527.161
447,11,7,-48.53704203468687,-135.20064397868097,527.944
448,11,8,-51.55490989303823,-122.00663095518392,528.101
449,11,9,-52.92344416118242,-107.48524579857579,527.558
450,11,10,-52.45636508988568,-92.65719880861242,526.298
451,11,11,-50.217835476211114,-78.69923595663863,524.362
452,11,12,-46.484413094747126,-66.36851786309619,521.847
453,11,13,-41.608873801030285,-55.83350431367429,518.9
454,11,14,-35.91096265577098,-46.8873430293591,515.708
455,11,15,-29.638735054151155,-39.1960582503045,512.478
456,11,16,-22.973037329919823,-32.43160282086396,509.421
457,11,17,-16.044913492492842,-26.313879220911698,506.737
458,11,18,-8.952357973439685,-20.61108107530125,504.592
459,11,19,-1.7734862589156082,-15.126604803868384,503.111
460,11,20,5.423546715168121,-9.683152356137906,502.36
461,11,21,12.572371893924783,-4.106987198399967,502.349
462,11,22,19.600467502685945,1.7876518578108032,503.027
463,11,23,26.420226973836087,8.214588260051588,504.29
464,11,24,32.91740002558111,15.4310382880069,505.993
465,11,25,38.93588268444038,23.7462301118909,507.964
466,11,26,44.25937651977792,33.504290860203625,510.02
467,11,27,48.597902435286265,45.001032610803755,511.987
468,11,28,51.601095632205855,58.28404641428064,513.715
469,11,29,52.93428708648981,72.88198433110628,515.092
470,11,30,52.41691733233427,87.7500152484709,516.054
471,11,31,50.12406380909601,101.70422832659035,516.59
472,11,32,46.34229734868667,114.00095256863365,516.739
473,11,33,41.429772580614205,124.49008773740057,516.586
474,11,34,35.70767573550389,133.39045260333083,516.25
475,11,35,29.423488472647374,141.04107043606717,515.867
476,11,36,22.756897701182062,147.77086948565906,515.581
477,11,37,15.837615543635664,153.85925913067342,515.519
478,11,38,8.762338695635345,159.53671727446311,515.781
479,11,39,1.6078313330977618,164.99845072350712,516.43
480,12,0,-1.9781053862359674,176.7037010739948,516.905
481,12,1,-9.127201424681903,-177.83016319267,518.141
482,12,2,-16.18979205007257,-172.14224119907183,519.702
483,12,3,-23.088943932587647,-166.0368580434025,521.479
484,12,4,-29.727664117144723,-159.28294842604046,523.329
485,12,5,-35.97578456608899,-151.6009936853921,525.084
486,12,6,-41.65315050232489,-142.6633769677286,526.571
487,12,7,-46.51213341749362,-132.13623862641973,527.625
488,12,8,-50.232974590506444,-119.81232340129061,528.107
489,12,9,-52.46217075068019,-105.85898458738492,527.919
490,12,10,-52.921559028971494,-91.03194163522954,527.017
491,12,11,-51.544767062120755,-76.50761266708913,525.41
492,12,12,-48.51608359921868,-63.307705190338375,523.168
493,12,13,-44.16788272075102,-51.884060124235724,520.417
494,12,14,-38.84546464020775,-42.18185154031348,517.322
495,12,15,-32.833952189396484,-33.90627481361556,514.084
496,12,16,-26.345926468497396,-26.71671865551717,510.915
497,12,17,-19.535056488552026,-20.30739549687685,508.021
498,12,18,-12.513968653879298,-14.42353757410583,505.588
499,12,19,-5.36932056268692,-8.85289675874596,503.763
500,12,20,1.8268645074443752,-3.4105029903368345,502.642
501,12,21,9.008278439721872,2.0772026799129786,502.264
502,12,22,16.106513261069896,7.788010502985734,502.608
503,12,23,23.042746240588972,13.919687325638682,503.594
504,12,24,29.717712531524015,20.70602241231172,505.097
505,12,25,35.99836517148505,28.430081854098624,506.957
506,12,26,41.70084912839368,37.42361050030785,508.993
507,12,27,46.5727479312829,48.023312771358945,511.025
508,12,28,50.28913923605146,60.433814304596304,512.889
509,12,29,52.49308418686367,74.47320667185498,514.452
510,12,30,52.90849970727843,89.3608743830834,515.626
511,12,31,51.477943906375934,103.90268863549905,516.374
512,12,32,48.39694119443156,117.08131324279603,516.708
513,12,33,44.005703294003645,128.46300387192187,516.693
514,12,34,38.65268938107331,138.11837784870534,516.432
515,12,35,32.62322036293408,146.35043602510655,516.055
516,12,36,26.128933066113383,153.50235442578358,515.704
517,12,37,19.322198765710457,159.87982499722952,515.515
518,12,38,12.314340153686395,165.73650730484036,515.605
519,12,39,5.190682941360761,171.2832902694294,516.055
520,13,0,-5.559154571610024,-171.57966583789457,517.478
521,13,1,-12.673776297437378,-166.02550626900194,518.887
522,13,2,-19.665255262058103,-160.1551635830511,520.572
523,13,3,-26.4480343814945,-153.75720244409507,522.405
524,13,4,-32.91041957224936,-146.57751249425277,524.229
525,13,5,-38.89953583277215,-138.31083891913798,525.872
526,13,6,-44.20337921386757,-128.61683339240892,527.161
527,13,7,-48.53704203468687,-117.20063664759616,527.944
528,13,8,-51.55490989303823,-104.0066304542883,528.101
529,13,9,-52.92344416118242,-89.48523846749099,527.558
530,13,10,-52.45636508988568,-74.65719147752762,526.298
531,13,11,-50.217835476211114,-60.69922862555383,524.362
532,13,12,-46.484413094747126,-48.368510532011385,521.847
533,13,13,-41.608873801030285,-37.83349698258949,518.9
534,13,14,-35.91096265577098,-28.8873356982743,515.708
535,13,15,-29.638735054151155,-21.1960509192197,512.478
536,13,16,-22.973037329919823,-14.431595489779152,509.421
537,13,17,-16.044913492492842,-8.313871889826894,506.737
538,13,18,-8.952357973439685,-2.611073744216447,504.592
539,13,19,-1.7734862589156082,2.873402740659831,503.111
540,13,20,5.423546715168121,8.316854974946896,502.36
541,13,21,12.572371893924783,13.893019705798014,502.349
542,13,22,19.600467502685945,19.7876590821739,503.027
543,13,23,26.420226973836087,26.21459559113639,504.29
544,13,24,32.91740002558111,33.431047326638996,505.993
545,13,25,38.93588268444038,41.746239150522996,507.964
546,13,26,44.25937651977792,51.504298191288434,510.02
547,13,27,48.597902435286265,63.001036526793975,511.987
548,13,28,51.601095632205855,76.28405374536544,513.715
549,13,29,52.93428708648981,90.88199166219108,515.092
550,13,30,52.41691733233427,105.7500225795557,516.054
551,13,31,50.12406380909601,119.70424248786433,516.59
552,13,32,46.34229734868667,132.00095989971845,516.739
553,13,33,41.429772580614205,142.49009506848537,516.586
554,13,34,35.70767573550389,151.39045993441562,516.25
555,13,35,29.423488472647374,159.04107776715196,515.867
556,13,36,22.756897701182062,165.77087681674388,515.581
557,13,37,15.837615543635664,171.8592664617582,515.519
558,13,38,8.762338695635345,177.5367246055479,515.781
559,13,39,1.6078313330977618,-177.0015383029424,516.43
560,14,0,-1.9781053862359674,-165.29630161283305,516.905
561,14,1,-9.127201424681903,-159.83016952196354,518.141
562,14,2,-16.18979205007257,-154.14224752836537,519.702
563,14,3,-23.088943932587647,-148.03686437269604,521.479
564,14,4,-29.727664117144723,-141.282954755334,523.329
565,14,5,-35.97578456608899,-133.60100001468564,525.084
566,14,6,-41.65315050232489,-124.66338329702212,526.571
567,14,7,-46.51213341749362,-114.13625178590243,527.625
568,14,8,-50.232974590506444,-101.81232973058415,528.107
569,14,9,-52.46217075068019,-87.85899091667847,527.919
570,14,10,-52.921559028971494,-73.03194796452308,527.017
571,14,11,-51.544767062120755,-58.50761899638267,525.41
572,14,12,-48.51608359921868,-45.307711519631916,523.168
573,14,13,-44.16788272075102,-33.884066453529265,520.417
574,14,14,-38.84546464020775,-24.18185786960702,517.322
575,14,15,-32.833952189396484,-15.906282850456387,514.084
576,14,16,-26.345926468497396,-8.716724131037061,510.915
577,14,17,-19.535056488552026,-2.3074009723967412,508.021
578,14,18,-12.513968653879298,3.5764558831572226,505.588
579,14,19,-5.36932056268692,9.147096911960503,503.763
580,14,20,1.8268645074443752,14.589490680369629,502.642
581,14,21,9.008278439721872,20.077195923732617,502.264
582,14,22,16.106513261069896,25.788004173692197,502.608
583,14,23,23.042746240588972,31.9196801425715,503.594
584,14,24,29.717712531524015,38.706016083018184,505.097
585,14,25,35.99836517148505,46.43007552480509,506.957
586,14,26,41.70084912839368,55.42360417101432,508.993
587,14,27,46.5727479312829,66.0233064420654,511.025
588,14,28,50.28913923605146,78.43380797530277,512.889
589,14,29,52.49308418686367,92.47320034256144,514.452
590,14,30,52.90849970727843,107.36086805378986,515.626
591,14,31,51.477943906375934,121.90267547601634,516.374
592,14,32,48.39694119443156,135.0813069135025,516.708
593,14,33,44.005703294003645,146.46299754262836,516.693
594,14,34,38.65268938107331,156.11837151941182,516.432
595,14,35,32.62322036293408,164.350429695813,516.055
596,14,36,26.128933066113383,171.50234809649004,515.704
597,14,37,19.322198765710457,177.879818667936,515.515
598,14,38,12.314340153686395,-176.2634953819875,515.605
599,14,39,5.190682941360761,-170.7167124173985,516.055
600,15,0,-5.559154571610024,-153.5796721671881,517.478
601,15,1,-12.673776297437378,-148.02551259829548,518.887
602,15,2,-19.665255262058103,-142.15516991234463,520.572
603,15,3,-26.4480343814945,-135.7572087733886,522.405
604,15,4,-32.91041957224936,-128.5775188235463,524.229
605,15,5,-38.89953583277215,-120.3108452484315,525.872
606,15,6,-44.20337921386757,-110.61683289151327,527.161
607,15,7,-48.53704203468687,-99.20063614670052,527.944
608,15,8,-51.55490989303823,-86.00663678358183,528.101
609,15,9,-52.92344416118242,-71.48524479678453,527.558
610,15,10,-52.45636508988568,-56.65719780682115,526.298
611,15,11,-50.217835476211114,-42.69923495484736,524.362
612,15,12,-46.484413094747126,-30.368516861304922,521.847
613,15,13,-41.608873801030285,-19.83350501943032,518.9
614,15,14,-35.91096265577098,-10.887342027567835,515.708
615,15,15,-29.638735054151155,-3.1960563947395904,512.478
616,15,16,-22.973037329919823,3.568397540597077,509.421
617,15,17,-16.044913492492842,9.68612178087957,506.737
618,15,18,-8.952357973439685,15.388919926490017,504.592
619,15,19,-1.7734862589156082,20.873396197922883,503.111
620,15,20,5.423546715168121,26.31684864565336,502.36
621,15,21,12.572371893924783,31.89301508405177,502.349
622,15,22,19.600467502685945,37.78765275288036,503.027
623,15,23,26.420226973836087,44.21458755429556,504.29
624,15,24,32.91740002558111,51.43104099734546,505.993
625,15,25,38.93588268444038,59.746232821229455,507.964
626,15,26,44.25937651977792,69.5042918619949,510.02
627,15,27,48.597902435286265,81.00103019750044,511.987
628,15,28,51.601095632205855,94.2840474160719,513.715
629,15,29,52.93428708648981,108.88198533289754,515.092
630,15,30,52.41691733233427,123.750009420073,516.054
631,15,31,50.12406380909601,137.7042361585708,516.59
632,15,32,46.34229734868667,150.0009535704249,516.739
633,15,33,41.429772580614205,160.49008873919183,516.586
634,15,34,35.70767573550389,169.39045360512208,516.25
635,15,35,29.423488472647374,177.04107143785842,515.867
636,15,36,22.756897701182062,-176.229125870084,515.581
637,15,37,15.837615543635664,-170.14073622506965,515.519
638,15,38,8.762338695635345,-164.46329174165828,515.781
639,15,39,1.6078313330977618,-159.00154463223592,516.43
640,16,0,-1.9781053862359674,-147.29629428174823,516.905
641,16,1,-9.127201424681903,-141.83016219087872,518.141
642,16,2,-16.18979205007257,-136.1422401972806,519.702
643,16,3,-23.088943932587647,-130.03685704161123,521.479
644,16,4,-29.727664117144723,-123.28294742424919,523.329
645,16,5,-35.97578456608899,-115.60099268360084,525.084
646,16,6,-41.65315050232489,-106.66337596593732,526.571
647,16,7,-46.51213341749362,-96.13624445481763,527.625
648,16,8,-50.232974590506444,-83.81232239949935,528.107
649,16,9,-52.46217075068019,-69.85898358559366,527.919
650,16,10,-52.921559028971494,-55.031944048532864,527.017
651,16,11,-51.544767062120755,-40.507608250203276,525.41
652,16,12,-48.51608359921868,-27.30770248099982,523.168
653,16,13,-44.16788272075102,-15.884059122444459,520.417
654,16,14,-38.84546464020775,-6.181850965409039,517.322
655,16,15,-32.833952189396484,2.0937253344020625,514.084
656,16,16,-26.345926468497396,9.283283200047741,510.915
657,16,17,-19.535056488552026,15.692605504914416,508.021
658,16,18,-12.513968653879298,21.576463427685436,505.588
659,16,19,-5.36932056268692,27.14710424304531,503.763
660,16,20,1.8268645074443752,32.58949630390714,502.642
661,16,21,9.008278439721872,38.07720496236472,502.264
662,16,22,16.106513261069896,43.788011504777,502.608
663,16,23,23.042746240588972,49.9196874736563,503.594
664,16,24,29.717712531524015,56.70602341410299,505.097
665,16,25,35.99836517148505,64.43008285588989,506.957
666,16,26,41.70084912839368,73.42361150209912,508.993
667,16,27,46.5727479312829,84.0233137731502,511.025
668,16,28,50.28913923605146,96.43381530638757,512.889
669,16,29,52.49308418686367,110.47320767364624,514.452
670,16,30,52.90849970727843,125.3608685546855,515.626
671,16,31,51.477943906375934,139.90268280710114,516.374
672,16,32,48.39694119443156,153.0813142445873,516.708
673,16,33,44.005703294003645,164.46300487371315,516.693
674,16,34,38.65268938107331,174.1183788504966,516.432
675,16,35,32.62322036293408,-177.64955933063652,516.055
676,16,36,26.128933066113383,-170.4976409299595,515.704
677,16,37,19.322198765710457,-164.12017035851352,515.515
678,16,38,12.314340153686395,-158.2634880509027,515.605
679,16,39,5.190682941360761,-152.71670508631368,516.055
680,17,0,-5.559154571610024,-135.57967849648165,517.478
681,17,1,-12.673776297437378,-130.02551892758902,518.887
682,17,2,-19.665255262058103,-124.15517624163816,520.572
683,17,3,-26.4480343814945,-117.75721510268215,522.405
684,17,4,-32.91041957224936,-110.57752515283985,524.229
685,17,5,-38.89953583277215,-102.31085157772505,525.872
686,17,6,-44.20337921386757,-92.61683922080681,527.161
687,17,7,-48.53704203468687,-81.20064247599406,527.944
688,17,8,-51.55490989303823,-68.00664311287537,528.101
689,17,9,-52.92344416118242,-53.48525112607806,527.558
690,17,10,-52.45636508988568,-38.657204136114686,526.298
691,17,11,-50.217835476211114,-24.6992412841409,524.362
692,17,12,-46.484413094747126,-12.368521483051168,521.847
693,17,13,-41.608873801030285,-1.8335111352804438,518.9
694,17,14,-35.91096265577098,7.112651643138628,515.708
695,17,15,-29.638735054151155,14.803936422193226,512.478
696,17,16,-22.973037329919823,21.568391851633773,509.421
697,17,17,-16.044913492492842,27.686115451586033,506.737
698,17,18,-8.952357973439685,33.38891188964919,504.592
699,17,19,-1.7734862589156082,38.873389868629346,503.111
700,17,20,5.423546715168121,44.316842316359825,502.36
701,17,21,12.572371893924783,49.893008754758235,502.349
702,17,22,19.600467502685945,55.78764642358683,503.027
703,17,23,26.420226973836087,62.21458122500203,504.29
704,17,24,32.91740002558111,69.43103125295734,505.993
705,17,25,38.93588268444038,77.74622649193591,507.964
706,17,26,44.25937651977792,87.50428553270136,510.02
707,17,27,48.597902435286265,99.0010238682069,511.987
708,17,28,51.601095632205855,112.28404108677837,513.715
709,17,29,52.93428708648981,126.88197900360402,515.092
710,17,30,52.41691733233427,141.75000309077947,516.054
711,17,31,50.12406380909601,155.70422982927727,516.59
712,17,32,46.34229734868667,168.00094724113137,516.739
713,17,33,41.429772580614205,178.4900824098983,516.586
714,17,34,35.70767573550389,-172.60954908170578,516.25
715,17,35,29.423488472647374,-164.95893124896944,515.867
716,17,36,22.756897701182062,-158.22913219937752,515.581
717,17,37,15.837615543635664,-152.1407425543632,515.519
718,17,38,8.762338695635345,-146.46329807095182,515.781
719,17,39,1.6078313330977618,-141.00155096152946,516.43
720,18,0,-1.9781053862359674,-129.29630061104177,516.905
721,18,1,-9.127201424681903,-123.83016852017228,518.141
722,18,2,-16.18979205007257,-118.14224652657411,519.702
723,18,3,-23.088943932587647,-112.03686337090478,521.479
724,18,4,-29.727664117144723,-105.28296058373189,523.329
725,18,5,-35.97578456608899,-97.60100584308354,525.084
726,18,6,-41.65315050232489,-88.66338229523086,526.571
727,18,7,-46.51213341749362,-78.13625078411116,527.625
728,18,8,-50.232974590506444,-65.81232872879288,528.107
729,18,9,-52.46217075068019,-51.85898649979261,527.919
730,18,10,-52.921559028971494,-37.0319503778264,527.017
731,18,11,-51.544767062120755,-22.507614579496813,525.41
732,18,12,-48.51608359921868,-9.307708810293354,523.168
733,18,13,-44.16788272075102,2.1159347617054167,520.417
734,18,14,-38.84546464020775,11.818143132184249,517.322
735,18,15,-32.833952189396484,20.09371815133488,514.084
736,18,16,-26.345926468497396,27.283276016980558,510.915
737,18,17,-19.535056488552026,33.69259917562088,508.021
738,18,18,-12.513968653879298,39.57645539084461,505.588
739,18,19,-5.36932056268692,45.14709620620448,503.763
740,18,20,1.8268645074443752,50.589489974613606,502.642
741,18,21,9.008278439721872,56.07719863307118,502.264
742,18,22,16.106513261069896,61.78800176038888,502.608
743,18,23,23.042746240588972,67.91968114436277,503.594
744,18,24,29.717712531524015,74.70602049990404,505.097
745,18,25,35.99836517148505,82.43007652659635,506.957
746,18,26,41.70084912839368,91.42360517280558,508.993
747,18,27,46.5727479312829,102.02330744385667,511.025
748,18,28,50.28913923605146,114.43380897709403,512.889
749,18,29,52.49308418686367,128.47320817454187,514.452
750,18,30,52.90849970727843,143.36086222539194,515.626
751,18,31,51.477943906375934,157.9026764778076,516.374
752,18,32,48.39694119443156,171.08130791529376,516.708
753,18,33,44.005703294003645,-177.53701147349307,516.693
754,18,34,38.65268938107331,-167.8816374967096,516.432
755,18,35,32.62322036293408,-159.64956565993006,516.055
756,18,36,26.128933066113383,-152.49764725925303,515.704
757,18,37,19.322198765710457,-146.12017668780706,515.515
758,18,38,12.314340153686395,-140.26349438019622,515.605
759,18,39,5.190682941360761,-134.71671141560722,516.055
760,19,0,-5.559154571610024,-117.57967116539685,517.478
761,19,1,-12.673776297437378,-112.02551159650422,518.887
762,19,2,-19.665255262058103,-106.15516891055336,520.572
763,19,3,-26.4480343814945,-99.75720094140819,522.405
764,19,4,-32.91041957224936,-92.57751782175505,524.229
765,19,5,-38.89953583277215,-84.31084424664023,525.872
766,19,6,-44.20337921386757,-74.61683188972201,527.161
767,19,7,-48.53704203468687,-63.200635144909256,527.944
768,19,8,-51.55490989303823,-50.006635781790564,528.101
769,19,9,-52.92344416118242,-35.48524379499326,527.558
770,19,10,-52.45636508988568,-20.657196805029884,526.298
771,19,11,-50.217835476211114,-6.699234806829743,524.362
772,19,12,-46.484413094747126,5.631485848033636,521.847
773,19,13,-41.608873801030285,16.16649598236095,518.9
774,19,14,-35.91096265577098,25.112658974223432,515.708
775,19,15,-29.638735054151155,32.80394375327803,512.478
776,19,16,-22.973037329919823,39.56839918271858,509.421
777,19,17,-16.044913492492842,45.686121075123545,506.737
778,19,18,-8.952357973439685,51.38891922073399,504.592
779,19,19,-1.7734862589156082,56.87339719971415,503.111
780,19,20,5.423546715168121,62.31684964744463,502.36
781,19,21,12.572371893924783,67.89301608584303,502.349
782,19,22,19.600467502685945,73.78765375467164,503.027
783,19,23,26.420226973836087,80.21458855608682,504.29
784,19,24,32.91740002558111,87.43103858404214,505.993
785,19,25,38.93588268444038,95.74623382302073,507.964
786,19,26,44.25937651977792,105.50429286378616,510.02
787,19,27,48.597902435286265,117.0010311992917,511.987
788,19,28,51.601095632205855,130.284041587674,513.715
789,19,29,52.93428708648981,144.8819863346888,515.092
790,19,30,52.41691733233427,159.75001042186426,516.054
791,19,31,50.12406380909601,173.70423716036206,516.59
792,19,32,46.34229734868667,-173.99904178531816,516.739
793,19,33,41.429772580614205,-163.50990661655123,516.586
794,19,34,35.70767573550389,-154.60954175062096,516.25
795,19,35,29.423488472647374,-146.95892391788462,515.867
796,19,36,22.756897701182062,-140.22912486829273,515.581
797,19,37,15.837615543635664,-134.14073522327837,515.519
798,19,38,8.762338695635345,-128.46329073986703,515.781
799,19,39,1.6078313330977618,-123.00154363044467,516.43
800,20,0,-1.9781053862359674,-111.29629327995697,516.905
801,20,1,-9.127201424681903,-105.83016118908746,518.141
802,20,2,-16.18979205007257,-100.14223919548931,519.702
803,20,3,-23.088943932587647,-94.03685603981997,521.479
804,20,4,-29.727664117144723,-87.28295325264709,523.329
805,20,5,-35.97578456608899,-79.60099851199874,525.084
806,20,6,-41.65315050232489,-70.66337496414606,526.571
807,20,7,-46.51213341749362,-60.13624345302635,527.625
808,20,8,-50.232974590506444,-47.812324812802665,528.107
809,20,9,-52.46217075068019,-33.858979168707805,527.919
810,20,10,-52.921559028971494,-19.031943046741596,527.017
811,20,11,-51.544767062120755,-4.507608102185657,525.41
812,20,12,-48.51608359921868,8.69229852079145,523.168
813,20,13,-44.16788272075102,20.11594187934681,520.417
814,20,14,-38.84546464020775,29.818150463269053,517.322
815,20,15,-32.833952189396484,38.09372718996698,514.084
816,20,16,-26.345926468497396,45.28328334806536,510.915
817,20,17,-19.535056488552026,51.69260650670568,508.021
818,20,18,-12.513968653879298,57.576466137024,505.588
819,20,19,-5.36932056268692,63.147106952383865,503.763
820,20,20,1.8268645074443752,68.5894973056984,502.642
821,20,21,9.008278439721872,74.07720596415598,502.264
822,20,22,16.106513261069896,79.78800909147368,502.608
823,20,23,23.042746240588972,85.91968847544757,503.594
824,20,24,29.717712531524015,92.70602783098884,505.097
825,20,25,35.99836517148505,100.43008385768115,506.957
826,20,26,41.70084912839368,109.42361250389038,508.993
827,20,27,46.5727479312829,120.02332160513065,511.025
828,20,28,50.28913923605146,132.43381630817885,512.889
829,20,29,52.49308418686367,146.47321550562668,514.452
830,20,30,52.90849970727843,161.36086955647676,515.626
831,20,31,51.477943906375934,175.9026838088924,516.374
832,20,32,48.39694119443156,-170.91868111115576,516.708
833,20,33,44.005703294003645,-159.53700414240825,516.693
834,20,34,38.65268938107331,-149.88163016562478,516.432
835,20,35,32.62322036293408,-141.64955832884525,516.055
836,20,36,26.128933066113383,-134.49763992816824,515.704
837,20,37,19.322198765710457,-128.12016935672227,515.515
838,20,38,12.314340153686395,-122.26348704911143,515.605
839,20,39,5.190682941360761,-116.71670408452242,516.055
840,21,0,-5.559154571610024,-99.57967749469039,517.478
841,21,1,-12.673776297437378,-94.02551792579776,518.887
842,21,2,-19.665255262058103,-88.1551752398469,520.572
843,21,3,-26.4480343814945,-81.75720727070171,522.405
844,21,4,-32.91041957224936,-74.57752415104858,524.229
845,21,5,-38.89953583277215,-66.31085057593377,525.872
846,21,6,-44.20337921386757,-56.61683821901555,527.161
847,21,7,-48.53704203468687,-45.20064488929738,527.944
848,21,8,-51.55490989303823,-32.006642111084105,528.101
849,21,9,-52.92344416118242,-17.4852484167395,527.558
850,21,10,-52.45636508988568,-2.6572037746536554,526.298
851,21,11,-50.217835476211114,11.300758863876721,524.362
852,21,12,-46.484413094747126,23.6314795187401,521.847
853,21,13,-41.608873801030285,34.16649136061471,518.9
854,21,14,-35.91096265577098,43.112652644929895,515.708
855,21,15,-29.638735054151155,50.80393742398449,512.478
856,21,16,-22.973037329919823,57.56839285342504,509.421
857,21,17,-16.044913492492842,63.68611816092459,506.737
858,21,18,-8.952357973439685,69.38891630653504,504.592
859,21,19,-1.7734862589156082,74.8733942855152,503.111
860,21,20,5.423546715168121,80.31684331815109,502.36
861,21,21,12.572371893924783,85.8930097565495,502.349
862,21,22,19.600467502685945,91.7876474253781,503.027
863,21,23,26.420226973836087,98.2145822267933,504.29
864,21,24,32.91740002558111,105.4310322547486,505.993
865,21,25,38.93588268444038,113.74622749372719,507.964
866,21,26,44.25937651977792,123.50428653449262,510.02
867,21,27,48.597902435286265,135.00102486999816,511.987
868,21,28,51.601095632205855,148.28403525838047,513.715
869,21,29,52.93428708648981,162.88198000539526,515.092
870,21,30,52.41691733233427,177.75000409257072,516.054
871,21,31,50.12406380909601,-168.29577918684416,516.59
872,21,32,46.34229734868667,-155.9990481146117,516.739
873,21,33,41.429772580614205,-145.50991294584477,516.586
874,21,34,35.70767573550389,-136.6095480799145,516.25
875,21,35,29.423488472647374,-128.95893024717816,515.867
876,21,36,22.756897701182062,-122.22913119758627,515.581
877,21,37,15.837615543635664,-116.14074155257192,515.519
878,21,38,8.762338695635345,-110.46329023897138,515.781
879,21,39,1.6078313330977618,-105.0015499597382,516.43
880,22,0,-1.9781053862359674,-93.29629960925051,516.905
881,22,1,-9.127201424681903,-87.830167518381,518.141
882,22,2,-16.18979205007257,-82.14224552478285,519.702
883,22,3,-23.088943932587647,-76.0368623691135,521.479
884,22,4,-29.727664117144723,-69.28295958194063,523.329
885,22,5,-35.97578456608899,-61.60100484129227,525.084
886,22,6,-41.65315050232489,-52.66337787834501,526.571
887,22,7,-46.51213341749362,-42.136246367225304,527.625
888,22,8,-50.232974590506444,-29.812331142096202,528.107
889,22,9,-52.46217075068019,-15.858985498001342,527.919
890,22,10,-52.921559028971494,-1.0319492693134258,527.017
891,22,11,-51.544767062120755,13.492385568520808,525.41
892,22,12,-48.51608359921868,26.692292191497913,523.168
893,22,13,-44.16788272075102,38.11593555005327,520.417
894,22,14,-38.84546464020775,47.818144133975515,517.322
895,22,15,-32.833952189396484,56.093720860673436,514.084
896,22,16,-26.345926468497396,63.28328043386641,510.915
897,22,17,-19.535056488552026,69.69260017741215,508.021
898,22,18,-12.513968653879298,75.57645980773046,505.588
899,22,19,-5.36932056268692,81.14710062309032,503.763
900,22,20,1.8268645074443752,86.58949097640487,502.642
901,22,21,9.008278439721872,92.07719963486244,502.264
902,22,22,16.106513261069896,97.78800276218014,502.608
903,22,23,23.042746240588972,103.91968214615403,503.594
904,22,24,29.717712531524015,110.7060215016953,505.097
905,22,25,35.99836517148505,118.43008435857679,506.957
906,22,26,41.70084912839368,127.42361300478602,508.993
907,22,27,46.5727479312829,138.02331527583712,511.025
908,22,28,50.28913923605146,150.4338099788853,512.889
909,22,29,52.49308418686367,164.47320917633314,514.452
910,22,30,52.90849970727843,179.36086322718322,515.626
911,22,31,51.477943906375934,-166.09731887793546,516.374
912,22,32,48.39694119443156,-152.9186874404493,516.708
913,22,33,44.005703294003645,-141.5370104717018,516.693
914,22,34,38.65268938107331,-131.88163649491833,516.432
915,22,35,32.62322036293408,-123.6495646581388,516.055
916,22,36,26.128933066113383,-116.49764625746177,515.704
917,22,37,19.322198765710457,-110.1201756860158,515.515
918,22,38,12.314340153686395,-104.26349337840496,515.605
919,22,39,5.190682941360761,-98.71671041381595,516.055
920,23,0,-5.559154571610024,-81.57967016360558,517.478
921,23,1,-12.673776297437378,-76.02551059471296,518.887
922,23,2,-19.665255262058103,-70.1551679087621,520.572
923,23,3,-26.4480343814945,-63.75719993961692,522.405
924,23,4,-32.91041957224936,-56.577520235058365,524.229
925,23,5,-38.89953583277215,-48.310839829754386,525.872
926,23,6,-44.20337921386757,-38.61683088793074,527.161
927,23,7,-48.53704203468687,-27.200637558212573,527.944
928,23,8,-51.55490989303823,-14.006633072452006,528.101
929,23,9,-52.92344416118242,0.5147582740150688,527.558
930,23,10,-52.45636508988568,15.342804196761383,526.298
931,23,11,-50.217835476211114,29.30076704873517,524.362
932,23,12,-46.484413094747126,41.63148514227761,521.847
933,23,13,-41.608873801030285,52.16649869169951,518.9
934,23,14,-35.91096265577098,61.1126599760147,515.708
935,23,15,-29.638735054151155,68.8039447550693,512.478
936,23,16,-22.973037329919823,75.56840018450984,509.421
937,23,17,-16.044913492492842,81.6861254920094,506.737
938,23,18,-8.952357973439685,87.38892363761984,504.592
939,23,19,-1.7734862589156082,92.8734016166,503.111
940,23,20,5.423546715168121,98.31685064923589,502.36
941,23,21,12.572371893924783,103.8930170876343,502.349
942,23,22,19.600467502685945,109.7876547564629,503.027
943,23,23,26.420226973836087,116.2145895578781,504.29
944,23,24,32.91740002558111,123.4310395858334,505.993
945,23,25,38.93588268444038,131.74623482481198,507.964
946,23,26,44.25937651977792,141.50429386557744,510.02
947,23,27,48.597902435286265,153.00103220108298,511.987
948,23,28,51.601095632205855,166.28404258946526,513.715
949,23,29,52.93428708648981,-179.11800902105423,515.092
950,23,30,52.41691733233427,-164.24998493387878,516.054
951,23,31,50.12406380909601,-150.29577185575934,516.59
952,23,32,46.34229734868667,-137.99904078352688,516.739
953,23,33,41.429772580614205,-127.50990561475996,516.586
954,23,34,35.70767573550389,-118.6095407488297,516.25
955,23,35,29.423488472647374,-110.95892974628254,515.867
956,23,36,22.756897701182062,-104.22912386650147,515.581
957,23,37,15.837615543635664,-98.14074105167629,515.519
958,23,38,8.762338695635345,-92.46328290788658,515.781
959,23,39,1.6078313330977618,-87.0015426286534,516.43
960,24,0,-1.9781053862359674,-75.29629227816571,516.905
961,24,1,-9.127201424681903,-69.8301601872962,518.141
962,24,2,-16.18979205007257,-64.14223819369805,519.702
963,24,3,-23.088943932587647,-58.036855038028705,521.479
964,24,4,-29.727664117144723,-51.282948835761246,523.329
965,24,5,-35.97578456608899,-43.60099751020746,525.084
966,24,6,-41.65315050232489,-34.66337054726021,526.571
967,24,7,-46.51213341749362,-24.136239036140505,527.625
968,24,8,-50.232974590506444,-11.81232295723775,528.107
969,24,9,-52.46217075068019,2.141021406196639,527.919
970,24,10,-52.921559028971494,16.968057955049673,527.017
971,24,11,-51.544767062120755,31.492393753379258,525.41
972,24,12,-48.51608359921868,44.692297815035424,523.168
973,24,13,-44.16788272075102,56.115942881138075,520.417
974,24,14,-38.84546464020775,65.81814804996573,517.322
975,24,15,-32.833952189396484,74.09372819175825,514.084
976,24,16,-26.345926468497396,81.28328776495121,510.915
977,24,17,-19.535056488552026,87.69260750849695,508.021
978,24,18,-12.513968653879298,93.57646713881526,505.588
979,24,19,-5.36932056268692,99.14710795417513,503.763
980,24,20,1.8268645074443752,104.58949830748968,502.642
981,24,21,9.008278439721872,110.07720696594725,502.264
982,24,22,16.106513261069896,115.78801692345412,502.608
983,24,23,23.042746240588972,121.91969630742801,503.594
984,24,24,29.717712531524015,128.70602200259094,505.097
985,24,25,35.99836517148505,136.4300916896616,506.957
986,24,26,41.70084912839368,145.42362033587082,508.993
987,24,27,46.5727479312829,156.0233226069219,511.025
988,24,28,50.28913923605146,168.4338173099701,512.889
989,24,29,52.49308418686367,-177.5267935104947,514.452
990,24,30,52.90849970727843,-162.6391257992663,515.626
991,24,31,51.477943906375934,-148.09731154685065,516.374
992,24,32,48.39694119443156,-134.9186801093645,516.708
993,24,33,44.005703294003645,-123.53700314061699,516.693
994,24,34,38.65268938107331,-113.88162233364434,516.432
995,24,35,32.62322036293408,-105.64956415724316,516.055
996,24,36,26.128933066113383,-98.49763892637696,515.704
997,24,37,19.322198765710457,-92.120168354931,515.515
998,24,38,12.314340153686395,-86.26348604732016,515.605
999,24,39,5.190682941360761,-80.71670308273114,516.055
1000,25,0,-5.559154571610024,-63.57967649289911,517.478
1001,25,1,-12.673776297437378,-58.02551692400648,518.887
1002,25,2,-19.665255262058103,-52.15517423805563,520.572
1003,25,3,-26.4480343814945,-45.75720626891045,522.405
1004,25,4,-32.91041957224936,-38.577526564351906,524.229
1005,25,5,-38.89953583277215,-30.31084615904792,525.872
1006,25,6,-44.20337921386757,-20.61683892477157,527.161
1007,25,7,-48.53704203468687,-9.20064388750611,527.944
1008,25,8,-51.55490989303823,3.9933601713676343,528.101
1009,25,9,-52.92344416118242,18.514752585051767,527.558
1010,25,10,-52.45636508988568,33.342797867467844,526.298
1011,25,11,-50.217835476211114,47.300760719441634,524.362
1012,25,12,-46.484413094747126,59.63147881298407,521.847
1013,25,13,-41.608873801030285,70.16649236240598,518.9
1014,25,14,-35.91096265577098,79.11265364672116,515.708
1015,25,15,-29.638735054151155,86.80393842577575,512.478
1016,25,16,-22.973037329919823,93.56839385521631,509.421
1017,25,17,-16.044913492492842,99.68611916271585,506.737
1018,25,18,-8.952357973439685,105.3889173083263,504.592
1019,25,19,-1.7734862589156082,110.87339528730647,503.111
1020,25,20,5.423546715168121,116.31683748975318,502.36
1021,25,21,12.572371893924783,121.8930039281516,502.349
1022,25,22,19.600467502685945,127.78764842716936,503.027
1023,25,23,26.420226973836087,134.21458322858456,504.29
1024,25,24,32.91740002558111,141.43103325653988,505.993
1025,25,25,38.93588268444038,149.74622849551847,507.964
1026,25,26,44.25937651977792,159.5042875362839,510.02
1027,25,27,48.597902435286265,171.00102587178944,511.987
1028,25,28,51.601095632205855,-175.7159600973626,513.715
1029,25,29,52.93428708648981,-161.11801535034778,515.092
1030,25,30,52.41691733233427,-146.24999126317232,516.054
1031,25,31,50.12406380909601,-132.29577818505288,516.59
1032,25,32,46.34229734868667,-119.99904711282042,516.739
1033,25,33,41.429772580614205,-109.50991877424266,516.586
1034,25,34,35.70767573550389,-100.60954707812324,516.25
1035,25,35,29.423488472647374,-92.95893607557608,515.867
1036,25,36,22.756897701182062,-86.229130195795,515.581
1037,25,37,15.837615543635664,-80.14074738096983,515.519
1038,25,38,8.762338695635345,-74.46328923718012,515.781
1039,25,39,1.6078313330977618,-69.00154895794694,516.43
1040,26,0,-1.9781053862359674,-57.296284947080906,516.905
1041,26,1,-9.127201424681903,-51.8301528562114,518.141
1042,26,2,-16.18979205007257,-46.14223427770783,519.702
1043,26,3,-23.088943932587647,-40.0368477069439,521.479
1044,26,4,-29.727664117144723,-33.28294150467644,523.329
1045,26,5,-35.97578456608899,-25.60098847157537,525.084
1046,26,6,-41.65315050232489,-16.663364923722696,526.571
1047,26,7,-46.51213341749362,-6.136232131942523,527.625
1048,26,8,-50.232974590506444,6.187684800733876,528.107
1049,26,9,-52.46217075068019,20.141029164168266,527.919
1050,26,10,-52.921559028971494,34.968065286134475,527.017
1051,26,11,-51.544767062120755,49.49240108446406,525.41
1052,26,12,-48.51608359921868,62.692305146120226,523.168
1053,26,13,-44.16788272075102,74.11595362731747,520.417
1054,26,14,-38.84546464020775,83.81815538105053,517.322
1055,26,15,-32.833952189396484,92.09373552284305,514.084
1056,26,16,-26.345926468497396,99.28329509603601,510.915
1057,26,17,-19.535056488552026,105.69261483958175,508.021
1058,26,18,-12.513968653879298,111.57647446990006,505.588
1059,26,19,-5.36932056268692,117.14711528525994,503.763
1060,26,20,1.8268645074443752,122.58950563857448,502.642
1061,26,21,9.008278439721872,128.07720746684288,502.264
1062,26,22,16.106513261069896,133.78802425453893,502.608
1063,26,23,23.042746240588972,139.9197036385128,503.594
1064,26,24,29.717712531524015,146.70602933367573,505.097
1065,26,25,35.99836517148505,154.4300990207464,506.957
1066,26,26,41.70084912839368,163.42362766695564,508.993
1067,26,27,46.5727479312829,174.02332993800673,511.025
1068,26,28,50.28913923605146,-173.56617171647943,512.889
1069,26,29,52.49308418686367,-159.52678617940992,514.452
1070,26,30,52.90849970727843,-144.6391184681815,515.626
1071,26,31,51.477943906375934,-130.09730421576586,516.374
1072,26,32,48.39694119443156,-116.91867277827969,516.708
1073,26,33,44.005703294003645,-105.53698897934301,516.693
1074,26,34,38.65268938107331,-95.88161500255954,516.432
1075,26,35,32.62322036293408,-87.64955682615836,516.055
1076,26,36,26.128933066113383,-80.49763159529216,515.704
1077,26,37,19.322198765710457,-74.1201610238462,515.515
1078,26,38,12.314340153686395,-68.26347871623535,515.605
1079,26,39,5.190682941360761,-62.71669575164634,516.055
1080,27,0,-5.559154571610024,-45.579686237287234,517.478
1081,27,1,-12.673776297437378,-40.02552325330002,518.887
1082,27,2,-19.665255262058103,-34.15518056734916,520.572
1083,27,3,-26.4480343814945,-27.75721430575128,522.405
1084,27,4,-32.91041957224936,-20.57753289364544,524.229
1085,27,5,-38.89953583277215,-12.310852488341457,525.872
1086,27,6,-44.20337921386757,-2.616844613734873,527.161
1087,27,7,-48.53704203468687,8.799349783200352,527.944
1088,27,8,-51.55490989303823,21.99335426896092,528.101
1089,27,9,-52.92344416118242,36.514744548210935,527.558
1090,27,10,-52.45636508988568,51.34279153817431,526.298
1091,27,11,-50.217835476211114,65.3007543901481,524.362
1092,27,12,-46.484413094747126,77.63147248369053,521.847
1093,27,13,-41.608873801030285,88.16648603311243,518.9
1094,27,14,-35.91096265577098,97.11264731742763,515.708
1095,27,15,-29.638735054151155,104.80393209648223,512.478
1096,27,16,-22.973037329919823,111.56838752592277,509.421
1097,27,17,-16.044913492492842,117.68611283342233,506.737
1098,27,18,-8.952357973439685,123.38891097903277,504.592
1099,27,19,-1.7734862589156082,128.87338895801292,503.111
1100,27,20,5.423546715168121,134.31683116045966,502.36
1101,27,21,12.572371893924783,139.89299759885807,502.349
1102,27,22,19.600467502685945,145.78764209787582,503.027
1103,27,23,26.420226973836087,152.21457689929102,504.29
1104,27,24,32.91740002558111,159.43102692724634,505.993
1105,27,25,38.93588268444038,167.74622216622492,507.964
1106,27,26,44.25937651977792,177.50428120699036,510.02
1107,27,27,48.597902435286265,-170.99897681503842,511.987
1108,27,28,51.601095632205855,-157.71596642665614,513.715
1109,27,29,52.93428708648981,-143.11802167964132,515.092
1110,27,30,52.41691733233427,-128.24999759246586,516.054
1111,27,31,50.12406380909601,-114.29577768415724,516.59
1112,27,32,46.34229734868667,-101.99906027230313,516.739
1113,27,33,41.429772580614205,-91.5099251035362,516.586
1114,27,34,35.70767573550389,-82.60955340741678,516.25
1115,27,35,29.423488472647374,-74.9589424048696,515.867
1116,27,36,22.756897701182062,-68.22913652508853,515.581
1117,27,37,15.837615543635664,-62.14075371026336,515.519
1118,27,38,8.762338695635345,-56.463298981568244,515.781
1119,27,39,1.6078313330977618,-51.00155870233506,516.43
1120,28,0,-1.9781053862359674,-39.29630493675278,516.905
1121,28,1,-9.127201424681903,-33.830172845883276,518.141
1122,28,2,-16.18979205007257,-28.142254267379702,519.702
1123,28,3,-23.088943932587647,-22.03686769661578,521.479
1124,28,4,-29.727664117144723,-15.282961494348315,523.329
1125,28,5,-35.97578456608899,-7.601009315020894,525.084
1126,28,6,-41.65315050232489,1.3366154067705451,526.571
1127,28,7,-46.51213341749362,11.863748305272424,527.625
1128,28,8,-50.232974590506444,24.18766523794882,528.107
1129,28,9,-52.46217075068019,38.14100917449639,527.919
1130,28,10,-52.921559028971494,52.9680452964626,527.017
1131,28,11,-51.544767062120755,67.4923776796976,525.41
1132,28,12,-48.51608359921868,80.69228515644835,523.168
1133,28,13,-44.16788272075102,92.11593363764558,520.417
1134,28,14,-38.84546464020775,101.81813539137866,517.322
1135,28,15,-32.833952189396484,110.09371553317116,514.084
1136,28,16,-26.345926468497396,117.28326827617497,510.915
1137,28,17,-19.535056488552026,123.69259484990988,508.021
1138,28,18,-12.513968653879298,129.57644765003903,505.588
1139,28,19,-5.36932056268692,135.14709529558806,503.763
1140,28,20,1.8268645074443752,140.5894856489026,502.642
1141,28,21,9.008278439721872,146.077187477171,502.264
1142,28,22,16.106513261069896,151.78800426486706,502.608
1143,28,23,23.042746240588972,157.91968364884093,503.594
1144,28,24,29.717712531524015,164.70600934400386,505.097
1145,28,25,35.99836517148505,172.4300790310745,506.957
1146,28,26,41.70084912839368,-178.5764023406289,508.993
1147,28,27,46.5727479312829,-167.97670006957782,511.025
1148,28,28,50.28913923605146,-155.5661917061513,512.889
1149,28,29,52.49308418686367,-141.5268061690818,514.452
1150,28,30,52.90849970727843,-126.63913845785338,515.626
1151,28,31,51.477943906375934,-112.09732420543773,516.374
1152,28,32,48.39694119443156,-98.91869959814073,516.708
1153,28,33,44.005703294003645,-87.53700896901489,516.693
1154,28,34,38.65268938107331,-77.88163499223143,516.432
1155,28,35,32.62322036293408,-69.64957681583023,516.055
1156,28,36,26.128933066113383,-62.49765158496403,515.704
1157,28,37,19.322198765710457,-56.12017759842348,515.515
1158,28,38,12.314340153686395,-50.26349870590723,515.605
1159,28,39,5.190682941360761,-44.71671915641281,516.055
1160,29,0,-5.559154571610024,-27.57967890620243,517.478
1161,29,1,-12.673776297437378,-22.02551762976251,518.887
1162,29,2,-19.665255262058103,-16.155171528717066,520.572
1163,29,3,-26.4480343814945,-9.757206120892832,522.405
1164,29,4,-32.91041957224936,-2.5775253491172254,524.229
1165,29,5,-38.89953583277215,5.689154415856523,525.872
1166,29,6,-44.20337921386757,15.383162077019696,527.161
1167,29,7,-48.53704203468687,26.799357114285154,527.944
1168,29,8,-51.55490989303823,39.99335989249843,528.101
1169,29,9,-52.92344416118242,54.514751879295744,527.558
1170,29,10,-52.45636508988568,69.34279886925911,526.298
1171,29,11,-50.217835476211114,83.3007617212329,524.362
1172,29,12,-46.484413094747126,95.63147981477535,521.847
1173,29,13,-41.608873801030285,106.16649336419724,518.9
1174,29,14,-35.91096265577098,115.11264781832325,515.708
1175,29,15,-29.638735054151155,122.8039462577562,512.478
1176,29,16,-22.973037329919823,129.5683880268184,509.421
1177,29,17,-16.044913492492842,135.68612016450712,506.737
1178,29,18,-8.952357973439685,141.38891831011756,504.592
1179,29,19,-1.7734862589156082,146.87339628909774,503.111
1180,29,20,5.423546715168121,152.31683849154444,502.36
1181,29,21,12.572371893924783,157.89300492994286,502.349
1182,29,22,19.600467502685945,163.78764942896063,503.027
1183,29,23,26.420226973836087,170.21458423037583,504.29
1184,29,24,32.91740002558111,177.43103425833112,505.993
1185,29,25,38.93588268444038,-174.2537668602246,507.964
1186,29,26,44.25937651977792,-164.49570781945917,510.02
1187,29,27,48.597902435286265,-152.99896948395363,511.987
1188,29,28,51.601095632205855,-139.71595909557132,513.715
1189,29,29,52.93428708648981,-125.11801434855651,515.092
1190,29,30,52.41691733233427,-110.24999026138106,516.054
1191,29,31,50.12406380909601,-96.29577035307244,516.59
1192,29,32,46.34229734868667,-83.99905294121832,516.739
1193,29,33,41.429772580614205,-73.5099177724514,516.586
1194,29,34,35.70767573550389,-64.60954607633198,516.25
1195,29,35,29.423488472647374,-56.9589350737848,515.867
1196,29,36,22.756897701182062,-50.22912577890914,515.581
1197,29,37,15.837615543635664,-44.14074637917855,515.519
1198,29,38,8.762338695635345,-38.46329165048344,515.781
1199,29,39,1.6078313330977618,-33.00155137125025,516.43
1200,30,0,-1.9781053862359674,-21.296295898120686,516.905
1201,30,1,-9.127201424681903,-15.830165514798473,518.141
1202,30,2,-16.18979205007257,-10.142246082521252,519.702
1203,30,3,-23.088943932587647,-4.036860365530976,521.479
1204,30,4,-29.727664117144723,2.7170451964062527,523.329
1205,30,5,-35.97578456608899,10.39899801606391,525.084
1206,30,6,-41.65315050232489,19.336622417690233,526.571
1207,30,7,-46.51213341749362,29.863755636357226,527.625
1208,30,8,-50.232974590506444,42.18767086148633,528.107
1209,30,9,-52.46217075068019,56.14101650558119,527.919
1210,30,10,-52.921559028971494,70.96805604264199,527.017
1211,30,11,-51.544767062120755,85.4923850107824,525.41
1212,30,12,-48.51608359921868,98.69229248753315,523.168
1213,30,13,-44.16788272075102,110.11594096873038,520.417
1214,30,14,-38.84546464020775,119.81814272246346,517.322
1215,30,15,-32.833952189396484,128.09372286425597,514.084
1216,30,16,-26.345926468497396,135.28327560725978,510.915
1217,30,17,-19.535056488552026,141.69260218099467,508.021
1218,30,18,-12.513968653879298,147.57645498112382,505.588
1219,30,19,-5.36932056268692,153.14710262667288,503.763
1220,30,20,1.8268645074443752,158.5894929799874,502.642
1221,30,21,9.008278439721872,164.0771948082558,502.264
1222,30,22,16.106513261069896,169.78801159595184,502.608
1223,30,23,23.042746240588972,175.91969097992575,503.594
1224,30,24,29.717712531524015,-177.29397968244567,505.097
1225,30,25,35.99836517148505,-169.56992365575334,506.957
1226,30,26,41.70084912839368,-160.57639500954411,508.993
1227,30,27,46.5727479312829,-149.97669273849303,511.025
1228,30,28,50.28913923605146,-137.56618437506648,512.889
1229,30,29,52.49308418686367,-123.52679883799699,514.452
1230,30,30,52.90849970727843,-108.63913112676858,515.626
1231,30,31,51.477943906375934,-94.09731687435293,516.374
1232,30,32,48.39694119443156,-80.91869226705593,516.708
1233,30,33,44.005703294003645,-69.53700163793009,516.693
1234,30,34,38.65268938107331,-59.881627661146624,516.432
1235,30,35,32.62322036293408,-51.649569484745435,516.055
1236,30,36,26.128933066113383,-44.49764766897381,515.704
1237,30,37,19.322198765710457,-38.12017026733868,515.515
1238,30,38,12.314340153686395,-32.26349137482243,515.605
1239,30,39,5.190682941360761,-26.71671011778071,516.055
1240,31,0,-5.559154571610024,-9.57967157511763,517.478
1241,31,1,-12.673776297437378,-4.025509871790884,518.887
1242,31,2,-19.665255262058103,1.8448358023677365,520.572
1243,31,3,-26.4480343814945,8.242801210191972,522.405
1244,31,4,-32.91041957224936,15.422481768524166,524.229
1245,31,5,-38.89953583277215,23.689162173828148,525.872
1246,31,6,-44.20337921386757,33.38317111565179,527.161
1247,31,7,-48.53704203468687,44.79936444536996,527.944
1248,31,8,-51.55490989303823,57.993367223583235,528.101
1249,31,9,-52.92344416118242,72.51475921038055,527.558
1250,31,10,-52.45636508988568,87.34280620034392,526.298
1251,31,11,-50.217835476211114,101.3007690523177,524.362
1252,31,12,-46.484413094747126,113.63148714586015,521.847
1253,31,13,-41.608873801030285,124.16650069528204,518.9
1254,31,14,-35.91096265577098,133.11265514940806,515.708
1255,31,15,-29.638735054151155,140.803953588841,512.478
1256,31,16,-22.973037329919823,147.5683953579032,509.421
1257,31,17,-16.044913492492842,153.68612749559193,506.737
1258,31,18,-8.952357973439685,159.38892564120238,504.592
1259,31,19,-1.7734862589156082,164.87340362018253,503.111
1260,31,20,5.423546715168121,170.31684582262926,502.36
1261,31,21,12.572371893924783,175.89301226102768,502.349
1262,31,22,19.600467502685945,-178.2123395974889,503.027
1263,31,23,26.420226973836087,-171.7854047960737,504.29
1264,31,24,32.91740002558111,-164.56895476811837,505.993
1265,31,25,38.93588268444038,-156.2537595291398,507.964
1266,31,26,44.25937651977792,-146.49570048837435,510.02
1267,31,27,48.597902435286265,-134.9989621528688,511.987
1268,31,28,51.601095632205855,-121.71595176448652,513.715
1269,31,29,52.93428708648981,-107.11800701747171,515.092
1270,31,30,52.41691733233427,-92.24998293029626,516.054
1271,31,31,50.12406380909601,-78.29576302198764,516.59
1272,31,32,46.34229734868667,-65.99904561013352,516.739
1273,31,33,41.429772580614205,-55.5099104413666,516.586
1274,31,34,35.70767573550389,-46.60953533015259,516.25
1275,31,35,29.423488472647374,-38.9589277427,515.867
1276,31,36,22.756897701182062,-32.22911844782434,515.581
1277,31,37,15.837615543635664,-26.14073904809375,515.519
1278,31,38,8.762338695635345,-20.463282611851344,515.781
1279,31,39,1.6078313330977618,-15.001542332618158,516.43
1280,32,0,-1.9781053862359674,-3.296288780479293,516.905
1281,32,1,-9.127201424681903,2.169842243173154,518.141
1282,32,2,-16.18979205007257,7.85776124856355,519.702
1283,32,3,-23.088943932587647,13.963146965553827,521.479
1284,32,4,-29.727664117144723,20.71705316782129,523.329
1285,32,5,-35.97578456608899,28.399006200922358,525.084
1286,32,6,-41.65315050232489,37.33663145632233,526.571
1287,32,7,-46.51213341749362,47.86376296744203,527.625
1288,32,8,-50.232974590506444,60.18768160766572,528.107
1289,32,9,-52.46217075068019,74.14102042157141,527.919
1290,32,10,-52.921559028971494,88.96806337372679,527.017
1291,32,11,-51.544767062120755,103.4923923418672,525.41
1292,32,12,-48.51608359921868,116.69230664880713,523.168
1293,32,13,-44.16788272075102,128.1159482998152,520.417
1294,32,14,-38.84546464020775,137.81815005354827,517.322
1295,32,15,-32.833952189396484,146.09373019534078,514.084
1296,32,16,-26.345926468497396,153.28328293834457,510.915
1297,32,17,-19.535056488552026,159.69260951207949,508.021
1298,32,18,-12.513968653879298,165.57646231220863,505.588
1299,32,19,-5.36932056268692,171.14710995775766,503.763
1300,32,20,1.8268645074443752,176.58950031107221,502.642
1301,32,21,9.008278439721872,-177.92279421819373,502.264
1302,32,22,16.106513261069896,-172.211991090876,502.608
1303,32,23,23.042746240588972,-166.08031170690214,503.594
1304,32,24,29.717712531524015,-159.29397235136085,505.097
1305,32,25,35.99836517148505,-151.56991632466853,506.957
1306,32,26,41.70084912839368,-142.5763876784593,508.993
1307,32,27,46.5727479312829,-131.9766854074082,511.025
1308,32,28,50.28913923605146,-119.5661770439817,512.889
1309,32,29,52.49308418686367,-105.52678467672301,514.452
1310,32,30,52.90849970727843,-90.63912379568377,515.626
1311,32,31,51.477943906375934,-76.09730954326812,516.374
1312,32,32,48.39694119443156,-62.91868493597113,516.708
1313,32,33,44.005703294003645,-51.53699772193987,516.693
1314,32,34,38.65268938107331,-41.881620330061814,516.432
1315,32,35,32.62322036293408,-33.64956215366063,516.055
1316,32,36,26.128933066113383,-26.497640337889013,515.704
1317,32,37,19.322198765710457,-20.120164643801168,515.515
1318,32,38,12.314340153686395,-14.263482336190336,515.605
1319,32,39,5.190682941360761,-8.716703640469552,516.055
1320,33,0,-5.559154571610024,8.420335755967175,517.478
1321,33,1,-12.673776297437378,13.974497032407095,518.887
1322,33,2,-19.665255262058103,19.84484313345254,520.572
1323,33,3,-26.4480343814945,26.242807687503127,522.405
1324,33,4,-32.91041957224936,33.42248909960897,524.229
1325,33,5,-38.89953583277215,41.689169504912954,525.872
1326,33,6,-44.20337921386757,51.38317844673659,527.161
1327,33,7,-48.53704203468687,62.799375191549345,527.944
1328,33,8,-51.55490989303823,75.99337455466804,528.101
1329,33,9,-52.92344416118242,90.51476654146535,527.558
1330,33,10,-52.45636508988568,105.34281353142872,526.298
1331,33,11,-50.217835476211114,119.30076955321334,524.362
1332,33,12,-46.484413094747126,131.63150130713413,521.847
1333,33,13,-41.608873801030285,142.16650802636684,518.9
1334,33,14,-35.91096265577098,151.11266248049287,515.708
1335,33,15,-29.638735054151155,158.8039609199258,512.478
1336,33,16,-22.973037329919823,165.56840268898802,509.421
1337,33,17,-16.044913492492842,171.68613482667672,506.737
1338,33,18,-8.952357973439685,177.3889329722872,504.592
1339,33,19,-1.7734862589156082,-177.126585406267,503.111
1340,33,20,5.423546715168121,-171.68314320382026,502.36
1341,33,21,12.572371893924783,-166.10697676542185,502.349
1342,33,22,19.600467502685945,-160.2123322664041,503.027
1343,33,23,26.420226973836087,-153.7853974649889,504.29
1344,33,24,32.91740002558111,-146.5689474370336,505.993
1345,33,25,38.93588268444038,-138.253752198055,507.964
1346,33,26,44.25937651977792,-128.49569315728957,510.02
1347,33,27,48.597902435286265,-116.99895482178403,511.987
1348,33,28,51.601095632205855,-103.71594443340172,513.715
1349,33,29,52.93428708648981,-89.11799968638691,515.092
1350,33,30,52.41691733233427,-74.24997559921145,516.054
1351,33,31,50.12406380909601,-60.29575569090284,516.59
1352,33,32,46.34229734868667,-47.99903827904872,516.739
1353,33,33,41.429772580614205,-37.5099031102818,516.586
1354,33,34,35.70767573550389,-28.609527999067783,516.25
1355,33,35,29.423488472647374,-20.958920411615196,515.867
1356,33,36,22.756897701182062,-14.229111116739539,515.581
1357,33,37,15.837615543635664,-8.140730863235301,515.519
1358,33,38,8.762338695635345,-2.463275494209953,515.781
1359,33,39,1.6078313330977618,2.998464571579822,516.43
1360,34,0,-1.9781053862359674,14.703691443292243,516.905
1361,34,1,-9.127201424681903,20.169821826614456,518.141
1362,34,2,-16.18979205007257,25.857740405118026,519.702
1363,34,3,-23.088943932587647,31.963126975881952,521.479
1364,34,4,-29.727664117144723,38.717033178149414,523.329
1365,34,5,-35.97578456608899,46.39898450370319,525.084
1366,34,6,-41.65315050232489,55.33661146665045,526.571
1367,34,7,-46.51213341749362,65.86373956267556,527.625
1368,34,8,-50.232974590506444,78.18766161799384,528.107
1369,34,9,-52.46217075068019,92.14100043189953,527.919
1370,34,10,-52.921559028971494,106.96804338405491,527.017
1371,34,11,-51.544767062120755,121.49237235219533,525.41
1372,34,12,-48.51608359921868,134.69228665913525,523.168
1373,34,13,-44.16788272075102,146.11592831014332,520.417
1374,34,14,-38.84546464020775,155.8181300638764,517.322
1375,34,15,-32.833952189396484,164.0937102056689,514.084
1376,34,16,-26.345926468497396,171.2832629486727,510.915
1377,34,17,-19.535056488552026,177.69258952240762,508.021
1378,34,18,-12.513968653879298,-176.42355403499758,505.588
1379,34,19,-5.36932056268692,-170.85290638944855,503.763
1380,34,20,1.8268645074443752,-165.410516036134,502.642
1381,34,21,9.008278439721872,-159.9228142078656,502.264
1382,34,22,16.106513261069896,-154.21201108054788,502.608
1383,34,23,23.042746240588972,-148.080331696574,503.594
1384,34,24,29.717712531524015,-141.29399234103275,505.097
1385,34,25,35.99836517148505,-133.56993631434042,506.957
1386,34,26,41.70084912839368,-124.57640766813118,508.993
1387,34,27,46.5727479312829,-113.9767053970801,511.025
1388,34,28,50.28913923605146,-101.56620386384274,512.889
1389,34,29,52.49308418686367,-87.5268046663949,514.452
1390,34,30,52.90849970727843,-72.63914378535564,515.626
1391,34,31,51.477943906375934,-58.09732953294,516.374
1392,34,32,48.39694119443156,-44.918704925643006,516.708
1393,34,33,44.005703294003645,-33.537017711611746,516.693
1394,34,34,38.65268938107331,-23.881640319733695,516.432
1395,34,35,32.62322036293408,-15.649582143332506,516.055
1396,34,36,26.128933066113383,-8.497659473787243,515.704
1397,34,37,19.322198765710457,-2.120183993142811,515.515
1398,34,38,12.314340153686395,3.736497247250965,515.605
1399,34,39,5.190682941360761,9.283276369858571,516.055
1400,35,0,-5.559154571610024,26.420315766295296,517.478
1401,35,1,-12.673776297437378,31.97447875028251,518.887
1402,35,2,-19.665255262058103,37.84482143623337,520.572
1403,35,3,-26.4480343814945,44.242789405378545,522.405
1404,35,4,-32.91041957224936,51.42246910993709,524.229
1405,35,5,-38.89953583277215,59.68914610014649,525.872
1406,35,6,-44.20337921386757,69.38315845706472,527.161
1407,35,7,-48.53704203468687,80.79935520187747,527.944
1408,35,8,-51.55490989303823,93.99335456499617,528.101
1409,35,9,-52.92344416118242,108.51474655179346,527.558
1410,35,10,-52.45636508988568,123.34279354175685,526.298
1411,35,11,-50.217835476211114,137.30074956354147,524.362
1412,35,12,-46.484413094747126,149.63148131746223,521.847
1413,35,13,-41.608873801030285,160.16648803669497,518.9
1414,35,14,-35.91096265577098,169.112642490821,515.708
1415,35,15,-29.638735054151155,176.80394093025393,512.478
1416,35,16,-22.973037329919823,-176.4316136582182,509.421
1417,35,17,-16.044913492492842,-170.31388152052946,506.737
1418,35,18,-8.952357973439685,-164.61108337491902,504.592
1419,35,19,-1.7734862589156082,-159.12660539593887,503.111
1420,35,20,5.423546715168121,-153.68316319349213,502.36
1421,35,21,12.572371893924783,-148.10699675509375,502.349
1422,35,22,19.600467502685945,-142.21235225607597,503.027
1423,35,23,26.420226973836087,-135.78541745466077,504.29
1424,35,24,32.91740002558111,-128.56896742670546,505.993
1425,35,25,38.93588268444038,-120.25377218772688,507.964
1426,35,26,44.25937651977792,-110.49571997715061,510.02
1427,35,27,48.597902435286265,-98.9989748114559,511.987
1428,35,28,51.601095632205855,-85.7159644230736,513.715
1429,35,29,52.93428708648981,-71.1180196760588,515.092
1430,35,30,52.41691733233427,-56.24999217378875,516.054
1431,35,31,50.12406380909601,-42.29577568057471,516.59
1432,35,32,46.34229734868667,-29.999058268720592,516.739
1433,35,33,41.429772580614205,-19.50992139240638,516.586
1434,35,34,35.70767573550389,-10.609548842513307,516.25
1435,35,35,29.423488472647374,-2.9589399744002507,515.867
1436,35,36,22.756897701182062,3.7708684667017613,515.581
1437,35,37,15.837615543635664,9.859249147092822,515.519
1438,35,38,8.762338695635345,15.536704729561583,515.781
1439,35,39,1.6078313330977618,20.998445008794768,516.43
1440,36,0,-1.9781053862359674,32.703697066829754,516.905
1441,36,1,-9.127201424681903,38.169829157699255,518.141
1442,36,2,-16.18979205007257,43.85774773620283,519.702
1443,36,3,-23.088943932587647,49.96313430696675,521.479
1444,36,4,-29.727664117144723,56.71704050923422,523.329
1445,36,5,-35.97578456608899,64.39899183478799,525.084
1446,36,6,-41.65315050232489,73.33661538264067,526.571
1447,36,7,-46.51213341749362,83.86374689376036,527.625
1448,36,8,-50.232974590506444,96.18766894907864,528.107
1449,36,9,-52.46217075068019,110.14100776298434,527.919
1450,36,10,-52.921559028971494,124.96805071513971,527.017
1451,36,11,-51.544767062120755,139.49237968328012,525.41
1452,36,12,-48.51608359921868,152.69229399022007,523.168
1453,36,13,-44.16788272075102,164.11593564122813,520.417
1454,36,14,-38.84546464020775,173.81813739496118,517.322
1455,36,15,-32.833952189396484,-177.9062788207806,514.084
1456,36,16,-26.345926468497396,-170.71672607777683,510.915
1457,36,17,-19.535056488552026,-164.3073995040419,508.021
1458,36,18,-12.513968653879298,-158.42354670391276,505.588
1459,36,19,-5.36932056268692,-152.85289905836373,503.763
1460,36,20,1.8268645074443752,-147.41050870504918,502.642
1461,36,21,9.008278439721872,-141.92280687678078,502.264
1462,36,22,16.106513261069896,-136.2120037494631,502.608
1463,36,23,23.042746240588972,-130.0803243654892,503.594
1464,36,24,29.717712531524015,-123.29398500994793,505.097
1465,36,25,35.99836517148505,-115.56992898325561,506.957
1466,36,26,41.70084912839368,-106.57639350685722,508.993
1467,36,27,46.5727479312829,-95.9766980659953,511.025
1468,36,28,50.28913923605146,-83.56619653275794,512.889
1469,36,29,52.49308418686367,-69.52679733531009,514.452
1470,36,30,52.90849970727843,-54.63913303917626,515.626
1471,36,31,51.477943906375934,-40.09731878676061,516.374
1472,36,32,48.39694119443156,-26.918697594558203,516.708
1473,36,33,44.005703294003645,-15.537008672979647,516.693
1474,36,34,38.65268938107331,-5.8816329886488905,516.432
1475,36,35,32.62322036293408,2.3504254011957095,516.055
1476,36,36,26.128933066113383,9.502347857297561,515.704
1477,36,37,19.322198765710457,15.879822697611758,515.515
1478,36,38,12.314340153686395,21.73650500522259,515.605
1479,36,39,5.190682941360761,27.28328455471702,516.055
1480,37,0,-5.559154571610024,44.4203230973801,517.478
1481,37,1,-12.673776297437378,49.97448608136732,518.887
1482,37,2,-19.665255262058103,55.84482876731818,520.572
1483,37,3,-26.4480343814945,62.24279673646335,522.405
1484,37,4,-32.91041957224936,69.42247985611648,524.229
1485,37,5,-38.89953583277215,77.68915343123129,525.872
1486,37,6,-44.20337921386757,87.38316578814953,527.161
1487,37,7,-48.53704203468687,98.79936253296228,527.944
1488,37,8,-51.55490989303823,111.99336189608097,528.101
1489,37,9,-52.92344416118242,126.51476071306745,527.558
1490,37,10,-52.45636508988568,141.34280087284165,526.298
1491,37,11,-50.217835476211114,155.30075689462626,524.362
1492,37,12,-46.484413094747126,167.63148864854705,521.847
1493,37,13,-41.608873801030285,178.16649536777976,518.9
1494,37,14,-35.91096265577098,-172.88734653562852,515.708
1495,37,15,-29.638735054151155,-165.19606175657393,512.478
1496,37,16,-22.973037329919823,-158.43160632713338,509.421
1497,37,17,-16.044913492492842,-152.31387418944468,506.737
1498,37,18,-8.952357973439685,-146.61107604383423,504.592
1499,37,19,-1.7734862589156082,-141.12659806485405,503.111
1500,37,20,5.423546715168121,-135.68315586240735,502.36
1501,37,21,12.572371893924783,-130.10698942400893,502.349
1502,37,22,19.600467502685945,-124.21234492499117,503.027
1503,37,23,26.420226973836087,-117.78541012357597,504.29
1504,37,24,32.91740002558111,-110.56896009562065,505.993
1505,37,25,38.93588268444038,-102.25377168683124,507.964
1506,37,26,44.25937651977792,-92.49571264606581,510.02
1507,37,27,48.597902435286265,-80.99896748037109,511.987
1508,37,28,51.601095632205855,-67.7159570919888,513.715
1509,37,29,52.93428708648981,-53.118012344973984,515.092
1510,37,30,52.41691733233427,-38.249984842703945,516.054
1511,37,31,50.12406380909601,-24.2957700570372,516.59
1512,37,32,46.34229734868667,-11.99905093763579,516.739
1513,37,33,41.429772580614205,-1.509914701651811,516.586
1514,37,34,35.70767573550389,7.390458488571496,516.25
1515,37,35,29.423488472647374,15.04106692979773,515.867
1516,37,36,22.756897701182062,21.770876224673387,515.581
1517,37,37,15.837615543635664,27.85925562440398,515.519
1518,37,38,8.762338695635345,33.536710353099096,515.781
1519,37,39,1.6078313330977618,38.99845063233228,516.43
1520,38,0,-1.9781053862359674,50.70370439791456,516.905
1521,38,1,-9.127201424681903,56.169836488784064,518.141
1522,38,2,-16.18979205007257,61.857758482382216,519.702
1523,38,3,-23.088943932587647,67.96314163805155,521.479
1524,38,4,-29.727664117144723,74.71704442522443,523.329
1525,38,5,-35.97578456608899,82.3989991658728,525.084
1526,38,6,-41.65315050232489,91.33662271372548,526.571
1527,38,7,-46.51213341749362,101.86375422484518,527.625
1528,38,8,-50.232974590506444,114.18767628016346,528.107
1529,38,9,-52.46217075068019,128.14101509406913,527.919
1530,38,10,-52.921559028971494,142.9680580462245,527.017
1531,38,11,-51.544767062120755,157.49238701436494,525.41
1532,38,12,-48.51608359921868,170.69230132130485,523.168
1533,38,13,-44.16788272075102,-177.88406704559975,520.417
1534,38,14,-38.84546464020775,-168.18185163148834,517.322
1535,38,15,-32.833952189396484,-159.90627148969583,514.084
1536,38,16,-26.345926468497396,-152.716718746692,510.915
1537,38,17,-19.535056488552026,-146.30739217295712,508.021
1538,38,18,-12.513968653879298,-140.42353937282797,505.588
1539,38,19,-5.36932056268692,-134.85289172727894,503.763
1540,38,20,1.8268645074443752,-129.4105013739644,502.642
1541,38,21,9.008278439721872,-123.92279954569598,502.264
1542,38,22,16.106513261069896,-118.21199641837829,502.608
1543,38,23,23.042746240588972,-112.08031020421522,503.594
1544,38,24,29.717712531524015,-105.29397767886313,505.097
1545,38,25,35.99836517148505,-97.56991482198164,506.957
1546,38,26,41.70084912839368,-88.57638617577241,508.993
1547,38,27,46.5727479312829,-77.97669073491049,511.025
1548,38,28,50.28913923605146,-65.56618920167313,512.889
1549,38,29,52.49308418686367,-51.526793419319866,514.452
1550,38,30,52.90849970727843,-36.639125708091456,515.626
1551,38,31,51.477943906375934,-22.0973131632231,516.374
1552,38,32,48.39694119443156,-8.9186902634734,516.708
1553,38,33,44.005703294003645,2.4629978043315095,516.693
1554,38,34,38.65268938107331,12.118374342435914,516.432
1555,38,35,32.62322036293408,20.350432518837103,516.055
1556,38,36,26.128933066113383,27.502354334608718,515.704
1557,38,37,19.322198765710457,33.87983173624385,515.515
1558,38,38,12.314340153686395,39.7365106287601,515.605
1559,38,39,5.190682941360761,45.28329017825453,516.055
1560,39,0,-5.559154571610024,62.42033384355949,517.478
1561,39,1,-12.673776297437378,67.97449341245212,518.887
1562,39,2,-19.665255262058103,73.84483609840298,520.572
1563,39,3,-26.4480343814945,80.24280406754815,522.405
1564,39,4,-32.91041957224936,87.42248718720128,524.229
1565,39,5,-38.89953583277215,95.68916076231609,525.872
1566,39,6,-44.20337921386757,105.38317311923433,527.161
1567,39,7,-48.53704203468687,116.7993630338579,527.944
1568,39,8,-51.55490989303823,129.99337605735494,528.101
1569,39,9,-52.92344416118242,144.51476804415225,527.558
1570,39,10,-52.45636508988568,159.34280820392644,526.298
1571,39,11,-50.217835476211114,173.30076422571108,524.362
1572,39,12,-46.484413094747126,-174.3685140382808,521.847
1573,39,13,-41.608873801030285,-163.83349365866977,518.9
1574,39,14,-35.91096265577098,-154.88733920454374,515.708
1575,39,15,-29.638735054151155,-147.19605442548914,512.478
1576,39,16,-22.973037329919823,-140.4315989960486,509.421
1577,39,17,-16.044913492492842,-134.31386685835986,506.737
1578,39,18,-8.952357973439685,-128.61106871274941,504.592
1579,39,19,-1.7734862589156082,-123.12659073376926,503.111
1580,39,20,5.423546715168121,-117.68314853132254,502.36
1581,39,21,12.572371893924783,-112.10698209292413,502.349
1582,39,22,19.600467502685945,-106.21234442409553,503.027
1583,39,23,26.420226973836087,-99.78540279249117,504.29
1584,39,24,32.91740002558111,-92.56895276453585,505.993
1585,39,25,38.93588268444038,-84.25376435574644,507.964
1586,39,26,44.25937651977792,-74.49570531498101,510.02
1587,39,27,48.597902435286265,-62.99896014928629,511.987
1588,39,28,51.601095632205855,-49.71594634580941,513.715
1589,39,29,52.93428708648981,-35.11800501388918,515.092
1590,39,30,52.41691733233427,-20.24997921916643,516.054
1591,39,31,50.12406380909601,-6.295761872178749,516.59
1592,39,32,46.34229734868667,6.000956820335836,516.739
1593,39,33,41.429772580614205,16.49009326976323,516.586
1594,39,34,35.70767573550389,25.390466673429945,516.25
1595,39,35,29.423488472647374,33.04107426088253,515.867
1596,39,36,22.756897701182062,39.77088355575819,515.581
1597,39,37,15.837615543635664,45.85926295548878,515.519
1598,39,38,8.762338695635345,51.5367176841839,515.781
1599,39,39,1.6078313330977618,56.99845796341708,516.43
