0,0,0,-47.56594964415655,-175.7228176072893,522.547
1,0,1,-42.9506166521551,-164.73662225186385,519.694
2,0,2,-37.43718550128325,-155.41263539323108,516.546
3,0,3,-31.2927439088452,-147.4319828197997,513.304
4,0,4,-24.713898870099747,-140.4584279791084,510.182
5,0,5,-17.84273539525609,-134.19853228403502,507.383
6,0,6,-10.784346189978628,-128.40911367937048,505.085
7,0,7,-3.6208941611143834,-122.88600415044473,503.424
8,0,8,3.5777544728731714,-117.4484632314409,502.481
9,0,9,10.745486682469487,-111.92333196652082,502.282
10,0,10,17.81216176098382,-106.12944641813908,502.79
11,0,11,24.695009981950076,-99.86173015646605,503.914
12,0,12,31.28793545566951,-92.87536871108097,505.519
13,0,13,37.44722246426859,-84.8744236456255,507.437
14,0,14,42.97377099344144,-75.51934576589082,509.488
15,0,15,47.59689723128588,-64.48811214307833,511.493
16,0,16,50.97755058740246,-51.643589654127084,513.294
17,0,17,52.765455055490854,-37.30282543502535,514.769
18,0,18,52.726734713086046,-22.38513221220556,515.84
19,0,19,50.86858516447867,-8.10065472828025,516.484
20,0,20,47.43524714419919,4.657287002091431,516.727
21,0,21,42.77973556440514,15.599195837825322,516.642
22,0,22,37.23879241155648,24.87669472141971,516.34
23,0,23,31.079320987849812,32.815169169178944,515.957
24,0,24,24.496838873371328,39.752558158215045,515.634
25,0,25,17.63214017257709,45.981844360523,515.504
26,0,26,10.588965213675827,51.745038453869284,515.677
27,0,27,3.448197737149077,57.24486386791446,516.224
28,0,28,-3.7217214136421117,62.6606745400739,517.172
29,0,29,-10.856162214006726,68.164072143055,518.496
30,0,30,-17.886648388977395,73.93445501050272,520.122
31,0,31,-24.732379654446508,80.17467976076644,521.932
32,0,32,-31.2896464180566,87.12661705273467,523.776
33,0,33,-37.417791179135,95.08247603947889,525.483
34,0,34,-42.92168397083093,104.3777351224626,526.879
35,0,35,-47.53561335895794,115.33234768316589,527.806
36,0,36,-50.92558309310242,128.08849093935174,528.133
37,0,37,-52.743758959592306,142.3469616242386,527.774
38,0,38,-52.7524162243653,157.21357869244503,526.696
39,0,39,-50.948669132497066,171.49118756738622,524.926
40,1,0,-45.39017239348148,-161.00627345552638,521.17
41,1,1,-40.28769323440179,-150.88508057734805,518.145
42,1,2,-34.43005811540174,-142.2760779210322,514.923
43,1,3,-28.047685175679,-134.8388898394804,511.715
44,1,4,-21.307606691386226,-128.25555736645026,508.73
45,1,5,-14.331411982580697,-122.25851467139566,506.162
46,1,6,-7.211201881351804,-116.6259172100746,504.169
47,1,7,-0.02184023023230996,-111.16734613861631,502.86
48,1,8,7.169677746292711,-105.70779835010669,502.29
49,1,9,14.296222847976791,-100.07205217157826,502.452
50,1,10,21.28249891599726,-94.06901257043239,503.282
51,1,11,28.03561964651017,-87.47561922875481,504.666
52,1,12,34.43270139861053,-80.02225725924843,506.45
53,1,13,40.30469699034054,-71.38801022376022,508.457
54,1,14,45.41816250870019,-61.22903273909338,510.506
55,1,15,49.46536036553998,-49.28663139043367,512.427
56,1,16,52.089761516374416,-35.61598044589647,514.078
57,1,17,52.98041818414408,-20.840056337036756,515.358
58,1,18,52.014192303397394,-6.094344716196951,516.215
59,1,19,49.327523732994536,7.500912038960711,516.652
60,1,20,45.23785917499019,19.352640918841203,516.719
61,1,21,40.10145105120847,29.427207510650447,516.51
62,1,22,34.22264576087596,37.99144169205145,516.15
63,1,23,27.83109646200331,45.389421072672775,515.779
64,1,24,21.09260428914527,51.93948710935038,515.537
65,1,25,14.127403623582525,57.908297217470725,515.547
66,1,26,7.026331285521184,63.516292337401396,515.901
67,1,27,-0.13715885633223757,68.95254918084126,516.649
68,1,28,-7.297473146984588,74.39057504327617,517.791
69,1,29,-14.389050241439142,80.0039523522728,519.278
70,1,30,-21.33840913699569,85.98180904594884,521.013
71,1,31,-28.054803940341444,92.54466461184728,522.86
72,1,32,-34.418057473030025,99.95878031438276,524.658
73,1,33,-40.26259911939116,108.54106327066553,526.23
74,1,34,-45.35946044787851,118.63176618438892,527.41
75,1,35,-49.406159700908894,130.49032696098672,528.051
76,1,36,-52.05037181543095,144.07259525766395,528.042
77,1,37,-52.98080408983218,158.77894876718523,527.325
78,1,38,-52.06693502416823,173.4955475604615,525.894
79,1,39,-49.43392100479041,-172.8964170268463,523.806
80,2,0,-47.56594964415655,-157.7228239365828,522.547
81,2,1,-42.9506166521551,-146.73661492077906,519.694
82,2,2,-37.43718550128325,-137.41262806214627,516.546
83,2,3,-31.2927439088452,-129.4319754887149,513.304
84,2,4,-24.713898870099747,-122.45843430840193,510.182
85,2,5,-17.84273539525609,-116.19853861332857,507.383
86,2,6,-10.784346189978628,-110.40910634828568,505.085
87,2,7,-3.6208941611143834,-104.88599681935993,503.424
88,2,8,3.5777544728731714,-99.4484559003561,502.481
89,2,9,10.745486682469487,-93.9233314656252,502.282
90,2,10,17.81216176098382,-88.12944591724346,502.79
91,2,11,24.695009981950076,-81.86172965557043,503.914
92,2,12,31.28793545566951,-74.87536821018533,505.519
93,2,13,37.44722246426859,-66.87442314472986,507.437
94,2,14,42.97377099344144,-57.51934526499518,509.488
95,2,15,47.59689723128588,-46.48811164218269,511.493
96,2,16,50.97755058740246,-33.64358915323145,513.294
97,2,17,52.765455055490854,-19.302823226582422,514.769
98,2,18,52.726734713086046,-4.385131284423103,515.84
99,2,19,50.86858516447867,9.899345772615382,516.484
100,2,20,47.43524714419919,22.65728792987389,516.727
101,2,21,42.77973556440514,33.59919633872096,516.642
102,2,22,37.23879241155648,42.87669692986263,516.34
103,2,23,31.079320987849812,50.81516967007458,515.957
104,2,24,24.496838873371328,57.752562074205265,515.634
105,2,25,17.63214017257709,63.98184486141864,515.504
106,2,26,10.588965213675827,69.7450423698595,515.677
107,2,27,3.448197737149077,75.24486778390468,516.224
108,2,28,-3.7217214136421117,80.66067504096954,517.172
109,2,29,-10.856162214006726,86.16407264395063,518.496
110,2,30,-17.886648388977395,91.93445551139835,520.122
111,2,31,-24.732379654446508,98.17468026166208,521.932
112,2,32,-31.2896464180566,105.12661755363031,523.776
113,2,33,-37.417791179135,113.08247654037451,525.483
114,2,34,-42.92168397083093,122.37772879316906,526.879
115,2,35,-47.53561335895794,133.33234135387235,527.806
116,2,36,-50.92558309310242,146.08849827043656,528.133
117,2,37,-52.743758959592306,160.34695529494505,527.774
118,2,38,-52.7524162243653,175.2135860235298,526.696
119,2,39,-50.948669132497066,-170.50881511944164,524.926
120,3,0,-45.39017239348148,-143.00627978481992,521.17
121,3,1,-40.28769323440179,-132.8850869066416,518.145
122,3,2,-34.43005811540174,-124.27608425032572,514.923
123,3,3,-28.047685175679,-116.83889616877394,511.715
124,3,4,-21.307606691386226,-110.25556369574379,508.73
125,3,5,-14.331411982580697,-104.25851417050002,506.162
126,3,6,-7.211201881351804,-98.62591670917897,504.169
127,3,7,-0.02184023023230996,-93.16734563772067,502.86
128,3,8,7.169677746292711,-87.70779784921106,502.29
129,3,9,14.296222847976791,-82.07205167068263,502.452
130,3,10,21.28249891599726,-76.06901206953675,503.282
131,3,11,28.03561964651017,-69.47561872785919,504.666
132,3,12,34.43270139861053,-62.0222567583528,506.45
133,3,13,40.30469699034054,-53.38800972286459,508.457
134,3,14,45.41816250870019,-43.22903223819774,510.506
135,3,15,49.46536036553998,-31.28663088953804,512.427
136,3,16,52.089761516374416,-17.61598165254813,514.078
137,3,17,52.98041818414408,-2.8400549823674783,515.358
138,3,18,52.014192303397394,11.905655784698682,516.215
139,3,19,49.327523732994536,25.500912539856344,516.652
140,3,20,45.23785917499019,37.352641419736834,516.719
141,3,21,40.10145105120847,47.42720801154608,516.51
142,3,22,34.22264576087596,55.99144219294708,516.15
143,3,23,27.83109646200331,63.389421573568406,515.779
144,3,24,21.09260428914527,69.9394910253406,515.537
145,3,25,14.127403623582525,75.90829771836636,515.547
146,3,26,7.026331285521184,81.51629283829703,515.901
147,3,27,-0.13715885633223757,86.9525496817369,516.649
148,3,28,-7.297473146984588,92.3905755441718,517.791
149,3,29,-14.389050241439142,98.00395285316844,519.278
150,3,30,-21.33840913699569,103.98180954684447,521.013
151,3,31,-28.054803940341444,110.54466511274292,522.86
152,3,32,-34.418057473030025,117.95878764546757,524.658
153,3,33,-40.26259911939116,126.54105694137199,526.23
154,3,34,-45.35946044787851,136.63177351547372,527.41
155,3,35,-49.406159700908894,148.49032063169318,528.051
156,3,36,-52.05037181543095,162.07258892837044,528.042
157,3,37,-52.98080408983218,176.7789424378917,527.325
158,3,38,-52.06693502416823,-168.50445512636637,525.894
159,3,39,-49.43392100479041,-154.89640969576152,523.806
160,4,0,-47.56594964415655,-139.72281660549802,522.547
161,4,1,-42.9506166521551,-128.7366212500726,519.694
162,4,2,-37.43718550128325,-119.41263439143981,516.546
163,4,3,-31.2927439088452,-111.43198181800845,513.304
164,4,4,-24.713898870099747,-104.45842697731713,510.182
165,4,5,-17.84273539525609,-98.19853811243293,507.383
166,4,6,-10.784346189978628,-92.40910584739004,505.085
167,4,7,-3.6208941611143834,-86.8859963184643,503.424
168,4,8,3.5777544728731714,-81.44845539946046,502.481
169,4,9,10.745486682469487,-75.92333096472956,502.282
170,4,10,17.81216176098382,-70.12944541634782,502.79
171,4,11,24.695009981950076,-63.86172915467479,503.914
172,4,12,31.28793545566951,-56.8753677092897,505.519
173,4,13,37.44722246426859,-48.87442264383423,507.437
174,4,14,42.97377099344144,-39.51934476409955,509.488
175,4,15,47.59689723128588,-28.488112848834344,511.493
176,4,16,50.97755058740246,-15.643590359883111,513.294
177,4,17,52.765455055490854,-1.3028228324084954,514.769
178,4,18,52.726734713086046,13.614868789585707,515.84
179,4,19,50.86858516447867,27.89934541973737,516.484
180,4,20,47.43524714419919,40.65728843076952,516.727
181,4,21,42.77973556440514,51.59919683961659,516.642
182,4,22,37.23879241155648,60.87669743075827,516.34
183,4,23,31.079320987849812,68.8151735860648,515.957
184,4,24,24.496838873371328,75.7525625751009,515.634
185,4,25,17.63214017257709,81.98184536231427,515.504
186,4,26,10.588965213675827,87.74504287075514,515.677
187,4,27,3.448197737149077,93.24486828480032,516.224
188,4,28,-3.7217214136421117,98.66067554186516,517.172
189,4,29,-10.856162214006726,104.16407314484626,518.496
190,4,30,-17.886648388977395,109.93445601229398,520.122
191,4,31,-24.732379654446508,116.17467393236853,521.932
192,4,32,-31.2896464180566,123.12661805452593,523.776
193,4,33,-37.417791179135,131.08247704127015,525.483
194,4,34,-42.92168397083093,140.37773612425386,526.879
195,4,35,-47.53561335895794,151.33234868495717,527.806
196,4,36,-50.92558309310242,164.08849194114302,528.133
197,4,37,-52.743758959592306,178.34696262602984,527.774
198,4,38,-52.7524162243653,-166.78641666329804,526.696
199,4,39,-50.948669132497066,-152.50880778835682,524.926
200,5,0,-45.39017239348148,-125.00627245373511,521.17
201,5,1,-40.28769323440179,-114.88507957555677,518.145
202,5,2,-34.43005811540174,-106.27607691924092,514.923
203,5,3,-28.047685175679,-98.8388956678783,511.715
204,5,4,-21.307606691386226,-92.25556319484816,508.73
205,5,5,-14.331411982580697,-86.2585136696044,506.162
206,5,6,-7.211201881351804,-80.62591620828334,504.169
207,5,7,-0.02184023023230996,-75.16734513682503,502.86
208,5,8,7.169677746292711,-69.70779734831542,502.29
209,5,9,14.296222847976791,-64.07205116978699,502.452
210,5,10,21.28249891599726,-58.06901156864112,503.282
211,5,11,28.03561964651017,-51.475614811868965,504.666
212,5,12,34.43270139861053,-44.022259672551755,506.45
213,5,13,40.30469699034054,-35.38800922196896,508.457
214,5,14,45.41816250870019,-25.229030029754817,510.506
215,5,15,49.46536036553998,-13.286628681095111,512.427
216,5,16,52.089761516374416,0.38401892838878376,514.078
217,5,17,52.98041818414408,15.159944664754509,515.358
218,5,18,52.014192303397394,29.90565543182067,516.215
219,5,19,49.327523732994536,43.500911333204684,516.652
220,5,20,45.23785917499019,55.35264192063247,516.719
221,5,21,40.10145105120847,65.42720851244171,516.51
222,5,22,34.22264576087596,73.99143927874813,516.15
223,5,23,27.83109646200331,81.38942207446404,515.779
224,5,24,21.09260428914527,87.93949152623622,515.537
225,5,25,14.127403623582525,93.908298219262,515.547
226,5,26,7.026331285521184,99.51629333919266,515.901
227,5,27,-0.13715885633223757,104.95255018263254,516.649
228,5,28,-7.297473146984588,110.39057604506743,517.791
229,5,29,-14.389050241439142,116.0039465238749,519.278
230,5,30,-21.33840913699569,121.9818100477401,521.013
231,5,31,-28.054803940341444,128.54466561363856,522.86
232,5,32,-34.418057473030025,135.95878131617403,524.658
233,5,33,-40.26259911939116,144.5410642724568,526.23
234,5,34,-45.35946044787851,154.63176718618018,527.41
235,5,35,-49.406159700908894,166.490327962778,528.051
236,5,36,-52.05037181543095,-179.9274000980791,528.042
237,5,37,-52.98080408983218,-165.2210602489362,527.325
238,5,38,-52.06693502416823,-150.5044614556599,525.894
239,5,39,-49.43392100479041,-136.89641602505503,523.806
240,6,0,-47.56594964415655,-121.72282293479157,522.547
241,6,1,-42.9506166521551,-110.73661391898779,519.694
242,6,2,-37.43718550128325,-101.41263389054417,516.546
243,6,3,-31.2927439088452,-93.43198131711281,513.304
244,6,4,-24.713898870099747,-86.4584264764215,510.182
245,6,5,-17.84273539525609,-80.1985376115373,507.383
246,6,6,-10.784346189978628,-74.40910534649441,505.085
247,6,7,-3.6208941611143834,-68.88599581756866,503.424
248,6,8,3.5777544728731714,-63.448454898564826,502.481
249,6,9,10.745486682469487,-57.92333046383393,502.282
250,6,10,17.81216176098382,-52.12944491545219,502.79
251,6,11,24.695009981950076,-45.86173206887374,503.914
252,6,12,31.28793545566951,-38.87536720839407,505.519
253,6,13,37.44722246426859,-30.8744221429386,507.437
254,6,14,42.97377099344144,-21.519344263203912,509.488
255,6,15,47.59689723128588,-10.488112347938712,511.493
256,6,16,50.97755058740246,2.3564101410125216,513.294
257,6,17,52.765455055490854,16.697177775208843,514.769
258,6,18,52.726734713086046,31.61486929048134,515.84
259,6,19,50.86858516447867,45.899345920633,516.484
260,6,20,47.43524714419919,58.65728893166516,516.727
261,6,21,42.77973556440514,69.59919734051222,516.642
262,6,22,37.23879241155648,78.87669793165391,516.34
263,6,23,31.079320987849812,86.81517408696043,515.957
264,6,24,24.496838873371328,93.75256307599653,515.634
265,6,25,17.63214017257709,99.9818458632099,515.504
266,6,26,10.588965213675827,105.74504337165077,515.677
267,6,27,3.448197737149077,111.24486878569594,516.224
268,6,28,-3.7217214136421117,116.66066921257163,517.172
269,6,29,-10.856162214006726,122.16408047593106,518.496
270,6,30,-17.886648388977395,127.93445651318962,520.122
271,6,31,-24.732379654446508,134.17468126345335,521.932
272,6,32,-31.2896464180566,141.12662538561074,523.776
273,6,33,-37.417791179135,149.0824707119766,525.483
274,6,34,-42.92168397083093,158.37772979496032,526.879
275,6,35,-47.53561335895794,169.33234235566363,527.806
276,6,36,-50.92558309310242,-177.9114970853065,528.133
277,6,37,-52.743758959592306,-163.65304006079802,527.774
278,6,38,-52.7524162243653,-148.78642299259158,526.696
279,6,39,-50.948669132497066,-134.50881411765036,524.926
280,7,0,-45.39017239348148,-107.00627878302865,521.17
281,7,1,-40.28769323440179,-96.88508590485031,518.145
282,7,2,-34.43005811540174,-88.27608324853446,514.923
283,7,3,-28.047685175679,-80.83889516698268,511.715
284,7,4,-21.307606691386226,-74.25556269395253,508.73
285,7,5,-14.331411982580697,-68.25851316870876,506.162
286,7,6,-7.211201881351804,-62.625922537576876,504.169
287,7,7,-0.02184023023230996,-57.167351466118575,502.86
288,7,8,7.169677746292711,-51.70779684741979,502.29
289,7,9,14.296222847976791,-46.07205066889136,502.452
290,7,10,21.28249891599726,-40.069017897934664,503.282
291,7,11,28.03561964651017,-33.47561772606792,504.666
292,7,12,34.43270139861053,-26.02226087920342,506.45
293,7,13,40.30469699034054,-17.388012136167905,508.457
294,7,14,45.41816250870019,-7.229032943953768,510.506
295,7,15,49.46536036553998,4.713368404705936,512.427
296,7,16,52.089761516374416,18.384015934148554,514.078
297,7,17,52.98041818414408,33.15994345810285,515.358
298,7,18,52.014192303397394,47.90565251762172,516.215
299,7,19,49.327523732994536,61.50090841900573,516.652
300,7,20,45.23785917499019,73.35263900643352,516.719
301,7,21,40.10145105120847,83.42720218314818,516.51
302,7,22,34.22264576087596,91.99143977964377,516.15
303,7,23,27.83109646200331,99.38942257535967,515.779
304,7,24,21.09260428914527,105.9394851969427,515.537
305,7,25,14.127403623582525,111.90829872015763,515.547
306,7,26,7.026331285521184,117.51628700989913,515.901
307,7,27,-0.13715885633223757,122.952543853339,516.649
308,7,28,-7.297473146984588,128.39057654596306,517.791
309,7,29,-14.389050241439142,134.00395385495972,519.278
310,7,30,-21.33840913699569,139.98180371844657,521.013
311,7,31,-28.054803940341444,146.54465928434502,522.86
312,7,32,-34.418057473030025,153.95877498688048,524.658
313,7,33,-40.26259911939116,162.54105794316325,526.23
314,7,34,-45.35946044787851,172.631774517265,527.41
315,7,35,-49.406159700908894,-175.50967472404986,528.051
316,7,36,-52.05037181543095,-161.92740642737263,528.042
317,7,37,-52.98080408983218,-147.22105291785138,527.325
318,7,38,-52.06693502416823,-132.50445412457512,525.894
319,7,39,-49.43392100479041,-118.89640869397024,523.806
320,8,0,-47.56594964415655,-103.72282243389593,522.547
321,8,1,-42.9506166521551,-92.73661341809216,519.694
322,8,2,-37.43718550128325,-83.41263338964853,516.546
323,8,3,-31.2927439088452,-75.43198081621718,513.304
324,8,4,-24.713898870099747,-68.45842597552586,510.182
325,8,5,-17.84273539525609,-62.19853711064167,507.383
326,8,6,-10.784346189978628,-56.409108260693365,505.085
327,8,7,-3.6208941611143834,-50.885998731767614,503.424
328,8,8,3.5777544728731714,-45.448454397669195,502.481
329,8,9,10.745486682469487,-39.92332996293829,502.282
330,8,10,17.81216176098382,-34.12944441455655,502.79
331,8,11,24.695009981950076,-27.861729860430817,503.914
332,8,12,31.28793545566951,-20.875368415045724,505.519
333,8,13,37.44722246426859,-12.874419934495672,507.437
334,8,14,42.97377099344144,-3.5193435488648683,509.488
335,8,15,47.59689723128588,7.511888152956921,511.493
336,8,16,50.97755058740246,20.356410641908155,513.294
337,8,17,52.765455055490854,34.69717656855718,514.769
338,8,18,52.726734713086046,49.614869791376975,515.84
339,8,19,50.86858516447867,63.89934983662322,516.484
340,8,20,47.43524714419919,76.65728943256079,516.727
341,8,21,42.77973556440514,87.59919784140786,516.642
342,8,22,37.23879241155648,96.87669843254953,516.34
343,8,23,31.079320987849812,104.81517458785606,515.957
344,8,24,24.496838873371328,111.75256357689217,515.634
345,8,25,17.63214017257709,117.98184636410554,515.504
346,8,26,10.588965213675827,123.74503704235724,515.677
347,8,27,3.448197737149077,129.24486928659158,516.224
348,8,28,-3.7217214136421117,134.66067654365642,517.172
349,8,29,-10.856162214006726,140.16407414663752,518.496
350,8,30,-17.886648388977395,145.9344638442744,520.122
351,8,31,-24.732379654446508,152.1746749341598,521.932
352,8,32,-31.2896464180566,159.1266190563172,523.776
353,8,33,-37.417791179135,167.08247804306143,525.483
354,8,34,-42.92168397083093,176.37773712604513,526.879
355,8,35,-47.53561335895794,-172.66766033116426,527.806
356,8,36,-50.92558309310242,-159.91150341460005,528.133
357,8,37,-52.743758959592306,-145.6530327297132,527.774
358,8,38,-52.7524162243653,-130.78641566150677,526.696
359,8,39,-50.948669132497066,-116.50880678656557,524.926
360,9,0,-45.39017239348148,-89.00627828213301,521.17
361,9,1,-40.28769323440179,-78.88508540395468,518.145
362,9,2,-34.43005811540174,-70.27608274763882,514.923
363,9,3,-28.047685175679,-62.83889466608704,511.715
364,9,4,-21.307606691386226,-56.25556560815148,508.73
365,9,5,-14.331411982580697,-50.25851266781312,506.162
366,9,6,-7.211201881351804,-44.62592203668124,504.169
367,9,7,-0.02184023023230996,-39.16735096522294,502.86
368,9,8,7.169677746292711,-33.707796346524155,502.29
369,9,9,14.296222847976791,-28.072051875543018,502.452
370,9,10,21.28249891599726,-22.06901739703903,503.282
371,9,11,28.03561964651017,-15.475618932719573,504.666
372,9,12,34.43270139861053,-8.022260378307784,506.45
373,9,13,40.30469699034054,0.6119885248102862,508.457
374,9,14,45.41816250870019,10.770967556941866,510.506
375,9,15,49.46536036553998,22.71336890560157,512.427
376,9,16,52.089761516374416,36.38401814259148,514.078
377,9,17,52.98041818414408,51.15994395899848,515.358
378,9,18,52.014192303397394,65.90565643361194,516.215
379,9,19,49.327523732994536,79.50090891990136,516.652
380,9,20,45.23785917499019,91.35263950732916,516.719
381,9,21,40.10145105120847,101.4272026840438,516.51
382,9,22,34.22264576087596,109.9914402805394,516.15
383,9,23,27.83109646200331,117.38942307625531,515.779
384,9,24,21.09260428914527,123.9394925280275,515.537
385,9,25,14.127403623582525,129.90829922105326,515.547
386,9,26,7.026331285521184,135.51629434098393,515.901
387,9,27,-0.13715885633223757,140.9525511844238,516.649
388,9,28,-7.297473146984588,146.39057021666952,517.791
389,9,29,-14.389050241439142,152.00394752566618,519.278
390,9,30,-21.33840913699569,157.98181104953136,521.013
391,9,31,-28.054803940341444,164.54466661542983,522.86
392,9,32,-34.418057473030025,171.9587823179653,524.658
393,9,33,-40.26259911939116,-179.4589447436646,526.23
394,9,34,-45.35946044787851,-169.36822816956285,527.41
395,9,35,-49.406159700908894,-157.5096810533434,528.051
396,9,36,-52.05037181543095,-143.92741275666617,528.042
397,9,37,-52.98080408983218,-129.22105924714492,527.325
398,9,38,-52.06693502416823,-114.50446045386865,525.894
399,9,39,-49.43392100479041,-100.89641502326378,523.806
400,10,0,-47.56594964415655,-85.72282193300029,522.547
401,10,1,-42.9506166521551,-74.73661291719652,519.694
402,10,2,-37.43718550128325,-65.41263288875291,516.546
403,10,3,-31.2927439088452,-57.431980315321546,513.304
404,10,4,-24.713898870099747,-50.458425474630225,510.182
405,10,5,-17.84273539525609,-44.198533194651446,507.383
406,10,6,-10.784346189978628,-38.40910775979773,505.085
407,10,7,-3.6208941611143834,-32.88599823087198,503.424
408,10,8,3.5777544728731714,-27.44845389677356,502.481
409,10,9,10.745486682469487,-21.923327754495364,502.282
410,10,10,17.81216176098382,-16.12944391366092,502.79
411,10,11,24.695009981950076,-9.86173021330883,503.914
412,10,12,31.28793545566951,-2.875367273819856,505.519
413,10,13,37.44722246426859,5.125580139513138,507.437
414,10,14,42.97377099344144,14.480656738587353,509.488
415,10,15,47.59689723128588,25.511888653852555,511.493
416,10,16,50.97755058740246,38.35641285035108,513.294
417,10,17,52.765455055490854,52.69717706945282,514.769
418,10,18,52.726734713086046,67.61487029227261,515.84
419,10,19,50.86858516447867,81.89935033751885,516.484
420,10,20,47.43524714419919,94.65728993345643,516.727
421,10,21,42.77973556440514,105.5991983423035,516.642
422,10,22,37.23879241155648,114.876692103256,516.34
423,10,23,31.079320987849812,122.8151750887517,515.957
424,10,24,24.496838873371328,129.75255724759862,515.634
425,10,25,17.63214017257709,135.981840034812,515.504
426,10,26,10.588965213675827,141.74504437344203,515.677
427,10,27,3.448197737149077,147.24486295729804,516.224
428,10,28,-3.7217214136421117,152.6606702143629,517.172
429,10,29,-10.856162214006726,158.16408147772233,518.496
430,10,30,-17.886648388977395,163.9344575149809,520.122
431,10,31,-24.732379654446508,170.1746822652446,521.932
432,10,32,-31.2896464180566,177.126626387402,523.776
433,10,33,-37.417791179135,-174.91752464376646,525.483
434,10,34,-42.92168397083093,-165.62226556078272,526.879
435,10,35,-47.53561335895794,-154.66765300007944,527.806
436,10,36,-50.92558309310242,-141.91149608351526,528.133
437,10,37,-52.743758959592306,-127.65303905900674,527.774
438,10,38,-52.7524162243653,-112.78641516061114,526.696
439,10,39,-50.948669132497066,-98.50880628566993,524.926
440,11,0,-45.39017239348148,-71.00627778123737,521.17
441,11,1,-40.28769323440179,-60.885084903059045,518.145
442,11,2,-34.43005811540174,-52.276078831648604,514.923
443,11,3,-28.047685175679,-44.838897580285995,511.715
444,11,4,-21.307606691386226,-38.25556510725584,508.73
445,11,5,-14.331411982580697,-32.25851216691749,506.162
446,11,6,-7.211201881351804,-26.625921535785608,504.169
447,11,7,-0.02184023023230996,-21.167350464327306,502.86
448,11,8,7.169677746292711,-15.707795845628524,502.29
449,11,9,14.296222847976791,-10.072051374647385,502.452
450,11,10,21.28249891599726,-4.069016896143396,503.282
451,11,11,28.03561964651017,2.524381781619472,504.666
452,11,12,34.43270139861053,9.97774012258785,506.45
453,11,13,40.30469699034054,18.61198886562336,508.457
454,11,14,45.41816250870019,28.770966350290205,510.506
455,11,15,49.46536036553998,40.71336769894991,512.427
456,11,16,52.089761516374416,54.38401864348711,514.078
457,11,17,52.98041818414408,69.15994104479954,515.358
458,11,18,52.014192303397394,83.90565693450758,516.215
459,11,19,49.327523732994536,97.500909420797,516.652
460,11,20,45.23785917499019,109.35264000822478,516.719
461,11,21,40.10145105120847,119.42721001512861,516.51
462,11,22,34.22264576087596,127.99143395124587,516.15
463,11,23,27.83109646200331,135.38941674696179,515.779
464,11,24,21.09260428914527,141.93948619873396,515.537
465,11,25,14.127403623582525,147.90829289175971,515.547
466,11,26,7.026331285521184,153.5162880116904,515.901
467,11,27,-0.13715885633223757,158.95254485513027,516.649
468,11,28,-7.297473146984588,164.39057754775433,517.791
469,11,29,-14.389050241439142,170.00395485675097,519.278
470,11,30,-21.33840913699569,175.98180472023782,521.013
471,11,31,-28.054803940341444,-177.45533607139805,522.86
472,11,32,-34.418057473030025,-170.04122036886255,524.658
473,11,33,-40.26259911939116,-161.45893741257981,526.23
474,11,34,-45.35946044787851,-151.3682344988564,527.41
475,11,35,-49.406159700908894,-139.5096737222586,528.051
476,11,36,-52.05037181543095,-125.92740542558137,528.042
477,11,37,-52.98080408983218,-111.22105874624928,527.325
478,11,38,-52.06693502416823,-96.50445995297301,525.894
479,11,39,-49.43392100479041,-82.89641452236815,523.806
480,12,0,-47.56594964415655,-67.72282143210465,522.547
481,12,1,-42.9506166521551,-56.736615831395476,519.694
482,12,2,-37.43718550128325,-47.41263238785727,516.546
483,12,3,-31.2927439088452,-39.431976399331326,513.304
484,12,4,-24.713898870099747,-32.458424973734594,510.182
485,12,5,-17.84273539525609,-26.198532693755816,507.383
486,12,6,-10.784346189978628,-20.409105551354802,505.085
487,12,7,-3.6208941611143834,-14.885997729976346,503.424
488,12,8,3.5777544728731714,-9.448454249651576,502.481
489,12,9,10.745486682469487,-3.923328107373378,502.282
490,12,10,17.81216176098382,1.8705557334610659,502.79
491,12,11,24.695009981950076,8.138270287586804,503.914
492,12,12,31.28793545566951,15.124632586745543,505.519
493,12,13,37.44722246426859,23.125581067295595,507.437
494,12,14,42.97377099344144,32.48065723948299,509.488
495,12,15,47.59689723128588,43.51189086229548,511.493
496,12,16,50.97755058740246,56.356413351246715,513.294
497,12,17,52.765455055490854,70.69717757034846,514.769
498,12,18,52.726734713086046,85.61487079316824,515.84
499,12,19,50.86858516447867,99.89935083841449,516.484
500,12,20,47.43524714419919,112.65729043435205,516.727
501,12,21,42.77973556440514,123.59919884319912,516.642
502,12,22,37.23879241155648,132.8766994343408,516.34
503,12,23,31.079320987849812,140.81516875945817,515.957
504,12,24,24.496838873371328,147.75256457868343,515.634
505,12,25,17.63214017257709,153.9818473658968,515.504
506,12,26,10.588965213675827,159.7450380441485,515.677
507,12,27,3.448197737149077,165.24487028838286,516.224
508,12,28,-3.7217214136421117,170.6606775454477,517.172
509,12,29,-10.856162214006726,176.1640751484288,518.496
510,12,30,-17.886648388977395,-178.065545171847,520.122
511,12,31,-24.732379654446508,-171.82532042158326,521.932
512,12,32,-31.2896464180566,-164.87337629942584,523.776
513,12,33,-37.417791179135,-156.91751731268164,525.483
514,12,34,-42.92168397083093,-147.62225822969793,526.879
515,12,35,-47.53561335895794,-136.66765932937298,527.806
516,12,36,-50.92558309310242,-123.91150241280879,528.133
517,12,37,-52.743758959592306,-109.65303855811112,527.774
518,12,38,-52.7524162243653,-94.78641465971552,526.696
519,12,39,-50.948669132497066,-80.5088057847743,524.926
520,13,0,-45.39017239348148,-53.00626703505799,521.17
521,13,1,-40.28769323440179,-42.885074156879654,518.145
522,13,2,-34.43005811540174,-34.2760715005638,514.923
523,13,3,-28.047685175679,-26.83889024920119,511.715
524,13,4,-21.307606691386226,-20.255556068623747,508.73
525,13,5,-14.331411982580697,-14.258504835832689,506.162
526,13,6,-7.211201881351804,-8.625914204700804,504.169
527,13,7,-0.02184023023230996,-3.167343133242503,502.86
528,13,8,7.169677746292711,2.2922108451260446,502.29
529,13,9,14.296222847976791,7.927955956437418,502.452
530,13,10,21.28249891599726,13.930990434941407,503.282
531,13,11,28.03561964651017,20.524388899260863,504.666
532,13,12,34.43270139861053,27.977747453672652,506.45
533,13,13,40.30469699034054,36.61199619670816,508.457
534,13,14,45.41816250870019,46.77097368137501,510.506
535,13,15,49.46536036553998,58.7133784451293,512.427
536,13,16,52.089761516374416,72.38402255947733,514.078
537,13,17,52.98041818414408,87.15994837588434,515.358
538,13,18,52.014192303397394,101.90566426559238,516.215
539,13,19,49.327523732994536,115.5009167518818,516.652
540,13,20,45.23785917499019,127.35264733930958,516.719
541,13,21,40.10145105120847,137.4272173462134,516.51
542,13,22,34.22264576087596,145.99144128233067,516.15
543,13,23,27.83109646200331,153.38942407804657,515.779
544,13,24,21.09260428914527,159.93949352981878,515.537
545,13,25,14.127403623582525,165.90830022284453,515.547
546,13,26,7.026331285521184,171.5162953427752,515.901
547,13,27,-0.13715885633223757,176.95255218621506,516.649
548,13,28,-7.297473146984588,-177.6094114786952,517.791
549,13,29,-14.389050241439142,-171.9960478300769,519.278
550,13,30,-21.33840913699569,-166.01818430621168,521.013
551,13,31,-28.054803940341444,-159.45532874031323,522.86
552,13,32,-34.418057473030025,-152.04121303777777,524.658
553,13,33,-40.26259911939116,-143.458930081495,526.23
554,13,34,-45.35946044787851,-133.3682271677716,527.41
555,13,35,-49.406159700908894,-121.5096663911738,528.051
556,13,36,-52.05037181543095,-107.92739809449657,528.042
557,13,37,-52.98080408983218,-93.22105141516448,527.325
558,13,38,-52.06693502416823,-78.5044526218882,525.894
559,13,39,-49.43392100479041,-64.89640719128334,523.806
560,14,0,-47.56594964415655,-49.72282776139819,522.547
561,14,1,-42.9506166521551,-38.73662216068901,519.694
562,14,2,-37.43718550128325,-29.41263871715081,516.546
563,14,3,-31.2927439088452,-21.431982728624867,513.304
564,14,4,-24.713898870099747,-14.458433010575424,510.182
565,14,5,-17.84273539525609,-8.198539023049351,507.383
566,14,6,-10.784346189978628,-2.409112520978575,505.085
567,14,7,-3.6208941611143834,3.113996581060353,503.424
568,14,8,3.5777544728731714,8.551539421054889,502.481
569,14,9,10.745486682469487,14.076665563333085,502.282
570,14,10,17.81216176098382,19.870550257941176,502.79
571,14,11,24.695009981950076,26.138264812066915,503.914
572,14,12,31.28793545566951,33.1246279649993,505.519
573,14,13,37.44722246426859,41.12557303045477,507.437
574,14,14,42.97377099344144,50.48065091018945,509.488
575,14,15,47.59689723128588,61.51188453300195,511.493
576,14,16,50.97755058740246,74.35640360685859,513.294
577,14,17,52.765455055490854,88.69717124105492,514.769
578,14,18,52.726734713086046,103.61486446387471,515.84
579,14,19,50.86858516447867,117.89933767893179,516.484
580,14,20,47.43524714419919,130.65728410505852,516.727
581,14,21,42.77973556440514,141.5991925139056,516.642
582,14,22,37.23879241155648,150.87669310504725,516.34
583,14,23,31.079320987849812,158.81516243016463,515.957
584,14,24,24.496838873371328,165.7525582493899,515.634
585,14,25,17.63214017257709,171.98184103660327,515.504
586,14,26,10.588965213675827,177.74503171485497,515.677
587,14,27,3.448197737149077,-176.75513239844503,516.224
588,14,28,-3.7217214136421117,-171.33932514138016,517.172
589,14,29,-10.856162214006726,-165.83592753839906,518.496
590,14,30,-17.886648388977395,-160.06555150114053,520.122
591,14,31,-24.732379654446508,-153.8253267508768,521.932
592,14,32,-31.2896464180566,-146.87338262871938,523.776
593,14,33,-37.417791179135,-138.91752364197518,525.483
594,14,34,-42.92168397083093,-129.62226455899147,526.879
595,14,35,-47.53561335895794,-118.66766565866652,527.806
596,14,36,-50.92558309310242,-105.91150874210233,528.133
597,14,37,-52.743758959592306,-91.65304488740465,527.774
598,14,38,-52.7524162243653,-76.78642098900905,526.696
599,14,39,-50.948669132497066,-62.50881211406784,524.926
600,15,0,-45.39017239348148,-35.00627336435153,521.17
601,15,1,-40.28769323440179,-24.885082193720486,518.145
602,15,2,-34.43005811540174,-16.27607782985734,514.923
603,15,3,-28.047685175679,-8.83889572472108,511.715
604,15,4,-21.307606691386226,-2.255563038247518,508.73
605,15,5,-14.331411982580697,3.741488834873775,506.162
606,15,6,-7.211201881351804,9.37407946600566,504.169
607,15,7,-0.02184023023230996,14.83265053746396,502.86
608,15,8,7.169677746292711,20.292205156162744,502.29
609,15,9,14.296222847976791,25.92794962714388,502.452
610,15,10,21.28249891599726,31.93098410564787,503.282
611,15,11,28.03561964651017,38.52438427751462,504.666
612,15,12,34.43270139861053,45.977739416831824,506.45
613,15,13,40.30469699034054,54.61198986741463,508.457
614,15,14,45.41816250870019,64.77097076717605,510.506
615,15,15,49.46536036553998,76.71337211583577,512.427
616,15,16,52.089761516374416,90.38401623018379,514.078
617,15,17,52.98041818414408,105.1599420465908,515.358
618,15,18,52.014192303397394,119.90565110610967,516.215
619,15,19,49.327523732994536,133.50091042258828,516.652
620,15,20,45.23785917499019,145.35264101001604,516.719
621,15,21,40.10145105120847,155.42721101691987,516.51
622,15,22,34.22264576087596,163.99143495303713,516.15
623,15,23,27.83109646200331,171.38941774875303,515.779
624,15,24,21.09260428914527,177.93948720052524,515.537
625,15,25,14.127403623582525,-176.09170246398332,515.547
626,15,26,7.026331285521184,-170.48370734405268,515.901
627,15,27,-0.13715885633223757,-165.0474505006128,516.649
628,15,28,-7.297473146984588,-159.60941780798873,517.791
629,15,29,-14.389050241439142,-153.99605415937043,519.278
630,15,30,-21.33840913699569,-148.01819063550522,521.013
631,15,31,-28.054803940341444,-141.45533506960678,522.86
632,15,32,-34.418057473030025,-134.0412193670713,524.658
633,15,33,-40.26259911939116,-125.45893641078854,526.23
634,15,34,-45.35946044787851,-115.36823349706513,527.41
635,15,35,-49.406159700908894,-103.50967955065651,528.051
636,15,36,-52.05037181543095,-89.92740442379011,528.042
637,15,37,-52.98080408983218,-75.22105774445802,527.325
638,15,38,-52.06693502416823,-60.504458951181746,525.894
639,15,39,-49.43392100479041,-46.896410105482296,523.806
640,16,0,-47.56594964415655,-31.72282043031339,522.547
641,16,1,-42.9506166521551,-20.736614829604207,519.694
642,16,2,-37.43718550128325,-11.412629678518714,516.546
643,16,3,-31.2927439088452,-3.431976251313708,513.304
644,16,4,-24.713898870099747,3.541574960839614,510.182
645,16,5,-17.84273539525609,9.801468308035453,507.383
646,16,6,-10.784346189978628,15.590895450436463,505.085
647,16,7,-3.6208941611143834,21.114003271814923,503.424
648,16,8,3.5777544728731714,26.55154760591334,502.481
649,16,9,10.745486682469487,32.07667204064424,502.282
650,16,10,17.81216176098382,37.87055758902598,502.79
651,16,11,24.695009981950076,44.138270435604426,503.914
652,16,12,31.28793545566951,51.1246352960841,505.519
653,16,13,37.44722246426859,59.12558036153957,507.437
654,16,14,42.97377099344144,68.48065824127426,509.488
655,16,15,47.59689723128588,79.51189186408675,511.493
656,16,16,50.97755058740246,92.3564109379434,513.294
657,16,17,52.765455055490854,106.69717857213972,514.769
658,16,18,52.726734713086046,121.61487862514868,515.84
659,16,19,50.86858516447867,135.8993450100166,516.484
660,16,20,47.43524714419919,148.6572914361433,516.727
661,16,21,42.77973556440514,159.59919984499038,516.642
662,16,22,37.23879241155648,168.87670043613207,516.34
663,16,23,31.079320987849812,176.81516976124942,515.957
664,16,24,24.496838873371328,-176.24743077705963,515.634
665,16,25,17.63214017257709,-170.01814798984626,515.504
666,16,26,10.588965213675827,-164.25495731159455,515.677
667,16,27,3.448197737149077,-158.7551250673602,516.224
668,16,28,-3.7217214136421117,-153.33931781029537,517.172
669,16,29,-10.856162214006726,-147.83592020731427,518.496
670,16,30,-17.886648388977395,-142.06554417005572,520.122
671,16,31,-24.732379654446508,-135.82531941979198,521.932
672,16,32,-31.2896464180566,-128.8733752976346,523.776
673,16,33,-37.417791179135,-120.91751631089038,525.483
674,16,34,-42.92168397083093,-111.62226405809584,526.879
675,16,35,-47.53561335895794,-100.6676583275817,527.806
676,16,36,-50.92558309310242,-87.91150141101751,528.133
677,16,37,-52.743758959592306,-73.65303755631984,527.774
678,16,38,-52.7524162243653,-58.78641365792424,526.696
679,16,39,-50.948669132497066,-44.508804782983034,524.926
680,17,0,-45.39017239348148,-17.006279693645062,521.17
681,17,1,-40.28769323440179,-6.885088096127197,518.145
682,17,2,-34.43005811540174,1.7239158408491233,514.923
683,17,3,-28.047685175679,9.161097945985384,511.715
684,17,4,-21.307606691386226,15.74443127278918,508.73
685,17,5,-14.331411982580697,21.741482505580237,506.162
686,17,6,-7.211201881351804,27.374073136712123,504.169
687,17,7,-0.02184023023230996,32.83264420817042,502.86
688,17,8,7.169677746292711,38.2921988268692,502.29
689,17,9,14.296222847976791,43.92794500539764,502.452
690,17,10,21.28249891599726,49.93097777635433,503.282
691,17,11,28.03561964651017,56.52437794822108,504.666
692,17,12,34.43270139861053,63.97773308753829,506.45
693,17,13,40.30469699034054,72.61198695321568,508.457
694,17,14,45.41816250870019,82.77096443788253,510.506
695,17,15,49.46536036553998,94.71336578654223,512.427
696,17,16,52.089761516374416,108.38400990089026,514.078
697,17,17,52.98041818414408,123.15993571729726,515.358
698,17,18,52.014192303397394,137.90564477681613,516.215
699,17,19,49.327523732994536,151.50090409329474,516.652
700,17,20,45.23785917499019,163.3526346807225,516.719
701,17,21,40.10145105120847,173.42720468762636,516.51
702,17,22,34.22264576087596,-178.00856773379073,516.15
703,17,23,27.83109646200331,-170.61058493807482,515.779
704,17,24,21.09260428914527,-164.06051548630265,515.537
705,17,25,14.127403623582525,-158.09170879327687,515.547
706,17,26,7.026331285521184,-152.48371367334622,515.901
707,17,27,-0.13715885633223757,-147.04745682990634,516.649
708,17,28,-7.297473146984588,-141.60942413728228,517.791
709,17,29,-14.389050241439142,-135.99606048866397,519.278
710,17,30,-21.33840913699569,-130.01819696479876,521.013
711,17,31,-28.054803940341444,-123.45534139890032,522.86
712,17,32,-34.418057473030025,-116.04122569636483,524.658
713,17,33,-40.26259911939116,-107.45894274008207,526.23
714,17,34,-45.35946044787851,-97.3682329961695,527.41
715,17,35,-49.406159700908894,-85.50968587995004,528.051
716,17,36,-52.05037181543095,-71.92741075308363,528.042
717,17,37,-52.98080408983218,-57.22106065865697,527.325
718,17,38,-52.06693502416823,-42.50446528047528,525.894
719,17,39,-49.43392100479041,-28.89641643477583,523.806
720,18,0,-47.56594964415655,-13.722825905833282,522.547
721,18,1,-42.9506166521551,-2.736620305124098,519.694
722,18,2,-37.43718550128325,6.5873639921877505,516.546
723,18,3,-31.2927439088452,14.568018273166402,513.304
724,18,4,-24.713898870099747,21.541567991215842,510.182
725,18,5,-17.84273539525609,27.801461978741916,507.383
726,18,6,-10.784346189978628,33.59088741359563,505.085
727,18,7,-3.6208941611143834,39.11399694252138,503.424
728,18,8,3.5777544728731714,44.5515412766198,502.481
729,18,9,10.745486682469487,50.07666571135071,502.282
730,18,10,17.81216176098382,55.870551259732444,502.79
731,18,11,24.695009981950076,62.138267521405474,503.914
732,18,12,31.28793545566951,69.12462896679057,505.519
733,18,13,37.44722246426859,77.12557403224604,507.437
734,18,14,42.97377099344144,86.48065191198071,509.488
735,18,15,47.59689723128588,97.51188553479321,511.493
736,18,16,50.97755058740246,110.35640460864985,513.294
737,18,17,52.765455055490854,124.69717907303536,514.769
738,18,18,52.726734713086046,139.61487229585515,515.84
739,18,19,50.86858516447867,153.89933868072305,516.484
740,18,20,47.43524714419919,166.6572851068498,516.727
741,18,21,42.77973556440514,177.59919351569684,516.642
742,18,22,37.23879241155648,-173.1233022506958,516.34
743,18,23,31.079320987849812,-165.18483292557843,515.957
744,18,24,24.496838873371328,-158.24743710635317,515.634
745,18,25,17.63214017257709,-152.0181543191398,515.504
746,18,26,10.588965213675827,-146.2549636408881,515.677
747,18,27,3.448197737149077,-140.75513139665375,516.224
748,18,28,-3.7217214136421117,-135.3393241395889,517.172
749,18,29,-10.856162214006726,-129.83592653660781,518.496
750,18,30,-17.886648388977395,-124.06555049934926,520.122
751,18,31,-24.732379654446508,-117.82532574908552,521.932
752,18,32,-31.2896464180566,-110.8733884571173,523.776
753,18,33,-37.417791179135,-102.91752947037308,525.483
754,18,34,-42.92168397083093,-93.62227038738936,526.879
755,18,35,-47.53561335895794,-82.66766465687525,527.806
756,18,36,-50.92558309310242,-69.91150774031105,528.133
757,18,37,-52.743758959592306,-55.6530404705188,527.774
758,18,38,-52.7524162243653,-40.786423402312366,526.696
759,18,39,-50.948669132497066,-26.50881281982386,524.926
760,19,0,-45.39017239348148,0.9937276374397401,521.17
761,19,1,-40.28769323440179,11.114919661844429,518.145
762,19,2,-34.43005811540174,19.723923171933926,514.923
763,19,3,-28.047685175679,27.16110442329654,511.715
764,19,4,-21.307606691386226,33.74443689632669,508.73
765,19,5,-14.331411982580697,39.74148983666504,506.162
766,19,6,-7.211201881351804,45.37408046779693,504.169
767,19,7,-0.02184023023230996,50.832651539255224,502.86
768,19,8,7.169677746292711,56.29220615795401,502.29
769,19,9,14.296222847976791,61.92795233648244,502.452
770,19,10,21.28249891599726,67.93098510743914,503.282
771,19,11,28.03561964651017,74.52438527930589,504.666
772,19,12,34.43270139861053,81.97774041862309,506.45
773,19,13,40.30469699034054,90.61199428430048,508.457
774,19,14,45.41816250870019,100.77097176896733,510.506
775,19,15,49.46536036553998,112.71337311762703,512.427
776,19,16,52.089761516374416,126.38401723197506,514.078
777,19,17,52.98041818414408,141.15994304838208,515.358
778,19,18,52.014192303397394,155.90565210790092,516.215
779,19,19,49.327523732994536,169.50091142437952,516.652
780,19,20,45.23785917499019,-178.647354345727,516.719
781,19,21,40.10145105120847,-168.57279799920153,516.51
782,19,22,34.22264576087596,-160.00856040270594,516.15
783,19,23,27.83109646200331,-152.61057760699003,515.779
784,19,24,21.09260428914527,-146.06050815521783,515.537
785,19,25,14.127403623582525,-140.09170146219208,515.547
786,19,26,7.026331285521184,-134.4837063422614,515.901
787,19,27,-0.13715885633223757,-129.04744949882152,516.649
788,19,28,-7.297473146984588,-123.60941680619746,517.791
789,19,29,-14.389050241439142,-117.99605315757915,519.278
790,19,30,-21.33840913699569,-112.01818963371396,521.013
791,19,31,-28.054803940341444,-105.45533406781551,522.86
792,19,32,-34.418057473030025,-98.04121836528003,524.658
793,19,33,-40.26259911939116,-89.45893540899726,526.23
794,19,34,-45.35946044787851,-79.3682256650847,527.41
795,19,35,-49.406159700908894,-67.50967854886524,528.051
796,19,36,-52.05037181543095,-53.92740342199883,528.042
797,19,37,-52.98080408983218,-39.221053327572164,527.325
798,19,38,-52.06693502416823,-24.504457949390478,525.894
799,19,39,-49.43392100479041,-10.896410811238319,523.806
800,20,0,-47.56594964415655,4.277181425251521,522.547
801,20,1,-42.9506166521551,15.26338617218706,519.694
802,20,2,-37.43718550128325,24.587371323272553,516.546
803,20,3,-31.2927439088452,32.568025604251204,513.304
804,20,4,-24.713898870099747,39.541577029847936,510.182
805,20,5,-17.84273539525609,45.80146930982672,507.383
806,20,6,-10.784346189978628,51.59089474468044,505.085
807,20,7,-3.6208941611143834,57.11400427360619,503.424
808,20,8,3.5777544728731714,62.5515486077046,502.481
809,20,9,10.745486682469487,68.07667304243552,502.282
810,20,10,17.81216176098382,73.87055859081724,502.79
811,20,11,24.695009981950076,80.13827485249027,503.914
812,20,12,31.28793545566951,87.12463629787537,505.519
813,20,13,37.44722246426859,95.12558136333084,507.437
814,20,14,42.97377099344144,104.48065924306552,509.488
815,20,15,47.59689723128588,115.51188603568885,511.493
816,20,16,50.97755058740246,128.35641193973467,513.294
817,20,17,52.765455055490854,142.69718640412015,514.769
818,20,18,52.726734713086046,157.61487962693994,515.84
819,20,19,50.86858516447867,171.89934601180786,516.484
820,20,20,47.43524714419919,-175.34270391959973,516.727
821,20,21,42.77973556440514,-164.40079551075266,516.642
822,20,22,37.23879241155648,-155.123294919611,516.34
823,20,23,31.079320987849812,-147.18482559449365,515.957
824,20,24,24.496838873371328,-140.24742977526836,515.634
825,20,25,17.63214017257709,-134.01814698805498,515.504
826,20,26,10.588965213675827,-128.2549563098033,515.677
827,20,27,3.448197737149077,-122.75512406556895,516.224
828,20,28,-3.7217214136421117,-117.3393168085041,517.172
829,20,29,-10.856162214006726,-111.835919205523,518.496
830,20,30,-17.886648388977395,-106.06553633807528,520.122
831,20,31,-24.732379654446508,-99.82531841800072,521.932
832,20,32,-31.2896464180566,-92.87338112603248,523.776
833,20,33,-37.417791179135,-84.91752213928828,525.483
834,20,34,-42.92168397083093,-75.62226305630456,526.879
835,20,35,-47.53561335895794,-64.66765732579044,527.806
836,20,36,-50.92558309310242,-51.91149699413167,528.133
837,20,37,-52.743758959592306,-37.653033139434,527.774
838,20,38,-52.7524162243653,-22.786414363680272,526.696
839,20,39,-50.948669132497066,-8.508804634965411,524.926
840,21,0,-45.39017239348148,18.993721308146203,521.17
841,21,1,-40.28769323440179,29.114914186324537,518.145
842,21,2,-34.43005811540174,37.72391684264039,514.923
843,21,3,-28.047685175679,45.161098094003,511.715
844,21,4,-21.307606691386226,51.744430567033156,508.73
845,21,5,-14.331411982580697,57.741483507371505,506.162
846,21,6,-7.211201881351804,63.37407413850339,504.169
847,21,7,-0.02184023023230996,68.8326452099617,502.86
848,21,8,7.169677746292711,74.29219982866047,502.29
849,21,9,14.296222847976791,79.92794600718891,502.452
850,21,10,21.28249891599726,85.9309787781456,503.282
851,21,11,28.03561964651017,92.52437895001235,504.666
852,21,12,34.43270139861053,99.97773408932956,506.45
853,21,13,40.30469699034054,108.61198795500694,508.457
854,21,14,45.41816250870019,118.77096543967379,510.506
855,21,15,49.46536036553998,130.7133599581443,512.427
856,21,16,52.089761516374416,144.38401090268152,514.078
857,21,17,52.98041818414408,159.15993671908853,515.358
858,21,18,52.014192303397394,173.9056457786074,516.215
859,21,19,49.327523732994536,-172.49909126244833,516.652
860,21,20,45.23785917499019,-160.64736067502054,516.719
861,21,21,40.10145105120847,-150.57280432849507,516.51
862,21,22,34.22264576087596,-142.00856673199948,516.15
863,21,23,27.83109646200331,-134.61058393628355,515.779
864,21,24,21.09260428914527,-128.06051448451137,515.537
865,21,25,14.127403623582525,-122.0917077914856,515.547
866,21,26,7.026331285521184,-116.48371267155494,515.901
867,21,27,-0.13715885633223757,-111.04745582811508,516.649
868,21,28,-7.297473146984588,-105.60942996568016,517.791
869,21,29,-14.389050241439142,-99.99605265668353,519.278
870,21,30,-21.33840913699569,-94.0181959630075,521.013
871,21,31,-28.054803940341444,-87.45534039710904,522.86
872,21,32,-34.418057473030025,-80.04122469457357,524.658
873,21,33,-40.26259911939116,-71.4589417382908,526.23
874,21,34,-45.35946044787851,-61.368231994378235,527.41
875,21,35,-49.406159700908894,-49.50968146306419,528.051
876,21,36,-52.05037181543095,-35.92740975129237,528.042
877,21,37,-52.98080408983218,-21.221061364412993,527.325
878,21,38,-52.06693502416823,-6.5044638517971896,525.894
879,21,39,-49.43392100479041,7.103583286354967,523.806
880,22,0,-47.56594964415655,22.277174242184337,522.547
881,22,1,-42.9506166521551,33.26337984289352,519.694
882,22,2,-37.43718550128325,42.587363286431724,516.546
883,22,3,-31.2927439088452,50.56801927495767,513.304
884,22,4,-24.713898870099747,57.5415707005544,510.182
885,22,5,-17.84273539525609,63.8014595654386,507.383
886,22,6,-10.784346189978628,69.59089183048148,505.085
887,22,7,-3.6208941611143834,75.11400135940724,503.424
888,22,8,3.5777544728731714,80.55154227841106,502.481
889,22,9,10.745486682469487,86.07666671314198,502.282
890,22,10,17.81216176098382,91.87055226152371,502.79
891,22,11,24.695009981950076,98.13826852319674,503.914
892,22,12,31.28793545566951,105.12462996858183,505.519
893,22,13,37.44722246426859,113.1255750340373,507.437
894,22,14,42.97377099344144,122.48065974396116,509.488
895,22,15,47.59689723128588,133.51187970639532,511.493
896,22,16,50.97755058740246,146.35640561044113,513.294
897,22,17,52.765455055490854,160.6971800748266,514.769
898,22,18,52.726734713086046,175.6148732976464,515.84
899,22,19,50.86858516447867,-170.10065667502002,516.484
900,22,20,47.43524714419919,-157.34271024889327,516.727
901,22,21,42.77973556440514,-146.4008018400462,516.642
902,22,22,37.23879241155648,-137.12330124890454,516.34
903,22,23,31.079320987849812,-129.18483192378716,515.957
904,22,24,24.496838873371328,-122.2474361045619,515.634
905,22,25,17.63214017257709,-116.01815331734853,515.504
906,22,26,10.588965213675827,-110.25496263909683,515.677
907,22,27,3.448197737149077,-104.75513722505166,516.224
908,22,28,-3.7217214136421117,-99.3393299679868,517.172
909,22,29,-10.856162214006726,-93.83592553481654,518.496
910,22,30,-17.886648388977395,-88.06554266736882,520.122
911,22,31,-24.732379654446508,-81.82532474729426,521.932
912,22,32,-31.2896464180566,-74.87338745532603,523.776
913,22,33,-37.417791179135,-66.91752846858182,525.483
914,22,34,-42.92168397083093,-57.6222693855981,526.879
915,22,35,-47.53561335895794,-46.667660239989395,527.806
916,22,36,-50.92558309310242,-33.9115033234252,528.133
917,22,37,-52.743758959592306,-19.653039468727535,527.774
918,22,38,-52.7524162243653,-4.7864211198606315,526.696
919,22,39,-50.948669132497066,9.491189035741053,524.926
920,23,0,-45.39017239348148,36.99372863923101,521.17
921,23,1,-40.28769323440179,47.11492151740934,518.145
922,23,2,-34.43005811540174,55.723924173725194,514.923
923,23,3,-28.047685175679,63.16110884018239,511.715
924,23,4,-21.307606691386226,69.74444131321255,508.73
925,23,5,-14.331411982580697,75.74149083845631,506.162
926,23,6,-7.211201881351804,81.37408146958819,504.169
927,23,7,-0.02184023023230996,86.8326525410465,502.86
928,23,8,7.169677746292711,92.29220715974527,502.29
929,23,9,14.296222847976791,97.92795333827371,502.452
930,23,10,21.28249891599726,103.9309861092304,503.282
931,23,11,28.03561964651017,110.52438628109715,504.666
932,23,12,34.43270139861053,117.97774825060353,506.45
933,23,13,40.30469699034054,126.61199528609174,508.457
934,23,14,45.41816250870019,136.7709727707586,510.506
935,23,15,49.46536036553998,148.71336728922913,512.427
936,23,16,52.089761516374416,162.38401823376634,514.078
937,23,17,52.98041818414408,177.15994405017332,515.358
938,23,18,52.014192303397394,-168.09434324784212,516.215
939,23,19,49.327523732994536,-154.49908393136351,516.652
940,23,20,45.23785917499019,-142.64735334393575,516.719
941,23,21,40.10145105120847,-132.57279699741025,516.51
942,23,22,34.22264576087596,-124.00855940091466,516.15
943,23,23,27.83109646200331,-116.61057660519876,515.779
944,23,24,21.09260428914527,-110.06050715342657,515.537
945,23,25,14.127403623582525,-104.0917004604008,515.547
946,23,26,7.026331285521184,-98.48370534047014,515.901
947,23,27,-0.13715885633223757,-93.04744849703026,516.649
948,23,28,-7.297473146984588,-87.60942263459536,517.791
949,23,29,-14.389050241439142,-81.99604532559873,519.278
950,23,30,-21.33840913699569,-76.0181886319227,521.013
951,23,31,-28.054803940341444,-69.45533306602424,522.86
952,23,32,-34.418057473030025,-62.04121736348876,524.658
953,23,33,-40.26259911939116,-53.458934407206,526.23
954,23,34,-45.35946044787851,-43.368228078388015,527.41
955,23,35,-49.406159700908894,-31.509674131979388,528.051
956,23,36,-52.05037181543095,-17.927404127754862,528.042
957,23,37,-52.98080408983218,-3.221054033328191,527.325
958,23,38,-52.06693502416823,11.49554305240079,525.894
959,23,39,-49.43392100479041,25.103590190552946,523.806
960,24,0,-47.56594964415655,40.27718157326914,522.547
961,24,1,-42.9506166521551,51.26338717397832,519.694
962,24,2,-37.43718550128325,60.58737061751653,516.546
963,24,3,-31.2927439088452,68.56802319094788,513.304
964,24,4,-24.713898870099747,75.5415780316392,510.182
965,24,5,-17.84273539525609,81.80146689652341,507.383
966,24,6,-10.784346189978628,87.59089916156628,505.085
967,24,7,-3.6208941611143834,93.11400869049204,503.424
968,24,8,3.5777544728731714,98.55154960949586,502.481
969,24,9,10.745486682469487,104.07667404422678,502.282
970,24,10,17.81216176098382,109.87055959260852,502.79
971,24,11,24.695009981950076,116.13826902409237,503.914
972,24,12,31.28793545566951,123.12463729966663,505.519
973,24,13,37.44722246426859,131.12558919531128,507.437
974,24,14,42.97377099344144,140.48066707504594,509.488
975,24,15,47.59689723128588,151.5118870374801,511.493
976,24,16,50.97755058740246,164.35641294152592,513.294
977,24,17,52.765455055490854,178.69718740591142,514.769
978,24,18,52.726734713086046,-166.38512938918146,515.84
979,24,19,50.86858516447867,-152.1006493439352,516.484
980,24,20,47.43524714419919,-139.34270291780848,516.727
981,24,21,42.77973556440514,-128.4007945089614,516.642
982,24,22,37.23879241155648,-119.12329391781972,516.34
983,24,23,31.079320987849812,-111.18482459270237,515.957
984,24,24,24.496838873371328,-104.24743560366626,515.634
985,24,25,17.63214017257709,-98.0181528164529,515.504
986,24,26,10.588965213675827,-92.25495530801203,515.677
987,24,27,3.448197737149077,-86.75512989396685,516.224
988,24,28,-3.7217214136421117,-81.339322636902,517.172
989,24,29,-10.856162214006726,-75.83591820373174,518.496
990,24,30,-17.886648388977395,-70.06553533628401,520.122
991,24,31,-24.732379654446508,-63.82531741620945,521.932
992,24,32,-31.2896464180566,-56.87337670914664,523.776
993,24,33,-37.417791179135,-48.91751772240243,525.483
994,24,34,-42.92168397083093,-39.62225863941872,526.879
995,24,35,-47.53561335895794,-28.667652908904593,527.806
996,24,36,-50.92558309310242,-15.911495992340399,528.133
997,24,37,-52.743758959592306,-1.65303267125126,527.774
998,24,38,-52.7524162243653,13.213586638110995,526.696
999,24,39,-50.948669132497066,27.491195513052208,524.926
1000,25,0,-45.39017239348148,54.99372230993747,521.17
1001,25,1,-40.28769323440179,65.11491177302122,518.145
1002,25,2,-34.43005811540174,73.72391442933707,514.923
1003,25,3,-28.047685175679,81.16110251088885,511.715
1004,25,4,-21.307606691386226,87.744434983919,508.73
1005,25,5,-14.331411982580697,93.74148450916277,506.162
1006,25,6,-7.211201881351804,99.37407514029465,504.169
1007,25,7,-0.02184023023230996,104.83264621175296,502.86
1008,25,8,7.169677746292711,110.29220083045173,502.29
1009,25,9,14.296222847976791,115.927940178791,502.452
1010,25,10,21.28249891599726,121.93097977993686,503.282
1011,25,11,28.03561964651017,128.5243799518036,504.666
1012,25,12,34.43270139861053,135.97774192130998,506.45
1013,25,13,40.30469699034054,144.6119889567982,508.457
1014,25,14,45.41816250870019,154.77096644146505,510.506
1015,25,15,49.46536036553998,166.71336095993559,512.427
1016,25,16,52.089761516374416,-179.61598445306154,514.078
1017,25,17,52.98041818414408,-164.84005863665453,515.358
1018,25,18,52.014192303397394,-150.09434957713566,516.215
1019,25,19,49.327523732994536,-136.49909026065706,516.652
1020,25,20,45.23785917499019,-124.64735967322927,516.719
1021,25,21,40.10145105120847,-114.57279649651463,516.51
1022,25,22,34.22264576087596,-106.0085657302082,516.15
1023,25,23,27.83109646200331,-98.61058293449229,515.779
1024,25,24,21.09260428914527,-92.0605134827201,515.537
1025,25,25,14.127403623582525,-86.09170678969434,515.547
1026,25,26,7.026331285521184,-80.48371166976366,515.901
1027,25,27,-0.13715885633223757,-75.0474548263238,516.649
1028,25,28,-7.297473146984588,-69.6094289638889,517.791
1029,25,29,-14.389050241439142,-63.99605165489226,519.278
1030,25,30,-21.33840913699569,-58.01819496121623,521.013
1031,25,31,-28.054803940341444,-51.45533939531778,522.86
1032,25,32,-34.418057473030025,-44.041223692782296,524.658
1033,25,33,-40.26259911939116,-35.458940736499535,526.23
1034,25,34,-45.35946044787851,-25.36823270013426,527.41
1035,25,35,-49.406159700908894,-13.509681315046572,528.051
1036,25,36,-52.05037181543095,0.07259030334375671,528.042
1037,25,37,-52.98080408983218,14.778939637378272,527.325
1038,25,38,-52.06693502416823,29.495536723107254,525.894
1039,25,39,-49.43392100479041,43.1035855688067,523.806
1040,26,0,-47.56594964415655,58.27718890435394,522.547
1041,26,1,-42.9506166521551,69.26339792015771,519.694
1042,26,2,-37.43718550128325,78.58737794860133,516.546
1043,26,3,-31.2927439088452,86.56803052203269,513.304
1044,26,4,-24.713898870099747,93.541585362724,510.182
1045,26,5,-17.84273539525609,99.80147422760821,507.383
1046,26,6,-10.784346189978628,105.59090649265109,505.085
1047,26,7,-3.6208941611143834,111.11401602157684,503.424
1048,26,8,3.5777544728731714,116.5515501103915,502.481
1049,26,9,10.745486682469487,122.07668137531158,502.282
1050,26,10,17.81216176098382,127.87056692369332,502.79
1051,26,11,24.695009981950076,134.13827635517717,503.914
1052,26,12,31.28793545566951,141.12464463075145,505.519
1053,26,13,37.44722246426859,149.12559652639607,507.437
1054,26,14,42.97377099344144,158.48067440613076,509.488
1055,26,15,47.59689723128588,169.51189436856492,511.493
1056,26,16,50.97755058740246,-177.64357608492358,513.294
1057,26,17,52.765455055490854,-163.30281528091643,514.769
1058,26,18,52.726734713086046,-148.38512205809664,515.84
1059,26,19,50.86858516447867,-134.10064201285041,516.484
1060,26,20,47.43524714419919,-121.34269558672366,516.727
1061,26,21,42.77973556440514,-110.40079400806577,516.642
1062,26,22,37.23879241155648,-101.1232934169241,516.34
1063,26,23,31.079320987849812,-93.18481726161757,515.957
1064,26,24,24.496838873371328,-86.24742827258146,515.634
1065,26,25,17.63214017257709,-80.0181454853681,515.504
1066,26,26,10.588965213675827,-74.25494797692723,515.677
1067,26,27,3.448197737149077,-68.75512256288205,516.224
1068,26,28,-3.7217214136421117,-63.339315305817195,517.172
1069,26,29,-10.856162214006726,-57.835910872646934,518.496
1070,26,30,-17.886648388977395,-52.06552800519921,520.122
1071,26,31,-24.732379654446508,-45.825306670030066,521.932
1072,26,32,-31.2896464180566,-38.87336937806184,523.776
1073,26,33,-37.417791179135,-30.917510391317624,525.483
1074,26,34,-42.92168397083093,-21.622253015881203,526.879
1075,26,35,-47.53561335895794,-10.66764557781979,527.806
1076,26,36,-50.92558309310242,2.0885111253009923,528.133
1077,26,37,-52.743758959592306,16.346975193442074,527.774
1078,26,38,-52.7524162243653,31.213592261648508,526.696
1079,26,39,-50.948669132497066,45.491204551684305,524.926
1080,27,0,-45.39017239348148,72.99371256554934,521.17
1081,27,1,-40.28769323440179,83.11490544372768,518.145
1082,27,2,-34.43005811540174,91.72390810004353,514.923
1083,27,3,-28.047685175679,99.16109618159533,511.715
1084,27,4,-21.307606691386226,105.74442865462547,508.73
1085,27,5,-14.331411982580697,111.74147817986923,506.162
1086,27,6,-7.211201881351804,117.37406881100112,504.169
1087,27,7,-0.02184023023230996,122.8326467126486,502.86
1088,27,8,7.169677746292711,128.2921945011582,502.29
1089,27,9,14.296222847976791,133.92793384949746,502.452
1090,27,10,21.28249891599726,139.93097345064334,503.282
1091,27,11,28.03561964651017,146.52437362251007,504.666
1092,27,12,34.43270139861053,153.97773559201644,506.45
1093,27,13,40.30469699034054,162.61198262750466,508.457
1094,27,14,45.41816250870019,172.7709601121715,510.506
1095,27,15,49.46536036553998,-175.28664172689227,512.427
1096,27,16,52.089761516374416,-161.61599078235508,514.078
1097,27,17,52.98041818414408,-146.84006496594807,515.358
1098,27,18,52.014192303397394,-132.0943559064292,516.215
1099,27,19,49.327523732994536,-118.4990965899506,516.652
1100,27,20,45.23785917499019,-106.64737283271198,516.719
1101,27,21,40.10145105120847,-96.57280282580815,516.51
1102,27,22,34.22264576087596,-88.00857205950174,516.15
1103,27,23,27.83109646200331,-80.61058926378583,515.779
1104,27,24,21.09260428914527,-74.06051981201364,515.537
1105,27,25,14.127403623582525,-68.09171311898788,515.547
1106,27,26,7.026331285521184,-62.483717999057205,515.901
1107,27,27,-0.13715885633223757,-57.04746115561734,516.649
1108,27,28,-7.297473146984588,-51.609435293182436,517.791
1109,27,29,-14.389050241439142,-45.996057984185796,519.278
1110,27,30,-21.33840913699569,-40.018201290509765,521.013
1111,27,31,-28.054803940341444,-33.45534572461132,522.86
1112,27,32,-34.418057473030025,-26.041228314528542,524.658
1113,27,33,-40.26259911939116,-17.458948773340367,526.23
1114,27,34,-45.35946044787851,-7.368239883201444,527.41
1115,27,35,-49.406159700908894,4.490311928773068,528.051
1116,27,36,-52.05037181543095,18.072583213658067,528.042
1117,27,37,-52.98080408983218,32.77893501563203,527.325
1118,27,38,-52.06693502416823,47.495530393813716,525.894
1119,27,39,-49.43392100479041,61.103575824418584,523.806
1120,28,0,-47.56594964415655,76.27716891468206,522.547
1121,28,1,-42.9506166521551,87.26337793048585,519.694
1122,28,2,-37.43718550128325,96.58735795892946,516.546
1123,28,3,-31.2927439088452,104.56801053236082,513.304
1124,28,4,-24.713898870099747,111.54156537305214,510.182
1125,28,5,-17.84273539525609,117.8014610681255,507.383
1126,28,6,-10.784346189978628,123.59087967279005,505.085
1127,28,7,-3.6208941611143834,129.1139892017158,503.424
1128,28,8,3.5777544728731714,134.55153012071963,502.481
1129,28,9,10.745486682469487,140.0766613856397,502.282
1130,28,10,17.81216176098382,145.87054693402143,502.79
1131,28,11,24.695009981950076,152.1382563655053,503.914
1132,28,12,31.28793545566951,159.12462464107955,505.519
1133,28,13,37.44722246426859,167.1255765367242,507.437
1134,28,14,42.97377099344144,176.4806544164589,509.488
1135,28,15,47.59689723128588,-172.4881219786413,511.493
1136,28,16,50.97755058740246,-159.64359607459548,513.294
1137,28,17,52.765455055490854,-145.30283527058833,514.769
1138,28,18,52.726734713086046,-130.38514204776854,515.84
1139,28,19,50.86858516447867,-116.10066200252228,516.484
1140,28,20,47.43524714419919,-103.34272240658471,516.727
1141,28,21,42.77973556440514,-92.40081399773764,516.642
1142,28,22,37.23879241155648,-83.12331340659597,516.34
1143,28,23,31.079320987849812,-75.18483725128944,515.957
1144,28,24,24.496838873371328,-68.24744826225334,515.634
1145,28,25,17.63214017257709,-62.01816547503997,515.504
1146,28,26,10.588965213675827,-56.2549679665991,515.677
1147,28,27,3.448197737149077,-50.75514255255392,516.224
1148,28,28,-3.7217214136421117,-45.33933188039449,517.172
1149,28,29,-10.856162214006726,-39.83593427741339,518.496
1150,28,30,-17.886648388977395,-34.06554799487108,520.122
1151,28,31,-24.732379654446508,-27.82532665970194,521.932
1152,28,32,-31.2896464180566,-20.87338936773371,523.776
1153,28,33,-37.417791179135,-12.917531234763146,525.483
1154,28,34,-42.92168397083093,-3.6222730055530796,526.879
1155,28,35,-47.53561335895794,7.3323344325083335,527.806
1156,28,36,-50.92558309310242,20.088491349072527,528.133
1157,28,37,-52.743758959592306,34.34695520377019,527.774
1158,28,38,-52.7524162243653,49.21357227197663,526.696
1159,28,39,-50.948669132497066,63.49118456201243,524.926
1160,29,0,-45.39017239348148,90.99371989663415,521.17
1161,29,1,-40.28769323440179,101.11491277481248,518.145
1162,29,2,-34.43005811540174,109.72391543112833,514.923
1163,29,3,-28.047685175679,117.16110351268013,511.715
1164,29,4,-21.307606691386226,123.74443598571027,508.73
1165,29,5,-14.331411982580697,129.74147868076486,506.162
1166,29,6,-7.211201881351804,135.37407614208593,504.169
1167,29,7,-0.02184023023230996,140.83265404373338,502.86
1168,29,8,7.169677746292711,146.292201832243,502.29
1169,29,9,14.296222847976791,151.92794118058228,502.452
1170,29,10,21.28249891599726,157.93098078172812,503.282
1171,29,11,28.03561964651017,164.52438095359489,504.666
1172,29,12,34.43270139861053,171.97774292310126,506.45
1173,29,13,40.30469699034054,-179.3880200593232,508.457
1174,29,14,45.41816250870019,-169.22902891427802,510.506
1175,29,15,49.46536036553998,-157.28663439580748,512.427
1176,29,16,52.089761516374416,-143.61598345127027,514.078
1177,29,17,52.98041818414408,-128.84005763486326,515.358
1178,29,18,52.014192303397394,-114.0943485753444,516.215
1179,29,19,49.327523732994536,-100.4990892588658,516.652
1180,29,20,45.23785917499019,-88.64736550162718,516.719
1181,29,21,40.10145105120847,-78.57279549472335,516.51
1182,29,22,34.22264576087596,-70.00856472841694,516.15
1183,29,23,27.83109646200331,-62.610581932701024,515.779
1184,29,24,21.09260428914527,-56.060515896023425,515.537
1185,29,25,14.127403623582525,-50.091705787903074,515.547
1186,29,26,7.026331285521184,-44.4837106679724,515.901
1187,29,27,-0.13715885633223757,-39.04745382453254,516.649
1188,29,28,-7.297473146984588,-33.609427962097634,517.791
1189,29,29,-14.389050241439142,-27.996050653100994,519.278
1190,29,30,-21.33840913699569,-22.018193959424966,521.013
1191,29,31,-28.054803940341444,-15.455340101073805,522.86
1192,29,32,-34.418057473030025,-8.04122098344374,524.658
1193,29,33,-40.26259911939116,0.5410586644661434,526.23
1194,29,34,-45.35946044787851,10.631767447883359,527.41
1195,29,35,-49.406159700908894,22.49031883297105,528.051
1196,29,36,-52.05037181543095,36.072592252290164,528.042
1197,29,37,-52.98080408983218,50.77894234671683,527.325
1198,29,38,-52.06693502416823,65.49553772489853,525.894
1199,29,39,-49.43392100479041,79.10358315550339,523.806
1200,30,0,-47.56594964415655,94.27717624576687,522.547
1201,30,1,-42.9506166521551,105.26338526157065,519.694
1202,30,2,-37.43718550128325,114.58736529001426,516.546
1203,30,3,-31.2927439088452,122.56801786344562,513.304
1204,30,4,-24.713898870099747,129.54157270413694,510.182
1205,30,5,-17.84273539525609,135.8014683992103,507.383
1206,30,6,-10.784346189978628,141.59088700387485,505.085
1207,30,7,-3.6208941611143834,147.1139965328006,503.424
1208,30,8,3.5777544728731714,152.55153745180442,502.481
1209,30,9,10.745486682469487,158.0766687167245,502.282
1210,30,10,17.81216176098382,163.87055426510625,502.79
1211,30,11,24.695009981950076,170.13826369659012,503.914
1212,30,12,31.28793545566951,177.12463197216437,505.519
1213,30,13,37.44722246426859,-174.87442615010366,507.437
1214,30,14,42.97377099344144,-165.519348270369,509.488
1215,30,15,47.59689723128588,-154.4881146475565,511.493
1216,30,16,50.97755058740246,-141.64358874351066,513.294
1217,30,17,52.765455055490854,-127.30282793950352,514.769
1218,30,18,52.726734713086046,-112.38512788649456,515.84
1219,30,19,50.86858516447867,-98.10065467143748,516.484
1220,30,20,47.43524714419919,-85.34271507549991,516.727
1221,30,21,42.77973556440514,-74.40080666665284,516.642
1222,30,22,37.23879241155648,-65.12330607551117,516.34
1223,30,23,31.079320987849812,-57.184829920204635,515.957
1224,30,24,24.496838873371328,-50.24744093116853,515.634
1225,30,25,17.63214017257709,-44.01815472886058,515.504
1226,30,26,10.588965213675827,-38.254960635514294,515.677
1227,30,27,3.448197737149077,-32.75513522146912,516.224
1228,30,28,-3.7217214136421117,-27.339326256856975,517.172
1229,30,29,-10.856162214006726,-21.835925238781297,518.496
1230,30,30,-17.886648388977395,-16.065540663786283,520.122
1231,30,31,-24.732379654446508,-9.825320182390783,521.932
1232,30,32,-31.2896464180566,-2.873382036648909,523.776
1233,30,33,-37.417791179135,5.082476096321657,525.483
1234,30,34,-42.92168397083093,14.377734325531724,526.879
1235,30,35,-47.53561335895794,25.33234176359314,527.806
1236,30,36,-50.92558309310242,38.08849868015733,528.133
1237,30,37,-52.743758959592306,52.346962534855,527.774
1238,30,38,-52.7524162243653,67.21358301815602,526.696
1239,30,39,-50.948669132497066,81.49119189309724,524.926
1240,31,0,-45.39017239348148,108.99372722771895,521.17
1241,31,1,-40.28769323440179,119.11492010589728,518.145
1242,31,2,-34.43005811540174,127.72392276221314,514.923
1243,31,3,-28.047685175679,135.16111084376493,511.715
1244,31,4,-21.307606691386226,141.74444331679507,508.73
1245,31,5,-14.331411982580697,147.74148601184967,506.162
1246,31,6,-7.211201881351804,153.3740834731707,504.169
1247,31,7,-0.02184023023230996,158.8326613748182,502.86
1248,31,8,7.169677746292711,164.2922091633278,502.29
1249,31,9,14.296222847976791,169.92794851166707,502.452
1250,31,10,21.28249891599726,175.93098811281294,503.282
1251,31,11,28.03561964651017,-177.47560807285464,504.666
1252,31,12,34.43270139861053,-170.0222597637266,506.45
1253,31,13,40.30469699034054,-161.38801272823838,508.457
1254,31,14,45.41816250870019,-151.2290215831932,510.506
1255,31,15,49.46536036553998,-139.28662706472267,512.427
1256,31,16,52.089761516374416,-125.61597612018546,514.078
1257,31,17,52.98041818414408,-110.84005030377847,515.358
1258,31,18,52.014192303397394,-96.0943412442596,516.215
1259,31,19,49.327523732994536,-82.49908192778099,516.652
1260,31,20,45.23785917499019,-70.64735817054238,516.719
1261,31,21,40.10145105120847,-60.57278816363855,516.51
1262,31,22,34.22264576087596,-52.00855398223755,516.15
1263,31,23,27.83109646200331,-44.61057460161622,515.779
1264,31,24,21.09260428914527,-38.060508564938615,515.537
1265,31,25,14.127403623582525,-32.09169845681827,515.547
1266,31,26,7.026331285521184,-26.4837033368876,515.901
1267,31,27,-0.13715885633223757,-21.047446493447733,516.649
1268,31,28,-7.297473146984588,-15.609418923465538,517.791
1269,31,29,-14.389050241439142,-9.996044175789837,519.278
1270,31,30,-21.33840913699569,-4.018187055226984,521.013
1271,31,31,-28.054803940341444,2.5446674434544096,522.86
1272,31,32,-34.418057473030025,9.958786347641064,524.658
1273,31,33,-40.26259911939116,18.54106588882924,526.23
1274,31,34,-45.35946044787851,28.63177563274181,527.41
1275,31,35,-49.406159700908894,40.49032787160314,528.051
1276,31,36,-52.05037181543095,54.072599583374966,528.042
1277,31,37,-52.98080408983218,68.77894626270705,527.325
1278,31,38,-52.06693502416823,83.49554505598333,525.894
1279,31,39,-49.43392100479041,97.10359048658819,523.806
1280,32,0,-47.56594964415655,112.27718357685167,522.547
1281,32,1,-42.9506166521551,123.26338576246627,519.694
1282,32,2,-37.43718550128325,132.58737262109906,516.546
1283,32,3,-31.2927439088452,140.5680251945304,513.304
1284,32,4,-24.713898870099747,147.54158003522173,510.182
1285,32,5,-17.84273539525609,153.8014757302951,507.383
1286,32,6,-10.784346189978628,159.59089433495964,505.085
1287,32,7,-3.6208941611143834,165.11400386388542,503.424
1288,32,8,3.5777544728731714,170.55154478288924,502.481
1289,32,9,10.745486682469487,176.07667604780931,502.282
1290,32,10,17.81216176098382,-178.12943476134328,502.79
1291,32,11,24.695009981950076,-171.8617253298594,503.914
1292,32,12,31.28793545566951,-164.87535705428516,505.519
1293,32,13,37.44722246426859,-156.87441881901887,507.437
1294,32,14,42.97377099344144,-147.51934093928418,509.488
1295,32,15,47.59689723128588,-136.48810731647168,511.493
1296,32,16,50.97755058740246,-123.64358141242586,513.294
1297,32,17,52.765455055490854,-109.30281377822955,514.769
1298,32,18,52.726734713086046,-94.38512055540976,515.84
1299,32,19,50.86858516447867,-80.10064734035268,516.484
1300,32,20,47.43524714419919,-67.34270774441511,516.727
1301,32,21,42.77973556440514,-56.400795920473456,516.642
1302,32,22,37.23879241155648,-47.123298744426364,516.34
1303,32,23,31.079320987849812,-39.18482258911983,515.957
1304,32,24,24.496838873371328,-32.24743360008373,515.634
1305,32,25,17.63214017257709,-26.01814910532307,515.504
1306,32,26,10.588965213675827,-20.254953304429492,515.677
1307,32,27,3.448197737149077,-14.755126182837023,516.224
1308,32,28,-3.7217214136421117,-9.339318071998527,517.172
1309,32,29,-10.856162214006726,-3.8359183345833165,518.496
1310,32,30,-17.886648388977395,1.9344664538551097,520.122
1311,32,31,-24.732379654446508,8.17468714869402,521.932
1312,32,32,-31.2896464180566,15.126625294435895,523.776
1313,32,33,-37.417791179135,23.082482573632813,525.483
1314,32,34,-42.92168397083093,32.37774336416382,526.879
1315,32,35,-47.53561335895794,43.33234909467794,527.806
1316,32,36,-50.92558309310242,56.08850601124213,528.133
1317,32,37,-52.743758959592306,70.34696645084522,527.774
1318,32,38,-52.7524162243653,85.21359034924082,526.696
1319,32,39,-50.948669132497066,99.49119922418204,524.926
1320,33,0,-45.39017239348148,126.99373455880377,521.17
1321,33,1,-40.28769323440179,137.1149274369821,518.145
1322,33,2,-34.43005811540174,145.72393009329795,514.923
1323,33,3,-28.047685175679,153.16111817484972,511.715
1324,33,4,-21.307606691386226,159.7444506478799,508.73
1325,33,5,-14.331411982580697,165.74149334293446,506.162
1326,33,6,-7.211201881351804,171.37409080425553,504.169
1327,33,7,-0.02184023023230996,176.832668705903,502.86
1328,33,8,7.169677746292711,-177.70777986312171,502.29
1329,33,9,14.296222847976791,-172.07204051478246,502.452
1330,33,10,21.28249891599726,-166.0690009136366,503.282
1331,33,11,28.03561964651017,-159.47560074176982,504.666
1332,33,12,34.43270139861053,-152.0222524326418,506.45
1333,33,13,40.30469699034054,-143.3880053971536,508.457
1334,33,14,45.41816250870019,-133.22901425210839,510.506
1335,33,15,49.46536036553998,-121.28661973363786,512.427
1336,33,16,52.089761516374416,-107.61596878910066,514.078
1337,33,17,52.98041818414408,-92.84004297269365,515.358
1338,33,18,52.014192303397394,-78.0943339131748,516.215
1339,33,19,49.327523732994536,-64.49907459669619,516.652
1340,33,20,45.23785917499019,-52.64734742436299,516.719
1341,33,21,40.10145105120847,-42.57278083255375,516.51
1342,33,22,34.22264576087596,-34.00854665115274,516.15
1343,33,23,27.83109646200331,-26.610565562984124,515.779
1344,33,24,21.09260428914527,-20.060499526306522,515.537
1345,33,25,14.127403623582525,-14.091690271959822,515.547
1346,33,26,7.026331285521184,-8.483695152029151,515.901
1347,33,27,-0.13715885633223757,-3.0474400161365756,516.649
1348,33,28,-7.297473146984588,2.3905879807324424,517.791
1349,33,29,-14.389050241439142,8.003963155294967,519.278
1350,33,30,-21.33840913699569,13.981820702744642,521.013
1351,33,31,-28.054803940341444,20.5446745610958,522.86
1352,33,32,-34.418057473030025,27.95879367872587,524.658
1353,33,33,-40.26259911939116,36.54107492746134,526.23
1354,33,34,-45.35946044787851,46.63178125627932,527.41
1355,33,35,-49.406159700908894,58.49033178759336,528.051
1356,33,36,-52.05037181543095,72.07260691445977,528.042
1357,33,37,-52.98080408983218,86.77895359379185,527.325
1358,33,38,-52.06693502416823,101.49555238706813,525.894
1359,33,39,-49.43392100479041,115.10360464786216,523.806
1360,34,0,-47.56594964415655,130.27717041736898,522.547
1361,34,1,-42.9506166521551,141.2633657727944,519.694
1362,34,2,-37.43718550128325,150.5873526314272,516.546
1363,34,3,-31.2927439088452,158.56800520485854,513.304
1364,34,4,-24.713898870099747,165.54156004554986,510.182
1365,34,5,-17.84273539525609,171.80145574062323,507.383
1366,34,6,-10.784346189978628,177.59087434528777,505.085
1367,34,7,-3.6208941611143834,-176.8860124833208,503.424
1368,34,8,3.5777544728731714,-171.44847156431697,502.481
1369,34,9,10.745486682469487,-165.9233402993969,502.282
1370,34,10,17.81216176098382,-160.12945475101515,502.79
1371,34,11,24.695009981950076,-153.8617453195313,503.914
1372,34,12,31.28793545566951,-146.87537704395703,505.519
1373,34,13,37.44722246426859,-138.87443880869074,507.437
1374,34,14,42.97377099344144,-129.51936092895605,509.488
1375,34,15,47.59689723128588,-118.48812730614355,511.493
1376,34,16,50.97755058740246,-105.64360140209774,513.294
1377,34,17,52.765455055490854,-91.30283376790142,514.769
1378,34,18,52.726734713086046,-76.38514054508163,515.84
1379,34,19,50.86858516447867,-62.10066733002455,516.484
1380,34,20,47.43524714419919,-49.3427243189924,516.727
1381,34,21,42.77973556440514,-38.40081591014533,516.642
1382,34,22,37.23879241155648,-29.123318734098238,516.34
1383,34,23,31.079320987849812,-21.18484087124442,515.957
1384,34,24,24.496838873371328,-14.247452735981962,515.634
1385,34,25,17.63214017257709,-8.018169094994946,515.504
1386,34,26,10.588965213675827,-2.2549728672145464,515.677
1387,34,27,3.448197737149077,3.2448536140476887,516.224
1388,34,28,-3.7217214136421117,8.660661938329596,517.172
1389,34,29,-10.856162214006726,14.164062102631629,518.496
1390,34,30,-17.886648388977395,19.934446677626646,520.122
1391,34,31,-24.732379654446508,26.174668012795788,521.932
1392,34,32,-31.2896464180566,33.12660530476402,523.776
1393,34,33,-37.417791179135,41.08246429150823,525.483
1394,34,34,-42.92168397083093,50.37772337449194,526.879
1395,34,35,-47.53561335895794,61.33232568991148,527.806
1396,34,36,-50.92558309310242,74.08848260647568,528.133
1397,34,37,-52.743758959592306,88.34694646117335,527.774
1398,34,38,-52.7524162243653,103.21357035956895,526.696
1399,34,39,-50.948669132497066,117.49117923451016,524.926
1400,35,0,-45.39017239348148,144.9937145691319,521.17
1401,35,1,-40.28769323440179,155.11490744731023,518.145
1402,35,2,-34.43005811540174,163.72391010362608,514.923
1403,35,3,-28.047685175679,171.16109818517785,511.715
1404,35,4,-21.307606691386226,177.744430658208,508.73
1405,35,5,-14.331411982580697,-176.25852300427172,506.162
1406,35,6,-7.211201881351804,-170.62592554295068,504.169
1407,35,7,-0.02184023023230996,-165.16736130168155,502.86
1408,35,8,7.169677746292711,-159.70779985279358,502.29
1409,35,9,14.296222847976791,-154.07206050445433,502.452
1410,35,10,21.28249891599726,-148.06902090330846,503.282
1411,35,11,28.03561964651017,-141.47562073144172,504.666
1412,35,12,34.43270139861053,-134.02227242231368,506.45
1413,35,13,40.30469699034054,-125.38802538682546,508.457
1414,35,14,45.41816250870019,-115.22903424178027,510.506
1415,35,15,49.46536036553998,-103.28663972330975,512.427
1416,35,16,52.089761516374416,-89.61598877877255,514.078
1417,35,17,52.98041818414408,-74.84006296236554,515.358
1418,35,18,52.014192303397394,-60.09435390284667,516.215
1419,35,19,49.327523732994536,-46.49909800146265,516.652
1420,35,20,45.23785917499019,-34.64736741403487,516.719
1421,35,21,40.10145105120847,-24.572802529772915,516.51
1422,35,22,34.22264576087596,-16.008566640824622,516.15
1423,35,23,27.83109646200331,-8.610585552656001,515.779
1424,35,24,21.09260428914527,-2.060520156308634,515.537
1425,35,25,14.127403623582525,3.9082897383683024,515.547
1426,35,26,7.026331285521184,9.516284858298972,515.901
1427,35,27,-0.13715885633223757,14.952540847965194,516.649
1428,35,28,-7.297473146984588,20.39056841794739,517.791
1429,35,29,-14.389050241439142,26.003944019396737,519.278
1430,35,30,-21.33840913699569,31.981800713072765,521.013
1431,35,31,-28.054803940341444,38.54465627897122,522.86
1432,35,32,-34.418057473030025,45.9587719815067,524.658
1433,35,33,-40.26259911939116,54.54105493778946,526.23
1434,35,34,-45.35946044787851,64.63176468170202,527.41
1435,35,35,-49.406159700908894,76.49031179792149,528.051
1436,35,36,-52.05037181543095,90.0725869247879,528.042
1437,35,37,-52.98080408983218,104.77893360411997,527.325
1438,35,38,-52.06693502416823,119.49553922758543,525.894
1439,35,39,-49.43392100479041,133.10358465819027,523.806
1440,36,0,-47.56594964415655,148.27717774845377,522.547
1441,36,1,-42.9506166521551,159.2633731038792,519.694
1442,36,2,-37.43718550128325,168.58735996251198,516.546
1443,36,3,-31.2927439088452,176.56801253594335,513.304
1444,36,4,-24.713898870099747,-176.45842898089967,510.182
1445,36,5,-17.84273539525609,-170.19854694620463,507.383
1446,36,6,-10.784346189978628,-164.40911468116175,505.085
1447,36,7,-3.6208941611143834,-158.886005152236,503.424
1448,36,8,3.5777544728731714,-153.44846423323216,502.481
1449,36,9,10.745486682469487,-147.92333296831208,502.282
1450,36,10,17.81216176098382,-142.12944741993036,502.79
1451,36,11,24.695009981950076,-135.8617379884465,503.914
1452,36,12,31.28793545566951,-128.87536971287224,505.519
1453,36,13,37.44722246426859,-120.87443147760594,507.437
1454,36,14,42.97377099344144,-111.51934676768208,509.488
1455,36,15,47.59689723128588,-100.48811997505875,511.493
1456,36,16,50.97755058740246,-87.64359407101294,513.294
1457,36,17,52.765455055490854,-73.30282643681662,514.769
1458,36,18,52.726734713086046,-58.38513321399682,515.84
1459,36,19,50.86858516447867,-44.10065999893975,516.484
1460,36,20,47.43524714419919,-31.342716987907597,516.727
1461,36,21,42.77973556440514,-20.40080857906053,516.642
1462,36,22,37.23879241155648,-11.123309695466142,516.34
1463,36,23,31.079320987849812,-3.184833967046436,515.957
1464,36,24,24.496838873371328,3.7525545951028416,515.634
1465,36,25,17.63214017257709,9.981838236089857,515.504
1466,36,26,10.588965213675827,15.745034036983434,515.677
1467,36,27,3.448197737149077,21.244861158575905,516.224
1468,36,28,-3.7217214136421117,26.660668415640753,517.172
1469,36,29,-10.856162214006726,32.164067726169144,518.496
1470,36,30,-17.886648388977395,37.93445400871145,520.122
1471,36,31,-24.732379654446508,44.174675343880594,521.932
1472,36,32,-31.2896464180566,51.12661263584882,523.776
1473,36,33,-37.417791179135,59.08246820749845,525.483
1474,36,34,-42.92168397083093,68.37772729048216,526.879
1475,36,35,-47.53561335895794,79.33233302099629,527.806
1476,36,36,-50.92558309310242,92.08848993756048,528.133
1477,36,37,-52.743758959592306,106.34695379225815,527.774
1478,36,38,-52.7524162243653,121.21357769065375,526.696
1479,36,39,-50.948669132497066,135.49118656559497,524.926
1480,37,0,-45.39017239348148,162.99372190021668,521.17
1481,37,1,-40.28769323440179,173.11491477839502,518.145
1482,37,2,-34.43005811540174,-178.27607892282344,514.923
1483,37,3,-28.047685175679,-170.83889084127168,511.715
1484,37,4,-21.307606691386226,-164.2555583682415,508.73
1485,37,5,-14.331411982580697,-158.25851567318693,506.162
1486,37,6,-7.211201881351804,-152.62591821186587,504.169
1487,37,7,-0.02184023023230996,-147.16735397059674,502.86
1488,37,8,7.169677746292711,-141.7077925217088,502.29
1489,37,9,14.296222847976791,-136.07205317336954,502.452
1490,37,10,21.28249891599726,-130.06901357222367,503.282
1491,37,11,28.03561964651017,-123.4756134003569,504.666
1492,37,12,34.43270139861053,-116.02226509122887,506.45
1493,37,13,40.30469699034054,-107.3880112255515,508.457
1494,37,14,45.41816250870019,-97.22903374088465,510.506
1495,37,15,49.46536036553998,-85.28663239222493,512.427
1496,37,16,52.089761516374416,-71.61598144768773,514.078
1497,37,17,52.98041818414408,-56.840055631280734,515.358
1498,37,18,52.014192303397394,-42.09434657176186,516.215
1499,37,19,49.327523732994536,-28.499088962830555,516.652
1500,37,20,45.23785917499019,-16.647360082950062,516.719
1501,37,21,40.10145105120847,-6.57279477180129,516.51
1502,37,22,34.22264576087596,1.9914398364865364,516.15
1503,37,23,27.83109646200331,9.389421778428801,515.779
1504,37,24,21.09260428914527,15.939487815106403,515.537
1505,37,25,14.127403623582525,21.90829621567946,515.547
1506,37,26,7.026331285521184,27.51629133561013,515.901
1507,37,27,-0.13715885633223757,32.95254817905,516.649
1508,37,28,-7.297473146984588,38.390574041484896,517.791
1509,37,29,-14.389050241439142,44.003951350481536,519.278
1510,37,30,-21.33840913699569,49.98180804415757,521.013
1511,37,31,-28.054803940341444,56.54466361005602,522.86
1512,37,32,-34.418057473030025,63.9587793125915,524.658
1513,37,33,-40.26259911939116,72.54106226887427,526.23
1514,37,34,-45.35946044787851,82.63177201278683,527.41
1515,37,35,-49.406159700908894,94.4903191290063,528.051
1516,37,36,-52.05037181543095,108.0725942558727,528.042
1517,37,37,-52.98080408983218,122.77894776539395,527.325
1518,37,38,-52.06693502416823,137.4955465586702,525.894
1519,37,39,-49.43392100479041,151.1035919892751,523.806
1520,38,0,-47.56594964415655,166.27718507953858,522.547
1521,38,1,-42.9506166521551,177.263380434964,519.694
1522,38,2,-37.43718550128325,-173.41262906393754,516.546
1523,38,3,-31.2927439088452,-165.43197649050617,513.304
1524,38,4,-24.713898870099747,-158.45842164981485,510.182
1525,38,5,-17.84273539525609,-152.19853961511984,507.383
1526,38,6,-10.784346189978628,-146.40910735007694,505.085
1527,38,7,-3.6208941611143834,-140.8859978211512,503.424
1528,38,8,3.5777544728731714,-135.44845690214737,502.481
1529,38,9,10.745486682469487,-129.9233256372273,502.282
1530,38,10,17.81216176098382,-124.12944008884556,502.79
1531,38,11,24.695009981950076,-117.86173065736169,503.914
1532,38,12,31.28793545566951,-110.8753692119766,505.519
1533,38,13,37.44722246426859,-102.87441731633196,507.437
1534,38,14,42.97377099344144,-93.51933943659728,509.488
1535,38,15,47.59689723128588,-82.48811264397395,511.493
1536,38,16,50.97755058740246,-69.64358673992814,513.294
1537,38,17,52.765455055490854,-55.302822520826396,514.769
1538,38,18,52.726734713086046,-40.38512929800661,515.84
1539,38,19,50.86858516447867,-26.100652667854945,516.484
1540,38,20,47.43524714419919,-13.34271051059644,516.727
1541,38,21,42.77973556440514,-2.4008014614191384,516.642
1542,38,22,37.23879241155648,6.87669763561866,516.34
1543,38,23,31.079320987849812,14.81517379092519,515.957
1544,38,24,24.496838873371328,21.752561072414,515.634
1545,38,25,17.63214017257709,27.98184556717466,515.504
1546,38,26,10.588965213675827,33.745041368068236,515.677
1547,38,27,3.448197737149077,39.24486678211341,516.224
1548,38,28,-3.7217214136421117,44.66067745427285,517.172
1549,38,29,-10.856162214006726,50.164075057253946,518.496
1550,38,30,-17.886648388977395,55.93446133979625,520.122
1551,38,31,-24.732379654446508,62.174679259870814,521.932
1552,38,32,-31.2896464180566,69.12661655183904,523.776
1553,38,33,-37.417791179135,77.08247553858325,525.483
1554,38,34,-42.92168397083093,86.37773462156696,526.879
1555,38,35,-47.53561335895794,97.33234035208109,527.806
1556,38,36,-50.92558309310242,110.08849726864528,528.133
1557,38,37,-52.743758959592306,124.34696795353211,527.774
1558,38,38,-52.7524162243653,139.21358502173854,526.696
1559,38,39,-50.948669132497066,153.49119389667976,524.926
1560,39,0,-45.39017239348148,-179.00626712623284,521.17
1561,39,1,-40.28769323440179,-168.8850742480545,518.145
1562,39,2,-34.43005811540174,-160.27607159173866,514.923
1563,39,3,-28.047685175679,-152.83888351018686,511.715
1564,39,4,-21.307606691386226,-146.25555103715672,508.73
1565,39,5,-14.331411982580697,-140.25850834210212,506.162
1566,39,6,-7.211201881351804,-134.62591088078108,504.169
1567,39,7,-0.02184023023230996,-129.16734663951195,502.86
1568,39,8,7.169677746292711,-123.70778519062398,502.29
1569,39,9,14.296222847976791,-118.07204584228472,502.452
1570,39,10,21.28249891599726,-112.06901307132803,503.282
1571,39,11,28.03561964651017,-105.47561289946128,504.666
1572,39,12,34.43270139861053,-98.02225092995491,506.45
1573,39,13,40.30469699034054,-89.38800389446668,508.457
1574,39,14,45.41816250870019,-79.22902640979984,510.506
1575,39,15,49.46536036553998,-67.28662506114013,512.427
1576,39,16,52.089761516374416,-53.61597753169752,514.078
1577,39,17,52.98041818414408,-38.84004830019593,515.358
1578,39,18,52.014192303397394,-24.094339240677062,516.215
1579,39,19,49.327523732994536,-10.499082485519398,516.652
1580,39,20,45.23785917499019,1.352646927969623,516.719
1581,39,21,40.10145105120847,11.427212986170337,516.51
1582,39,22,34.22264576087596,19.991448021344986,516.15
1583,39,23,27.83109646200331,27.389429109513603,515.779
1584,39,24,21.09260428914527,33.939493438643915,515.537
1585,39,25,14.127403623582525,39.908303546764266,515.547
1586,39,26,7.026331285521184,45.51629866669493,515.901
1587,39,27,-0.13715885633223757,50.9525555101348,516.649
1588,39,28,-7.297473146984588,56.390581372569706,517.791
1589,39,29,-14.389050241439142,62.003958681566345,519.278
1590,39,30,-21.33840913699569,67.98181537524238,521.013
1591,39,31,-28.054803940341444,74.54467094114082,522.86
1592,39,32,-34.418057473030025,81.9587866436763,524.658
1593,39,33,-40.26259911939116,90.54106959995907,526.23
1594,39,34,-45.35946044787851,100.63177934387163,527.41
1595,39,35,-49.406159700908894,112.4903264600911,528.051
1596,39,36,-52.05037181543095,126.0726015869575,528.042
1597,39,37,-52.98080408983218,140.77895509647877,527.325
1598,39,38,-52.06693502416823,155.49555388975503,525.894
1599,39,39,-49.43392100479041,169.1035993203599,523.806
