0,0,0,46.18682858279884,-53.10697817436983,510.858
1,0,1,50.018854990215715,-40.8555893129425,512.743
2,0,2,52.368603989240185,-26.93680101095332,514.338
3,0,3,52.9469536723056,-12.078229905589163,515.548
4,0,4,51.673608335529295,2.541374225057406,516.333
5,0,5,48.724701482132964,15.865890819252224,516.702
6,0,6,44.43378881532878,27.407657176861075,516.713
7,0,7,39.15255677548069,37.20389014489771,516.468
8,0,8,33.17293106280963,45.54675448020402,516.095
9,0,9,26.71258297597473,52.78036535844899,515.734
10,0,10,19.928314875299264,59.214850933991634,515.525
11,0,11,12.934398386918494,65.10822501782378,515.585
12,0,12,5.8179239722787734,70.6745491536282,516.001
13,0,13,-1.3495371641848573,76.09910588301983,516.814
14,0,14,-8.502942625110247,81.55434382216318,518.017
15,0,15,-15.575991977667496,87.2153958515665,519.552
16,0,16,-22.49298772938923,93.2755768153087,521.314
17,0,17,-29.15915332157871,99.96222272972446,523.163
18,0,18,-35.4478792451387,107.55032384098767,524.933
19,0,19,-41.18411116673636,116.36406141767465,526.449
20,0,20,-46.12666486149478,126.74034820097462,527.546
21,0,21,-49.961457495525515,138.90602160341288,528.082
22,0,22,-52.33463745849771,152.73785135198403,527.956
23,0,23,-52.955600691794835,167.5326694716353,527.117
24,0,24,-51.73561279281467,-177.8690679501824,525.57
25,0,25,-48.83951696208088,-164.52597921786068,523.38
26,0,26,-44.59259754372075,-152.94327612146134,520.667
27,0,27,-39.34307807218903,-143.1002358670426,517.596
28,0,28,-33.38245394578894,-134.7133919436706,514.363
29,0,29,-26.92931000098111,-127.44160372305984,511.18
30,0,30,-20.141732673652776,-120.9747942772701,508.255
31,0,31,-13.135307547580771,-115.05388087070448,505.777
32,0,32,-5.99845953242055,-109.46347348788659,503.895
33,0,33,1.1958881101023064,-104.0168347569083,502.711
34,0,34,8.381233776742498,-98.54004757093357,502.269
35,0,35,15.489692537504384,-92.85629882291829,502.553
36,0,36,22.4437062069803,-86.77022461203258,503.488
37,0,37,29.146281830087823,-80.05181148778709,504.954
38,0,38,35.46797366167688,-72.42260629809873,506.79
39,0,39,41.23010224551264,-63.55434332126754,508.818
40,1,0,48.26575375104313,-38.210222896450716,511.83
41,1,1,51.40042808948546,-25.07407523560203,513.584
42,1,2,52.89046117768042,-10.556369843409234,514.995
43,1,3,52.536158774864354,4.337890707915533,515.995
44,1,4,50.389642054593615,18.41096444551884,516.567
45,1,5,46.724139074236234,30.866523029163478,516.747
46,1,6,41.896926783991816,41.5086510202441,516.615
47,1,7,36.234795584699626,50.53523095184702,516.289
48,1,8,29.99184558895706,58.28162169712528,515.904
49,1,9,23.35300075344763,65.08018709128088,515.603
50,1,10,16.451637597188764,71.2149332301921,515.515
51,1,11,9.386758004652496,76.92020390428209,515.745
52,1,12,2.2364485404118257,82.39364429756351,516.357
53,1,13,-4.932015139755915,87.81218363029636,517.37
54,1,14,-12.053921262333088,93.34767629218734,518.749
55,1,15,-19.059340643049808,99.18236539067074,520.413
56,1,16,-25.8644203301263,105.52463999732363,522.238
57,1,17,-32.36028881573985,112.62433477160674,524.069
58,1,18,-38.39839802317915,120.78234686721582,525.733
59,1,19,-43.77261625838779,130.33784981795537,527.06
60,1,20,-48.20454501079606,141.59555885326714,527.892
61,1,21,-51.35209084072928,154.64283209263562,528.107
62,1,22,-52.87578651624865,169.08190663955594,527.627
63,1,23,-52.5708595509426,-176.06757823583484,526.429
64,1,24,-50.47875553269477,-161.9942193378337,524.549
65,1,25,-46.862365027564366,-149.50646153489433,522.08
66,1,26,-42.07320713628067,-138.81890937073854,519.165
67,1,27,-36.436361297295875,-129.74625981318388,515.987
68,1,28,-30.206364755314237,-121.9586693668321,512.752
69,1,29,-23.569304306725474,-115.12494215882928,509.673
70,1,30,-16.659866159320355,-108.96042322532597,506.95
71,1,31,-9.578380669364497,-103.22951885128093,504.754
72,1,32,-2.4042620194508078,-97.73317000352328,503.212
73,1,33,4.793815226523993,-92.29299946168899,502.397
74,1,34,11.949593537855728,-86.73562970388646,502.324
75,1,35,18.991477591003854,-80.87693249047048,502.946
76,1,36,25.83357348828723,-74.50621014592448,504.164
77,1,37,32.36453036321443,-67.37056125585042,505.836
78,1,38,38.432589950164235,-59.165243270049835,507.792
79,1,39,43.82748999817967,-49.547148465756294,509.848
80,2,0,46.18682858279884,-35.1069776734742,510.858
81,2,1,50.018854990215715,-22.855587104499577,512.743
82,2,2,52.368603989240185,-8.936800510057688,514.338
83,2,3,52.9469536723056,5.92177059530647,515.548
84,2,4,51.673608335529295,20.541375579726687,516.333
85,2,5,48.724701482132964,33.86589132014786,516.702
86,2,6,44.43378881532878,45.40765767775671,516.713
87,2,7,39.15255677548069,55.20389064579335,516.468
88,2,8,33.17293106280963,63.54675498109965,516.095
89,2,9,26.71258297597473,70.78036244425003,515.734
90,2,10,19.928314875299264,77.21485143488727,515.525
91,2,11,12.934398386918494,83.10822551871941,515.585
92,2,12,5.8179239722787734,88.67454965452383,516.001
93,2,13,-1.3495371641848573,94.09910638391547,516.814
94,2,14,-8.502942625110247,99.5543443230588,518.017
95,2,15,-15.575991977667496,105.21539635246214,519.552
96,2,16,-22.49298772938923,111.27557731620432,521.314
97,2,17,-29.15915332157871,117.96221640043092,523.163
98,2,18,-35.4478792451387,125.55032434188331,524.933
99,2,19,-41.18411116673636,134.36405508838112,526.449
100,2,20,-46.12666486149478,144.7403418716811,527.546
101,2,21,-49.961457495525515,156.90601527411934,528.082
102,2,22,-52.33463745849771,170.73785868306885,527.956
103,2,23,-52.955600691794835,-174.46733321519255,527.117
104,2,24,-51.73561279281467,-159.86906061909758,525.57
105,2,25,-48.83951696208088,-146.52597188677586,523.38
106,2,26,-44.59259754372075,-134.94328245075488,520.667
107,2,27,-39.34307807218903,-125.1002285359578,517.596
108,2,28,-33.38245394578894,-116.71339827296413,514.363
109,2,29,-26.92931000098111,-109.44161005235337,511.18
110,2,30,-20.141732673652776,-102.97479377637447,508.255
111,2,31,-13.135307547580771,-97.05388036980884,505.777
112,2,32,-5.99845953242055,-91.46347298699095,503.895
113,2,33,1.1958881101023064,-86.01683425601266,502.711
114,2,34,8.381233776742498,-80.54004707003794,502.269
115,2,35,15.489692537504384,-74.85629832202265,502.553
116,2,36,22.4437062069803,-68.77022411113694,503.488
117,2,37,29.146281830087823,-62.051810986891454,504.954
118,2,38,35.46797366167688,-54.422602382108515,506.79
119,2,39,41.23010224551264,-45.55434623546649,508.818
120,3,0,48.26575375104313,-20.21022239555508,511.83
121,3,1,51.40042808948546,-7.074074307819573,513.584
122,3,2,52.89046117768042,7.443630657486398,514.995
123,3,3,52.536158774864354,22.33789120881117,515.995
124,3,4,50.389642054593615,36.410963238867176,516.567
125,3,5,46.724139074236234,48.86652353005911,516.747
126,3,6,41.896926783991816,59.50865152113973,516.615
127,3,7,36.234795584699626,68.53523145274265,516.289
128,3,8,29.99184558895706,76.28162219802091,515.904
129,3,9,23.35300075344763,83.08018759217651,515.603
130,3,10,16.451637597188764,89.21493373108773,515.515
131,3,11,9.386758004652496,94.92020440517773,515.745
132,3,12,2.2364485404118257,100.39364479845914,516.357
133,3,13,-4.932015139755915,105.812184131192,517.37
134,3,14,-12.053921262333088,111.34767679308298,518.749
135,3,15,-19.059340643049808,117.18237272175554,520.413
136,3,16,-25.8644203301263,123.52464049821926,522.238
137,3,17,-32.36028881573985,130.62433527250238,524.069
138,3,18,-38.39839802317915,138.78235419830062,525.733
139,3,19,-43.77261625838779,148.33785714904016,527.06
140,3,20,-48.20454501079606,159.5955525239736,527.892
141,3,21,-51.35209084072928,172.64283942372043,528.107
142,3,22,-52.87578651624865,-172.91809604727194,527.627
143,3,23,-52.5708595509426,-158.06757090475006,526.429
144,3,24,-50.47875553269477,-143.99422566712724,524.549
145,3,25,-46.862365027564366,-131.50646786418787,522.08
146,3,26,-42.07320713628067,-120.81891570003206,519.165
147,3,27,-36.436361297295875,-111.74626614247741,515.987
148,3,28,-30.206364755314237,-103.95866886593646,512.752
149,3,29,-23.569304306725474,-97.12494165793365,509.673
150,3,30,-16.659866159320355,-90.96042272443034,506.95
151,3,31,-9.578380669364497,-85.22951835038529,504.754
152,3,32,-2.4042620194508078,-79.73316950262765,503.212
153,3,33,4.793815226523993,-74.29299896079337,502.397
154,3,34,11.949593537855728,-68.73562920299084,502.324
155,3,35,18.991477591003854,-62.87693198957484,502.946
156,3,36,25.83357348828723,-56.50620964502885,504.164
157,3,37,32.36453036321443,-49.370557339860206,505.836
158,3,38,38.432589950164235,-41.1652427691542,507.792
159,3,39,43.82748999817967,-31.547147964860663,509.848
160,4,0,46.18682858279884,-17.106978880125855,510.858
161,4,1,50.018854990215715,-4.855587030490765,512.743
162,4,2,52.368603989240185,9.063199990837944,514.338
163,4,3,52.9469536723056,23.921771096202104,515.548
164,4,4,51.673608335529295,38.54137437307502,516.333
165,4,5,48.724701482132964,51.86589182104349,516.702
166,4,6,44.43378881532878,63.40765817865234,516.713
167,4,7,39.15255677548069,73.20389114668897,516.468
168,4,8,33.17293106280963,81.54675548199529,516.095
169,4,9,26.71258297597473,88.78036294514567,515.734
170,4,10,19.928314875299264,95.2148519357829,515.525
171,4,11,12.934398386918494,101.10822601961505,515.585
172,4,12,5.8179239722787734,106.67455015541947,516.001
173,4,13,-1.3495371641848573,112.0991068848111,516.814
174,4,14,-8.502942625110247,117.55434482395444,518.017
175,4,15,-15.575991977667496,123.21539685335776,519.552
176,4,16,-22.49298772938923,129.27557781709996,521.314
177,4,17,-29.15915332157871,135.96222373151573,523.163
178,4,18,-35.4478792451387,143.55031801258977,524.933
179,4,19,-41.18411116673636,152.3640624194659,526.449
180,4,20,-46.12666486149478,162.74034920276588,527.546
181,4,21,-49.961457495525515,174.90602260520416,528.082
182,4,22,-52.33463745849771,-171.26214400375903,527.956
183,4,23,-52.955600691794835,-156.46732588410777,527.117
184,4,24,-51.73561279281467,-141.86906694839112,525.57
185,4,25,-48.83951696208088,-128.5259782160694,523.38
186,4,26,-44.59259754372075,-116.94327511967008,520.667
187,4,27,-39.34307807218903,-107.10023486525134,517.596
188,4,28,-33.38245394578894,-98.71339094187933,514.363
189,4,29,-26.92931000098111,-91.44160955145774,511.18
190,4,30,-20.141732673652776,-84.97479327547883,508.255
191,4,31,-13.135307547580771,-79.0538798689132,505.777
192,4,32,-5.99845953242055,-73.46347248609531,503.895
193,4,33,1.1958881101023064,-68.01683375511703,502.711
194,4,34,8.381233776742498,-62.540046569142305,502.269
195,4,35,15.489692537504384,-56.85629782112702,502.553
196,4,36,22.4437062069803,-50.77022361024131,503.488
197,4,37,29.146281830087823,-44.051810485995816,504.954
198,4,38,35.46797366167688,-36.422601881212884,506.79
199,4,39,41.23010224551264,-27.55434402702356,508.818
200,5,0,48.26575375104313,-2.210221467772623,511.83
201,5,1,51.40042808948546,10.925926619962883,513.584
202,5,2,52.89046117768042,25.443631158382033,514.995
203,5,3,52.536158774864354,40.3378917097068,515.995
204,5,4,50.389642054593615,54.41096373976281,516.567
205,5,5,46.724139074236234,66.86652061586015,516.747
206,5,6,41.896926783991816,77.50865202203536,516.615
207,5,7,36.234795584699626,86.53523195363829,516.289
208,5,8,29.99184558895706,94.28162269891655,515.904
209,5,9,23.35300075344763,101.08018809307214,515.603
210,5,10,16.451637597188764,107.21493423198336,515.515
211,5,11,9.386758004652496,112.92020490607335,515.745
212,5,12,2.2364485404118257,118.39365212954394,516.357
213,5,13,-4.932015139755915,123.81217780189846,517.37
214,5,14,-12.053921262333088,129.34767729397862,518.749
215,5,15,-19.059340643049808,135.182366392462,520.413
216,5,16,-25.8644203301263,141.52464782930406,522.238
217,5,17,-32.36028881573985,148.62434260358717,524.069
218,5,18,-38.39839802317915,156.78234786900708,525.733
219,5,19,-43.77261625838779,166.33785081974662,527.06
220,5,20,-48.20454501079606,177.5955598550584,527.892
221,5,21,-51.35209084072928,-169.35716326310745,528.107
222,5,22,-52.87578651624865,-154.91808871618713,527.627
223,5,23,-52.5708595509426,-140.0675772340436,526.429
224,5,24,-50.47875553269477,-125.99421833604244,524.549
225,5,25,-46.862365027564366,-113.50646736329223,522.08
226,5,26,-42.07320713628067,-102.81890836894726,519.165
227,5,27,-36.436361297295875,-93.74626564158179,515.987
228,5,28,-30.206364755314237,-85.95866836504084,512.752
229,5,29,-23.569304306725474,-79.12494115703801,509.673
230,5,30,-16.659866159320355,-72.9604222235347,506.95
231,5,31,-9.578380669364497,-67.22951784948965,504.754
232,5,32,-2.4042620194508078,-61.733169001732016,503.212
233,5,33,4.793815226523993,-56.293001874992314,502.397
234,5,34,11.949593537855728,-50.73562528700061,502.324
235,5,35,18.991477591003854,-44.87693148867921,502.946
236,5,36,25.83357348828723,-38.506209144133216,504.164
237,5,37,32.36453036321443,-31.370556838964568,505.836
238,5,38,38.432589950164235,-23.165242268258567,507.792
239,5,39,43.82748999817967,-13.547148317738676,509.848
240,6,0,46.18682858279884,0.8930217808523383,510.858
241,6,1,50.018854990215715,13.144413043518044,512.743
242,6,2,52.368603989240185,27.06320049173358,514.338
243,6,3,52.9469536723056,41.92177159709774,515.548
244,6,4,51.673608335529295,56.54137487397066,516.333
245,6,5,48.724701482132964,69.86589573703371,516.702
246,6,6,44.43378881532878,81.40765867954798,516.713
247,6,7,39.15255677548069,91.20389164758461,516.468
248,6,8,33.17293106280963,99.54675598289091,516.095
249,6,9,26.71258297597473,106.7803634460413,515.734
250,6,10,19.928314875299264,113.21485243667854,515.525
251,6,11,12.934398386918494,119.10822652051068,515.585
252,6,12,5.8179239722787734,124.67454382612593,516.001
253,6,13,-1.3495371641848573,130.09910738570673,516.814
254,6,14,-8.502942625110247,135.55435215503925,518.017
255,6,15,-15.575991977667496,141.21540418444258,519.552
256,6,16,-22.49298772938923,147.27557148780642,521.314
257,6,17,-29.15915332157871,153.9622174022222,523.163
258,6,18,-35.4478792451387,161.55032534367456,524.933
259,6,19,-41.18411116673636,170.3640560901724,526.449
260,6,20,-46.12666486149478,-179.25965348406197,527.546
261,6,21,-49.961457495525515,-167.09398008162373,528.082
262,6,22,-52.33463745849771,-153.26215033305255,527.956
263,6,23,-52.955600691794835,-138.4673322134013,527.117
264,6,24,-51.73561279281467,-123.86905961730632,525.57
265,6,25,-48.83951696208088,-110.5259708849846,523.38
266,6,26,-44.59259754372075,-98.94327461877444,520.667
267,6,27,-39.34307807218903,-89.10023436435571,517.596
268,6,28,-33.38245394578894,-80.71339044098369,514.363
269,6,29,-26.92931000098111,-73.4416090505621,511.18
270,6,30,-20.141732673652776,-66.97479277458321,508.255
271,6,31,-13.135307547580771,-61.05387936801757,505.777
272,6,32,-5.99845953242055,-55.4634685701051,503.895
273,6,33,1.1958881101023064,-50.016833254221396,502.711
274,6,34,8.381233776742498,-44.54004606824667,502.269
275,6,35,15.489692537504384,-38.85629732023139,502.553
276,6,36,22.4437062069803,-32.77022310934568,503.488
277,6,37,29.146281830087823,-26.051808277552894,504.954
278,6,38,35.46797366167688,-18.42260308786454,506.79
279,6,39,41.23010224551264,-9.55434352612793,508.818
280,7,0,48.26575375104313,15.789775191141603,511.83
281,7,1,51.40042808948546,28.925922851990286,513.584
282,7,2,52.89046117768042,43.44362995173037,514.995
283,7,3,52.536158774864354,58.33788879550785,515.995
284,7,4,50.389642054593615,72.41096082556386,516.567
285,7,5,46.724139074236234,84.86652111675579,516.747
286,7,6,41.896926783991816,95.508652522931,516.615
287,7,7,36.234795584699626,104.53522562434475,516.289
288,7,8,29.99184558895706,112.28161636962301,515.904
289,7,9,23.35300075344763,119.08018176377861,515.603
290,7,10,16.451637597188764,125.214934732879,515.515
291,7,11,9.386758004652496,130.920205406969,515.745
292,7,12,2.2364485404118257,136.3936458002504,516.357
293,7,13,-4.932015139755915,141.81218513298327,517.37
294,7,14,-12.053921262333088,147.34767096468508,518.749
295,7,15,-19.059340643049808,153.18236006316846,520.413
296,7,16,-25.8644203301263,159.52464150001052,522.238
297,7,17,-32.36028881573985,166.62433627429365,524.069
298,7,18,-38.39839802317915,174.7823552000919,525.733
299,7,19,-43.77261625838779,-175.66215186708123,527.06
300,7,20,-48.20454501079606,-164.40444283176947,527.892
301,7,21,-51.35209084072928,-151.357169592401,528.107
302,7,22,-52.87578651624865,-136.91809504548067,527.627
303,7,23,-52.5708595509426,-122.06758356333712,526.429
304,7,24,-50.47875553269477,-107.99422466533596,524.549
305,7,25,-46.862365027564366,-95.50646686239659,522.08
306,7,26,-42.07320713628067,-84.8189146982408,519.165
307,7,27,-36.436361297295875,-75.74626514068615,515.987
308,7,28,-30.206364755314237,-67.9586678641452,512.752
309,7,29,-23.569304306725474,-61.12494748633155,509.673
310,7,30,-16.659866159320355,-54.96042513773366,506.95
311,7,31,-9.578380669364497,-49.22952076368861,504.754
312,7,32,-2.4042620194508078,-43.733168500836385,503.212
313,7,33,4.793815226523993,-38.293004789191265,502.397
314,7,34,11.949593537855728,-32.73562820119956,502.324
315,7,35,18.991477591003854,-26.87693269533087,502.946
316,7,36,25.83357348828723,-20.506212058332167,504.164
317,7,37,32.36453036321443,-13.370560606937167,505.836
318,7,38,38.432589950164235,-5.165244328683872,507.792
319,7,39,43.82748999817967,4.452848768062371,509.848
320,8,0,46.18682858279884,18.893022121665414,510.858
321,8,1,50.018854990215715,31.14441269064003,512.743
322,8,2,52.368603989240185,45.06320099262921,514.338
323,8,3,52.9469536723056,59.92177551308796,515.548
324,8,4,51.673608335529295,74.54137878996087,516.333
325,8,5,48.724701482132964,87.86589623792935,516.702
326,8,6,44.43378881532878,99.40765918044362,516.713
327,8,7,39.15255677548069,109.20389214848025,516.468
328,8,8,33.17293106280963,117.54676331397572,516.095
329,8,9,26.71258297597473,124.78037077712611,515.734
330,8,10,19.928314875299264,131.21485976776333,515.525
331,8,11,12.934398386918494,137.1082338515955,515.585
332,8,12,5.8179239722787734,142.67455115721074,516.001
333,8,13,-1.3495371641848573,148.0991010564132,516.814
334,8,14,-8.502942625110247,153.5543458257457,518.017
335,8,15,-15.575991977667496,159.21539785514904,519.552
336,8,16,-22.49298772938923,165.27557881889123,521.314
337,8,17,-29.15915332157871,171.96222473330698,523.163
338,8,18,-35.4478792451387,179.55031901438105,524.933
339,8,19,-41.18411116673636,-171.63593293627713,526.449
340,8,20,-46.12666486149478,-161.2596598133555,527.546
341,8,21,-49.961457495525515,-149.0939727505389,528.082
342,8,22,-52.33463745849771,-135.26214300196776,527.956
343,8,23,-52.955600691794835,-120.46732488231649,527.117
344,8,24,-51.73561279281467,-105.8690591164107,525.57
345,8,25,-48.83951696208088,-92.52597038408896,523.38
346,8,26,-44.59259754372075,-80.94327411787881,520.667
347,8,27,-39.34307807218903,-71.10023386346008,517.596
348,8,28,-33.38245394578894,-62.71338994008806,514.363
349,8,29,-26.92931000098111,-55.44160513457189,511.18
350,8,30,-20.141732673652776,-48.97478885859299,508.255
351,8,31,-13.135307547580771,-43.05388228221652,505.777
352,8,32,-5.99845953242055,-37.46346806920946,503.895
353,8,33,1.1958881101023064,-32.01683275332576,502.711
354,8,34,8.381233776742498,-26.540043859803745,502.269
355,8,35,15.489692537504384,-20.856296819335757,502.553
356,8,36,22.4437062069803,-14.770224315997336,503.488
357,8,37,29.146281830087823,-8.05180777665726,504.954
358,8,38,35.46797366167688,-0.4226025069276271,506.79
359,8,39,41.23010224551264,8.445656974767704,508.818
360,9,0,48.26575375104313,33.78977569203724,511.83
361,9,1,51.40042808948546,46.92592335288592,513.584
362,9,2,52.89046117768042,61.443630452626,514.995
363,9,3,52.536158774864354,76.33788929640347,515.995
364,9,4,50.389642054593615,90.4109613264595,516.567
365,9,5,46.724139074236234,102.86652161765143,516.747
366,9,6,41.896926783991816,113.50865302382664,516.615
367,9,7,36.234795584699626,122.53523295542955,516.289
368,9,8,29.99184558895706,130.28162370070783,515.904
369,9,9,23.35300075344763,137.0801890948634,515.603
370,9,10,16.451637597188764,143.21492840358547,515.515
371,9,11,9.386758004652496,148.92019907767545,515.745
372,9,12,2.2364485404118257,154.39363947095688,516.357
373,9,13,-4.932015139755915,159.81217880368973,517.37
374,9,14,-12.053921262333088,165.34767829576987,518.749
375,9,15,-19.059340643049808,171.18236739425328,520.413
376,9,16,-25.8644203301263,177.524635170717,522.238
377,9,17,-32.36028881573985,-175.37566641253423,524.069
378,9,18,-38.39839802317915,-167.21764748673598,525.733
379,9,19,-43.77261625838779,-157.66214453599642,527.06
380,9,20,-48.20454501079606,-146.40444916106298,527.892
381,9,21,-51.35209084072928,-133.35716226131618,528.107
382,9,22,-52.87578651624865,-118.9181013747742,527.627
383,9,23,-52.5708595509426,-104.06757623225232,526.429
384,9,24,-50.47875553269477,-89.99422416444034,524.549
385,9,25,-46.862365027564366,-77.50646636150097,522.08
386,9,26,-42.07320713628067,-66.81891419734517,519.165
387,9,27,-36.436361297295875,-57.74626463979051,515.987
388,9,28,-30.206364755314237,-49.95867077834415,512.752
389,9,29,-23.569304306725474,-43.12494698543592,509.673
390,9,30,-16.659866159320355,-36.96042463683803,506.95
391,9,31,-9.578380669364497,-31.229520262792978,504.754
392,9,32,-2.4042620194508078,-25.73316799994075,503.212
393,9,33,4.793815226523993,-20.293002580748343,502.397
394,9,34,11.949593537855728,-14.735629407851222,502.324
395,9,35,18.991477591003854,-8.876932194435234,502.946
396,9,36,25.83357348828723,-2.5062111305497106,504.164
397,9,37,32.36453036321443,4.629439467071643,505.836
398,9,38,38.432589950164235,12.834756172211762,507.792
399,9,39,43.82748999817967,22.45284841518436,509.848
400,10,0,46.18682858279884,36.89302433010834,510.858
401,10,1,50.018854990215715,49.14441319153566,512.743
402,10,2,52.368603989240185,63.06319807843026,514.338
403,10,3,52.9469536723056,77.92177601398359,515.548
404,10,4,51.673608335529295,92.54137929085651,516.333
405,10,5,48.724701482132964,105.86589673882497,516.702
406,10,6,44.43378881532878,117.40765968133924,516.713
407,10,7,39.15255677548069,127.20388581918671,516.468
408,10,8,33.17293106280963,135.5467569846822,516.095
409,10,9,26.71258297597473,142.78036444783257,515.734
410,10,10,19.928314875299264,149.2148534384698,515.525
411,10,11,12.934398386918494,155.10822752230195,515.585
412,10,12,5.8179239722787734,160.6745448279172,516.001
413,10,13,-1.3495371641848573,166.099108387498,516.814
414,10,14,-8.502942625110247,171.5543531568305,518.017
415,10,15,-15.575991977667496,177.21540518623382,519.552
416,10,16,-22.49298772938923,-176.72442386793665,521.314
417,10,17,-29.15915332157871,-170.03777795352087,523.163
418,10,18,-35.4478792451387,-162.44967001206848,524.933
419,10,19,-41.18411116673636,-153.63593926557067,526.449
420,10,20,-46.12666486149478,-143.2596524822707,527.546
421,10,21,-49.961457495525515,-131.09397907983245,528.082
422,10,22,-52.33463745849771,-117.2621493312613,527.956
423,10,23,-52.955600691794835,-102.46733121161003,527.117
424,10,24,-51.73561279281467,-87.86905861551506,525.57
425,10,25,-48.83951696208088,-74.52596988319333,523.38
426,10,26,-44.59259754372075,-62.94327361698318,520.667
427,10,27,-39.34307807218903,-53.100229947469856,517.596
428,10,28,-33.38245394578894,-44.713389439192426,514.363
429,10,29,-26.92931000098111,-37.441604633676256,511.18
430,10,30,-20.141732673652776,-30.97478835769735,508.255
431,10,31,-13.135307547580771,-25.053881781320886,505.777
432,10,32,-5.99845953242055,-19.463469275861122,503.895
433,10,33,1.1958881101023064,-14.016831398656482,502.711
434,10,34,8.381233776742498,-8.540044212681757,502.269
435,10,35,15.489692537504384,-2.8562956781098876,502.553
436,10,36,22.4437062069803,3.2297768252285315,503.488
437,10,37,29.146281830087823,9.948192724238375,504.954
438,10,38,35.46797366167688,17.577397913926728,506.79
439,10,39,41.23010224551264,26.44565747566334,508.818
440,11,0,48.26575375104313,51.78977619293287,511.83
441,11,1,51.40042808948546,64.92592726887614,513.584
442,11,2,52.89046117768042,79.44363095352163,514.995
443,11,3,52.536158774864354,94.33788979729911,515.995
444,11,4,50.389642054593615,108.41096182735512,516.567
445,11,5,46.724139074236234,120.86652211854707,516.747
446,11,6,41.896926783991816,131.50865352472226,516.615
447,11,7,36.234795584699626,140.53522662613602,516.289
448,11,8,29.99184558895706,148.28161737141428,515.904
449,11,9,23.35300075344763,155.08018276556987,515.603
450,11,10,16.451637597188764,161.21493573467026,515.515
451,11,11,9.386758004652496,166.92020640876027,515.745
452,11,12,2.2364485404118257,172.39364680204167,516.357
453,11,13,-4.932015139755915,177.81218613477452,517.37
454,11,14,-12.053921262333088,-176.652324391058,518.749
455,11,15,-19.059340643049808,-170.81763529257458,520.413
456,11,16,-25.8644203301263,-164.47535385573252,522.238
457,11,17,-32.36028881573985,-157.3756590814494,524.069
458,11,18,-38.39839802317915,-149.2176538160295,525.733
459,11,19,-43.77261625838779,-139.66215086528996,527.06
460,11,20,-48.20454501079606,-128.4044418299782,527.892
461,11,21,-51.35209084072928,-115.35716859060972,528.107
462,11,22,-52.87578651624865,-100.9180940436894,527.627
463,11,23,-52.5708595509426,-86.06757573135668,526.429
464,11,24,-50.47875553269477,-71.9942236635447,524.549
465,11,25,-46.862365027564366,-59.50646586060533,522.08
466,11,26,-42.07320713628067,-48.818913696449535,519.165
467,11,27,-36.436361297295875,-39.74626755398947,515.987
468,11,28,-30.206364755314237,-31.958670277448515,512.752
469,11,29,-23.569304306725474,-25.124946484540285,509.673
470,11,30,-16.659866159320355,-18.960424135942393,506.95
471,11,31,-9.578380669364497,-13.229520615670989,504.754
472,11,32,-2.4042620194508078,-7.733168352818763,503.212
473,11,33,4.793815226523993,-2.293002720182943,502.397
474,11,34,11.949593537855728,3.2643717333746465,502.324
475,11,35,18.991477591003854,9.123068306460398,502.946
476,11,36,25.83357348828723,15.4937889434591,504.164
477,11,37,32.36453036321443,22.629439541080455,505.836
478,11,38,38.432589950164235,30.83475581933375,507.792
479,11,39,43.82748999817967,40.452850623627285,509.848
480,12,0,46.18682858279884,54.89302483100397,510.858
481,12,1,50.018854990215715,67.1444136924313,512.743
482,12,2,52.368603989240185,81.0631985793259,514.338
483,12,3,52.9469536723056,95.92177651487923,515.548
484,12,4,51.673608335529295,110.54137979175215,516.333
485,12,5,48.724701482132964,123.86589040953145,516.702
486,12,6,44.43378881532878,135.4076533520457,516.713
487,12,7,39.15255677548069,145.2038931502715,516.468
488,12,8,33.17293106280963,153.54676431576698,516.095
489,12,9,26.71258297597473,160.78037177891738,515.734
490,12,10,19.928314875299264,167.2148607695546,515.525
491,12,11,12.934398386918494,173.10823485338676,515.585
492,12,12,5.8179239722787734,178.674552159002,516.001
493,12,13,-1.3495371641848573,-175.90089429932985,516.814
494,12,14,-8.502942625110247,-170.44564952999735,518.017
495,12,15,-15.575991977667496,-164.78459750059403,519.552
496,12,16,-22.49298772938923,-158.72441653685183,521.314
497,12,17,-29.15915332157871,-152.03777062243608,523.163
498,12,18,-35.4478792451387,-144.44967634136202,524.933
499,12,19,-41.18411116673636,-135.63593193448588,526.449
500,12,20,-46.12666486149478,-125.25965881156424,527.546
501,12,21,-49.961457495525515,-113.09397857893681,528.082
502,12,22,-52.33463745849771,-99.26214200017648,527.956
503,12,23,-52.955600691794835,-84.46733071071439,527.117
504,12,24,-51.73561279281467,-69.86905811461942,525.57
505,12,25,-48.83951696208088,-56.525969382297696,523.38
506,12,26,-44.59259754372075,-44.94327653118213,520.667
507,12,27,-39.34307807218903,-35.100229446574225,517.596
508,12,28,-33.38245394578894,-26.713390645844083,514.363
509,12,29,-26.92931000098111,-19.44160413278062,511.18
510,12,30,-20.141732673652776,-12.97478956434901,508.255
511,12,31,-13.135307547580771,-7.0538808535384305,505.777
512,12,32,-5.99845953242055,-1.463468134635255,503.895
513,12,33,1.1958881101023064,3.983169529125975,502.711
514,12,34,8.381233776742498,9.459956288213876,502.269
515,12,35,15.489692537504384,15.143704182455512,502.553
516,12,36,22.4437062069803,21.22977668579393,503.488
517,12,37,29.146281830087823,27.94819322513401,504.954
518,12,38,35.46797366167688,35.57740012236965,506.79
519,12,39,41.23010224551264,44.44565626901168,508.818
520,13,0,48.26575375104313,69.78978693911226,511.83
521,13,1,51.40042808948546,82.92593459996094,513.584
522,13,2,52.89046117768042,97.44363828460644,514.995
523,13,3,52.536158774864354,112.33789712838391,515.995
524,13,4,50.389642054593615,126.41096915843993,516.567
525,13,5,46.724139074236234,138.86652944963186,516.747
526,13,6,41.896926783991816,149.50866085580708,516.615
527,13,7,36.234795584699626,158.5352339572208,516.289
528,13,8,29.99184558895706,166.28162470249907,515.904
529,13,9,23.35300075344763,173.0801900966547,515.603
530,13,10,16.451637597188764,179.21494306575508,515.515
531,13,11,9.386758004652496,-175.07979627806762,515.745
532,13,12,2.2364485404118257,-169.60634222440785,516.357
533,13,13,-4.932015139755915,-164.18781655205333,517.37
534,13,14,-12.053921262333088,-158.65231705997317,518.749
535,13,15,-19.059340643049808,-152.8176279614898,520.413
536,13,16,-25.8644203301263,-146.47534652464773,522.238
537,13,17,-32.36028881573985,-139.37565175036463,524.069
538,13,18,-38.39839802317915,-131.2176464849447,525.733
539,13,19,-43.77261625838779,-121.66214353420517,527.06
540,13,20,-48.20454501079606,-110.4044344988934,527.892
541,13,21,-51.35209084072928,-97.35716125952491,528.107
542,13,22,-52.87578651624865,-82.91808671260459,527.627
543,13,23,-52.5708595509426,-68.06756840027188,526.429
544,13,24,-50.47875553269477,-53.99421291736532,524.549
545,13,25,-46.862365027564366,-41.50645852952053,522.08
546,13,26,-42.07320713628067,-30.818906365364736,519.165
547,13,27,-36.436361297295875,-21.746260222904663,515.987
548,13,28,-30.206364755314237,-13.958662946363713,512.752
549,13,29,-23.569304306725474,-7.124938726568658,509.673
550,13,30,-16.659866159320355,-0.9604161645273532,506.95
551,13,31,-9.578380669364497,4.770486715413814,504.754
552,13,32,-2.4042620194508078,10.26683897826604,503.212
553,13,33,4.793815226523993,15.707005251232095,502.397
554,13,34,11.949593537855728,21.264378424129216,502.324
555,13,35,18.991477591003854,27.123075637545202,502.946
556,13,36,25.83357348828723,33.493796274543904,504.164
557,13,37,32.36453036321443,40.62944857971255,505.836
558,13,38,38.432589950164235,48.83476315041855,507.792
559,13,39,43.82748999817967,58.452854539617505,509.848
560,14,0,46.18682858279884,72.89301508661585,510.858
561,14,1,50.018854990215715,85.14440736313776,512.743
562,14,2,52.368603989240185,99.06319225003236,514.338
563,14,3,52.9469536723056,113.92177018558569,515.548
564,14,4,51.673608335529295,128.5413734624586,516.333
565,14,5,48.724701482132964,141.8658840802379,516.702
566,14,6,44.43378881532878,153.40764702275217,516.713
567,14,7,39.15255677548069,163.20388682097797,516.468
568,14,8,33.17293106280963,171.54675798647347,516.095
569,14,9,26.71258297597473,178.78036544962384,515.734
570,14,10,19.928314875299264,-174.7851555776516,515.525
571,14,11,12.934398386918494,-168.89178149381945,515.585
572,14,12,5.8179239722787734,-163.3254641882042,516.001
573,14,13,-1.3495371641848573,-157.9009006286234,516.814
574,14,14,-8.502942625110247,-152.4456558592909,518.017
575,14,15,-15.575991977667496,-146.78460382988757,519.552
576,14,16,-22.49298772938923,-140.72442286614537,521.314
577,14,17,-29.15915332157871,-134.0377769517296,523.163
578,14,18,-35.4478792451387,-126.44968267065556,524.933
579,14,19,-41.18411116673636,-117.63593826377941,526.449
580,14,20,-46.12666486149478,-107.25965831066861,527.546
581,14,21,-49.961457495525515,-95.09398490823035,528.082
582,14,22,-52.33463745849771,-81.26214832947002,527.956
583,14,23,-52.955600691794835,-66.46733704000793,527.117
584,14,24,-51.73561279281467,-51.86906444391296,525.57
585,14,25,-48.83951696208088,-38.52597571159123,523.38
586,14,26,-44.59259754372075,-26.94328115292837,520.667
587,14,27,-39.34307807218903,-17.10023577586776,517.596
588,14,28,-33.38245394578894,-8.713396121363973,514.363
589,14,29,-26.92931000098111,-1.4416107822392736,511.18
590,14,30,-20.141732673652776,5.025204533244277,508.255
591,14,31,-13.135307547580771,10.946113244054857,505.777
592,14,32,-5.99845953242055,16.536524895740975,503.895
593,14,33,1.1958881101023064,21.98316362671926,502.711
594,14,34,8.381233776742498,27.459950812693986,502.269
595,14,35,15.489692537504384,33.143697853161974,502.553
596,14,36,22.4437062069803,39.22977206404769,503.488
597,14,37,29.146281830087823,45.94818518829318,504.954
598,14,38,35.46797366167688,53.57739379307612,506.79
599,14,39,41.23010224551264,62.44565335481273,508.818
600,15,0,48.26575375104313,87.78978060981872,511.83
601,15,1,51.40042808948546,100.9259282706674,513.584
602,15,2,52.89046117768042,115.44362512512373,514.995
603,15,3,52.536158774864354,130.3378907990904,515.995
604,15,4,50.389642054593615,144.4109628291464,516.567
605,15,5,46.724139074236234,156.86652312033831,516.747
606,15,6,41.896926783991816,167.50865452651354,516.615
607,15,7,36.234795584699626,176.5352276279273,516.289
608,15,8,29.99184558895706,-175.71837798432878,515.904
609,15,9,23.35300075344763,-168.9198125901732,515.603
610,15,10,16.451637597188764,-162.7850596210728,515.515
611,15,11,9.386758004652496,-157.07980260736113,515.745
612,15,12,2.2364485404118257,-151.6063485537014,516.357
613,15,13,-4.932015139755915,-146.18782288134688,517.37
614,15,14,-12.053921262333088,-140.6523233892667,518.749
615,15,15,-19.059340643049808,-134.81763429078333,520.413
616,15,16,-25.8644203301263,-128.47535285394127,522.238
617,15,17,-32.36028881573985,-121.37565807965815,524.069
618,15,18,-38.39839802317915,-113.21764598404907,525.733
619,15,19,-43.77261625838779,-103.6621498634987,527.06
620,15,20,-48.20454501079606,-92.40444082818692,527.892
621,15,21,-51.35209084072928,-79.35716758881844,528.107
622,15,22,-52.87578651624865,-64.91809304189813,527.627
623,15,23,-52.5708595509426,-50.06757472956542,526.429
624,15,24,-50.47875553269477,-35.99421924665885,524.549
625,15,25,-46.862365027564366,-23.506464858814063,522.08
626,15,26,-42.07320713628067,-12.818911840884624,519.165
627,15,27,-36.436361297295875,-3.746266125311376,515.987
628,15,28,-30.206364755314237,4.041331151229572,512.752
629,15,29,-23.569304306725474,10.875055371024628,509.673
630,15,30,-16.659866159320355,17.039576865848876,506.95
631,15,31,-9.578380669364497,22.77047953234663,504.754
632,15,32,-2.4042620194508078,28.26683350274615,503.212
633,15,33,4.793815226523993,33.706997214391265,502.397
634,15,34,11.949593537855728,39.26437380238297,502.324
635,15,35,18.991477591003854,45.123067600704374,502.946
636,15,36,25.83357348828723,51.49378994525036,504.164
637,15,37,32.36453036321443,58.62944225041901,505.836
638,15,38,38.432589950164235,66.8347602362196,507.792
639,15,39,43.82748999817967,76.45284821032396,509.848
640,16,0,46.18682858279884,90.89302241770065,510.858
641,16,1,50.018854990215715,103.14441469422256,512.743
642,16,2,52.368603989240185,117.06319958111716,514.338
643,16,3,52.9469536723056,131.92177068648132,515.548
644,16,4,51.673608335529295,146.54138079354342,516.333
645,16,5,48.724701482132964,159.8658914113227,516.702
646,16,6,44.43378881532878,171.40765435383696,516.713
647,16,7,39.15255677548069,-178.79610220547156,516.468
648,16,8,33.17293106280963,-170.45324470035442,516.095
649,16,9,26.71258297597473,-163.21963723720404,515.734
650,16,10,19.928314875299264,-156.7851482465668,515.525
651,16,11,12.934398386918494,-150.89177416273466,515.585
652,16,12,5.8179239722787734,-145.3254568571194,516.001
653,16,13,-1.3495371641848573,-139.9008932975386,516.814
654,16,14,-8.502942625110247,-134.44564852820608,518.017
655,16,15,-15.575991977667496,-128.78459649880276,519.552
656,16,16,-22.49298772938923,-122.72441553506057,521.314
657,16,17,-29.15915332157871,-116.03776962064481,523.163
658,16,18,-35.4478792451387,-108.44967533957076,524.933
659,16,19,-41.18411116673636,-99.63593776288377,526.449
660,16,20,-46.12666486149478,-89.25965097958381,527.546
661,16,21,-49.961457495525515,-77.09397757714555,528.082
662,16,22,-52.33463745849771,-63.26214099838522,527.956
663,16,23,-52.955600691794835,-48.46732629382855,527.117
664,16,24,-51.73561279281467,-33.86905711282816,525.57
665,16,25,-48.83951696208088,-20.52596838050643,523.38
666,16,26,-44.59259754372075,-8.943274675617214,520.667
667,16,27,-39.34307807218903,0.8997715552170448,517.596
668,16,28,-33.38245394578894,9.28661120972083,514.363
669,16,29,-26.92931000098111,16.558396869010647,511.18
670,16,30,-20.141732673652776,23.02521143744226,508.255
671,16,31,-13.135307547580771,28.946119721366014,505.777
672,16,32,-5.99845953242055,34.53653393437307,503.895
673,16,33,1.1958881101023064,39.98316925025677,502.711
674,16,34,8.381233776742498,45.459956436231494,502.269
675,16,35,15.489692537504384,51.14370518424678,502.553
676,16,36,22.4437062069803,57.22977939513249,503.488
677,16,37,29.146281830087823,63.94819251937798,504.954
678,16,38,35.46797366167688,71.57739770906633,506.79
679,16,39,41.23010224551264,80.44566068589754,508.818
680,17,0,48.26575375104313,105.78977428052518,511.83
681,17,1,51.40042808948546,118.9259151111847,513.584
682,17,2,52.89046117768042,133.4436187958302,514.995
683,17,3,52.536158774864354,148.33788446979685,515.995
684,17,4,50.389642054593615,162.41095649985286,516.567
685,17,5,46.724139074236234,174.8665167910448,516.747
686,17,6,41.896926783991816,-174.49134816031432,516.615
687,17,7,36.234795584699626,-165.46477505890059,516.289
688,17,8,29.99184558895706,-157.71838431362232,515.904
689,17,9,23.35300075344763,-150.91981891946673,515.603
690,17,10,16.451637597188764,-144.78506595036635,515.515
691,17,11,9.386758004652496,-139.07980893665467,515.745
692,17,12,2.2364485404118257,-133.60635488299494,516.357
693,17,13,-4.932015139755915,-128.18782921064042,517.37
694,17,14,-12.053921262333088,-122.65232971856025,518.749
695,17,15,-19.059340643049808,-116.81764062007686,520.413
696,17,16,-25.8644203301263,-110.47536601342397,522.238
697,17,17,-32.36028881573985,-103.37567123914086,524.069
698,17,18,-38.39839802317915,-95.21765231334261,525.733
699,17,19,-43.77261625838779,-85.66215619279224,527.06
700,17,20,-48.20454501079606,-74.40444715748046,527.892
701,17,21,-51.35209084072928,-61.35717391811198,528.107
702,17,22,-52.87578651624865,-46.918102786286255,527.627
703,17,23,-52.5708595509426,-32.067581058858956,526.429
704,17,24,-50.47875553269477,-17.99422728349968,524.549
705,17,25,-46.862365027564366,-5.506471614994423,522.08
706,17,26,-42.07320713628067,5.181082256708661,519.165
707,17,27,-36.436361297295875,14.253727972281911,515.987
708,17,28,-30.206364755314237,22.041324395049212,512.752
709,17,29,-23.569304306725474,28.875048187957447,509.673
710,17,30,-16.659866159320355,35.03957053655534,506.95
711,17,31,-9.578380669364497,40.770474910600385,504.754
712,17,32,-2.4042620194508078,46.26682717345261,503.212
713,17,33,4.793815226523993,51.70699088509773,502.397
714,17,34,11.949593537855728,57.264367473089436,502.324
715,17,35,18.991477591003854,63.12306468650542,502.946
716,17,36,25.83357348828723,69.49378703105141,504.164
717,17,37,32.36453036321443,76.62943592112548,505.836
718,17,38,38.432589950164235,84.83475390692607,507.792
719,17,39,43.82748999817967,94.45284188103042,509.848
720,18,0,46.18682858279884,108.89301608840712,510.858
721,18,1,50.018854990215715,121.1444151951182,512.743
722,18,2,52.368603989240185,135.06319325182363,514.338
723,18,3,52.9469536723056,149.92176435718778,515.548
724,18,4,51.673608335529295,164.54137446424988,516.333
725,18,5,48.724701482132964,177.86588508202917,516.702
726,18,6,44.43378881532878,-170.5923483329909,516.713
727,18,7,39.15255677548069,-160.7961085347651,516.468
728,18,8,33.17293106280963,-152.45325102964796,516.095
729,18,9,26.71258297597473,-145.21964356649755,515.734
730,18,10,19.928314875299264,-138.78515457586033,515.525
731,18,11,12.934398386918494,-132.8917804920282,515.585
732,18,12,5.8179239722787734,-127.32546318641293,516.001
733,18,13,-1.3495371641848573,-121.90089962683213,516.814
734,18,14,-8.502942625110247,-116.44565485749963,518.017
735,18,15,-15.575991977667496,-110.7846028280963,519.552
736,18,16,-22.49298772938923,-104.72442869454328,521.314
737,18,17,-29.15915332157871,-98.03778278012751,523.163
738,18,18,-35.4478792451387,-90.4496816688643,524.933
739,18,19,-41.18411116673636,-81.63594409217731,526.449
740,18,20,-46.12666486149478,-71.25965730887734,527.546
741,18,21,-49.961457495525515,-59.09398390643909,528.082
742,18,22,-52.33463745849771,-45.26214732767876,527.956
743,18,23,-52.955600691794835,-30.467332623122083,527.117
744,18,24,-51.73561279281467,-15.869063442121695,525.57
745,18,25,-48.83951696208088,-2.5259747097999656,523.38
746,18,26,-44.59259754372075,9.056718995089248,520.667
747,18,27,-39.34307807218903,18.89976522592351,517.596
748,18,28,-33.38245394578894,27.28660402665365,514.363
749,18,29,-26.92931000098111,34.55839053971711,511.18
750,18,30,-20.141732673652776,41.025206815696016,508.255
751,18,31,-13.135307547580771,46.946113392072476,505.777
752,18,32,-5.99845953242055,52.536527605079534,503.895
753,18,33,1.1958881101023064,57.98316292096324,502.711
754,18,34,8.381233776742498,63.45995010693796,502.269
755,18,35,15.489692537504384,69.14369885495324,502.553
756,18,36,22.4437062069803,75.22977306583896,503.488
757,18,37,29.146281830087823,81.94818619008444,504.954
758,18,38,35.46797366167688,89.57739137977279,506.79
759,18,39,41.23010224551264,98.445654356604,508.818
760,19,0,48.26575375104313,123.78977478142082,511.83
761,19,1,51.40042808948546,136.9259224422695,513.584
762,19,2,52.89046117768042,151.443626126915,514.995
763,19,3,52.536158774864354,166.33789180088164,515.995
764,19,4,50.389642054593615,-179.58903252659667,516.567
765,19,5,46.724139074236234,-167.13347223540472,516.747
766,19,6,41.896926783991816,-156.49134082922953,516.615
767,19,7,36.234795584699626,-147.46476772781577,516.289
768,19,8,29.99184558895706,-139.7183769825375,515.904
769,19,9,23.35300075344763,-132.91981158838192,515.603
770,19,10,16.451637597188764,-126.78505861928153,515.515
771,19,11,9.386758004652496,-121.07980160556988,515.745
772,19,12,2.2364485404118257,-115.60634755191012,516.357
773,19,13,-4.932015139755915,-110.18781504936644,517.37
774,19,14,-12.053921262333088,-104.65232238747545,518.749
775,19,15,-19.059340643049808,-98.81763328899206,520.413
776,19,16,-25.8644203301263,-92.47535868233916,522.238
777,19,17,-32.36028881573985,-85.37566390805605,524.069
778,19,18,-38.39839802317915,-77.21764498225781,525.733
779,19,19,-43.77261625838779,-67.66214886170744,527.06
780,19,20,-48.20454501079606,-56.40443982639566,527.892
781,19,21,-51.35209084072928,-43.3571631719326,528.107
782,19,22,-52.87578651624865,-28.918095455201453,527.627
783,19,23,-52.5708595509426,-14.067573727774151,526.429
784,19,24,-50.47875553269477,0.0057801409666158494,524.549
785,19,25,-46.862365027564366,12.493535289203557,522.08
786,19,26,-42.07320713628067,23.181090014680287,519.165
787,19,27,-36.436361297295875,32.25373444959307,515.987
788,19,28,-30.206364755314237,40.04133172613402,512.752
789,19,29,-23.569304306725474,46.87505551904225,509.673
790,19,30,-16.659866159320355,53.03957786764014,506.95
791,19,31,-9.578380669364497,58.770478826590605,504.754
792,19,32,-2.4042620194508078,64.26683450453741,503.212
793,19,33,4.793815226523993,69.70699821618253,502.397
794,19,34,11.949593537855728,75.26437480417424,502.324
795,19,35,18.991477591003854,81.12307201759023,502.946
796,19,36,25.83357348828723,87.49379436213621,504.164
797,19,37,32.36453036321443,94.62944325221028,505.836
798,19,38,38.432589950164235,102.83476123801087,507.792
799,19,39,43.82748999817967,112.45284921211524,509.848
800,20,0,46.18682858279884,126.89303024968109,510.858
801,20,1,50.018854990215715,139.14442252620302,512.743
802,20,2,52.368603989240185,153.06320058290842,514.338
803,20,3,52.9469536723056,167.9217716882726,515.548
804,20,4,51.673608335529295,-177.45861456219964,516.333
805,20,5,48.724701482132964,-164.13410394442036,516.702
806,20,6,44.43378881532878,-152.59234100190608,516.713
807,20,7,39.15255677548069,-142.79610120368028,516.468
808,20,8,33.17293106280963,-134.45324369856314,516.095
809,20,9,26.71258297597473,-127.21963623541276,515.734
810,20,10,19.928314875299264,-120.78514724477553,515.525
811,20,11,12.934398386918494,-114.89177316094339,515.585
812,20,12,5.8179239722787734,-109.32544902513897,516.001
813,20,13,-1.3495371641848573,-103.90089229574733,516.814
814,20,14,-8.502942625110247,-98.44564752641482,518.017
815,20,15,-15.575991977667496,-92.7845954970115,519.552
816,20,16,-22.49298772938923,-86.72442136345848,521.314
817,20,17,-29.15915332157871,-80.03777544904271,523.163
818,20,18,-35.4478792451387,-72.4496743377795,524.933
819,20,19,-41.18411116673636,-63.63593676109251,526.449
820,20,20,-46.12666486149478,-53.259649977792535,527.546
821,20,21,-49.961457495525515,-41.0939731602597,528.082
822,20,22,-52.33463745849771,-27.262141704141246,527.956
823,20,23,-52.955600691794835,-12.467326999584571,527.117
824,20,24,-51.73561279281467,2.130943462076285,525.57
825,20,25,-48.83951696208088,15.474032621284838,523.38
826,20,26,-44.59259754372075,27.0567271799477,520.667
827,20,27,-39.34307807218903,36.89977255700831,517.596
828,20,28,-33.38245394578894,45.28661306528574,514.363
829,20,29,-26.92931000098111,52.55839787080191,511.18
830,20,30,-20.141732673652776,59.02521073168623,508.255
831,20,31,-13.135307547580771,64.94612413825186,505.777
832,20,32,-5.99845953242055,70.53653152106975,503.895
833,20,33,1.1958881101023064,75.98317025204804,502.711
834,20,34,8.381233776742498,81.45995743802277,502.269
835,20,35,15.489692537504384,87.14370618603805,502.553
836,20,36,22.4437062069803,93.22978039692376,503.488
837,20,37,29.146281830087823,99.94819352116924,504.954
838,20,38,35.46797366167688,107.57739871085761,506.79
839,20,39,41.23010224551264,116.44565485749963,508.818
840,21,0,48.26575375104313,141.78976845212728,511.83
841,21,1,51.40042808948546,154.92591611297595,513.584
842,21,2,52.89046117768042,169.44361979762147,514.995
843,21,3,52.536158774864354,-175.66211088594622,515.995
844,21,4,50.389642054593615,-161.5890388558902,516.567
845,21,5,46.724139074236234,-149.13347856469827,516.747
846,21,6,41.896926783991816,-138.49134715852307,516.615
847,21,7,36.234795584699626,-129.4647740571093,516.289
848,21,8,29.99184558895706,-121.71838331183105,515.904
849,21,9,23.35300075344763,-114.91981791767546,515.603
850,21,10,16.451637597188764,-108.78507177876423,515.515
851,21,11,9.386758004652496,-103.07980110467425,515.745
852,21,12,2.2364485404118257,-97.60636071139282,516.357
853,21,13,-4.932015139755915,-92.18782137865998,517.37
854,21,14,-12.053921262333088,-86.65232871676899,518.749
855,21,15,-19.059340643049808,-80.8176396182856,520.413
856,21,16,-25.8644203301263,-74.4753650116327,522.238
857,21,17,-32.36028881573985,-67.3756702373496,524.069
858,21,18,-38.39839802317915,-59.21765131155134,525.733
859,21,19,-43.77261625838779,-49.66215519100097,527.06
860,21,20,-48.20454501079606,-38.40444615568919,527.892
861,21,21,-51.35209084072928,-25.357171208773426,528.107
862,21,22,-52.87578651624865,-10.918100076947695,527.627
863,21,23,-52.5708595509426,3.9324199429323112,526.429
864,21,24,-50.47875553269477,18.005773718291586,524.549
865,21,25,-46.862365027564366,30.49352981368367,522.08
866,21,26,-42.07320713628067,41.18108197783946,519.165
867,21,27,-36.436361297295875,50.253728120299535,515.987
868,21,28,-30.206364755314237,58.04132881193507,512.752
869,21,29,-23.569304306725474,64.87504918974871,509.673
870,21,30,-16.659866159320355,71.03957495344119,506.95
871,21,31,-9.578380669364497,76.77047249729706,504.754
872,21,32,-2.4042620194508078,82.26682817524389,503.212
873,21,33,4.793815226523993,87.706991886889,502.397
874,21,34,11.949593537855728,93.2643684748807,502.324
875,21,35,18.991477591003854,99.12306568829669,502.946
876,21,36,25.83357348828723,105.49378803284269,504.164
877,21,37,32.36453036321443,112.62943692291674,505.836
878,21,38,38.432589950164235,120.83474807852816,507.792
879,21,39,43.82748999817967,130.4528428828217,509.848
880,22,0,46.18682858279884,144.89302392038755,510.858
881,22,1,50.018854990215715,157.14441619690948,512.743
882,22,2,52.368603989240185,171.06319425361488,514.338
883,22,3,52.9469536723056,-174.07823099855528,515.548
884,22,4,51.673608335529295,-159.45862089149318,516.333
885,22,5,48.724701482132964,-146.1341102737139,516.702
886,22,6,44.43378881532878,-134.59234733119962,516.713
887,22,7,39.15255677548069,-124.79610753297382,516.468
888,22,8,33.17293106280963,-116.45325002785668,516.095
889,22,9,26.71258297597473,-109.21963573451713,515.734
890,22,10,19.928314875299264,-102.78514674387989,515.525
891,22,11,12.934398386918494,-96.89177266004775,515.585
892,22,12,5.8179239722787734,-91.3254553544325,516.001
893,22,13,-1.3495371641848573,-85.90089862504087,516.814
894,22,14,-8.502942625110247,-80.44565385570836,518.017
895,22,15,-15.575991977667496,-74.78460182630504,519.552
896,22,16,-22.49298772938923,-68.724427692752,521.314
897,22,17,-29.15915332157871,-62.037781778336246,523.163
898,22,18,-35.4478792451387,-54.44968066707303,524.933
899,22,19,-41.18411116673636,-45.63593967529146,526.449
900,22,20,-46.12666486149478,-35.259656307086075,527.546
901,22,21,-49.961457495525515,-23.093979489553238,528.082
902,22,22,-52.33463745849771,-9.262148033434784,527.956
903,22,23,-52.955600691794835,5.532667098008714,527.117
904,22,24,-51.73561279281467,20.130937559669572,525.57
905,22,25,-48.83951696208088,33.4740262919913,523.38
906,22,26,-44.59259754372075,45.05671914310687,520.667
907,22,27,-39.34307807218903,54.89976622771478,517.596
908,22,28,-33.38245394578894,63.28660673599221,514.363
909,22,29,-26.92931000098111,70.55838812641379,511.18
910,22,30,-20.141732673652776,77.02520440239269,508.255
911,22,31,-13.135307547580771,82.94611780895833,505.777
912,22,32,-5.99845953242055,88.53652519177622,503.895
913,22,33,1.1958881101023064,93.9831639227545,502.711
914,22,34,8.381233776742498,99.45995110872923,502.269
915,22,35,15.489692537504384,105.1436998567445,502.553
916,22,36,22.4437062069803,111.22977406763022,503.488
917,22,37,29.146281830087823,117.94818719187572,504.954
918,22,38,35.46797366167688,125.57739921175323,506.79
919,22,39,41.23010224551264,134.44564852820608,508.818
920,23,0,48.26575375104313,159.7897757832121,511.83
921,23,1,51.40042808948546,172.92592344406077,513.584
922,23,2,52.89046117768042,-172.55636922882806,514.995
923,23,3,52.536158774864354,-157.6621035548614,515.995
924,23,4,50.389642054593615,-143.5890315248054,516.567
925,23,5,46.724139074236234,-131.13347123361348,516.747
926,23,6,41.896926783991816,-120.49133982743825,516.615
927,23,7,36.234795584699626,-111.46476672602451,516.289
928,23,8,29.99184558895706,-103.71837598074625,515.904
929,23,9,23.35300075344763,-96.91981058659066,515.603
930,23,10,16.451637597188764,-90.78506444767943,515.515
931,23,11,9.386758004652496,-85.07979377358944,515.745
932,23,12,2.2364485404118257,-79.60635338030802,516.357
933,23,13,-4.932015139755915,-74.18781404757517,517.37
934,23,14,-12.053921262333088,-68.65232138568419,518.749
935,23,15,-19.059340643049808,-62.817632287200794,520.413
936,23,16,-25.8644203301263,-56.47535426545332,522.238
937,23,17,-32.36028881573985,-49.375662906264786,524.069
938,23,18,-38.39839802317915,-41.21764398046654,525.733
939,23,19,-43.77261625838779,-31.662147859916168,527.06
940,23,20,-48.20454501079606,-20.40443882460439,527.892
941,23,21,-51.35209084072928,-7.357163877688622,528.107
942,23,22,-52.87578651624865,7.081907254137108,527.627
943,23,23,-52.5708595509426,21.932427274017115,526.429
944,23,24,-50.47875553269477,36.00578275692368,524.549
945,23,25,-46.862365027564366,48.49353714476847,522.08
946,23,26,-42.07320713628067,59.181089308924264,519.165
947,23,27,-36.436361297295875,68.25373886647893,515.987
948,23,28,-30.206364755314237,76.04133614301986,512.752
949,23,29,-23.569304306725474,82.87505652083351,509.673
950,23,30,-16.659866159320355,89.03958228452599,506.95
951,23,31,-9.578380669364497,94.77047982838187,504.754
952,23,32,-2.4042620194508078,100.26683550632869,503.212
953,23,33,4.793815226523993,105.7069992179738,502.397
954,23,34,11.949593537855728,111.2643758059655,502.324
955,23,35,18.991477591003854,117.1230730193815,502.946
956,23,36,25.83357348828723,123.49379536392749,504.164
957,23,37,32.36453036321443,130.62944425400156,505.836
958,23,38,38.432589950164235,138.83475540961297,507.792
959,23,39,43.82748999817967,148.4528502139065,509.848
960,24,0,46.18682858279884,162.89303125147237,510.858
961,24,1,50.018854990215715,175.14442352799426,512.743
962,24,2,52.368603989240185,-170.93679477283465,514.338
963,24,3,52.9469536723056,-156.07822366747047,515.548
964,24,4,51.673608335529295,-141.4586135604084,516.333
965,24,5,48.724701482132964,-128.13410294262908,516.702
966,24,6,44.43378881532878,-116.59234000011482,516.713
967,24,7,39.15255677548069,-106.79610703207818,516.468
968,24,8,33.17293106280963,-98.4532358665827,516.095
969,24,9,26.71258297597473,-91.21962840343232,515.734
970,24,10,19.928314875299264,-84.78513941279509,515.525
971,24,11,12.934398386918494,-78.89176532896295,515.585
972,24,12,5.8179239722787734,-73.3254480233477,516.001
973,24,13,-1.3495371641848573,-67.90089129395606,516.814
974,24,14,-8.502942625110247,-62.445646524623555,518.017
975,24,15,-15.575991977667496,-56.784594495220226,519.552
976,24,16,-22.49298772938923,-50.72441694657262,521.314
977,24,17,-29.15915332157871,-44.037774447251444,523.163
978,24,18,-35.4478792451387,-36.44967333598822,524.933
979,24,19,-41.18411116673636,-27.63593234420666,526.449
980,24,20,-46.12666486149478,-17.259648976001273,527.546
981,24,21,-49.961457495525515,-5.0939725853552575,528.082
982,24,22,-52.33463745849771,8.73785929765002,527.956
983,24,23,-52.955600691794835,23.532674002206694,527.117
984,24,24,-51.73561279281467,38.13094489075438,525.57
985,24,25,-48.83951696208088,51.4740336230761,523.38
986,24,26,-44.59259754372075,63.05672988928626,520.667
987,24,27,-39.34307807218903,72.899770143705,517.596
988,24,28,-33.38245394578894,81.28661406707701,514.363
989,24,29,-26.92931000098111,88.55839545749859,511.18
990,24,30,-20.141732673652776,95.0252117334775,508.255
991,24,31,-13.135307547580771,100.94612514004314,505.777
992,24,32,-5.99845953242055,106.53653252286102,503.895
993,24,33,1.1958881101023064,111.9831712538393,502.711
994,24,34,8.381233776742498,117.4599652700032,502.269
995,24,35,15.489692537504384,123.1437071878293,502.553
996,24,36,22.4437062069803,129.22977456852584,503.488
997,24,37,29.146281830087823,135.9481945229605,504.954
998,24,38,35.46797366167688,143.57740654283805,506.79
999,24,39,41.23010224551264,152.4456558592909,508.818
1000,25,0,48.26575375104313,177.78976945391855,511.83
1001,25,1,51.40042808948546,-169.07407924276708,513.584
1002,25,2,52.89046117768042,-154.5563755581216,514.995
1003,25,3,52.536158774864354,-139.66210988415494,515.995
1004,25,4,50.389642054593615,-125.58903785409893,516.567
1005,25,5,46.724139074236234,-113.13348439309617,516.747
1006,25,6,41.896926783991816,-102.49135298692097,516.615
1007,25,7,36.234795584699626,-93.46477305531805,516.289
1008,25,8,29.99184558895706,-85.71838231003979,515.904
1009,25,9,23.35300075344763,-78.9198169158842,515.603
1010,25,10,16.451637597188764,-72.78507077697297,515.515
1011,25,11,9.386758004652496,-67.07980010288298,515.745
1012,25,12,2.2364485404118257,-61.60635970960156,516.357
1013,25,13,-4.932015139755915,-56.18782037686871,517.37
1014,25,14,-12.053921262333088,-50.65232771497772,518.749
1015,25,15,-19.059340643049808,-44.81763861649433,520.413
1016,25,16,-25.8644203301263,-38.47536059474685,522.238
1017,25,17,-32.36028881573985,-31.375669235558323,524.069
1018,25,18,-38.39839802317915,-23.217652017307365,525.733
1019,25,19,-43.77261625838779,-13.662152481662412,527.06
1020,25,20,-48.20454501079606,-2.404446007671575,527.892
1021,25,21,-51.35209084072928,10.64282979301784,528.107
1022,25,22,-52.87578651624865,25.081900924843573,527.627
1023,25,23,-52.5708595509426,39.932420944723575,526.429
1024,25,24,-50.47875553269477,54.005776427630146,524.549
1025,25,25,-46.862365027564366,66.49353081547494,522.08
1026,25,26,-42.07320713628067,77.18108297963073,519.165
1027,25,27,-36.436361297295875,86.25373253718539,515.987
1028,25,28,-30.206364755314237,94.04132981372634,512.752
1029,25,29,-23.569304306725474,100.87505019153998,509.673
1030,25,30,-16.659866159320355,107.03957595523245,506.95
1031,25,31,-9.578380669364497,112.77047349908834,504.754
1032,25,32,-2.4042620194508078,118.26682917703515,503.212
1033,25,33,4.793815226523993,123.70699288868026,502.397
1034,25,34,11.949593537855728,129.2643626464828,502.324
1035,25,35,18.991477591003854,135.12306669008797,502.946
1036,25,36,25.83357348828723,141.49378903463395,504.164
1037,25,37,32.36453036321443,148.62943792470801,505.836
1038,25,38,38.432589950164235,156.83474908031943,507.792
1039,25,39,43.82748999817967,166.45284388461297,509.848
1040,26,0,46.18682858279884,-179.10697143535552,510.858
1041,26,1,50.018854990215715,-166.8555791588336,512.743
1042,26,2,52.368603989240185,-152.93678744174983,514.338
1043,26,3,52.9469536723056,-138.07821633638568,515.548
1044,26,4,51.673608335529295,-123.45860622932358,516.333
1045,26,5,48.724701482132964,-110.13409561154428,516.702
1046,26,6,44.43378881532878,-98.59233266903001,516.713
1047,26,7,39.15255677548069,-88.79609970099338,516.468
1048,26,8,33.17293106280963,-80.4532285354979,516.095
1049,26,9,26.71258297597473,-73.21962107234752,515.734
1050,26,10,19.928314875299264,-66.78513208171029,515.525
1051,26,11,12.934398386918494,-60.891757997878145,515.585
1052,26,12,5.8179239722787734,-55.325440692262895,516.001
1053,26,13,-1.3495371641848573,-49.900883962871255,516.814
1054,26,14,-8.502942625110247,-44.44563919353875,518.017
1055,26,15,-15.575991977667496,-38.784587164135424,519.552
1056,26,16,-22.49298772938923,-32.724409615487815,521.314
1057,26,17,-29.15915332157871,-26.037765408619347,523.163
1058,26,18,-35.4478792451387,-18.44966429735613,524.933
1059,26,19,-41.18411116673636,-9.635925013121854,526.449
1060,26,20,-46.12666486149478,0.7403583017226792,527.546
1061,26,21,-49.961457495525515,12.906035172616368,528.082
1062,26,22,-52.33463745849771,26.737866628734825,527.956
1063,26,23,-52.955600691794835,41.53268304083879,527.117
1064,26,24,-51.73561279281467,56.13095222183918,525.57
1065,26,25,-48.83951696208088,69.47404095416091,523.38
1066,26,26,-44.59259754372075,81.05673722037106,520.667
1067,26,27,-39.34307807218903,90.8997774747898,517.596
1068,26,28,-33.38245394578894,99.28662139816181,514.363
1069,26,29,-26.92931000098111,106.5584027885834,511.18
1070,26,30,-20.141732673652776,113.02521906456231,508.255
1071,26,31,-13.135307547580771,118.94613247112794,505.777
1072,26,32,-5.99845953242055,124.53654668413499,503.895
1073,26,33,1.1958881101023064,129.98318541511327,502.711
1074,26,34,8.381233776742498,135.459972601088,502.269
1075,26,35,15.489692537504384,141.14371451891412,502.553
1076,26,36,22.4437062069803,147.22978189961066,503.488
1077,26,37,29.146281830087823,153.94820185404532,504.954
1078,26,38,35.46797366167688,161.57741387392284,506.79
1079,26,39,41.23010224551264,170.4456631903757,508.818
1080,27,0,48.26575375104313,-164.2102332329093,511.83
1081,27,1,51.40042808948546,-151.07408557206062,513.584
1082,27,2,52.89046117768042,-136.55638188741514,514.995
1083,27,3,52.536158774864354,-121.66211621344848,515.995
1084,27,4,50.389642054593615,-107.58904418339247,516.567
1085,27,5,46.724139074236234,-95.13349072238971,516.747
1086,27,6,41.896926783991816,-84.4913593162145,516.615
1087,27,7,36.234795584699626,-75.46477938461157,516.289
1088,27,8,29.99184558895706,-67.71838863933333,515.904
1089,27,9,23.35300075344763,-60.91982324517773,515.603
1090,27,10,16.451637597188764,-54.785073691171924,515.515
1091,27,11,9.386758004652496,-49.07980643217652,515.745
1092,27,12,2.2364485404118257,-43.606366038895096,516.357
1093,27,13,-4.932015139755915,-38.18782670616224,517.37
1094,27,14,-12.053921262333088,-32.65233404427126,518.749
1095,27,15,-19.059340643049808,-26.81764323824057,520.413
1096,27,16,-25.8644203301263,-20.47536692404039,522.238
1097,27,17,-32.36028881573985,-13.375674711078215,524.069
1098,27,18,-38.39839802317915,-5.21765791971408,525.733
1099,27,19,-43.77261625838779,4.337841189044051,527.06
1100,27,20,-48.20454501079606,15.595548516808535,527.892
1101,27,21,-51.35209084072928,28.642823463724305,528.107
1102,27,22,-52.87578651624865,43.08189288800274,527.627
1103,27,23,-52.5708595509426,57.93241461543004,526.429
1104,27,24,-50.47875553269477,72.00576668324203,524.549
1105,27,25,-46.862365027564366,84.4935244861814,522.08
1106,27,26,-42.07320713628067,95.18107665033719,519.165
1107,27,27,-36.436361297295875,104.25372620789184,515.987
1108,27,28,-30.206364755314237,112.0413234844328,512.752
1109,27,29,-23.569304306725474,118.87504386224644,509.673
1110,27,30,-16.659866159320355,125.03956279574975,506.95
1111,27,31,-9.578380669364497,130.77047399998398,504.754
1112,27,32,-2.4042620194508078,136.26682284774162,503.212
1113,27,33,4.793815226523993,141.70698655938673,502.397
1114,27,34,11.949593537855728,147.26435631718925,502.324
1115,27,35,18.991477591003854,153.12306036079443,502.946
1116,27,36,25.83357348828723,159.4937827053404,504.164
1117,27,37,32.36453036321443,166.62943159541447,505.836
1118,27,38,38.432589950164235,174.83474275102589,507.792
1119,27,39,43.82748999817967,-175.5471588022149,509.848
1120,28,0,46.18682858279884,-161.1069914250274,510.858
1121,28,1,50.018854990215715,-148.85559914850546,512.743
1122,28,2,52.368603989240185,-134.9368074314217,514.338
1123,28,3,52.9469536723056,-120.07823632605755,515.548
1124,28,4,51.673608335529295,-105.45863304918463,516.333
1125,28,5,48.724701482132964,-92.13411560121617,516.702
1126,28,6,44.43378881532878,-80.5923526587019,516.713
1127,28,7,39.15255677548069,-70.79611969066525,516.468
1128,28,8,33.17293106280963,-62.45324852516978,516.095
1129,28,9,26.71258297597473,-55.2196410620194,515.734
1130,28,10,19.928314875299264,-48.785152071382164,515.525
1131,28,11,12.934398386918494,-42.89177798755002,515.585
1132,28,12,5.8179239722787734,-37.32546068193477,516.001
1133,28,13,-1.3495371641848573,-31.900903952543135,516.814
1134,28,14,-8.502942625110247,-26.44566089075792,518.017
1135,28,15,-15.575991977667496,-20.784608861354595,519.552
1136,28,16,-22.49298772938923,-14.724429605159694,521.314
1137,28,17,-29.15915332157871,-8.037785398291224,523.163
1138,28,18,-35.4478792451387,-0.4496849807190946,524.933
1139,28,19,-41.18411116673636,8.364054997206269,526.449
1140,28,20,-46.12666486149478,18.740338365411656,527.546
1141,28,21,-49.961457495525515,30.906015182944493,528.082
1142,28,22,-52.33463745849771,44.73784834661024,527.956
1143,28,23,-52.955600691794835,59.53265963607233,527.117
1144,28,24,-51.73561279281467,74.1309322321673,525.57
1145,28,25,-48.83951696208088,87.47402096448903,523.38
1146,28,26,-44.59259754372075,99.05671723069918,520.667
1147,28,27,-39.34307807218903,108.89975748511792,517.596
1148,28,28,-33.38245394578894,117.28660140848994,514.363
1149,28,29,-26.92931000098111,124.55838962910069,511.18
1150,28,30,-20.141732673652776,131.02519907489042,508.255
1151,28,31,-13.135307547580771,136.94611248145605,505.777
1152,28,32,-5.99845953242055,142.5365266944631,503.895
1153,28,33,1.1958881101023064,147.9831654254414,502.711
1154,28,34,8.381233776742498,153.45995261141613,502.269
1155,28,35,15.489692537504384,159.14369452924223,502.553
1156,28,36,22.4437062069803,165.2297619099388,503.488
1157,28,37,29.146281830087823,171.94818186437345,504.954
1158,28,38,35.46797366167688,179.57739388425097,506.79
1159,28,39,41.23010224551264,-171.5543531568305,508.818
1160,29,0,48.26575375104313,-146.21022590182451,511.83
1161,29,1,51.40042808948546,-133.07407824097584,513.584
1162,29,2,52.89046117768042,-118.55637455633033,514.995
1163,29,3,52.536158774864354,-103.66211571255285,515.995
1164,29,4,50.389642054593615,-89.58903685230767,516.567
1165,29,5,46.724139074236234,-77.1334833913049,516.747
1166,29,6,41.896926783991816,-66.4913519851297,516.615
1167,29,7,36.234795584699626,-57.46477205352678,516.289
1168,29,8,29.99184558895706,-49.7183847233431,515.904
1169,29,9,23.35300075344763,-42.91981591409292,515.603
1170,29,10,16.451637597188764,-36.785066360087114,515.515
1171,29,11,9.386758004652496,-31.079799101091712,515.745
1172,29,12,2.2364485404118257,-25.606358707810294,516.357
1173,29,13,-4.932015139755915,-20.18782108262473,517.37
1174,29,14,-12.053921262333088,-14.652326713186454,518.749
1175,29,15,-19.059340643049808,-8.817635907155768,520.413
1176,29,16,-25.8644203301263,-2.4753602332858207,522.238
1177,29,17,-32.36028881573985,4.624332620006589,524.069
1178,29,18,-38.39839802317915,12.7823489844839,525.733
1179,29,19,-43.77261625838779,22.337848520128855,527.06
1180,29,20,-48.20454501079606,33.59555584789334,527.892
1181,29,21,-51.35209084072928,46.6428325023564,528.107
1182,29,22,-52.87578651624865,61.08190363418213,527.627
1183,29,23,-52.5708595509426,75.93242194651485,526.429
1184,29,24,-50.47875553269477,90.00577401432683,524.549
1185,29,25,-46.862365027564366,102.4935318172662,522.08
1186,29,26,-42.07320713628067,113.18108398142199,519.165
1187,29,27,-36.436361297295875,122.25373353897665,515.987
1188,29,28,-30.206364755314237,130.04132398532843,512.752
1189,29,29,-23.569304306725474,136.87505119333125,509.673
1190,29,30,-16.659866159320355,143.03957012683455,506.95
1191,29,31,-9.578380669364497,148.77048133106877,504.754
1192,29,32,-2.4042620194508078,154.2668301788264,503.212
1193,29,33,4.793815226523993,159.70699389047152,502.397
1194,29,34,11.949593537855728,165.26436364827407,502.324
1195,29,35,18.991477591003854,171.1230676918792,502.946
1196,29,36,25.83357348828723,177.49379003642522,504.164
1197,29,37,32.36453036321443,-175.37055743103505,505.836
1198,29,38,38.432589950164235,-167.16524627542364,507.792
1199,29,39,43.82748999817967,-157.5471514711301,509.848
1200,30,0,46.18682858279884,-143.10698409394257,510.858
1201,30,1,50.018854990215715,-130.85559181742067,512.743
1202,30,2,52.368603989240185,-116.93680010033691,514.338
1203,30,3,52.9469536723056,-102.07822899497275,515.548
1204,30,4,51.673608335529295,-87.45862571809982,516.333
1205,30,5,48.724701482132964,-74.13410827013136,516.702
1206,30,6,44.43378881532878,-62.59234532761709,516.713
1207,30,7,39.15255677548069,-52.796108944485866,516.468
1208,30,8,33.17293106280963,-44.45324460917956,516.095
1209,30,9,26.71258297597473,-37.219633730934596,515.734
1210,30,10,19.928314875299264,-30.785144740297362,515.525
1211,30,11,12.934398386918494,-24.89177236401251,515.585
1212,30,12,5.8179239722787734,-19.32545335084997,516.001
1213,30,13,-1.3495371641848573,-13.900895767684684,516.814
1214,30,14,-8.502942625110247,-8.445652705899473,518.017
1215,30,15,-15.575991977667496,-2.784601530269791,519.552
1216,30,16,-22.49298772938923,3.2755772990382868,521.314
1217,30,17,-29.15915332157871,9.96222193279358,523.163
1218,30,18,-35.4478792451387,17.550323044056796,524.933
1219,30,19,-41.18411116673636,26.364062328291073,526.449
1220,30,20,-46.12666486149478,36.74034569649646,527.546
1221,30,21,-49.961457495525515,48.906022514029296,528.082
1222,30,22,-52.33463745849771,62.737855677695045,527.956
1223,30,23,-52.955600691794835,77.53266696715713,527.117
1224,30,24,-51.73561279281467,92.1309395632521,525.57
1225,30,25,-48.83951696208088,105.47402829557383,523.38
1226,30,26,-44.59259754372075,117.056724561784,520.667
1227,30,27,-39.34307807218903,126.89976481620272,517.596
1228,30,28,-33.38245394578894,135.28660873957475,514.363
1229,30,29,-26.92931000098111,142.5583969601855,511.18
1230,30,30,-20.141732673652776,149.02520640597524,508.255
1231,30,31,-13.135307547580771,154.94611981254087,505.777
1232,30,32,-5.99845953242055,160.53653402554792,503.895
1233,30,33,1.1958881101023064,165.98317275652622,502.711
1234,30,34,8.381233776742498,171.45995994250094,502.269
1235,30,35,15.489692537504384,177.14370186032704,502.553
1236,30,36,22.4437062069803,-176.77022711651074,503.488
1237,30,37,29.146281830087823,-170.05180716207607,504.954
1238,30,38,35.46797366167688,-162.4226088025769,506.79
1239,30,39,41.23010224551264,-153.5543458257457,508.818
1240,31,0,48.26575375104313,-128.2102185707397,511.83
1241,31,1,51.40042808948546,-115.07407090989102,513.584
1242,31,2,52.89046117768042,-100.55636722524552,514.995
1243,31,3,52.536158774864354,-85.66210838146804,515.995
1244,31,4,50.389642054593615,-71.58902952122287,516.567
1245,31,5,46.724139074236234,-59.133476060220104,516.747
1246,31,6,41.896926783991816,-48.491344654044894,516.615
1247,31,7,36.234795584699626,-39.46476472244198,516.289
1248,31,8,29.99184558895706,-31.718377392258297,515.904
1249,31,9,23.35300075344763,-24.919810290555414,515.603
1250,31,10,16.451637597188764,-18.785059029002316,515.515
1251,31,11,9.386758004652496,-13.079792623780554,515.745
1252,31,12,2.2364485404118257,-7.60635137672549,516.357
1253,31,13,-4.932015139755915,-2.1878128977662805,517.37
1254,31,14,-12.053921262333088,3.3476810447851726,518.749
1255,31,15,-19.059340643049808,9.182371423929034,520.413
1256,31,16,-25.8644203301263,15.524647738129218,522.238
1257,31,17,-32.36028881573985,22.62434080486504,524.069
1258,31,18,-38.39839802317915,30.782358023115997,525.733
1259,31,19,-43.77261625838779,40.33785414366636,527.06
1260,31,20,-48.20454501079606,51.59556317897814,527.892
1261,31,21,-51.35209084072928,64.64283641834662,528.107
1262,31,22,-52.87578651624865,79.08191096526693,527.627
1263,31,23,-52.5708595509426,93.93242927759965,526.429
1264,31,24,-50.47875553269477,108.00578134541163,524.549
1265,31,25,-46.862365027564366,120.493539148351,522.08
1266,31,26,-42.07320713628067,131.1810913125068,519.165
1267,31,27,-36.436361297295875,140.25374087006145,515.987
1268,31,28,-30.206364755314237,148.04133131641322,512.752
1269,31,29,-23.569304306725474,154.87505852441606,509.673
1270,31,30,-16.659866159320355,161.03957745791936,506.95
1271,31,31,-9.578380669364497,166.77048866215358,504.754
1272,31,32,-2.4042620194508078,172.26683750991123,503.212
1273,31,33,4.793815226523993,177.70700122155634,502.397
1274,31,34,11.949593537855728,-176.73562537817546,502.324
1275,31,35,18.991477591003854,-170.8769213345703,502.946
1276,31,36,25.83357348828723,-164.5061989900243,504.164
1277,31,37,32.36453036321443,-157.37055009995024,505.836
1278,31,38,38.432589950164235,-149.16523894433882,507.792
1279,31,39,43.82748999817967,-139.5471441400453,509.848
1280,32,0,46.18682858279884,-125.10697676285778,510.858
1281,32,1,50.018854990215715,-112.85557765614669,512.743
1282,32,2,52.368603989240185,-98.9367927692521,514.338
1283,32,3,52.9469536723056,-84.07822166388794,515.548
1284,32,4,51.673608335529295,-69.45861838701502,516.333
1285,32,5,48.724701482132964,-56.134100939046554,516.702
1286,32,6,44.43378881532878,-44.592334581437704,516.713
1287,32,7,39.15255677548069,-34.79610161340106,516.468
1288,32,8,33.17293106280963,-26.45323727809476,516.095
1289,32,9,26.71258297597473,-19.21962810739708,515.734
1290,32,10,19.928314875299264,-12.785138262986203,515.525
1291,32,11,12.934398386918494,-6.891764606040885,515.585
1292,32,12,5.8179239722787734,-1.3254460197651645,516.001
1293,32,13,-1.3495371641848573,4.099111563400118,516.814
1294,32,14,-8.502942625110247,9.554354625185331,518.017
1295,32,15,-15.575991977667496,15.215405800815013,519.552
1296,32,16,-22.49298772938923,21.275585057009913,521.314
1297,32,17,-29.15915332157871,27.962229263878385,523.163
1298,32,18,-35.4478792451387,35.55032866759431,524.933
1299,32,19,-41.18411116673636,44.36406965937588,526.449
1300,32,20,-46.12666486149478,54.740353027581264,527.546
1301,32,21,-49.961457495525515,66.90602643001951,528.082
1302,32,22,-52.33463745849771,80.73786300877984,527.956
1303,32,23,-52.955600691794835,95.53267429824193,527.117
1304,32,24,-51.73561279281467,110.13094689433692,525.57
1305,32,25,-48.83951696208088,123.47402879646947,523.38
1306,32,26,-44.59259754372075,135.05673189286878,520.667
1307,32,27,-39.34307807218903,144.89977214728754,517.596
1308,32,28,-33.38245394578894,153.28661607065953,514.363
1309,32,29,-26.92931000098111,160.5584042912703,511.18
1310,32,30,-20.141732673652776,167.02521373706003,508.255
1311,32,31,-13.135307547580771,172.94612714362566,505.777
1312,32,32,-5.99845953242055,178.5365413566327,503.895
1313,32,33,1.1958881101023064,-176.01682993030167,502.711
1314,32,34,8.381233776742498,-170.54004274432694,502.269
1315,32,35,15.489692537504384,-164.85628716612248,502.553
1316,32,36,22.4437062069803,-158.77021978542595,503.488
1317,32,37,29.146281830087823,-152.05179983099129,504.954
1318,32,38,35.46797366167688,-144.4226014714921,506.79
1319,32,39,41.23010224551264,-135.5543384946609,508.818
1320,33,0,48.26575375104313,-110.21021123965491,511.83
1321,33,1,51.40042808948546,-97.07406357880622,513.584
1322,33,2,52.89046117768042,-82.55635989416072,514.995
1323,33,3,52.536158774864354,-67.66210105038324,515.995
1324,33,4,50.389642054593615,-53.58902560523265,516.567
1325,33,5,46.724139074236234,-41.13346531404071,516.747
1326,33,6,41.896926783991816,-30.491337322960092,516.615
1327,33,7,36.234795584699626,-21.464759098904462,516.289
1328,33,8,29.99184558895706,-13.71836920739985,515.904
1329,33,9,23.35300075344763,-6.9198025325837875,515.603
1330,33,10,16.451637597188764,-0.7850521248043337,515.515
1331,33,11,9.386758004652496,4.920214280417426,515.745
1332,33,12,2.2364485404118257,10.393655954359314,516.357
1333,33,13,-4.932015139755915,15.812193579544877,517.37
1334,33,14,-12.053921262333088,21.347687948983154,518.749
1335,33,15,-19.059340643049808,27.182378755013836,520.413
1336,33,16,-25.8644203301263,33.52465506921402,522.238
1337,33,17,-32.36028881573985,40.624346428402546,524.069
1338,33,18,-38.39839802317915,48.7823653542008,525.733
1339,33,19,-43.77261625838779,58.337861474751165,527.06
1340,33,20,-48.20454501079606,69.59557051006294,527.892
1341,33,21,-51.35209084072928,82.64284374943142,528.107
1342,33,22,-52.87578651624865,97.08191829635174,527.627
1343,33,23,-52.5708595509426,111.93243660868445,526.429
1344,33,24,-50.47875553269477,126.00578867649644,524.549
1345,33,25,-46.862365027564366,138.49354647943582,522.08
1346,33,26,-42.07320713628067,149.1810986435916,519.165
1347,33,27,-36.436361297295875,158.25374820114627,515.987
1348,33,28,-30.206364755314237,166.04133864749804,512.752
1349,33,29,-23.569304306725474,172.87506585550085,509.673
1350,33,30,-16.659866159320355,179.03958478900415,506.95
1351,33,31,-9.578380669364497,-175.2295140246743,504.754
1352,33,32,-2.4042620194508078,-169.7331515165383,503.212
1353,33,33,4.793815226523993,-164.2929878048932,502.397
1354,33,34,11.949593537855728,-158.73561804709067,502.324
1355,33,35,18.991477591003854,-152.8769140034855,502.946
1356,33,36,25.83357348828723,-146.5061916589395,504.164
1357,33,37,32.36453036321443,-139.37054276886545,505.836
1358,33,38,38.432589950164235,-131.16523161325404,507.792
1359,33,39,43.82748999817967,-121.54713680896049,509.848
1360,34,0,46.18682858279884,-107.10698992234049,510.858
1361,34,1,50.018854990215715,-94.85559764581858,512.743
1362,34,2,52.368603989240185,-80.93681275892398,514.338
1363,34,3,52.9469536723056,-66.07824165355981,515.548
1364,34,4,51.673608335529295,-51.4586383766869,516.333
1365,34,5,48.724701482132964,-38.13412092871843,516.702
1366,34,6,44.43378881532878,-26.592354571109578,516.713
1367,34,7,39.15255677548069,-16.79612160307294,516.468
1368,34,8,33.17293106280963,-8.453256413992989,516.095
1369,34,9,26.71258297597473,-1.219647776903842,515.734
1370,34,10,19.928314875299264,5.214841747341919,515.525
1371,34,11,12.934398386918494,11.108214977400415,515.585
1372,34,12,5.8179239722787734,16.67453399056296,516.001
1373,34,13,-1.3495371641848573,22.099092427501887,516.814
1374,34,14,-8.502942625110247,27.554333781739807,518.017
1375,34,15,-15.575991977667496,33.21538751869043,519.552
1376,34,16,-22.49298772938923,39.275565067338036,521.314
1377,34,17,-29.15915332157871,45.96220756665922,523.163
1378,34,18,-35.4478792451387,53.55030867792243,524.933
1379,34,19,-41.18411116673636,62.36404625460941,526.449
1380,34,20,-46.12666486149478,72.74033303790938,527.546
1381,34,21,-49.961457495525515,84.90600644034764,528.082
1382,34,22,-52.33463745849771,98.73784301910797,527.956
1383,34,23,-52.955600691794835,113.53265430857006,527.117
1384,34,24,-51.73561279281467,128.13092007447585,525.57
1385,34,25,-48.83951696208088,141.4740088067976,523.38
1386,34,26,-44.59259754372075,153.0567119031969,520.667
1387,34,27,-39.34307807218903,162.89975215761564,517.596
1388,34,28,-33.38245394578894,171.28659608098766,514.363
1389,34,29,-26.92931000098111,178.5583843015984,511.18
1390,34,30,-20.141732673652776,-174.97480261014618,508.255
1391,34,31,-13.135307547580771,-169.05388920358055,505.777
1392,34,32,-5.99845953242055,-163.46348865095183,503.895
1393,34,33,1.1958881101023064,-158.01684991997354,502.711
1394,34,34,8.381233776742498,-152.5400627339988,502.269
1395,34,35,15.489692537504384,-146.85630715579435,502.553
1396,34,36,22.4437062069803,-140.77023977509782,503.488
1397,34,37,29.146281830087823,-134.05181982066316,504.954
1398,34,38,35.46797366167688,-126.42262146116397,506.79
1399,34,39,41.23010224551264,-117.55435848433278,508.818
1400,35,0,48.26575375104313,-92.21023122932678,511.83
1401,35,1,51.40042808948546,-79.0740835684781,513.584
1402,35,2,52.89046117768042,-64.55637988383259,514.995
1403,35,3,52.536158774864354,-49.66211762496054,515.995
1404,35,4,50.389642054593615,-35.589045594904526,516.567
1405,35,5,46.724139074236234,-23.133485303712593,516.747
1406,35,6,41.896926783991816,-12.491355605084678,516.615
1407,35,7,36.234795584699626,-3.464778875132929,516.289
1408,35,8,29.99184558895706,4.2816112298150975,515.904
1409,35,9,23.35300075344763,11.080177050857513,515.603
1410,35,10,16.451637597188764,17.214928312410613,515.515
1411,35,11,9.386758004652496,22.920193863858728,515.745
1412,35,12,2.2364485404118257,28.393635964687437,516.357
1413,35,13,-4.932015139755915,33.81217529742029,517.37
1414,35,14,-12.053921262333088,39.34766795931127,518.749
1415,35,15,-19.059340643049808,45.18235705779467,520.413
1416,35,16,-25.8644203301263,51.52463507954214,522.238
1417,35,17,-32.36028881573985,58.62432643873068,524.069
1418,35,18,-38.39839802317915,66.78234536452892,525.733
1419,35,19,-43.77261625838779,76.3378414850793,527.06
1420,35,20,-48.20454501079606,87.59555052039107,527.892
1421,35,21,-51.35209084072928,100.64282375975955,528.107
1422,35,22,-52.87578651624865,115.08189830667986,527.627
1423,35,23,-52.5708595509426,129.9324097888234,526.429
1424,35,24,-50.47875553269477,144.00576868682455,524.549
1425,35,25,-46.862365027564366,156.49352648976392,522.08
1426,35,26,-42.07320713628067,167.1810786539197,519.165
1427,35,27,-36.436361297295875,176.25372821147437,515.987
1428,35,28,-30.206364755314237,-175.95867769970818,512.752
1429,35,29,-23.569304306725474,-169.12495049170536,509.673
1430,35,30,-16.659866159320355,-162.96043155820203,506.95
1431,35,31,-9.578380669364497,-157.22953401434617,504.754
1432,35,32,-2.4042620194508078,-151.7331715062102,503.212
1433,35,33,4.793815226523993,-146.29300779456506,502.397
1434,35,34,11.949593537855728,-140.73563803676254,502.324
1435,35,35,18.991477591003854,-134.87693399315737,502.946
1436,35,36,25.83357348828723,-128.50621164861138,504.164
1437,35,37,32.36453036321443,-121.37056275853732,505.836
1438,35,38,38.432589950164235,-113.1652516029259,507.792
1439,35,39,43.82748999817967,-103.54715679863237,509.848
1440,36,0,46.18682858279884,-89.10698259125569,510.858
1441,36,1,50.018854990215715,-76.85559031473377,512.743
1442,36,2,52.368603989240185,-62.936805427839175,514.338
1443,36,3,52.9469536723056,-48.07823432247501,515.548
1444,36,4,51.673608335529295,-33.45863104560209,516.333
1445,36,5,48.724701482132964,-20.13411359763363,516.702
1446,36,6,44.43378881532878,-8.592348093798423,516.713
1447,36,7,39.15255677548069,1.2038853011250394,516.468
1448,36,8,33.17293106280963,9.546750917091813,516.095
1449,36,9,26.71258297597473,16.780359234015844,515.734
1450,36,10,19.928314875299264,23.214848224653075,515.525
1451,36,11,12.934398386918494,29.108224016032512,515.585
1452,36,12,5.8179239722787734,34.674541321647766,516.001
1453,36,13,-1.3495371641848573,40.0990980510394,516.814
1454,36,14,-8.502942625110247,45.5543428203719,518.017
1455,36,15,-15.575991977667496,51.21539484977523,519.552
1456,36,16,-22.49298772938923,57.27557239842284,521.314
1457,36,17,-29.15915332157871,63.96221489774402,523.163
1458,36,18,-35.4478792451387,71.55031600900723,524.933
1459,36,19,-41.18411116673636,80.36405358569422,526.449
1460,36,20,-46.12666486149478,90.74034036899418,527.546
1461,36,21,-49.961457495525515,102.90601377143244,528.082
1462,36,22,-52.33463745849771,116.73785035019277,527.956
1463,36,23,-52.955600691794835,131.53266846984403,527.117
1464,36,24,-51.73561279281467,146.13092740556067,525.57
1465,36,25,-48.83951696208088,159.4740161378824,523.38
1466,36,26,-44.59259754372075,171.05671923428173,520.667
1467,36,27,-39.34307807218903,-179.10023686883386,517.596
1468,36,28,-33.38245394578894,-170.71339294546186,514.363
1469,36,29,-26.92931000098111,-163.44161838522945,511.18
1470,36,30,-20.141732673652776,-156.97479527906137,508.255
1471,36,31,-13.135307547580771,-151.05388187249574,505.777
1472,36,32,-5.99845953242055,-145.46348131986701,503.895
1473,36,33,1.1958881101023064,-140.01684258888872,502.711
1474,36,34,8.381233776742498,-134.540055402914,502.269
1475,36,35,15.489692537504384,-128.85629982470957,502.553
1476,36,36,22.4437062069803,-122.77023244401302,503.488
1477,36,37,29.146281830087823,-116.05181248957835,504.954
1478,36,38,35.46797366167688,-108.42260729989,506.79
1479,36,39,41.23010224551264,-99.55435115324798,508.818
1480,37,0,48.26575375104313,-74.21022389824198,511.83
1481,37,1,51.40042808948546,-61.0740762373933,513.584
1482,37,2,52.89046117768042,-46.556372552747796,514.995
1483,37,3,52.536158774864354,-31.662110293875735,515.995
1484,37,4,50.389642054593615,-17.58903655627243,516.567
1485,37,5,46.724139074236234,-5.133478399514612,516.747
1486,37,6,41.896926783991816,5.508651299113303,516.615
1487,37,7,36.234795584699626,14.535228242508463,516.289
1488,37,8,29.99184558895706,22.281618987786725,515.904
1489,37,9,23.35300075344763,29.080186089489608,515.603
1490,37,10,16.451637597188764,35.214935643495416,515.515
1491,37,11,9.386758004652496,40.92020290249082,515.745
1492,37,12,2.2364485404118257,46.39364329577224,516.357
1493,37,13,-4.932015139755915,51.8121826285051,517.37
1494,37,14,-12.053921262333088,57.34767529039608,518.749
1495,37,15,-19.059340643049808,63.18236438887947,520.413
1496,37,16,-25.8644203301263,69.52463899553236,522.238
1497,37,17,-32.36028881573985,76.62433376981548,524.069
1498,37,18,-38.39839802317915,84.78235269561372,525.733
1499,37,19,-43.77261625838779,94.3378488161641,527.06
1500,37,20,-48.20454501079606,105.59555785147587,527.892
1501,37,21,-51.35209084072928,118.64283109084435,528.107
1502,37,22,-52.87578651624865,133.08190563776466,527.627
1503,37,23,-52.5708595509426,147.9324171199082,526.429
1504,37,24,-50.47875553269477,162.00577601790937,524.549
1505,37,25,-46.862365027564366,174.49353382084874,522.08
1506,37,26,-42.07320713628067,-174.8189103725298,519.165
1507,37,27,-36.436361297295875,-165.74626081497513,515.987
1508,37,28,-30.206364755314237,-157.95867036862336,512.752
1509,37,29,-23.569304306725474,-151.12494316062055,509.673
1510,37,30,-16.659866159320355,-144.96042422711724,506.95
1511,37,31,-9.578380669364497,-139.22952668326135,504.754
1512,37,32,-2.4042620194508078,-133.73316417512538,503.212
1513,37,33,4.793815226523993,-128.29300046348027,502.397
1514,37,34,11.949593537855728,-122.73563070567774,502.324
1515,37,35,18.991477591003854,-116.87692666207258,502.946
1516,37,36,25.83357348828723,-110.50621114771575,504.164
1517,37,37,32.36453036321443,-103.3705622576417,505.836
1518,37,38,38.432589950164235,-95.1652442718411,507.792
1519,37,39,43.82748999817967,-85.54714946754757,509.848
1520,38,0,46.18682858279884,-71.10697526017087,510.858
1521,38,1,50.018854990215715,-58.855582983648965,512.743
1522,38,2,52.368603989240185,-44.93679809675437,514.338
1523,38,3,52.9469536723056,-30.078226991390213,515.548
1524,38,4,51.673608335529295,-15.45862371451729,516.333
1525,38,5,48.724701482132964,-2.134106266548824,516.702
1526,38,6,44.43378881532878,9.407659237286381,516.713
1527,38,7,39.15255677548069,19.203893059096664,516.468
1528,38,8,33.17293106280963,27.54675739440297,516.095
1529,38,9,26.71258297597473,34.78036827264794,515.734
1530,38,10,19.928314875299264,41.214857263285175,515.525
1531,38,11,12.934398386918494,47.10823134711731,515.585
1532,38,12,5.8179239722787734,52.67454865273257,516.001
1533,38,13,-1.3495371641848573,58.0991053821242,516.814
1534,38,14,-8.502942625110247,63.55435015145671,518.017
1535,38,15,-15.575991977667496,69.21540218086004,519.552
1536,38,16,-22.49298772938923,75.27557631441306,521.314
1537,38,17,-29.15915332157871,81.96222222882882,523.163
1538,38,18,-35.4478792451387,89.55032334009204,524.933
1539,38,19,-41.18411116673636,98.36406091677902,526.449
1540,38,20,-46.12666486149478,108.740347700079,527.546
1541,38,21,-49.961457495525515,120.90602793270641,528.082
1542,38,22,-52.33463745849771,134.73785768127757,527.956
1543,38,23,-52.955600691794835,149.53267580092884,527.117
1544,38,24,-51.73561279281467,164.13093473664546,525.57
1545,38,25,-48.83951696208088,177.4740234689672,523.38
1546,38,26,-44.59259754372075,-170.9432697921678,520.667
1547,38,27,-39.34307807218903,-161.10022953774907,517.596
1548,38,28,-33.38245394578894,-152.71338561437705,514.363
1549,38,29,-26.92931000098111,-145.44161105414463,511.18
1550,38,30,-20.141732673652776,-138.97478794797655,508.255
1551,38,31,-13.135307547580771,-133.05387454141092,505.777
1552,38,32,-5.99845953242055,-127.46347398878221,503.895
1553,38,33,1.1958881101023064,-122.01683525780393,502.711
1554,38,34,8.381233776742498,-116.5400480718292,502.269
1555,38,35,15.489692537504384,-110.85629249362475,502.553
1556,38,36,22.4437062069803,-104.77022511292822,503.488
1557,38,37,29.146281830087823,-98.05180515849355,504.954
1558,38,38,35.46797366167688,-90.4225999688052,506.79
1559,38,39,41.23010224551264,-81.55434382216318,508.818
1560,39,0,48.26575375104313,-56.210216567157175,511.83
1561,39,1,51.40042808948546,-43.07406890630849,513.584
1562,39,2,52.89046117768042,-28.5563635141157,514.995
1563,39,3,52.536158774864354,-13.66210296279093,515.995
1564,39,4,50.389642054593615,0.41097008112128713,516.567
1565,39,5,46.724139074236234,12.866529358457015,516.747
1566,39,6,41.896926783991816,23.50865905708493,516.615
1567,39,7,36.234795584699626,32.53523728114056,516.289
1568,39,8,29.99184558895706,40.28162461132423,515.904
1569,39,9,23.35300075344763,47.08019342057441,515.603
1570,39,10,16.451637597188764,53.21494297458022,515.515
1571,39,11,9.386758004652496,58.920210233575624,515.745
1572,39,12,2.2364485404118257,64.39365062685704,516.357
1573,39,13,-4.932015139755915,69.8121899595899,517.37
1574,39,14,-12.053921262333088,75.34768262148089,518.749
1575,39,15,-19.059340643049808,81.18237171996428,520.413
1576,39,16,-25.8644203301263,87.52464632661716,522.238
1577,39,17,-32.36028881573985,94.62434110090028,524.069
1578,39,18,-38.39839802317915,102.78236002669853,525.733
1579,39,19,-43.77261625838779,112.3378561472489,527.06
1580,39,20,-48.20454501079606,123.59556518256068,527.892
1581,39,21,-51.35209084072928,136.64283842192916,528.107
1582,39,22,-52.87578651624865,151.08191296884948,527.627
1583,39,23,-52.5708595509426,165.932424450993,526.429
1584,39,24,-50.47875553269477,-179.99421300854016,524.549
1585,39,25,-46.862365027564366,-167.5064552056008,522.08
1586,39,26,-42.07320713628067,-156.818903041445,519.165
1587,39,27,-36.436361297295875,-147.74625348389034,515.987
1588,39,28,-30.206364755314237,-139.95866303753857,512.752
1589,39,29,-23.569304306725474,-133.12493582953576,509.673
1590,39,30,-16.659866159320355,-126.96041689603244,506.95
1591,39,31,-9.578380669364497,-121.22951935217655,504.754
1592,39,32,-2.4042620194508078,-115.73315684404058,503.212
1593,39,33,4.793815226523993,-110.29299313239547,502.397
1594,39,34,11.949593537855728,-104.73562337459293,502.324
1595,39,35,18.991477591003854,-98.87692616117694,502.946
1596,39,36,25.83357348828723,-92.50620381663094,504.164
1597,39,37,32.36453036321443,-85.37055492655688,505.836
1598,39,38,38.432589950164235,-77.1652369407563,507.792
1599,39,39,43.82748999817967,-67.54714213646277,509.848
