0,0,0,23.810392908953997,-83.19809714781844,503.745
1,0,1,30.44833103685111,-76.32121680463948,505.299
2,0,2,36.67412701249319,-68.47136918400304,507.188
3,0,3,42.2969846240578,-59.31287097877049,509.234
4,0,4,47.056076022615095,-48.51469365572258,511.255
5,0,5,50.619580373002094,-35.90148918339217,513.092
6,0,6,52.632737649728334,-21.716104937719056,514.615
7,0,7,52.83795409843595,-6.805282885204299,515.743
8,0,8,51.20760160393225,7.624544439353465,516.441
9,0,9,47.960741408372456,20.61077200924131,516.732
10,0,10,43.444531536700815,31.787686736861,516.683
11,0,11,38.00243829661517,41.26556800277793,516.401
12,0,12,31.911279009892382,49.35906213148707,516.018
13,0,13,25.375085087419077,56.409381468260165,515.677
14,0,14,18.54073633220179,62.71638156294452,515.513
15,0,15,11.515929459525987,68.52823733903256,515.639
16,0,16,4.3838348291412705,74.05194792460527,516.132
17,0,17,-2.7859417414509946,79.46896412515322,517.025
18,0,18,-9.928747175671347,84.95106519830222,518.3
19,0,19,-16.977049899091995,90.67574043982421,519.89
20,0,20,-23.852200496863645,96.84186446778247,521.682
21,0,21,-30.45417767878064,103.6854066576226,523.528
22,0,22,-36.648110821944606,111.49179378457025,525.261
23,0,23,-42.24702862046833,120.59263153282954,526.706
24,0,24,-46.99493558425973,131.31635637882974,527.7
25,0,25,-50.5651642558846,143.84209003355437,528.11
26,0,26,-52.60595306289813,157.9430838769374,527.844
27,0,27,-52.85679517526143,172.79766615182626,526.86
28,0,28,-51.28056168464632,-172.78489369807835,525.177
29,0,29,-48.085238681468866,-159.77402536698602,522.871
30,0,30,-43.61070662411264,-148.55392335324436,520.073
31,0,31,-38.19772365026959,-139.02929285755326,516.953
32,0,32,-32.123100251527404,-130.89288465028895,513.713
33,0,33,-25.5918940746955,-123.80562082029525,510.565
34,0,34,-18.75229461155376,-117.4673691950635,507.716
35,0,35,-11.713296313329968,-111.62878005856402,505.347
36,0,36,-4.559410391285149,-106.08149165997642,503.599
37,0,37,2.6383987697647293,-100.64261202389528,502.563
38,0,38,9.813981214594916,-95.13887291145568,502.27
39,0,39,16.89816975191481,-89.39104332864734,502.692
40,1,0,27.171242131572132,-70.86194905388584,504.469
41,1,1,33.62320786874813,-63.53806015028623,506.213
42,1,2,39.575430862469105,-55.077644844269415,508.203
43,1,3,44.80380065323588,-45.136027884654474,510.258
44,1,4,49.00997799319689,-33.43302466640372,512.206
45,1,5,51.84013859277796,-19.966488802570467,513.899
46,1,6,52.96948646637747,-5.277754619786907,515.232
47,1,7,52.24334515005132,9.542441921499181,516.145
48,1,8,49.76573159466963,23.335266167267694,516.634
49,1,9,45.83864261438451,35.42629243226688,516.744
50,1,10,40.82010648020429,45.72139217199749,516.563
51,1,11,35.02367668635672,54.46345715862895,516.213
52,1,12,28.688519136818982,61.99461498278176,515.834
53,1,13,21.987727900632123,68.63914595077523,515.565
54,1,14,15.04651059056623,74.6704761954633,515.534
55,1,15,7.958734496384788,80.3143571292932,515.836
56,1,16,0.7995870875232381,85.76301759626581,516.529
57,1,17,-6.364779653081259,91.19110553345836,517.618
58,1,18,-13.46925940176479,96.77133593441292,519.062
59,1,19,-20.441878506539815,102.68991341628241,520.769
60,1,20,-27.194756765337193,109.1623577681374,522.608
61,1,21,-33.61239567929201,116.44835961241095,524.42
62,1,22,-39.53617435021446,124.85869938652782,526.03
63,1,23,-44.74632461137023,134.7343469640442,527.268
64,1,24,-48.94967766810943,146.35524447828223,527.985
65,1,25,-51.796934231183045,159.73300325083093,528.065
66,1,26,-52.96373886219091,174.3482966783376,527.442
67,1,27,-52.288923002382816,-170.86634820173512,526.102
68,1,28,-49.86535673390344,-157.06536358745575,524.095
69,1,29,-45.98547119097228,-144.93810316890963,521.524
70,1,30,-41.00244521028694,-134.59666401075506,518.541
71,1,31,-35.228749701091765,-125.80925681331848,515.335
72,1,32,-28.90419260514589,-118.23808774100773,512.114
73,1,33,-22.20309401044638,-111.55956292151511,509.092
74,1,34,-15.252005369482525,-105.49942293890794,506.462
75,1,35,-8.146072071166252,-99.83056400328329,504.389
76,1,36,-0.9618417530731819,-94.35937757242797,502.989
77,1,37,6.233128610602909,-88.90972672802572,502.324
78,1,38,13.372159724976596,-83.30733236321446,502.396
79,1,39,20.38152524748629,-77.36407057768454,503.147
80,2,0,23.810392908953997,-65.1980966469228,503.745
81,2,1,30.44833103685111,-58.321216303743846,505.299
82,2,2,36.67412701249319,-50.47137209820199,507.188
83,2,3,42.2969846240578,-41.31287047787485,509.234
84,2,4,47.056076022615095,-30.51469315482695,511.255
85,2,5,50.619580373002094,-17.901486974949247,513.092
86,2,6,52.632737649728334,-3.7161044368234224,514.615
87,2,7,52.83795409843595,11.194717615691333,515.743
88,2,8,51.20760160393225,25.624544086475453,516.441
89,2,9,47.960741408372456,38.61077251013694,516.732
90,2,10,43.444531536700815,49.787687237756636,516.683
91,2,11,38.00243829661517,59.26557191876815,516.401
92,2,12,31.911279009892382,67.35905921728812,516.018
93,2,13,25.375085087419077,74.40938538425038,515.677
94,2,14,18.54073633220179,80.71638206384016,515.513
95,2,15,11.515929459525987,86.5282378399282,515.639
96,2,16,4.3838348291412705,92.05194842550091,516.132
97,2,17,-2.7859417414509946,97.46896462604884,517.025
98,2,18,-9.928747175671347,102.95106569919784,518.3
99,2,19,-16.977049899091995,108.67574094071985,519.89
100,2,20,-23.852200496863645,114.84185813848893,521.682
101,2,21,-30.45417767878064,121.68540715851823,523.528
102,2,22,-36.648110821944606,129.4917942854659,525.261
103,2,23,-42.24702862046833,138.59262520353602,526.706
104,2,24,-46.99493558425973,149.31636370991453,527.7
105,2,25,-50.5651642558846,161.8420973646392,528.11
106,2,26,-52.60595306289813,175.94307754764387,527.844
107,2,27,-52.85679517526143,-169.2023365350016,526.86
108,2,28,-51.28056168464632,-154.7849000273719,525.177
109,2,29,-48.085238681468866,-141.77401803590124,522.871
110,2,30,-43.61070662411264,-130.55391602215954,520.073
111,2,31,-38.19772365026959,-121.0292991868468,516.953
112,2,32,-32.123100251527404,-112.89288414939331,513.713
113,2,33,-25.5918940746955,-105.80561348921044,510.565
114,2,34,-18.75229461155376,-99.4673618639787,507.716
115,2,35,-11.713296313329968,-93.6287795576684,505.347
116,2,36,-4.559410391285149,-88.0814911590808,503.599
117,2,37,2.6383987697647293,-82.64261152299964,502.563
118,2,38,9.813981214594916,-77.13887241056004,502.27
119,2,39,16.89816975191481,-71.3910428277517,502.692
120,3,0,27.171242131572132,-52.86194513789562,504.469
121,3,1,33.62320786874813,-45.53805964939059,506.213
122,3,2,39.575430862469105,-37.077644343373784,508.203
123,3,3,44.80380065323588,-27.13602738375884,510.258
124,3,4,49.00997799319689,-15.433024165508082,512.206
125,3,5,51.84013859277796,-1.9664887285616568,513.899
126,3,6,52.96948646637747,12.722245881108726,515.232
127,3,7,52.24334515005132,27.542442422394814,516.145
128,3,8,49.76573159466963,41.33526666816333,516.634
129,3,9,45.83864261438451,53.42629293316251,516.744
130,3,10,40.82010648020429,63.721396087987706,516.563
131,3,11,35.02367668635672,72.46345765952458,516.213
132,3,12,28.688519136818982,79.99461548367739,515.834
133,3,13,21.987727900632123,86.63914645167087,515.565
134,3,14,15.04651059056623,92.67047669635892,515.534
135,3,15,7.958734496384788,98.31435763018884,515.836
136,3,16,0.7995870875232381,103.76301809716145,516.529
137,3,17,-6.364779653081259,109.19110603435398,517.618
138,3,18,-13.46925940176479,114.77134326549772,519.062
139,3,19,-20.441878506539815,120.68992074736721,520.769
140,3,20,-27.194756765337193,127.16235826903304,522.608
141,3,21,-33.61239567929201,134.44835328311743,524.42
142,3,22,-39.53617435021446,142.85869305723426,526.03
143,3,23,-44.74632461137023,152.73434063475065,527.268
144,3,24,-48.94967766810943,164.3552381489887,527.985
145,3,25,-51.796934231183045,177.73301058191575,528.065
146,3,26,-52.96373886219091,-167.6517060084903,527.442
147,3,27,-52.288923002382816,-152.86635453102866,526.102
148,3,28,-49.86535673390344,-139.06536991674926,524.095
149,3,29,-45.98547119097228,-126.93809583782483,521.524
150,3,30,-41.00244521028694,-116.59665667967028,518.541
151,3,31,-35.228749701091765,-107.80924948223368,515.335
152,3,32,-28.90419260514589,-100.2380872401121,512.114
153,3,33,-22.20309401044638,-93.55956242061949,509.092
154,3,34,-15.252005369482525,-87.4994224380123,506.462
155,3,35,-8.146072071166252,-81.83056350238766,504.389
156,3,36,-0.9618417530731819,-76.35937707153234,502.989
157,3,37,6.233128610602909,-70.90972622713008,502.324
158,3,38,13.372159724976596,-65.30733186231882,502.396
159,3,39,20.38152524748629,-59.364070076788906,503.147
160,4,0,23.810392908953997,-47.19809614602717,503.745
161,4,1,30.44833103685111,-40.321215802848215,505.299
162,4,2,36.67412701249319,-32.47137159730635,507.188
163,4,3,42.2969846240578,-23.312869976979222,509.234
164,4,4,47.056076022615095,-12.514693507704964,511.255
165,4,5,50.619580373002094,0.09851319244105584,513.092
166,4,6,52.632737649728334,14.283896064072211,514.615
167,4,7,52.83795409843595,29.194718116586966,515.743
168,4,8,51.20760160393225,43.62454458737108,516.441
169,4,9,47.960741408372456,56.61077301103258,516.732
170,4,10,43.444531536700815,67.78768773865227,516.683
171,4,11,38.00243829661517,77.26557241966378,516.401
172,4,12,31.911279009892382,85.35905971818376,516.018
173,4,13,25.375085087419077,92.40938588514601,515.677
174,4,14,18.54073633220179,98.7163825647358,515.513
175,4,15,11.515929459525987,104.52823834082383,515.639
176,4,16,4.3838348291412705,110.05194892639653,516.132
177,4,17,-2.7859417414509946,115.46896512694448,517.025
178,4,18,-9.928747175671347,120.95106620009348,518.3
179,4,19,-16.977049899091995,126.67573461142631,519.89
180,4,20,-23.852200496863645,132.84186546957375,521.682
181,4,21,-30.45417767878064,139.6854008292247,523.528
182,4,22,-36.648110821944606,147.49178795617235,525.261
183,4,23,-42.24702862046833,156.5926325346208,526.706
184,4,24,-46.99493558425973,167.31635738062099,527.7
185,4,25,-50.5651642558846,179.84209103534565,528.11
186,4,26,-52.60595306289813,-166.05691147880566,527.844
187,4,27,-52.85679517526143,-151.2023292039168,526.86
188,4,28,-51.28056168464632,-136.78489269628707,525.177
189,4,29,-48.085238681468866,-123.77402436519476,522.871
190,4,30,-43.61070662411264,-112.55391552126392,520.073
191,4,31,-38.19772365026959,-103.029291855762,516.953
192,4,32,-32.123100251527404,-94.89288364849767,513.713
193,4,33,-25.5918940746955,-87.8056129883148,510.565
194,4,34,-18.75229461155376,-81.46736136308306,507.716
195,4,35,-11.713296313329968,-75.62877905677276,505.347
196,4,36,-4.559410391285149,-70.08149065818516,503.599
197,4,37,2.6383987697647293,-64.642611022104,502.563
198,4,38,9.813981214594916,-59.13887190966442,502.27
199,4,39,16.89816975191481,-53.391045741950656,502.692
200,5,0,27.171242131572132,-34.861944636999986,504.469
201,5,1,33.62320786874813,-27.538057440947668,506.213
202,5,2,39.575430862469105,-19.077645550025444,508.203
203,5,3,44.80380065323588,-9.136026029089559,510.258
204,5,4,49.00997799319689,2.566975908500729,512.206
205,5,5,51.84013859277796,16.033512199220798,513.899
206,5,6,52.96948646637747,30.722245528230715,515.232
207,5,7,52.24334515005132,45.54244121574315,516.145
208,5,8,49.76573159466963,59.33526716905896,516.634
209,5,9,45.83864261438451,71.42629343405814,516.744
210,5,10,40.82010648020429,81.72139658888334,516.563
211,5,11,35.02367668635672,90.46345816042022,516.213
212,5,12,28.688519136818982,97.99461598457303,515.834
213,5,13,21.987727900632123,104.63914695256649,515.565
214,5,14,15.04651059056623,110.67047719725456,515.534
215,5,15,7.958734496384788,116.3143513008953,515.836
216,5,16,0.7995870875232381,121.76301176786791,516.529
217,5,17,-6.364779653081259,127.19109970506045,517.618
218,5,18,-13.46925940176479,132.7713369362042,519.062
219,5,19,-20.441878506539815,138.68991441807367,520.769
220,5,20,-27.194756765337193,145.1623519397395,522.608
221,5,21,-33.61239567929201,152.44836061420222,524.42
222,5,22,-39.53617435021446,160.85870038831908,526.03
223,5,23,-44.74632461137023,170.73434796583547,527.268
224,5,24,-48.94967766810943,-177.64475087746084,527.985
225,5,25,-51.796934231183045,-164.26699210491213,528.065
226,5,26,-52.96373886219091,-149.65169867740548,527.442
227,5,27,-52.288923002382816,-134.86634719994385,526.102
228,5,28,-49.86535673390344,-121.06536258566447,524.095
229,5,29,-45.98547119097228,-108.93810216711837,521.524
230,5,30,-41.00244521028694,-98.59665617877464,518.541
231,5,31,-35.228749701091765,-89.80924898133804,515.335
232,5,32,-28.90419260514589,-82.23808673921647,512.114
233,5,33,-22.20309401044638,-75.55956191972385,509.092
234,5,34,-15.252005369482525,-69.49942193711668,506.462
235,5,35,-8.146072071166252,-63.830563001492024,504.389
236,5,36,-0.9618417530731819,-58.359376570636705,502.989
237,5,37,6.233128610602909,-52.90972914132903,502.324
238,5,38,13.372159724976596,-47.30733477651777,502.396
239,5,39,20.38152524748629,-41.364066160798686,503.147
240,6,0,23.810392908953997,-29.198095645131538,503.745
241,6,1,30.44833103685111,-22.321217009499872,505.299
242,6,2,36.67412701249319,-14.47137109641072,507.188
243,6,3,42.2969846240578,-5.312868622309942,509.234
244,6,4,47.056076022615095,5.485306993190669,511.255
245,6,5,50.619580373002094,18.098514026842018,513.092
246,6,6,52.632737649728334,32.28389656496785,514.615
247,6,7,52.83795409843595,47.1947186174826,515.743
248,6,8,51.20760160393225,61.624548503361304,516.441
249,6,9,47.960741408372456,74.6107735119282,516.732
250,6,10,43.444531536700815,85.7876882395479,516.683
251,6,11,38.00243829661517,95.26557292055942,516.401
252,6,12,31.911279009892382,103.35906021907938,516.018
253,6,13,25.375085087419077,110.40938638604165,515.677
254,6,14,18.54073633220179,116.71637623544225,515.513
255,6,15,11.515929459525987,122.52823884171946,515.639
256,6,16,4.3838348291412705,128.0519494272922,516.132
257,6,17,-2.7859417414509946,133.4689724580293,517.025
258,6,18,-9.928747175671347,138.95107353117828,518.3
259,6,19,-16.977049899091995,144.6757419425111,519.89
260,6,20,-23.852200496863645,150.8418591402802,521.682
261,6,21,-30.45417767878064,157.6854081603095,523.528
262,6,22,-36.648110821944606,165.49179528725716,525.261
263,6,23,-42.24702862046833,174.5926262053273,526.706
264,6,24,-46.99493558425973,-174.68363164582854,527.7
265,6,25,-50.5651642558846,-162.15791165148224,528.11
266,6,26,-52.60595306289813,-148.0569178080992,527.844
267,6,27,-52.85679517526143,-133.20233553321032,526.86
268,6,28,-51.28056168464632,-118.78489902558061,525.177
269,6,29,-48.085238681468866,-105.77401703410996,522.871
270,6,30,-43.61070662411264,-94.55391502036828,520.073
271,6,31,-38.19772365026959,-85.02929135486637,516.953
272,6,32,-32.123100251527404,-76.89288314760203,513.713
273,6,33,-25.5918940746955,-69.80561248741918,510.565
274,6,34,-18.75229461155376,-63.46736086218743,507.716
275,6,35,-11.713296313329968,-57.628778555877126,505.347
276,6,36,-4.559410391285149,-52.08149357238411,503.599
277,6,37,2.6383987697647293,-46.642610521208375,502.563
278,6,38,9.813981214594916,-41.13887140876878,502.27
279,6,39,16.89816975191481,-35.391045241055025,502.692
280,7,0,27.171242131572132,-16.861949258746233,504.469
281,7,1,33.62320786874813,-9.538061208920265,506.213
282,7,2,39.575430862469105,-1.0776479306158655,508.203
283,7,3,44.80380065323588,8.863971056711488,510.258
284,7,4,49.00997799319689,20.5669734211886,512.206
285,7,5,51.84013859277796,34.03350757747456,513.899
286,7,6,52.96948646637747,48.722242614031764,515.232
287,7,7,52.24334515005132,63.5424383015442,516.145
288,7,8,49.76573159466963,77.33526766995459,516.634
289,7,9,45.83864261438451,89.42629393495378,516.744
290,7,10,40.82010648020429,99.72139025958981,516.563
291,7,11,35.02367668635672,108.46345866131584,516.213
292,7,12,28.688519136818982,115.99461648546867,515.834
293,7,13,21.987727900632123,122.63914745346213,515.565
294,7,14,15.04651059056623,128.6704776981502,515.534
295,7,15,7.958734496384788,134.3143586319801,515.836
296,7,16,0.7995870875232381,139.76301909895273,516.529
297,7,17,-6.364779653081259,145.19110703614524,517.618
298,7,18,-13.46925940176479,150.77133060691065,519.062
299,7,19,-20.441878506539815,156.68990808878013,520.769
300,7,20,-27.194756765337193,163.1623592708243,522.608
301,7,21,-33.61239567929201,170.44835428490867,524.42
302,7,22,-39.53617435021446,178.85869405902554,526.03
303,7,23,-44.74632461137023,-171.26565472099242,527.268
304,7,24,-48.94967766810943,-159.64475720675438,527.985
305,7,25,-51.796934231183045,-146.26699843420565,528.065
306,7,26,-52.96373886219091,-131.65170500669902,527.442
307,7,27,-52.288923002382816,-116.86635352923739,526.102
308,7,28,-49.86535673390344,-103.06536891495801,524.095
309,7,29,-45.98547119097228,-90.93810166622274,521.524
310,7,30,-41.00244521028694,-80.59666250806818,518.541
311,7,31,-35.228749701091765,-71.80925531063158,515.335
312,7,32,-28.90419260514589,-64.23809306851,512.114
313,7,33,-22.20309401044638,-57.55956141882822,509.092
314,7,34,-15.252005369482525,-51.49942143622104,506.462
315,7,35,-8.146072071166252,-45.830565915690975,504.389
316,7,36,-0.9618417530731819,-40.359376069741074,502.989
317,7,37,6.233128610602909,-34.90973205552798,502.324
318,7,38,13.372159724976596,-29.30733769071672,502.396
319,7,39,20.38152524748629,-23.364069074997637,503.147
320,8,0,23.810392908953997,-11.198093436688612,503.745
321,8,1,30.44833103685111,-4.321215654830593,505.299
322,8,2,36.67412701249319,3.5286298313717355,507.188
323,8,3,42.2969846240578,12.687131878585692,509.234
324,8,4,47.056076022615095,23.485306640312658,511.255
325,8,5,50.619580373002094,36.09851282019036,513.092
326,8,6,52.632737649728334,50.28389706586348,514.615
327,8,7,52.83795409843595,65.19471570328365,515.743
328,8,8,51.20760160393225,79.62454900425693,516.441
329,8,9,47.960741408372456,92.61077401282384,516.732
330,8,10,43.444531536700815,103.78768874044354,516.683
331,8,11,38.00243829661517,113.26557342145504,516.401
332,8,12,31.911279009892382,121.35906071997502,516.018
333,8,13,25.375085087419077,128.40938688693728,515.677
334,8,14,18.54073633220179,134.71638356652704,515.513
335,8,15,11.515929459525987,140.52823251242592,515.639
336,8,16,4.3838348291412705,146.05194309799865,516.132
337,8,17,-2.7859417414509946,151.46896612873576,517.025
338,8,18,-9.928747175671347,156.95106720188474,518.3
339,8,19,-16.977049899091995,162.67573561321757,519.89
340,8,20,-23.852200496863645,168.841866471365,521.682
341,8,21,-30.45417767878064,175.68540183101595,523.528
342,8,22,-36.648110821944606,-176.50820739957072,525.261
343,8,23,-42.24702862046833,-167.40736282112223,526.706
344,8,24,-46.99493558425973,-156.68363797512205,527.7
345,8,25,-50.5651642558846,-144.15790432039742,528.11
346,8,26,-52.60595306289813,-130.05691047701438,527.844
347,8,27,-52.85679517526143,-115.20232820212553,526.86
348,8,28,-51.28056168464632,-100.78489852468498,525.177
349,8,29,-48.085238681468866,-87.77401653321434,522.871
350,8,30,-43.61070662411264,-76.55391451947264,520.073
351,8,31,-38.19772365026959,-67.02929085397074,516.953
352,8,32,-32.123100251527404,-58.892882646706404,513.713
353,8,33,-25.5918940746955,-51.80561540161813,510.565
354,8,34,-18.75229461155376,-45.46736377638638,507.716
355,8,35,-11.713296313329968,-39.62877805498149,505.347
356,8,36,-4.559410391285149,-34.08149307148848,503.599
357,8,37,2.6383987697647293,-28.642611727860036,502.563
358,8,38,9.813981214594916,-23.138870907873148,502.27
359,8,39,16.89816975191481,-17.3910430326121,502.692
360,9,0,27.171242131572132,1.138051348871108,504.469
361,9,1,33.62320786874813,8.46193929197537,506.213
362,9,2,39.575430862469105,16.92235203667124,508.203
363,9,3,44.80380065323588,26.863970703833477,510.258
364,9,4,49.00997799319689,38.56697392208424,512.206
365,9,5,51.84013859277796,52.03350807837019,513.899
366,9,6,52.96948646637747,66.72224653002198,515.232
367,9,7,52.24334515005132,81.54243880243983,516.145
368,9,8,49.76573159466963,95.33526817085023,516.634
369,9,9,45.83864261438451,107.42629443584941,516.744
370,9,10,40.82010648020429,117.72139759067461,516.563
371,9,11,35.02367668635672,126.46345233202231,516.213
372,9,12,28.688519136818982,133.99461015617513,515.834
373,9,13,21.987727900632123,140.6391411241686,515.565
374,9,14,15.04651059056623,146.67047136885665,515.534
375,9,15,7.958734496384788,152.31435230268656,515.836
376,9,16,0.7995870875232381,157.76301276965918,516.529
377,9,17,-6.364779653081259,163.19110070685173,517.618
378,9,18,-13.46925940176479,168.77133793799544,519.062
379,9,19,-20.441878506539815,174.68991541986495,520.769
380,9,20,-27.194756765337193,-178.83764341600357,522.608
381,9,21,-33.61239567929201,-171.55164840191918,524.42
382,9,22,-39.53617435021446,-163.14130862780232,526.03
383,9,23,-44.74632461137023,-153.26566105028596,527.268
384,9,24,-48.94967766810943,-141.64476353604792,527.985
385,9,25,-51.796934231183045,-128.26699110312086,528.065
386,9,26,-52.96373886219091,-113.65170450580338,527.442
387,9,27,-52.288923002382816,-98.86635302834176,526.102
388,9,28,-49.86535673390344,-85.06536841406238,524.095
389,9,29,-45.98547119097228,-72.93810116532711,521.524
390,9,30,-41.00244521028694,-62.59666200717254,518.541
391,9,31,-35.228749701091765,-53.809254809735954,515.335
392,9,32,-28.90419260514589,-46.238089152519784,512.114
393,9,33,-22.20309401044638,-39.55956433302717,509.092
394,9,34,-15.252005369482525,-33.49942093532541,506.462
395,9,35,-8.146072071166252,-27.830567122342632,504.389
396,9,36,-0.9618417530731819,-22.359377276392735,502.989
397,9,37,6.233128610602909,-16.909731554632348,502.324
398,9,38,13.372159724976596,-11.307336336047443,502.396
399,9,39,20.38152524748629,-5.36406942787565,503.147
400,10,0,23.810392908953997,6.801906637320197,503.745
401,10,1,30.44833103685111,13.67878484606504,505.299
402,10,2,36.67412701249319,21.528629905380544,507.188
403,10,3,42.2969846240578,30.687131525707677,509.234
404,10,4,47.056076022615095,41.48530884875558,511.255
405,10,5,50.619580373002094,54.098513321085996,513.092
406,10,6,52.632737649728334,68.28389415166453,514.615
407,10,7,52.83795409843595,83.19471620417929,515.743
408,10,8,51.20760160393225,97.62454950515257,516.441
409,10,9,47.960741408372456,110.61077451371948,516.732
410,10,10,43.444531536700815,121.78769607152834,516.683
411,10,11,38.00243829661517,131.26556709216152,516.401
412,10,12,31.911279009892382,139.35906805105984,516.018
413,10,13,25.375085087419077,146.40938055764374,515.677
414,10,14,18.54073633220179,152.71637723723353,515.513
415,10,15,11.515929459525987,158.52823984351073,515.639
416,10,16,4.3838348291412705,164.05195042908343,516.132
417,10,17,-2.7859417414509946,169.46897345982055,517.025
418,10,18,-9.928747175671347,174.95107453296956,518.3
419,10,19,-16.977049899091995,-179.3242670736103,519.89
420,10,20,-23.852200496863645,-173.15813621546286,521.682
421,10,21,-30.45417767878064,-166.31458719543357,523.528
422,10,22,-36.648110821944606,-158.5082000684859,525.261
423,10,23,-42.24702862046833,-149.40736915041578,526.706
424,10,24,-46.99493558425973,-138.68363064403727,527.7
425,10,25,-50.5651642558846,-126.15791064969096,528.11
426,10,26,-52.60595306289813,-112.05691680630794,527.844
427,10,27,-52.85679517526143,-97.20233453141907,526.86
428,10,28,-51.28056168464632,-82.78489802378935,525.177
429,10,29,-48.085238681468866,-69.7740160323187,522.871
430,10,30,-43.61070662411264,-58.55391401857701,520.073
431,10,31,-38.19772365026959,-49.02929376816969,516.953
432,10,32,-32.123100251527404,-40.892885560905356,513.713
433,10,33,-25.5918940746955,-33.805614900722496,510.565
434,10,34,-18.75229461155376,-27.46736156794345,507.716
435,10,35,-11.713296313329968,-21.628777554085858,505.347
436,10,36,-4.559410391285149,-16.081492570592847,503.599
437,10,37,2.6383987697647293,-10.642611226964402,502.563
438,10,38,9.813981214594916,-5.1388708338643365,502.27
439,10,39,16.89816975191481,0.6089567745924468,502.692
440,11,0,27.171242131572132,19.138051743045036,504.469
441,11,1,33.62320786874813,26.46194064664465,506.213
442,11,2,39.575430862469105,34.922354245114164,508.203
443,11,3,44.80380065323588,44.86397120472911,510.258
444,11,4,49.00997799319689,56.56697442297987,512.206
445,11,5,51.84013859277796,70.03350857926583,513.899
446,11,6,52.96948646637747,84.72224703091761,515.232
447,11,7,52.24334515005132,99.54243930333547,516.145
448,11,8,49.76573159466963,113.33526867174587,516.634
449,11,9,45.83864261438451,125.42628810655587,516.744
450,11,10,40.82010648020429,135.7213912613811,516.563
451,11,11,35.02367668635672,144.4634596631071,516.213
452,11,12,28.688519136818982,151.99461748725994,515.834
453,11,13,21.987727900632123,158.6391484552534,515.565
454,11,14,15.04651059056623,164.67047869994147,515.534
455,11,15,7.958734496384788,170.31435963377137,515.836
456,11,16,0.7995870875232381,175.76302010074397,516.529
457,11,17,-6.364779653081259,-178.80890197997616,517.618
458,11,18,-13.46925940176479,-173.22866474883241,519.062
459,11,19,-20.441878506539815,-167.3100872669629,520.769
460,11,20,-27.194756765337193,-160.8376497452971,522.608
461,11,21,-33.61239567929201,-153.5516410708344,524.42
462,11,22,-39.53617435021446,-145.14130129671753,526.03
463,11,23,-44.74632461137023,-135.26565371920114,527.268
464,11,24,-48.94967766810943,-123.6447562049631,527.985
465,11,25,-51.796934231183045,-110.2669974324144,528.065
466,11,26,-52.96373886219091,-95.65170400490774,527.442
467,11,27,-52.288923002382816,-80.86635252744613,526.102
468,11,28,-49.86535673390344,-67.06536791316674,524.095
469,11,29,-45.98547119097228,-54.938104079526056,521.524
470,11,30,-41.00244521028694,-44.5966615062769,518.541
471,11,31,-35.228749701091765,-35.80925430884032,515.335
472,11,32,-28.90419260514589,-28.238090359171444,512.114
473,11,33,-22.20309401044638,-21.559563832131534,509.092
474,11,34,-15.252005369482525,-15.499422141977067,506.462
475,11,35,-8.146072071166252,-9.830565767673354,504.389
476,11,36,-0.9618417530731819,-4.359375921723455,502.989
477,11,37,6.233128610602909,1.0902694798718142,502.324
478,11,38,13.372159724976596,6.692664164848191,502.396
479,11,39,20.38152524748629,12.635931073019982,503.147
480,12,0,23.810392908953997,24.801907565102653,503.745
481,12,1,30.44833103685111,31.67878620073432,505.299
482,12,2,36.67412701249319,39.52863040627618,507.188
483,12,3,42.2969846240578,48.687132026603315,509.234
484,12,4,47.056076022615095,59.48530593455663,511.255
485,12,5,50.619580373002094,72.09851382198163,513.092
486,12,6,52.632737649728334,86.28389465256016,514.615
487,12,7,52.83795409843595,101.19471670507491,515.743
488,12,8,51.20760160393225,115.62454317585903,516.441
489,12,9,47.960741408372456,128.61076818442595,516.732
490,12,10,43.444531536700815,139.7876897422348,516.683
491,12,11,38.00243829661517,149.2655744232463,516.401
492,12,12,31.911279009892382,157.3590617217663,516.018
493,12,13,25.375085087419077,164.40938788872856,515.677
494,12,14,18.54073633220179,170.71638456831832,515.513
495,12,15,11.515929459525987,176.5282335142172,515.639
496,12,16,4.3838348291412705,-177.94805225774442,516.132
497,12,17,-2.7859417414509946,-172.5310292270073,517.025
498,12,18,-9.928747175671347,-167.04892815385833,518.3
499,12,19,-16.977049899091995,-161.3242597425255,519.89
500,12,20,-23.852200496863645,-155.15812888437804,521.682
501,12,21,-30.45417767878064,-148.31459352472712,523.528
502,12,22,-36.648110821944606,-140.50820639777945,525.261
503,12,23,-42.24702862046833,-131.407361819331,526.706
504,12,24,-46.99493558425973,-120.68363697333079,527.7
505,12,25,-50.5651642558846,-108.15790331860616,528.11
506,12,26,-52.60595306289813,-94.0569163054123,527.844
507,12,27,-52.85679517526143,-79.20233403052343,526.86
508,12,28,-51.28056168464632,-64.78489752289371,525.177
509,12,29,-48.085238681468866,-51.77401553142307,522.871
510,12,30,-43.61070662411264,-40.55391351768138,520.073
511,12,31,-38.19772365026959,-31.029293267274053,516.953
512,12,32,-32.123100251527404,-22.89288335246243,513.713
513,12,33,-25.5918940746955,-15.805612692279569,510.565
514,12,34,-18.75229461155376,-9.467361067047817,507.716
515,12,35,-11.713296313329968,-3.6287766263034014,505.347
516,12,36,-4.559410391285149,1.9185085706330212,503.599
517,12,37,2.6383987697647293,7.357389273931233,502.563
518,12,38,9.813981214594916,12.861129240144473,502.27
519,12,39,16.89816975191481,18.60895796917917,502.692
520,13,0,27.171242131572132,37.13806078167713,504.469
521,13,1,33.62320786874813,44.46194627018216,506.213
522,13,2,39.575430862469105,52.922361576198966,508.203
523,13,3,44.80380065323588,62.863981950908496,510.258
524,13,4,49.00997799319689,74.56697833897009,512.206
525,13,5,51.84013859277796,88.03351591035063,513.899
526,13,6,52.96948646637747,102.72225436200242,515.232
527,13,7,52.24334515005132,117.54244663442027,516.145
528,13,8,49.76573159466963,131.33527600283065,516.634
529,13,9,45.83864261438451,143.42629543764068,516.744
530,13,10,40.82010648020429,153.72139859246587,516.563
531,13,11,35.02367668635672,162.46346699419192,516.213
532,13,12,28.688519136818982,169.99462481834473,515.834
533,13,13,21.987727900632123,176.6391557863382,515.565
534,13,14,15.04651059056623,-177.32951032650806,515.534
535,13,15,7.958734496384788,-171.68564305305648,515.836
536,13,16,0.7995870875232381,-166.23698258608388,516.529
537,13,17,-6.364779653081259,-160.80889464889134,517.618
538,13,18,-13.46925940176479,-155.2286574177476,519.062
539,13,19,-20.441878506539815,-149.31007993587812,520.769
540,13,20,-27.194756765337193,-142.8376424142123,522.608
541,13,21,-33.61239567929201,-135.55163373974958,524.42
542,13,22,-39.53617435021446,-127.14129396563271,526.03
543,13,23,-44.74632461137023,-117.26564638811634,527.268
544,13,24,-48.94967766810943,-105.6447488738783,527.985
545,13,25,-51.796934231183045,-92.26699010132958,528.065
546,13,26,-52.96373886219091,-77.65169667382294,527.442
547,13,27,-52.288923002382816,-62.86634519636132,526.102
548,13,28,-49.86535673390344,-49.065363997176526,524.095
549,13,29,-45.98547119097228,-36.938096748441254,521.524
550,13,30,-41.00244521028694,-26.596654175192104,518.541
551,13,31,-35.228749701091765,-17.809246977755517,515.335
552,13,32,-28.90419260514589,-10.23808302808664,512.114
553,13,33,-22.20309401044638,-3.55955650104673,509.092
554,13,34,-15.252005369482525,2.5005858294379704,506.462
555,13,35,-8.146072071166252,8.16944156341145,504.389
556,13,36,-0.9618417530731819,13.64063140936135,502.989
557,13,37,6.233128610602909,19.09027627734809,502.324
558,13,38,13.372159724976596,24.69267234970664,502.396
559,13,39,20.38152524748629,30.635939257878434,503.147
560,14,0,23.810392908953997,42.80189952826183,503.745
561,14,1,30.44833103685111,49.67877987144078,505.299
562,14,2,36.67412701249319,57.52862749207723,507.188
563,14,3,42.2969846240578,66.68712569730978,509.234
564,14,4,47.056076022615095,77.4852996052631,511.255
565,14,5,50.619580373002094,90.09850749268809,513.092
566,14,6,52.632737649728334,104.28388832326662,514.615
567,14,7,52.83795409843595,119.19471037578138,515.743
568,14,8,51.20760160393225,133.6245368465655,516.441
569,14,9,47.960741408372456,146.6107618551324,516.732
570,14,10,43.444531536700815,157.78768341294128,516.683
571,14,11,38.00243829661517,167.2655680939528,516.401
572,14,12,31.911279009892382,175.35905539247275,516.018
573,14,13,25.375085087419077,-177.59061479809932,515.677
574,14,14,18.54073633220179,-171.28361811850954,515.513
575,14,15,11.515929459525987,-165.47176917261066,515.639
576,14,16,4.3838348291412705,-159.94805858703796,516.132
577,14,17,-2.7859417414509946,-154.53103555630085,517.025
578,14,18,-9.928747175671347,-149.04893448315184,518.3
579,14,19,-16.977049899091995,-143.32426607181904,519.89
580,14,20,-23.852200496863645,-137.15813521367159,521.682
581,14,21,-30.45417767878064,-130.31459985402063,523.528
582,14,22,-36.648110821944606,-122.50821272707299,525.261
583,14,23,-42.24702862046833,-113.40737497881368,526.706
584,14,24,-46.99493558425973,-102.68364330262433,527.7
585,14,25,-50.5651642558846,-90.15790964789969,528.11
586,14,26,-52.60595306289813,-76.05692263470584,527.844
587,14,27,-52.85679517526143,-61.202340359816965,526.86
588,14,28,-51.28056168464632,-46.78490385218725,525.177
589,14,29,-48.085238681468866,-33.7740218607166,522.871
590,14,30,-43.61070662411264,-22.553919846974914,520.073
591,14,31,-38.19772365026959,-13.029298742793943,516.953
592,14,32,-32.123100251527404,-4.89289010864279,513.713
593,14,33,-25.5918940746955,2.1943803380966593,510.565
594,14,34,-18.75229461155376,8.532632603658646,507.716
595,14,35,-11.713296313329968,14.37121661751624,505.347
596,14,36,-4.559410391285149,19.91850160100925,503.599
597,14,37,2.6383987697647293,25.357382944637695,502.563
598,14,38,9.813981214594916,30.861123764624583,502.27
599,14,39,16.89816975191481,36.60894993233834,502.692
600,15,0,27.171242131572132,55.13805445238359,504.469
601,15,1,33.62320786874813,62.46194335598321,506.213
602,15,2,39.575430862469105,70.92235524690543,508.203
603,15,3,44.80380065323588,80.86397562161496,510.258
604,15,4,49.00997799319689,92.56697200967655,512.206
605,15,5,51.84013859277796,106.03350958105709,513.899
606,15,6,52.96948646637747,120.72224120251971,515.232
607,15,7,52.24334515005132,135.54244030512675,516.145
608,15,8,49.76573159466963,149.33526967353714,516.634
609,15,9,45.83864261438451,161.42628910834713,516.744
610,15,10,40.82010648020429,171.72139226317233,516.563
611,15,11,35.02367668635672,-179.53653569263594,516.213
612,15,12,28.688519136818982,-172.00537786848312,515.834
613,15,13,21.987727900632123,-165.36084690048966,515.565
614,15,14,15.04651059056623,-159.3295166558016,515.534
615,15,15,7.958734496384788,-153.68564938235002,515.836
616,15,16,0.7995870875232381,-148.23698891537742,516.529
617,15,17,-6.364779653081259,-142.80890097818488,517.618
618,15,18,-13.46925940176479,-137.22866374704114,519.062
619,15,19,-20.441878506539815,-131.31008626517166,520.769
620,15,20,-27.194756765337193,-124.83764874350584,522.608
621,15,21,-33.61239567929201,-117.55164006904312,524.42
622,15,22,-39.53617435021446,-109.14130029492625,526.03
623,15,23,-44.74632461137023,-99.26565954759904,527.268
624,15,24,-48.94967766810943,-87.64475520317184,527.985
625,15,25,-51.796934231183045,-74.26699643062312,528.065
626,15,26,-52.96373886219091,-59.65170300311648,527.442
627,15,27,-52.288923002382816,-44.866354940749446,526.102
628,15,28,-49.86535673390344,-31.06537032647006,524.095
629,15,29,-45.98547119097228,-18.938101370187496,521.524
630,15,30,-41.00244521028694,-8.596660504485639,518.541
631,15,31,-35.228749701091765,0.19074706647691633,515.335
632,15,32,-28.90419260514589,7.7619106426198226,512.114
633,15,33,-22.20309401044638,14.440437169659733,509.092
634,15,34,-15.252005369482525,20.500578859814198,506.462
635,15,35,-8.146072071166252,26.169434380344267,504.389
636,15,36,-0.9618417530731819,31.64062593384146,502.989
637,15,37,6.233128610602909,37.090269948054555,502.324
638,15,38,13.372159724976596,42.69266431286581,502.396
639,15,39,20.38152524748629,48.63593292858489,503.147
640,16,0,23.810392908953997,60.80190685934663,503.745
641,16,1,30.44833103685111,67.67878720252558,505.299
642,16,2,36.67412701249319,75.52863482316204,507.188
643,16,3,42.2969846240578,84.68713302839458,509.234
644,16,4,47.056076022615095,95.4853069363479,511.255
645,16,5,50.619580373002094,108.09851482377289,513.092
646,16,6,52.632737649728334,122.28389565435143,514.615
647,16,7,52.83795409843595,137.1947177068662,515.743
648,16,8,51.20760160393225,151.6245441776503,516.441
649,16,9,47.960741408372456,164.6107691862172,516.732
650,16,10,43.444531536700815,175.78769074402607,516.683
651,16,11,38.00243829661517,-174.73442093249673,516.401
652,16,12,31.911279009892382,-166.64093363397677,516.018
653,16,13,25.375085087419077,-159.5906074670145,515.677
654,16,14,18.54073633220179,-153.28361078742475,515.513
655,16,15,11.515929459525987,-147.47176184152588,515.639
656,16,16,4.3838348291412705,-141.94805125595315,516.132
657,16,17,-2.7859417414509946,-136.53102822521603,517.025
658,16,18,-9.928747175671347,-131.04892715206705,518.3
659,16,19,-16.977049899091995,-125.32425874073422,519.89
660,16,20,-23.852200496863645,-119.1581278825868,521.682
661,16,21,-30.45417767878064,-112.31459252293584,523.528
662,16,22,-36.648110821944606,-104.50820539598818,525.261
663,16,23,-42.24702862046833,-95.40736764772888,526.706
664,16,24,-46.99493558425973,-84.68363597153953,527.7
665,16,25,-50.5651642558846,-72.15790231681488,528.11
666,16,26,-52.60595306289813,-58.05691530362103,527.844
667,16,27,-52.85679517526143,-43.20233302873216,526.86
668,16,28,-51.28056168464632,-28.784896521102446,525.177
669,16,29,-48.085238681468866,-15.774014529631797,522.871
670,16,30,-43.61070662411264,-4.553912942776934,520.073
671,16,31,-38.19772365026959,4.970708588290861,516.953
672,16,32,-32.123100251527404,13.107117649328837,513.713
673,16,33,-25.5918940746955,20.194388309511698,510.565
674,16,34,-18.75229461155376,26.53263993474345,507.716
675,16,35,-11.713296313329968,32.37122394860104,505.347
676,16,36,-4.559410391285149,37.918508932094056,503.599
677,16,37,2.6383987697647293,43.35739198326979,502.563
678,16,38,9.813981214594916,48.86113109570939,502.27
679,16,39,16.89816975191481,54.60895726342314,502.692
680,17,0,27.171242131572132,73.13804812309006,504.469
681,17,1,33.62320786874813,80.46193702668967,506.213
682,17,2,39.575430862469105,88.9223489176119,508.203
683,17,3,44.80380065323588,98.86396929232143,510.258
684,17,4,49.00997799319689,110.566965680383,512.206
685,17,5,51.84013859277796,124.03350325176355,513.899
686,17,6,52.96948646637747,138.72223487322617,515.232
687,17,7,52.24334515005132,153.5424339758332,516.145
688,17,8,49.76573159466963,167.3352633442436,516.634
689,17,9,45.83864261438451,179.4262827790536,516.744
690,17,10,40.82010648020429,-170.27861042365552,516.563
691,17,11,35.02367668635672,-161.53654202192948,516.213
692,17,12,28.688519136818982,-154.00538419777666,515.834
693,17,13,21.987727900632123,-147.3608532297832,515.565
694,17,14,15.04651059056623,-141.32952298509514,515.534
695,17,15,7.958734496384788,-135.68565571164356,515.836
696,17,16,0.7995870875232381,-130.23699524467096,516.529
697,17,17,-6.364779653081259,-124.80890730747842,517.618
698,17,18,-13.46925940176479,-119.22867007633468,519.062
699,17,19,-20.441878506539815,-113.31009259446519,520.769
700,17,20,-27.194756765337193,-106.8376482426102,522.608
701,17,21,-33.61239567929201,-99.55165322852582,524.42
702,17,22,-39.53617435021446,-91.1413066242198,526.03
703,17,23,-44.74632461137023,-81.26566587689258,527.268
704,17,24,-48.94967766810943,-69.64476153246538,527.985
705,17,25,-51.796934231183045,-56.266999344822075,528.065
706,17,26,-52.96373886219091,-41.651712747504604,527.442
707,17,27,-52.288923002382816,-26.86636127004298,526.102
708,17,28,-49.86535673390344,-13.065374948216304,524.095
709,17,29,-45.98547119097228,-0.9381081263678569,521.524
710,17,30,-41.00244521028694,9.403333166220825,518.541
711,17,31,-35.228749701091765,18.190740363657408,515.335
712,17,32,-28.90419260514589,25.761904313326287,512.114
713,17,33,-22.20309401044638,32.4404308403662,509.092
714,17,34,-15.252005369482525,38.500574238067955,506.462
715,17,35,-8.146072071166252,44.16942975859802,504.389
716,17,36,-0.9618417530731819,49.64061960454792,502.989
717,17,37,6.233128610602909,55.090263618761014,502.324
718,17,38,13.372159724976596,60.692657983572275,502.396
719,17,39,20.38152524748629,66.63592659929137,503.147
720,18,0,23.810392908953997,78.80190053005309,503.745
721,18,1,30.44833103685111,85.67878087323204,505.299
722,18,2,36.67412701249319,93.5286284938685,507.188
723,18,3,42.2969846240578,102.68712669910104,509.234
724,18,4,47.056076022615095,113.48530060705436,511.255
725,18,5,50.619580373002094,126.09851532466853,513.092
726,18,6,52.632737649728334,140.28388932505788,514.615
727,18,7,52.83795409843595,155.19471137757265,515.743
728,18,8,51.20760160393225,169.62453784835677,516.441
729,18,9,47.960741408372456,-177.38923350061066,516.732
730,18,10,43.444531536700815,-166.2123119428018,516.683
731,18,11,38.00243829661517,-156.73442726179027,516.401
732,18,12,31.911279009892382,-148.6409399632703,516.018
733,18,13,25.375085087419077,-141.59061379630805,515.677
734,18,14,18.54073633220179,-135.28361711671826,515.513
735,18,15,11.515929459525987,-129.47176817081942,515.639
736,18,16,4.3838348291412705,-123.94805758524669,516.132
737,18,17,-2.7859417414509946,-118.53103455450957,517.025
738,18,18,-9.928747175671347,-113.04893348136059,518.3
739,18,19,-16.977049899091995,-107.32426507002776,519.89
740,18,20,-23.852200496863645,-101.1581410420695,521.682
741,18,21,-30.45417767878064,-94.31459885222937,523.528
742,18,22,-36.648110821944606,-86.50821172528171,525.261
743,18,23,-42.24702862046833,-77.40737397702242,526.706
744,18,24,-46.99493558425973,-66.68364230083307,527.7
745,18,25,-50.5651642558846,-54.157908646108424,528.11
746,18,26,-52.60595306289813,-40.056918217819984,527.844
747,18,27,-52.85679517526143,-25.202337650478405,526.86
748,18,28,-51.28056168464632,-10.78490114284869,525.177
749,18,29,-48.085238681468866,2.2259782873010194,522.871
750,18,30,-43.61070662411264,13.446080301042706,520.073
751,18,31,-38.19772365026959,22.97070140522368,516.953
752,18,32,-32.123100251527404,31.107109612488006,513.713
753,18,33,-25.5918940746955,38.19438027267087,510.565
754,18,34,-18.75229461155376,44.53263189790262,507.716
755,18,35,-11.713296313329968,50.37121761930751,505.347
756,18,36,-4.559410391285149,55.918502602800515,503.599
757,18,37,2.6383987697647293,61.35738565397626,502.563
758,18,38,9.813981214594916,66.86112476641586,502.27
759,18,39,16.89816975191481,72.60895434922419,502.692
760,19,0,27.171242131572132,91.13805545417486,504.469
761,19,1,33.62320786874813,98.46194435777447,506.213
762,19,2,39.575430862469105,106.9223562486967,508.203
763,19,3,44.80380065323588,116.86397662340623,510.258
764,19,4,49.00997799319689,128.5669730114678,512.206
765,19,5,51.84013859277796,142.03351058284835,513.899
766,19,6,52.96948646637747,156.722242204311,515.232
767,19,7,52.24334515005132,171.542441306918,516.145
768,19,8,49.76573159466963,-174.66472568220593,516.634
769,19,9,45.83864261438451,-162.57370624739593,516.744
770,19,10,40.82010648020429,-152.27860309257073,516.563
771,19,11,35.02367668635672,-143.5365346908447,516.213
772,19,12,28.688519136818982,-136.00537686669188,515.834
773,19,13,21.987727900632123,-129.3608458986984,515.565
774,19,14,15.04651059056623,-123.32951565401034,515.534
775,19,15,7.958734496384788,-117.68564838055876,515.836
776,19,16,0.7995870875232381,-112.23698108339698,516.529
777,19,17,-6.364779653081259,-106.80889314620444,517.618
778,19,18,-13.46925940176479,-101.22866274524988,519.062
779,19,19,-20.441878506539815,-95.31008526338039,520.769
780,19,20,-27.194756765337193,-88.8376409115254,522.608
781,19,21,-33.61239567929201,-81.55164589744102,524.42
782,19,22,-39.53617435021446,-73.14129929313498,526.03
783,19,23,-44.74632461137023,-63.265658545807774,527.268
784,19,24,-48.94967766810943,-51.64475761647516,527.985
785,19,25,-51.796934231183045,-38.26699201373727,528.065
786,19,26,-52.96373886219091,-23.651703708872507,527.442
787,19,27,-52.288923002382816,-8.866353938958177,526.102
788,19,28,-49.86535673390344,4.9346323828685,524.095
789,19,29,-45.98547119097228,17.06189963160377,521.524
790,19,30,-41.00244521028694,27.403340497305628,518.541
791,19,31,-35.228749701091765,36.190747694742214,515.335
792,19,32,-28.90419260514589,43.761913351958384,512.114
793,19,33,-22.20309401044638,50.440438171451,509.092
794,19,34,-15.252005369482525,56.50058156915276,506.462
795,19,35,-8.146072071166252,62.16943367458824,504.389
796,19,36,-0.9618417530731819,67.64062693563272,502.989
797,19,37,6.233128610602909,73.09027094984582,502.324
798,19,38,13.372159724976596,78.69266531465708,502.396
799,19,39,20.38152524748629,84.63593393037617,503.147
800,20,0,23.810392908953997,96.80190786113789,503.745
801,20,1,30.44833103685111,103.67878820431686,505.299
802,20,2,36.67412701249319,111.5286358249533,507.188
803,20,3,42.2969846240578,120.68713403018585,509.234
804,20,4,47.056076022615095,131.48530793813916,511.255
805,20,5,50.619580373002094,144.09852265575333,513.092
806,20,6,52.632737649728334,158.2838966561427,514.615
807,20,7,52.83795409843595,173.19471870865746,515.743
808,20,8,51.20760160393225,-172.37545117809276,516.441
809,20,9,47.960741408372456,-159.38922616952587,516.732
810,20,10,43.444531536700815,-148.212304611717,516.683
811,20,11,38.00243829661517,-138.73441993070549,516.401
812,20,12,31.911279009892382,-130.6409326321855,516.018
813,20,13,25.375085087419077,-123.59060646522325,515.677
814,20,14,18.54073633220179,-117.28360978563347,515.513
815,20,15,11.515929459525987,-111.4717608397346,515.639
816,20,16,4.3838348291412705,-105.94805025416188,516.132
817,20,17,-2.7859417414509946,-100.53102722342477,517.025
818,20,18,-9.928747175671347,-95.04892615027578,518.3
819,20,19,-16.977049899091995,-89.32425773894296,519.89
820,20,20,-23.852200496863645,-83.1581337109847,521.682
821,20,21,-30.45417767878064,-76.31459152114456,523.528
822,20,22,-36.648110821944606,-68.50820439419691,525.261
823,20,23,-42.24702862046833,-59.407366645937614,526.706
824,20,24,-46.99493558425973,-48.68363155465368,527.7
825,20,25,-50.5651642558846,-36.15790131502362,528.11
826,20,26,-52.60595306289813,-22.05691088673518,527.844
827,20,27,-52.85679517526143,-7.2023311731672495,526.86
828,20,28,-51.28056168464632,7.2151061882361125,525.177
829,20,29,-48.085238681468866,20.22598647215947,522.871
830,20,30,-43.61070662411264,31.446088485901154,520.073
831,20,31,-38.19772365026959,40.97070873630848,516.953
832,20,32,-32.123100251527404,49.10711694357281,513.713
833,20,33,-25.5918940746955,56.19438760375567,510.565
834,20,34,-18.75229461155376,62.53264264408201,507.716
835,20,35,-11.713296313329968,68.3712249503923,505.347
836,20,36,-4.559410391285149,73.9185133489799,503.599
837,20,37,2.6383987697647293,79.35739298506105,502.563
838,20,38,9.813981214594916,84.86113209750066,502.27
839,20,39,16.89816975191481,90.608961680309,502.692
840,21,0,27.171242131572132,109.13804912488132,504.469
841,21,1,33.62320786874813,116.46193802848094,506.213
842,21,2,39.575430862469105,124.922343089214,508.203
843,21,3,44.80380065323588,134.8639702941127,510.258
844,21,4,49.00997799319689,146.56696668217427,512.206
845,21,5,51.84013859277796,160.0335042535548,513.899
846,21,6,52.96948646637747,174.72223587501745,515.232
847,21,7,52.24334515005132,-170.45756137990986,516.145
848,21,8,49.76573159466963,-156.66473201149947,516.634
849,21,9,45.83864261438451,-144.57371257668945,516.744
850,21,10,40.82010648020429,-134.27860942186425,516.563
851,21,11,35.02367668635672,-125.53654102013822,516.213
852,21,12,28.688519136818982,-118.0053831959854,515.834
853,21,13,21.987727900632123,-111.3608590581811,515.565
854,21,14,15.04651059056623,-105.32952881349304,515.534
855,21,15,7.958734496384788,-99.68564787966312,515.836
856,21,16,0.7995870875232381,-94.23698741269051,516.529
857,21,17,-6.364779653081259,-88.80889947549798,517.618
858,21,18,-13.46925940176479,-83.22866907454342,519.062
859,21,19,-20.441878506539815,-77.31009159267393,520.769
860,21,20,-27.194756765337193,-70.83764724081894,522.608
861,21,21,-33.61239567929201,-63.551652226734554,524.42
862,21,22,-39.53617435021446,-55.14130562242852,526.03
863,21,23,-44.74632461137023,-45.26566146000673,527.268
864,21,24,-48.94967766810943,-33.644763945768695,527.985
865,21,25,-51.796934231183045,-20.26699834303081,528.065
866,21,26,-52.96373886219091,-5.65171089193969,527.442
867,21,27,-52.288923002382816,9.133639731748286,526.102
868,21,28,-49.86535673390344,22.934626053574963,524.095
869,21,29,-45.98547119097228,35.06189159476294,521.524
870,21,30,-41.00244521028694,45.403334168012094,518.541
871,21,31,-35.228749701091765,54.19074136544867,515.335
872,21,32,-28.90419260514589,61.76190360757026,512.114
873,21,33,-22.20309401044638,68.44043525725205,509.092
874,21,34,-15.252005369482525,74.50057523985922,506.462
875,21,35,-8.146072071166252,80.16942734529471,504.389
876,21,36,-0.9618417530731819,85.64062060633918,502.989
877,21,37,6.233128610602909,91.09026462055228,502.324
878,21,38,13.372159724976596,96.69265898536354,502.396
879,21,39,20.38152524748629,102.63592760108263,503.147
880,22,0,23.810392908953997,114.80190153184436,503.745
881,22,1,30.44833103685111,121.67878187502332,505.299
882,22,2,36.67412701249319,129.52862266547058,507.188
883,22,3,42.2969846240578,138.68712770089232,509.234
884,22,4,47.056076022615095,149.48530160884562,511.255
885,22,5,50.619580373002094,162.0985163264598,513.092
886,22,6,52.632737649728334,176.28389032684916,514.615
887,22,7,52.83795409843595,-168.80528397817042,515.743
888,22,8,51.20760160393225,-154.3754575073863,516.441
889,22,9,47.960741408372456,-141.38923249881938,516.732
890,22,10,43.444531536700815,-130.21231094101051,516.683
891,22,11,38.00243829661517,-120.73442625999901,516.401
892,22,12,31.911279009892382,-112.64093896147905,516.018
893,22,13,25.375085087419077,-105.59061962470595,515.677
894,22,14,18.54073633220179,-99.28362294511618,515.513
895,22,15,11.515929459525987,-93.47176716902814,515.639
896,22,16,4.3838348291412705,-87.94805658345543,516.132
897,22,17,-2.7859417414509946,-82.53103355271831,517.025
898,22,18,-9.928747175671347,-77.04893247956932,518.3
899,22,19,-16.977049899091995,-71.32426406823649,519.89
900,22,20,-23.852200496863645,-65.15814004027823,521.682
901,22,21,-30.45417767878064,-58.314597850438105,523.528
902,22,22,-36.648110821944606,-50.50821072349045,525.261
903,22,23,-42.24702862046833,-41.407369560136566,526.706
904,22,24,-46.99493558425973,-30.683637883947217,527.7
905,22,25,-50.5651642558846,-18.15790935186445,528.11
906,22,26,-52.60595306289813,-4.056918069802365,527.844
907,22,27,-52.85679517526143,10.797662497539214,526.86
908,22,28,-51.28056168464632,25.215099858942576,525.177
909,22,29,-48.085238681468866,38.225980142865936,522.871
910,22,30,-43.61070662411264,49.446082156607616,520.073
911,22,31,-38.19772365026959,58.97070582210953,516.953
912,22,32,-32.123100251527404,67.10711402937386,513.713
913,22,33,-25.5918940746955,74.19438468955671,510.565
914,22,34,-18.75229461155376,80.53263631478848,507.716
915,22,35,-11.713296313329968,86.37121862109878,505.347
916,22,36,-4.559410391285149,91.91850701968637,503.599
917,22,37,2.6383987697647293,97.35738665576753,502.563
918,22,38,9.813981214594916,102.86112576820712,502.27
919,22,39,16.89816975191481,108.60895535101545,502.692
920,23,0,27.171242131572132,127.13805645596612,504.469
921,23,1,33.62320786874813,134.46194535956573,506.213
922,23,2,39.575430862469105,142.92235042029878,508.203
923,23,3,44.80380065323588,152.8639776251975,510.258
924,23,4,49.00997799319689,164.56697401325908,512.206
925,23,5,51.84013859277796,178.03351158463963,513.899
926,23,6,52.96948646637747,-167.27775315143208,515.232
927,23,7,52.24334515005132,-152.45755404882505,516.145
928,23,8,49.76573159466963,-138.66472468041468,516.634
929,23,9,45.83864261438451,-126.57370524560466,516.744
930,23,10,40.82010648020429,-116.27860209077946,516.563
931,23,11,35.02367668635672,-107.53654051924258,516.213
932,23,12,28.688519136818982,-100.00538269508976,515.834
933,23,13,21.987727900632123,-93.3608517270963,515.565
934,23,14,15.04651059056623,-87.32952148240824,515.534
935,23,15,7.958734496384788,-81.68564054857832,515.836
936,23,16,0.7995870875232381,-76.23698008160571,516.529
937,23,17,-6.364779653081259,-70.80889214441318,517.618
938,23,18,-13.46925940176479,-65.22866174345862,519.062
939,23,19,-20.441878506539815,-59.310084261589125,520.769
940,23,20,-27.194756765337193,-52.83763990973413,522.608
941,23,21,-33.61239567929201,-45.55164148055516,524.42
942,23,22,-39.53617435021446,-37.141298291343716,526.03
943,23,23,-44.74632461137023,-27.265654128921927,527.268
944,23,24,-48.94967766810943,-15.644756614683892,527.985
945,23,25,-51.796934231183045,-2.26699143883283,528.065
946,23,26,-52.96373886219091,12.348296439145114,527.442
947,23,27,-52.288923002382816,27.133647062833088,526.102
948,23,28,-49.86535673390344,40.93463167711247,524.095
949,23,29,-45.98547119097228,53.06189892584774,521.524
950,23,30,-41.00244521028694,63.403341499096896,518.541
951,23,31,-35.228749701091765,72.19074869653348,515.335
952,23,32,-28.90419260514589,79.76191093865506,512.114
953,23,33,-22.20309401044638,86.44044258833685,509.092
954,23,34,-15.252005369482525,92.50058257094402,506.462
955,23,35,-8.146072071166252,98.16943467637951,504.389
956,23,36,-0.9618417530731819,103.64062793742399,502.989
957,23,37,6.233128610602909,109.09027195163709,502.324
958,23,38,13.372159724976596,114.69267314663752,502.396
959,23,39,20.38152524748629,120.63593493216743,503.147
960,24,0,23.810392908953997,132.80190886292917,503.745
961,24,1,30.44833103685111,139.67878920610812,505.299
962,24,2,36.67412701249319,147.5286299965554,507.188
963,24,3,42.2969846240578,156.6871350319771,509.234
964,24,4,47.056076022615095,167.48530893993043,511.255
965,24,5,50.619580373002094,-179.90148636036807,513.092
966,24,6,52.632737649728334,-165.71609869960037,514.615
967,24,7,52.83795409843595,-150.8052766470856,515.743
968,24,8,51.20760160393225,-136.37545017630148,516.441
969,24,9,47.960741408372456,-123.3892251677346,516.732
970,24,10,43.444531536700815,-112.21230360992573,516.683
971,24,11,38.00243829661517,-102.73442575910337,516.401
972,24,12,31.911279009892382,-94.64093163039423,516.018
973,24,13,25.375085087419077,-87.59061229362115,515.677
974,24,14,18.54073633220179,-81.28361561403138,515.513
975,24,15,11.515929459525987,-75.47175983794334,515.639
976,24,16,4.3838348291412705,-69.94804925237062,516.132
977,24,17,-2.7859417414509946,-64.53102622163351,517.025
978,24,18,-9.928747175671347,-59.048925148484514,518.3
979,24,19,-16.977049899091995,-53.324256737151686,519.89
980,24,20,-23.852200496863645,-47.158132709193424,521.682
981,24,21,-30.45417767878064,-40.3145905193533,523.528
982,24,22,-36.648110821944606,-32.50820339240565,525.261
983,24,23,-42.24702862046833,-23.407362229051763,526.706
984,24,24,-46.99493558425973,-12.68363140663606,527.7
985,24,25,-50.5651642558846,-0.15790123370706713,528.11
986,24,26,-52.60595306289813,13.943089261282438,527.844
987,24,27,-52.85679517526143,28.79766897485037,526.86
988,24,28,-51.28056168464632,43.215105482480084,525.177
989,24,29,-48.085238681468866,56.22598747395074,522.871
990,24,30,-43.61070662411264,67.44608948769242,520.073
991,24,31,-38.19772365026959,76.97071315319434,516.953
992,24,32,-32.123100251527404,85.10712136045866,513.713
993,24,33,-25.5918940746955,92.19439202064153,510.565
994,24,34,-18.75229461155376,98.53264364587328,507.716
995,24,35,-11.713296313329968,104.37122595218358,505.347
996,24,36,-4.559410391285149,109.91851435077118,503.599
997,24,37,2.6383987697647293,115.35738715666315,502.563
998,24,38,9.813981214594916,120.86112626910275,502.27
999,24,39,16.89816975191481,126.60896268210026,502.692
1000,25,0,27.171242131572132,145.1380501266726,504.469
1001,25,1,33.62320786874813,152.4619390302722,506.213
1002,25,2,39.575430862469105,160.92234409100527,508.203
1003,25,3,44.80380065323588,170.86397129590395,510.258
1004,25,4,49.00997799319689,-177.43302867356877,512.206
1005,25,5,51.84013859277796,-163.96649110218823,513.899
1006,25,6,52.96948646637747,-149.27775948072562,515.232
1007,25,7,52.24334515005132,-134.4575603781186,516.145
1008,25,8,49.76573159466963,-120.6647310097082,516.634
1009,25,9,45.83864261438451,-108.5737115748982,516.744
1010,25,10,40.82010648020429,-98.27861525026216,516.563
1011,25,11,35.02367668635672,-89.53654684853612,516.213
1012,25,12,28.688519136818982,-82.0053890243833,515.834
1013,25,13,21.987727900632123,-75.36085805638984,515.565
1014,25,14,15.04651059056623,-69.32952781170178,515.534
1015,25,15,7.958734496384788,-63.68564687787186,515.836
1016,25,16,0.7995870875232381,-58.23698641089925,516.529
1017,25,17,-6.364779653081259,-52.80889847370672,517.618
1018,25,18,-13.46925940176479,-47.22866465765756,519.062
1019,25,19,-20.441878506539815,-41.31008717578808,520.769
1020,25,20,-27.194756765337193,-34.83764623902767,522.608
1021,25,21,-33.61239567929201,-27.5516478098487,524.42
1022,25,22,-39.53617435021446,-19.141306328184548,526.03
1023,25,23,-44.74632461137023,-9.265661311989108,527.268
1024,25,24,-48.94967766810943,2.3552376963528068,527.985
1025,25,25,-51.796934231183045,15.733002658760457,528.065
1026,25,26,-52.96373886219091,30.34828925607793,527.442
1027,25,27,-52.288923002382816,45.13364073353955,526.102
1028,25,28,-49.86535673390344,58.93462876291352,524.095
1029,25,29,-45.98547119097228,71.0618960116488,521.524
1030,25,30,-41.00244521028694,81.40333516980336,518.541
1031,25,31,-35.228749701091765,90.19074236723995,515.335
1032,25,32,-28.90419260514589,97.76190460936152,512.114
1033,25,33,-22.20309401044638,104.44043625904331,509.092
1034,25,34,-15.252005369482525,110.50057624165049,506.462
1035,25,35,-8.146072071166252,116.16942834708597,504.389
1036,25,36,-0.9618417530731819,121.64061477794128,502.989
1037,25,37,6.233128610602909,127.09027245253272,502.324
1038,25,38,13.372159724976596,132.692666817344,502.396
1039,25,39,20.38152524748629,138.6359286028739,503.147
1040,26,0,23.810392908953997,150.80191619401396,503.745
1041,26,1,30.44833103685111,157.67879653719294,505.299
1042,26,2,36.67412701249319,165.5286373276402,507.188
1043,26,3,42.2969846240578,174.68714236306192,509.234
1044,26,4,47.056076022615095,-174.5146800865191,511.255
1045,26,5,50.619580373002094,-161.90147902928328,513.092
1046,26,6,52.632737649728334,-147.71609136851558,514.615
1047,26,7,52.83795409843595,-132.80526931600082,515.743
1048,26,8,51.20760160393225,-118.3754428452167,516.441
1049,26,9,47.960741408372456,-105.38921783664979,516.732
1050,26,10,43.444531536700815,-94.21229627884092,516.683
1051,26,11,38.00243829661517,-84.73441842801857,516.401
1052,26,12,31.911279009892382,-76.64092429930943,516.018
1053,26,13,25.375085087419077,-69.59060496253635,515.677
1054,26,14,18.54073633220179,-63.283608282946574,515.513
1055,26,15,11.515929459525987,-57.47175250685853,515.639
1056,26,16,4.3838348291412705,-51.94804192128582,516.132
1057,26,17,-2.7859417414509946,-46.53101889054871,517.025
1058,26,18,-9.928747175671347,-41.04891781739971,518.3
1059,26,19,-16.977049899091995,-35.32424940606688,519.89
1060,26,20,-23.852200496863645,-29.158125378108625,521.682
1061,26,21,-30.45417767878064,-22.314583188268497,523.528
1062,26,22,-36.648110821944606,-14.508194353773552,525.261
1063,26,23,-42.24702862046833,-5.407355751740606,526.706
1064,26,24,-46.99493558425973,5.31637549756192,527.7
1065,26,25,-50.5651642558846,17.842105310305158,528.11
1066,26,26,-52.60595306289813,31.94309744614089,527.844
1067,26,27,-52.85679517526143,46.79767630593518,526.86
1068,26,28,-51.28056168464632,61.21511281356489,525.177
1069,26,29,-48.085238681468866,74.22599480503554,522.871
1070,26,30,-43.61070662411264,85.44609681877722,520.073
1071,26,31,-38.19772365026959,94.97072048427914,516.953
1072,26,32,-32.123100251527404,103.10712869154347,513.713
1073,26,33,-25.5918940746955,110.19439935172633,510.565
1074,26,34,-18.75229461155376,116.53264414676892,507.716
1075,26,35,-11.713296313329968,122.37124011345755,505.347
1076,26,36,-4.559410391285149,127.9185148516668,503.599
1077,26,37,2.6383987697647293,133.35739448774797,502.563
1078,26,38,9.813981214594916,138.86113360018754,502.27
1079,26,39,16.89816975191481,144.60897001318506,502.692
1080,27,0,27.171242131572132,163.13804379737905,504.469
1081,27,1,33.62320786874813,170.46193270097868,506.213
1082,27,2,39.575430862469105,178.92233776171173,508.203
1083,27,3,44.80380065323588,-171.1360313909239,510.258
1084,27,4,49.00997799319689,-159.4330350028623,512.206
1085,27,5,51.84013859277796,-145.96649743148177,513.899
1086,27,6,52.96948646637747,-131.27776581001916,515.232
1087,27,7,52.24334515005132,-116.45756670741213,516.145
1088,27,8,49.76573159466963,-102.66474416919091,516.634
1089,27,9,45.83864261438451,-90.57371790419172,516.744
1090,27,10,40.82010648020429,-80.2786215795557,516.563
1091,27,11,35.02367668635672,-71.53655317782966,516.213
1092,27,12,28.688519136818982,-64.00539535367683,515.834
1093,27,13,21.987727900632123,-57.36086438568337,515.565
1094,27,14,15.04651059056623,-51.329534140995314,515.534
1095,27,15,7.958734496384788,-45.6856532071654,515.836
1096,27,16,0.7995870875232381,-40.23699615528737,516.529
1097,27,17,-6.364779653081259,-34.80890480300025,517.618
1098,27,18,-13.46925940176479,-29.2286709869511,519.062
1099,27,19,-20.441878506539815,-23.310095212628905,520.769
1100,27,20,-27.194756765337193,-16.837652568321204,522.608
1101,27,21,-33.61239567929201,-9.551654992915882,524.42
1102,27,22,-39.53617435021446,-1.141311803704437,526.03
1103,27,23,-44.74632461137023,8.734332358717355,527.268
1104,27,24,-48.94967766810943,20.355230726729037,527.985
1105,27,25,-51.796934231183045,33.73299632946692,528.065
1106,27,26,-52.96373886219091,48.34828292678439,527.442
1107,27,27,-52.288923002382816,63.1336378193406,526.102
1108,27,28,-49.86535673390344,76.93462243361999,524.095
1109,27,29,-45.98547119097228,89.06188968235526,521.524
1110,27,30,-41.00244521028694,99.40332884050981,518.541
1111,27,31,-35.228749701091765,108.19073603794641,515.335
1112,27,32,-28.90419260514589,115.761898280068,512.114
1113,27,33,-22.20309401044638,122.44042992974978,509.092
1114,27,34,-15.252005369482525,128.50056991235695,506.462
1115,27,35,-8.146072071166252,134.16942201779244,504.389
1116,27,36,-0.9618417530731819,139.64060844864775,502.989
1117,27,37,6.233128610602909,145.0902661232392,502.324
1118,27,38,13.372159724976596,150.69266048805045,502.396
1119,27,39,20.38152524748629,156.63592227358035,503.147
1120,28,0,23.810392908953997,168.80189620434209,503.745
1121,28,1,30.44833103685111,175.67877654752104,505.299
1122,28,2,36.67412701249319,-176.471379019566,507.188
1123,28,3,42.2969846240578,-167.3128739841443,509.234
1124,28,4,47.056076022615095,-156.51470007619096,511.255
1125,28,5,50.619580373002094,-143.90149901895515,513.092
1126,28,6,52.632737649728334,-129.71611135818745,514.615
1127,28,7,52.83795409843595,-114.80528930567269,515.743
1128,28,8,51.20760160393225,-100.37546283488857,516.441
1129,28,9,47.960741408372456,-87.38923782632166,516.732
1130,28,10,43.444531536700815,-76.2123162685128,516.683
1131,28,11,38.00243829661517,-66.73443841769046,516.401
1132,28,12,31.911279009892382,-58.640944288981316,516.018
1133,28,13,25.375085087419077,-51.59062495220822,515.677
1134,28,14,18.54073633220179,-45.28362485752386,515.513
1135,28,15,11.515929459525987,-39.471772496530406,515.639
1136,28,16,4.3838348291412705,-33.9480619109577,516.132
1137,28,17,-2.7859417414509946,-28.531040587767876,517.025
1138,28,18,-9.928747175671347,-23.04893951461888,518.3
1139,28,19,-16.977049899091995,-17.32426939573876,519.89
1140,28,20,-23.852200496863645,-11.158144514006855,521.682
1141,28,21,-30.45417767878064,-4.314603177940374,523.528
1142,28,22,-36.648110821944606,3.491785229667748,525.261
1143,28,23,-42.24702862046833,12.592624258587517,526.706
1144,28,24,-46.99493558425973,23.31635508100322,527.7
1145,28,25,-50.5651642558846,35.84208702818057,528.11
1146,28,26,-52.60595306289813,49.94307745646901,527.844
1147,28,27,-52.85679517526143,64.7976563162633,526.86
1148,28,28,-51.28056168464632,79.21509282389302,525.177
1149,28,29,-48.085238681468866,92.22597481536366,522.871
1150,28,30,-43.61070662411264,103.44607682910535,520.073
1151,28,31,-38.19772365026959,112.97070049460726,516.953
1152,28,32,-32.123100251527404,121.1071087018716,513.713
1153,28,33,-25.5918940746955,128.19437253186527,510.565
1154,28,34,-18.75229461155376,134.53262415709705,507.716
1155,28,35,-11.713296313329968,140.37122012378566,505.347
1156,28,36,-4.559410391285149,145.91849486199493,503.599
1157,28,37,2.6383987697647293,151.35737449807607,502.563
1158,28,38,9.813981214594916,156.86111361051567,502.27
1159,28,39,16.89816975191481,162.6089500235132,502.692
1160,29,0,27.171242131572132,-178.86194522907047,504.469
1161,29,1,33.62320786874813,-171.53805632547085,506.213
1162,29,2,39.575430862469105,-163.0776512647378,508.203
1163,29,3,44.80380065323588,-153.13602405983912,510.258
1164,29,4,49.00997799319689,-141.43302767177752,512.206
1165,29,5,51.84013859277796,-127.96649010039698,513.899
1166,29,6,52.96948646637747,-113.27775847893436,515.232
1167,29,7,52.24334515005132,-98.45755937632732,516.145
1168,29,8,49.76573159466963,-84.66473683810611,516.634
1169,29,9,45.83864261438451,-72.57371057310692,516.744
1170,29,10,40.82010648020429,-62.278614248470895,516.563
1171,29,11,35.02367668635672,-53.53654584674486,516.213
1172,29,12,28.688519136818982,-46.00538460749745,515.834
1173,29,13,21.987727900632123,-39.36085705459857,515.565
1174,29,14,15.04651059056623,-33.32952680991051,515.534
1175,29,15,7.958734496384788,-27.685645876080596,515.836
1176,29,16,0.7995870875232381,-22.23698882420257,516.529
1177,29,17,-6.364779653081259,-16.80889747191545,517.618
1178,29,18,-13.46925940176479,-11.228664509639943,519.062
1179,29,19,-20.441878506539815,-5.310087027770455,520.769
1180,29,20,-27.194756765337193,1.1623543358767767,522.608
1181,29,21,-33.61239567929201,8.44835233816892,524.42
1182,29,22,-39.53617435021446,16.85869467360672,526.03
1183,29,23,-44.74632461137023,26.734340543575804,527.268
1184,29,24,-48.94967766810943,38.355238057813835,527.985
1185,29,25,-51.796934231183045,51.733003660551724,528.065
1186,29,26,-52.96373886219091,66.34829367296378,527.442
1187,29,27,-52.288923002382816,81.13364515042541,526.102
1188,29,28,-49.86535673390344,94.9346297647048,524.095
1189,29,29,-45.98547119097228,107.06189701344006,521.524
1190,29,30,-41.00244521028694,117.4033430017838,518.541
1191,29,31,-35.228749701091765,126.19075019922037,515.335
1192,29,32,-28.90419260514589,133.7619056111528,512.114
1193,29,33,-22.20309401044638,140.44043726083459,509.092
1194,29,34,-15.252005369482525,146.50057724344177,506.462
1195,29,35,-8.146072071166252,152.16942934887723,504.389
1196,29,36,-0.9618417530731819,157.64061577973254,502.989
1197,29,37,6.233128610602909,163.09027345432398,502.324
1198,29,38,13.372159724976596,168.69266781913524,502.396
1199,29,39,20.38152524748629,174.63592960466517,503.147
1200,30,0,23.810392908953997,-173.19809282210744,503.745
1201,30,1,30.44833103685111,-166.3212124789285,505.299
1202,30,2,36.67412701249319,-158.4713716884812,507.188
1203,30,3,42.2969846240578,-149.31286665305947,509.234
1204,30,4,47.056076022615095,-138.51469274510617,511.255
1205,30,5,50.619580373002094,-125.90149168787033,513.092
1206,30,6,52.632737649728334,-111.71610402710263,514.615
1207,30,7,52.83795409843595,-96.80528197458788,515.743
1208,30,8,51.20760160393225,-82.37545550380376,516.441
1209,30,9,47.960741408372456,-69.38923049523686,516.732
1210,30,10,43.444531536700815,-58.21230893742799,516.683
1211,30,11,38.00243829661517,-48.73443108660565,516.401
1212,30,12,31.911279009892382,-40.640936957896514,516.018
1213,30,13,25.375085087419077,-33.59061762112342,515.677
1214,30,14,18.54073633220179,-27.283619233986354,515.513
1215,30,15,11.515929459525987,-21.471763457898312,515.639
1216,30,16,4.3838348291412705,-15.948054579872892,516.132
1217,30,17,-2.7859417414509946,-10.531033256683072,517.025
1218,30,18,-9.928747175671347,-5.048932183534078,518.3
1219,30,19,-16.977049899091995,0.6757378286243357,519.89
1220,30,20,-23.852200496863645,6.8418623901911255,521.682
1221,30,21,-30.45417767878064,13.685404153144429,523.528
1222,30,22,-36.648110821944606,21.491792987639375,525.261
1223,30,23,-42.24702862046833,30.592632443445968,526.706
1224,30,24,-46.99493558425973,41.31636411963532,527.7
1225,30,25,-50.5651642558846,53.842094359265374,528.11
1226,30,26,-52.60595306289813,67.94308137245923,527.844
1227,30,27,-52.85679517526143,82.7976636473481,526.86
1228,30,28,-51.28056168464632,97.21510015497782,525.177
1229,30,29,-48.085238681468866,110.22598214644846,522.871
1230,30,30,-43.61070662411264,121.44607733000099,520.073
1231,30,31,-38.19772365026959,130.97070782569207,516.953
1232,30,32,-32.123100251527404,139.10711603295638,513.713
1233,30,33,-25.5918940746955,146.1943798629501,510.565
1234,30,34,-18.75229461155376,152.53263148818183,507.716
1235,30,35,-11.713296313329968,158.37122745487048,505.347
1236,30,36,-4.559410391285149,163.91850219307975,503.599
1237,30,37,2.6383987697647293,169.3573818291609,502.563
1238,30,38,9.813981214594916,174.8611209416005,502.27
1239,30,39,16.89816975191481,-179.39103900293634,502.692
1240,31,0,27.171242131572132,-160.86193789798565,504.469
1241,31,1,33.62320786874813,-153.53804899438606,506.213
1242,31,2,39.575430862469105,-145.077643933653,508.203
1243,31,3,44.80380065323588,-135.1360167287543,510.258
1244,31,4,49.00997799319689,-123.4330203406927,512.206
1245,31,5,51.84013859277796,-109.96648276931217,513.899
1246,31,6,52.96948646637747,-95.27775114784954,515.232
1247,31,7,52.24334515005132,-80.45755204524252,516.145
1248,31,8,49.76573159466963,-66.6647295070213,516.634
1249,31,9,45.83864261438451,-54.57370324202212,516.744
1250,31,10,40.82010648020429,-44.27860350229151,516.563
1251,31,11,35.02367668635672,-35.53653851566005,516.213
1252,31,12,28.688519136818982,-28.00537898395994,515.834
1253,31,13,21.987727900632123,-21.360849723513766,515.565
1254,31,14,15.04651059056623,-15.329519478825707,515.534
1255,31,15,7.958734496384788,-9.685639398769437,515.836
1256,31,16,0.7995870875232381,-4.236981066230942,516.529
1257,31,17,-6.364779653081259,1.1911094322825304,517.618
1258,31,18,-13.46925940176479,6.771342821444859,519.062
1259,31,19,-20.441878506539815,12.689920303314349,520.769
1260,31,20,-27.194756765337193,19.162362093848404,522.608
1261,31,21,-33.61239567929201,26.44836052302737,524.42
1262,31,22,-39.53617435021446,34.858703712238814,526.03
1263,31,23,-44.74632461137023,44.73434787466061,527.268
1264,31,24,-48.94967766810943,56.355245388898645,527.985
1265,31,25,-51.796934231183045,69.73300757654194,528.065
1266,31,26,-52.96373886219091,84.34830100404858,527.442
1267,31,27,-52.288923002382816,99.13365248151021,526.102
1268,31,28,-49.86535673390344,112.9346370957896,524.095
1269,31,29,-45.98547119097228,125.0618975143357,521.524
1270,31,30,-41.00244521028694,135.4033503328686,518.541
1271,31,31,-35.228749701091765,144.19075753030518,515.335
1272,31,32,-28.90419260514589,151.7619129422376,512.114
1273,31,33,-22.20309401044638,158.44044459191937,509.092
1274,31,34,-15.252005369482525,164.50058457452656,506.462
1275,31,35,-8.146072071166252,170.16943667996205,504.389
1276,31,36,-0.9618417530731819,175.64062311081736,502.989
1277,31,37,6.233128610602909,-178.90972923250388,502.324
1278,31,38,13.372159724976596,-173.30733486769262,502.396
1279,31,39,20.38152524748629,-167.36405942178436,503.147
1280,32,0,23.810392908953997,-155.19808549102262,503.745
1281,32,1,30.44833103685111,-148.32120514784367,505.299
1282,32,2,36.67412701249319,-140.4713643573964,507.188
1283,32,3,42.2969846240578,-131.31285932197468,509.234
1284,32,4,47.056076022615095,-120.51468541402136,511.255
1285,32,5,50.619580373002094,-107.90147752659637,513.092
1286,32,6,52.632737649728334,-93.71609669601783,514.615
1287,32,7,52.83795409843595,-78.80527464350308,515.743
1288,32,8,51.20760160393225,-64.37544817271896,516.441
1289,32,9,47.960741408372456,-51.389219749057474,516.732
1290,32,10,43.444531536700815,-40.21230502143778,516.683
1291,32,11,38.00243829661517,-30.734423755520847,516.401
1292,32,12,31.911279009892382,-22.640931334359,516.018
1293,32,13,25.375085087419077,-15.590610290038615,515.677
1294,32,14,18.54073633220179,-9.283611902901548,515.513
1295,32,15,11.515929459525987,-3.4717563402569205,515.639
1296,32,16,4.3838348291412705,2.0519533915421455,516.132
1297,32,17,-2.7859417414509946,7.468974074401731,517.025
1298,32,18,-9.928747175671347,12.951075147550725,518.3
1299,32,19,-16.977049899091995,18.675745266430845,519.89
1300,32,20,-23.852200496863645,24.841869294389106,521.682
1301,32,21,-30.45417767878064,31.68541148422923,523.528
1302,32,22,-36.648110821944606,39.49179861117688,525.261
1303,32,23,-42.24702862046833,48.592639774530774,526.706
1304,32,24,-46.99493558425973,59.31636803562554,527.7
1305,32,25,-50.5651642558846,71.84210169035018,528.11
1306,32,26,-52.60595306289813,85.94308870354403,527.844
1307,32,27,-52.85679517526143,100.7976709784329,526.86
1308,32,28,-51.28056168464632,115.21511431625179,525.177
1309,32,29,-48.085238681468866,128.2259826473441,522.871
1310,32,30,-43.61070662411264,139.4460846610858,520.073
1311,32,31,-38.19772365026959,148.97071515677686,516.953
1312,32,32,-32.123100251527404,157.1071233640412,513.713
1313,32,33,-25.5918940746955,164.19438719403487,510.565
1314,32,34,-18.75229461155376,170.53263881926665,507.716
1315,32,35,-11.713296313329968,176.37123478595527,505.347
1316,32,36,-4.559410391285149,-178.08148683336978,503.599
1317,32,37,2.6383987697647293,-172.64260719728864,502.563
1318,32,38,9.813981214594916,-167.13886808484904,502.27
1319,32,39,16.89816975191481,-161.39103167185152,502.692
1320,33,0,27.171242131572132,-142.86193056690087,504.469
1321,33,1,33.62320786874813,-135.53804166330124,506.213
1322,33,2,39.575430862469105,-127.07763660256819,508.203
1323,33,3,44.80380065323588,-117.1360093976695,510.258
1324,33,4,49.00997799319689,-105.4330130096079,512.206
1325,33,5,51.84013859277796,-91.96647543822736,513.899
1326,33,6,52.96948646637747,-77.27774381676474,515.232
1327,33,7,52.24334515005132,-62.45754471415772,516.145
1328,33,8,49.76573159466963,-48.6647221759365,516.634
1329,33,9,45.83864261438451,-36.57369591093732,516.744
1330,33,10,40.82010648020429,-26.278596171206704,516.563
1331,33,11,35.02367668635672,-17.53653118457525,516.213
1332,33,12,28.688519136818982,-10.00537079910149,515.834
1333,33,13,21.987727900632123,-3.3608423924289643,515.565
1334,33,14,15.04651059056623,2.67048849258933,515.534
1335,33,15,7.958734496384788,8.314367932315365,515.836
1336,33,16,0.7995870875232381,13.763026691740684,516.529
1337,33,17,-6.364779653081259,19.191117190254158,517.618
1338,33,18,-13.46925940176479,24.77135100630331,519.062
1339,33,19,-20.441878506539815,30.6899284881728,520.769
1340,33,20,-27.194756765337193,37.1623694249332,522.608
1341,33,21,-33.61239567929201,44.44836785411217,524.42
1342,33,22,-39.53617435021446,52.858711043323616,526.03
1343,33,23,-44.74632461137023,62.73435179065083,527.268
1344,33,24,-48.94967766810943,74.35525613507804,527.985
1345,33,25,-51.796934231183045,87.73301490762674,528.065
1346,33,26,-52.96373886219091,102.3483083351334,527.442
1347,33,27,-52.288923002382816,117.13365981259501,526.102
1348,33,28,-49.86535673390344,130.9346444268744,524.095
1349,33,29,-45.98547119097228,143.0619048454205,521.524
1350,33,30,-41.00244521028694,153.40335766395341,518.541
1351,33,31,-35.228749701091765,162.19076486139,515.335
1352,33,32,-28.90419260514589,169.7619202733224,512.114
1353,33,33,-22.20309401044638,176.4404519230042,509.092
1354,33,34,-15.252005369482525,-177.49940445192297,506.462
1355,33,35,-8.146072071166252,-171.83055234648748,504.389
1356,33,36,-0.9618417530731819,-166.35936591563217,502.989
1357,33,37,6.233128610602909,-160.90972190141906,502.324
1358,33,38,13.372159724976596,-155.30732753660783,502.396
1359,33,39,20.38152524748629,-149.36405209069957,503.147
1360,34,0,23.810392908953997,-137.19810548069452,503.745
1361,34,1,30.44833103685111,-130.32122513751554,505.299
1362,34,2,36.67412701249319,-122.47138434706828,507.188
1363,34,3,42.2969846240578,-113.31287931164655,509.234
1364,34,4,47.056076022615095,-102.51470540369324,511.255
1365,34,5,50.619580373002094,-89.90149751626824,513.092
1366,34,6,52.632737649728334,-75.71611668568971,514.615
1367,34,7,52.83795409843595,-60.80529463317495,515.743
1368,34,8,51.20760160393225,-46.37546816239084,516.441
1369,34,9,47.960741408372456,-33.38923973872935,516.732
1370,34,10,43.444531536700815,-22.21232330356236,516.683
1371,34,11,38.00243829661517,-12.734442891419077,516.401
1372,34,12,31.911279009892382,-4.640950470257231,516.018
1373,34,13,25.375085087419077,2.4093705740631544,515.677
1374,34,14,18.54073633220179,8.716368107426575,515.513
1375,34,15,11.515929459525987,14.528223883514615,515.639
1376,34,16,4.3838348291412705,20.051932761540034,516.132
1377,34,17,-2.7859417414509946,25.468954084729855,517.025
1378,34,18,-9.928747175671347,30.951056865426143,518.3
1379,34,19,-16.977049899091995,36.67572527675897,519.89
1380,34,20,-23.852200496863645,42.84184930471723,521.682
1381,34,21,-30.45417767878064,49.68539149455736,523.528
1382,34,22,-36.648110821944606,57.491778621505006,525.261
1383,34,23,-42.24702862046833,66.59261636976431,526.706
1384,34,24,-46.99493558425973,77.31634804595366,527.7
1385,34,25,-50.5651642558846,89.8420817006783,528.11
1386,34,26,-52.60595306289813,103.94306871387215,527.844
1387,34,27,-52.85679517526143,118.7976578189502,526.86
1388,34,28,-51.28056168464632,133.2150943265799,525.177
1389,34,29,-48.085238681468866,146.22596265767223,522.871
1390,34,30,-43.61070662411264,157.44606467141392,520.073
1391,34,31,-38.19772365026959,166.970695167105,516.953
1392,34,32,-32.123100251527404,175.10710337436933,513.713
1393,34,33,-25.5918940746955,-177.8056291531713,510.565
1394,34,34,-18.75229461155376,-171.46737752793956,507.716
1395,34,35,-11.713296313329968,-165.62879522162928,505.347
1396,34,36,-4.559410391285149,-160.08150682304168,503.599
1397,34,37,2.6383987697647293,-154.6426271869605,502.563
1398,34,38,9.813981214594916,-149.1388880745209,502.27
1399,34,39,16.89816975191481,-143.39105166152342,502.692
1400,35,0,27.171242131572132,-124.86195055657274,504.469
1401,35,1,33.62320786874813,-117.53806165297313,506.213
1402,35,2,39.575430862469105,-109.07765659224007,508.203
1403,35,3,44.80380065323588,-99.13603621753055,510.258
1404,35,4,49.00997799319689,-87.43303299927979,512.206
1405,35,5,51.84013859277796,-73.96649542789925,513.899
1406,35,6,52.96948646637747,-59.277763806436624,515.232
1407,35,7,52.24334515005132,-44.45756811892418,516.145
1408,35,8,49.76573159466963,-30.664742165608377,516.634
1409,35,9,45.83864261438451,-18.573715900609194,516.744
1410,35,10,40.82010648020429,-8.27861616087858,516.563
1411,35,11,35.02367668635672,0.4634491459179925,516.213
1412,35,12,28.688519136818982,7.994609211226633,515.834
1413,35,13,21.987727900632123,14.63913761789916,515.565
1414,35,14,15.04651059056623,20.67046786258722,515.534
1415,35,15,7.958734496384788,26.314348796417136,515.836
1416,35,16,0.7995870875232381,31.763005848295162,516.529
1417,35,17,-6.364779653081259,37.19109720058228,517.618
1418,35,18,-13.46925940176479,42.771331016631436,519.062
1419,35,19,-20.441878506539815,48.68990849850092,520.769
1420,35,20,-27.194756765337193,55.16234943526133,522.608
1421,35,21,-33.61239567929201,62.44834444934571,524.42
1422,35,22,-39.53617435021446,70.85869105365174,526.03
1423,35,23,-44.74632461137023,80.73433180097895,527.268
1424,35,24,-48.94967766810943,92.35523614540615,527.985
1425,35,25,-51.796934231183045,105.73299491795487,528.065
1426,35,26,-52.96373886219091,120.34828834546151,527.442
1427,35,27,-52.288923002382816,135.13363982292313,526.102
1428,35,28,-49.86535673390344,148.93462443720253,524.095
1429,35,29,-45.98547119097228,161.06188485574862,521.524
1430,35,30,-41.00244521028694,171.40333767428152,518.541
1431,35,31,-35.228749701091765,-179.80926514619455,515.335
1432,35,32,-28.90419260514589,-172.2380960738838,512.114
1433,35,33,-22.20309401044638,-165.55957808458035,509.092
1434,35,34,-15.252005369482525,-159.49942444159484,506.462
1435,35,35,-8.146072071166252,-153.83057233615935,504.389
1436,35,36,-0.9618417530731819,-148.35938590530404,502.989
1437,35,37,6.233128610602909,-142.90974189109096,502.324
1438,35,38,13.372159724976596,-137.3073475262797,502.396
1439,35,39,20.38152524748629,-131.36407208037144,503.147
1440,36,0,23.810392908953997,-119.1980981496097,503.745
1441,36,1,30.44833103685111,-112.32122463661992,505.299
1442,36,2,36.67412701249319,-104.47137701598348,507.188
1443,36,3,42.2969846240578,-95.31287198056175,509.234
1444,36,4,47.056076022615095,-84.51469807260844,511.255
1445,36,5,50.619580373002094,-71.90149018518343,513.092
1446,36,6,52.632737649728334,-57.71610935460491,514.615
1447,36,7,52.83795409843595,-42.80528730209015,515.743
1448,36,8,51.20760160393225,-28.375460831306032,516.441
1449,36,9,47.960741408372456,-15.389232407644544,516.732
1450,36,10,43.444531536700815,-4.212316399364379,516.683
1451,36,11,38.00243829661517,5.265564012778903,516.401
1452,36,12,31.911279009892382,13.359056860827573,516.018
1453,36,13,25.375085087419077,20.40937705137431,515.677
1454,36,14,18.54073633220179,26.716375438511378,515.513
1455,36,15,11.515929459525987,32.528229507052124,515.639
1456,36,16,4.3838348291412705,38.05194009262484,516.132
1457,36,17,-2.7859417414509946,43.46896312336195,517.025
1458,36,18,-9.928747175671347,48.95106419651094,518.3
1459,36,19,-16.977049899091995,54.67573260784377,519.89
1460,36,20,-23.852200496863645,60.84185663580203,521.682
1461,36,21,-30.45417767878064,67.68539882564215,523.528
1462,36,22,-36.648110821944606,75.49178595258981,525.261
1463,36,23,-42.24702862046833,84.59262370084912,526.706
1464,36,24,-46.99493558425973,95.31635537703846,527.7
1465,36,25,-50.5651642558846,107.84208903176311,528.11
1466,36,26,-52.60595306289813,121.94308287514613,527.844
1467,36,27,-52.85679517526143,136.797665150035,526.86
1468,36,28,-51.28056168464632,151.21510165766472,525.177
1469,36,29,-48.085238681468866,164.22596998875702,522.871
1470,36,30,-43.61070662411264,175.4460720024987,520.073
1471,36,31,-38.19772365026959,-175.02929385934453,516.953
1472,36,32,-32.123100251527404,-166.8928856520802,513.713
1473,36,33,-25.5918940746955,-159.80562182208652,510.565
1474,36,34,-18.75229461155376,-153.46737019685477,507.716
1475,36,35,-11.713296313329968,-147.62878789054446,505.347
1476,36,36,-4.559410391285149,-142.08149949195686,503.599
1477,36,37,2.6383987697647293,-136.64261985587572,502.563
1478,36,38,9.813981214594916,-131.13888074343612,502.27
1479,36,39,16.89816975191481,-125.3910443304386,502.692
1480,37,0,27.171242131572132,-106.8619500556771,504.469
1481,37,1,33.62320786874813,-99.53806115207749,506.213
1482,37,2,39.575430862469105,-91.07764926115527,508.203
1483,37,3,44.80380065323588,-81.13602888644574,510.258
1484,37,4,49.00997799319689,-69.43302566819499,512.206
1485,37,5,51.84013859277796,-55.96649151190903,513.899
1486,37,6,52.96948646637747,-41.27775647535182,515.232
1487,37,7,52.24334515005132,-26.457559080292086,516.145
1488,37,8,49.76573159466963,-12.664733980749928,516.634
1489,37,9,45.83864261438451,-0.5737082493592737,516.744
1490,37,10,40.82010648020429,9.721391170206223,516.563
1491,37,11,35.02367668635672,18.46345615683768,516.213
1492,37,12,28.688519136818982,25.99461568853779,515.834
1493,37,13,21.987727900632123,32.63914494898396,515.565
1494,37,14,15.04651059056623,38.670475193672026,515.534
1495,37,15,7.958734496384788,44.31435612750194,515.836
1496,37,16,0.7995870875232381,49.76301317937997,516.529
1497,37,17,-6.364779653081259,55.19110453166709,517.618
1498,37,18,-13.46925940176479,60.77133493262165,519.062
1499,37,19,-20.441878506539815,66.68991241449115,520.769
1500,37,20,-27.194756765337193,73.16235676634614,522.608
1501,37,21,-33.61239567929201,80.44835178043051,524.42
1502,37,22,-39.53617435021446,88.85869838473654,526.03
1503,37,23,-44.74632461137023,98.73433913206375,527.268
1504,37,24,-48.94967766810943,110.35524347649095,527.985
1505,37,25,-51.796934231183045,123.73300224903967,528.065
1506,37,26,-52.96373886219091,138.34829567654631,527.442
1507,37,27,-52.288923002382816,153.13364715400795,526.102
1508,37,28,-49.86535673390344,166.93463176828732,524.095
1509,37,29,-45.98547119097228,179.06189218683343,521.524
1510,37,30,-41.00244521028694,-170.59666501254634,518.541
1511,37,31,-35.228749701091765,-161.80925781510976,515.335
1512,37,32,-28.90419260514589,-154.238088742799,512.114
1513,37,33,-22.20309401044638,-147.55957075349556,509.092
1514,37,34,-15.252005369482525,-141.49941711051005,506.462
1515,37,35,-8.146072071166252,-135.83056500507456,504.389
1516,37,36,-0.9618417530731819,-130.35937857421925,502.989
1517,37,37,6.233128610602909,-124.90973456000614,502.324
1518,37,38,13.372159724976596,-119.30734019519488,502.396
1519,37,39,20.38152524748629,-113.3640715794758,503.147
1520,38,0,23.810392908953997,-101.1980908185249,503.745
1521,38,1,30.44833103685111,-94.32121730553511,505.299
1522,38,2,36.67412701249319,-86.47136968489868,507.188
1523,38,3,42.2969846240578,-77.31286464947695,509.234
1524,38,4,47.056076022615095,-66.51469074152364,511.255
1525,38,5,50.619580373002094,-53.90148626919322,513.092
1526,38,6,52.632737649728334,-39.7161020235201,514.615
1527,38,7,52.83795409843595,-24.805279971005348,515.743
1528,38,8,51.20760160393225,-10.375452646447583,516.441
1529,38,9,47.960741408372456,2.610774496553436,516.732
1530,38,10,43.444531536700815,13.787691358607248,516.683
1531,38,11,38.00243829661517,23.265570916976884,516.401
1532,38,12,31.911279009892382,31.359065045686023,516.018
1533,38,13,25.375085087419077,38.409384382459116,515.677
1534,38,14,18.54073633220179,44.71638447714347,515.513
1535,38,15,11.515929459525987,50.52823683813693,515.639
1536,38,16,4.3838348291412705,56.05194742370964,516.132
1537,38,17,-2.7859417414509946,61.468970454446755,517.025
1538,38,18,-9.928747175671347,66.95107152759574,518.3
1539,38,19,-16.977049899091995,72.67573993892857,519.89
1540,38,20,-23.852200496863645,78.84186396688683,521.682
1541,38,21,-30.45417767878064,85.68540615672696,523.528
1542,38,22,-36.648110821944606,93.49179328367461,525.261
1543,38,23,-42.24702862046833,102.59263103193392,526.706
1544,38,24,-46.99493558425973,113.31636270812326,527.7
1545,38,25,-50.5651642558846,125.84209636284791,528.11
1546,38,26,-52.60595306289813,139.94309020623092,527.844
1547,38,27,-52.85679517526143,154.7976724811198,526.86
1548,38,28,-51.28056168464632,169.2151089887495,525.177
1549,38,29,-48.085238681468866,-177.7740190376925,522.871
1550,38,30,-43.61070662411264,-166.55391702395082,520.073
1551,38,31,-38.19772365026959,-157.02928652825972,516.953
1552,38,32,-32.123100251527404,-148.8928783209954,513.713
1553,38,33,-25.5918940746955,-141.8056144910017,510.565
1554,38,34,-18.75229461155376,-135.46736286576996,507.716
1555,38,35,-11.713296313329968,-129.62878055945967,505.347
1556,38,36,-4.559410391285149,-124.08149216087206,503.599
1557,38,37,2.6383987697647293,-118.6426125247909,502.563
1558,38,38,9.813981214594916,-113.13887341235132,502.27
1559,38,39,16.89816975191481,-107.39104382954298,502.692
1560,39,0,27.171242131572132,-88.8619427245923,504.469
1561,39,1,33.62320786874813,-81.53805382099269,506.213
1562,39,2,39.575430862469105,-73.07764193007047,508.203
1563,39,3,44.80380065323588,-63.136021555360934,510.258
1564,39,4,49.00997799319689,-51.43301833711018,512.206
1565,39,5,51.84013859277796,-37.966484180824224,513.899
1566,39,6,52.96948646637747,-23.277749144267016,515.232
1567,39,7,52.24334515005132,-8.457552602980927,516.145
1568,39,8,49.76573159466963,5.335272923448053,516.634
1569,39,9,45.83864261438451,17.426298761560414,516.744
1570,39,10,40.82010648020429,27.721398501291027,516.563
1571,39,11,35.02367668635672,36.46346348792248,516.213
1572,39,12,28.688519136818982,43.994624727169885,515.834
1573,39,13,21.987727900632123,50.639152280068764,515.565
1574,39,14,15.04651059056623,56.67048252475683,515.534
1575,39,15,7.958734496384788,62.31436345858674,515.836
1576,39,16,0.7995870875232381,67.76302392555935,516.529
1577,39,17,-6.364779653081259,73.19111186275188,517.618
1578,39,18,-13.46925940176479,78.77134226370646,519.062
1579,39,19,-20.441878506539815,84.68991974557595,520.769
1580,39,20,-27.194756765337193,91.16236409743094,522.608
1581,39,21,-33.61239567929201,98.44835911151532,524.42
1582,39,22,-39.53617435021446,106.85870571582134,526.03
1583,39,23,-44.74632461137023,116.73435329333772,527.268
1584,39,24,-48.94967766810943,128.35525080757577,527.985
1585,39,25,-51.796934231183045,141.73300958012447,528.065
1586,39,26,-52.96373886219091,156.34830300763113,527.442
1587,39,27,-52.288923002382816,171.13365448509273,526.102
1588,39,28,-49.86535673390344,-175.0653572581622,524.095
1589,39,29,-45.98547119097228,-162.9380968396161,521.524
1590,39,30,-41.00244521028694,-152.59665768146152,518.541
1591,39,31,-35.228749701091765,-143.80925048402494,515.335
1592,39,32,-28.90419260514589,-136.2380814117142,512.114
1593,39,33,-22.20309401044638,-129.55956342241075,509.092
1594,39,34,-15.252005369482525,-123.49940977942524,506.462
1595,39,35,-8.146072071166252,-117.83055767398976,504.389
1596,39,36,-0.9618417530731819,-112.35937124313443,502.989
1597,39,37,6.233128610602909,-106.90972039873218,502.324
1598,39,38,13.372159724976596,-101.30732603392092,502.396
1599,39,39,20.38152524748629,-95.364064248391,503.147
