0,0,0,9.787931726874135,-118.00740493197972,502.265
1,0,1,16.872600938756865,-112.26080478322199,502.681
2,0,2,23.78564542604375,-106.0698598478199,503.729
3,0,3,30.424828355917093,-99.19593697655155,505.278
4,0,4,36.65246165244591,-91.35018063922794,507.164
5,0,5,42.2779659623139,-82.197009981548,509.207
6,0,6,47.04077639887427,-71.40519497971198,511.227
7,0,7,50.6092838628283,-58.79838697953928,513.063
8,0,8,52.62862587584799,-44.617418451164575,514.588
9,0,9,52.84057347598265,-29.706989134527095,515.716
10,0,10,51.21654573665038,-15.273293361578164,516.417
11,0,11,47.97488673014355,-2.2807768950120315,516.71
12,0,12,43.46255640592048,8.90269822930546,516.664
13,0,13,38.023205486786594,18.386213547514004,516.384
14,0,14,31.933941577558485,26.484060214271736,516.004
15,0,15,25.399021485365385,33.537570956934516,515.666
16,0,16,18.565495767943084,39.84678061781538,515.504
17,0,17,11.541203720775972,45.66001950721034,515.632
18,0,18,4.409354123427731,51.18443018717298,516.127
19,0,19,-2.760415616975364,56.60153176508555,517.023
20,0,20,-9.903425956870818,62.08308642310094,518.3
21,0,21,-16.952170935040222,67.80653906076151,519.892
22,0,22,-23.82808139135704,73.97067550367129,521.687
23,0,23,-30.431235073358565,80.811308032925,523.536
24,0,24,-36.62689283928796,88.613651687884,525.272
25,0,25,-42.22831048704791,97.70917554896903,526.721
26,0,26,-46.97979646996439,108.42656880960861,527.719
27,0,27,-50.55486774571081,120.94580695443257,528.133
28,0,28,-52.60171151542355,135.0421289484233,527.869
29,0,29,-52.85923013770054,149.89602820439518,526.888
30,0,30,-51.28935555320272,164.31698908963662,525.207
31,0,31,-48.099329361726596,177.33393628909025,522.902
32,0,32,-43.62881687069693,-171.4395103561259,520.103
33,0,33,-38.21871965177821,-161.90929276569375,516.982
34,0,34,-32.14613847959786,-153.76852689773895,513.74
35,0,35,-25.616325661356633,-146.67803921845703,510.589
36,0,36,-18.77763290582722,-140.33753363079916,507.735
37,0,37,-11.739212612361934,-134.49754430551985,505.361
38,0,38,-4.585619961564603,-128.94954556725858,503.607
39,0,39,2.612148431793666,-123.51058396890738,502.564
40,1,0,13.346313435383621,-106.17639030830459,502.388
41,1,1,20.356315019259775,-100.23472678704046,503.133
42,1,2,27.14705643172112,-93.73505730115379,504.45
43,1,3,33.600535055798275,-86.4146722845984,506.19
44,1,4,39.554971030810336,-77.95896639401431,508.177
45,1,5,44.78648953878449,-68.023260963126,510.231
46,1,6,48.99702112434137,-56.32681814157305,512.177
47,1,7,51.83281321489312,-42.86598719324405,513.871
48,1,8,52.9687283153796,-28.179854458760623,515.205
49,1,9,52.24923618821045,-13.357780469226427,516.12
50,1,10,49.77744195400162,0.4404215099768383,516.611
51,1,11,45.85488480423081,12.538090320706843,516.723
52,1,12,40.839630575946764,22.83936882031538,516.545
53,1,13,35.04548548037657,31.58643179787199,516.198
54,1,14,28.711878383780427,39.12135305625749,515.821
55,1,15,22.012118506158238,45.76855804331101,515.555
56,1,16,15.071556894252666,51.80166413718327,515.526
57,1,17,7.984160729343807,57.446569599388695,515.83
58,1,18,0.8251428272722227,62.89561255695482,516.525
59,1,19,-6.339327380026029,68.32348192809393,517.617
60,1,20,-13.444120890524559,73.90283806483473,519.063
61,1,21,-20.41733763685196,79.81983094281678,520.773
62,1,22,-27.17117212213314,86.2898505775164,522.615
63,1,23,-33.590231715435316,93.57238951588077,524.429
64,1,24,-39.51608676386545,101.97805061041616,526.043
65,1,25,-44.72925255353978,111.84782422524633,527.285
66,1,26,-48.9367925162402,123.46210328617863,528.006
67,1,27,-51.78953372121733,136.83400175641947,528.089
68,1,28,-52.96281678665295,151.4464538252314,527.468
69,1,29,-52.29463645562353,166.2333079443104,526.131
70,1,30,-49.8769578102087,-179.96062213820204,524.126
71,1,31,-46.00172704119691,-167.82687303994442,521.555
72,1,32,-41.022122985285755,-157.47931403229353,518.571
73,1,33,-35.250848778151344,-148.6869071363845,515.363
74,1,34,-28.927995814403385,-141.11198146003022,512.14
75,1,35,-22.228039568842558,-134.43075871581547,509.113
76,1,36,-15.277671512836141,-128.36880190288906,506.478
77,1,37,-8.17216766266393,-122.6988979483214,504.399
78,1,38,-0.9881025497714115,-117.22731536649422,502.993
79,1,39,6.206950629948366,-111.77789674852374,502.322
80,2,0,9.787931726874135,-100.00740443108408,502.265
81,2,1,16.872600938756865,-94.26080428232635,502.681
82,2,2,23.78564542604375,-88.06985934692426,503.729
83,2,3,30.424828355917093,-81.19593647565593,505.278
84,2,4,36.65246165244591,-73.35018013833232,507.164
85,2,5,42.2779659623139,-64.19700948065238,509.207
86,2,6,47.04077639887427,-53.40519447881634,511.227
87,2,7,50.6092838628283,-40.79838306354906,513.063
88,2,8,52.62862587584799,-26.61741624272165,514.588
89,2,9,52.84057347598265,-11.706989487405107,515.716
90,2,10,51.21654573665038,2.726707779647705,516.417
91,2,11,47.97488673014355,15.719222752109955,516.71
92,2,12,43.46255640592048,26.90269958397474,516.664
93,2,13,38.023205486786594,36.386214048409634,516.384
94,2,14,31.933941577558485,44.48406242271466,516.004
95,2,15,25.399021485365385,51.53757145783015,515.666
96,2,16,18.565495767943084,57.84678453380559,515.504
97,2,17,11.541203720775972,63.660020008105974,515.632
98,2,18,4.409354123427731,69.18442727297403,516.127
99,2,19,-2.760415616975364,74.60153226598118,517.023
100,2,20,-9.903425956870818,80.08308692399658,518.3
101,2,21,-16.952170935040222,85.80653956165713,519.892
102,2,22,-23.82808139135704,91.97067600456693,521.687
103,2,23,-30.431235073358565,98.81130853382062,523.536
104,2,24,-36.62689283928796,106.61365218877964,525.272
105,2,25,-42.22831048704791,115.70918288005383,526.721
106,2,26,-46.97979646996439,126.42656931050423,527.719
107,2,27,-50.55486774571081,138.94581428551737,528.133
108,2,28,-52.60171151542355,153.0421362795081,527.869
109,2,29,-52.85923013770054,167.89602187510164,526.888
110,2,30,-51.28935555320272,-177.68301359719123,525.207
111,2,31,-48.099329361726596,-164.66606639773764,522.902
112,2,32,-43.62881687069693,-153.43951668541945,520.103
113,2,33,-38.21871965177821,-143.90928543460896,516.982
114,2,34,-32.14613847959786,-135.76851956665416,513.74
115,2,35,-25.616325661356633,-128.6780318873722,510.589
116,2,36,-18.77763290582722,-122.33753996009271,507.735
117,2,37,-11.739212612361934,-116.49755063481338,505.361
118,2,38,-4.585619961564603,-110.94954506636293,503.607
119,2,39,2.612148431793666,-105.51059029820091,502.564
120,3,0,13.346313435383621,-88.17638980740895,502.388
121,3,1,20.356315019259775,-82.23472628614482,503.133
122,3,2,27.14705643172112,-75.73505680025815,504.45
123,3,3,33.600535055798275,-68.41467178370276,506.19
124,3,4,39.554971030810336,-59.95896589311867,508.177
125,3,5,44.78648953878449,-50.02325704713579,510.231
126,3,6,48.99702112434137,-38.32681764067742,512.177
127,3,7,51.83281321489312,-24.86598669234842,513.871
128,3,8,52.9687283153796,-10.179853104091343,515.205
129,3,9,52.24923618821045,4.64222045855603,516.12
130,3,10,49.77744195400162,18.44042134386181,516.611
131,3,11,45.85488480423081,30.53808996782883,516.723
132,3,12,40.839630575946764,40.83936761366372,516.545
133,3,13,35.04548548037657,49.586432298767626,516.198
134,3,14,28.711878383780427,57.12135355715312,515.821
135,3,15,22.012118506158238,63.76855854420665,515.555
136,3,16,15.071556894252666,69.8016646380789,515.526
137,3,17,7.984160729343807,75.44657010028433,515.83
138,3,18,0.8251428272722227,80.89561305785045,516.525
139,3,19,-6.339327380026029,86.32348242898955,517.617
140,3,20,-13.444120890524559,91.90283856573036,519.063
141,3,21,-20.41733763685196,97.8198314437124,520.773
142,3,22,-27.17117212213314,104.28985107841204,522.615
143,3,23,-33.590231715435316,111.5723900167764,524.429
144,3,24,-39.51608676386545,119.9780511113118,526.043
145,3,25,-44.72925255353978,129.84782472614197,527.285
146,3,26,-48.9367925162402,141.46211061726342,528.006
147,3,27,-51.78953372121733,154.83399542712593,528.089
148,3,28,-52.96281678665295,169.44644749593786,527.468
149,3,29,-52.29463645562353,-175.76669474251744,526.131
150,3,30,-49.8769578102087,-161.96061480711722,524.126
151,3,31,-46.00172704119691,-149.82686570885963,521.555
152,3,32,-41.022122985285755,-139.4793067012087,518.571
153,3,33,-35.250848778151344,-130.6868998052997,515.363
154,3,34,-28.927995814403385,-123.11198778932378,512.14
155,3,35,-22.228039568842558,-116.430765045109,509.113
156,3,36,-15.277671512836141,-110.36880140199344,506.478
157,3,37,-8.17216766266393,-104.6988906172366,504.399
158,3,38,-0.9881025497714115,-99.22731486559859,502.993
159,3,39,6.206950629948366,-93.7778962476281,502.322
160,4,0,9.787931726874135,-82.00740393018846,502.265
161,4,1,16.872600938756865,-76.26080378143072,502.681
162,4,2,23.78564542604375,-70.06985884602862,503.729
163,4,3,30.424828355917093,-63.19593597476029,505.278
164,4,4,36.65246165244591,-55.35017622234209,507.164
165,4,5,42.2779659623139,-46.197008979756745,509.207
166,4,6,47.04077639887427,-35.4051939779207,511.227
167,4,7,50.6092838628283,-22.798382562653426,513.063
168,4,8,52.62862587584799,-8.617415741826015,514.588
169,4,9,52.84057347598265,6.29301144037735,515.716
170,4,10,51.21654573665038,20.726707640213103,516.417
171,4,11,47.97488673014355,33.71922325300559,516.71
172,4,12,43.46255640592048,44.902698377323084,516.664
173,4,13,38.023205486786594,54.38621454930527,516.384
174,4,14,31.933941577558485,62.484059508515706,516.004
175,4,15,25.399021485365385,69.53757537382036,515.666
176,4,16,18.565495767943084,75.84678503470123,515.504
177,4,17,11.541203720775972,81.66002050900161,515.632
178,4,18,4.409354123427731,87.18442777386966,516.127
179,4,19,-2.760415616975364,92.60153276687682,517.023
180,4,20,-9.903425956870818,98.08308742489221,518.3
181,4,21,-16.952170935040222,103.80654006255277,519.892
182,4,22,-23.82808139135704,109.97067650546256,521.687
183,4,23,-30.431235073358565,116.81131586490542,523.536
184,4,24,-36.62689283928796,124.6136458594861,525.272
185,4,25,-42.22831048704791,133.7091765507603,526.721
186,4,26,-46.97979646996439,144.42657664158904,527.719
187,4,27,-50.55486774571081,156.94580795622383,528.133
188,4,28,-52.60171151542355,171.04212995021456,527.869
189,4,29,-52.85923013770054,-174.10398081172622,526.888
190,4,30,-51.28935555320272,-159.68300626610645,525.207
191,4,31,-48.099329361726596,-146.66607272703118,522.902
192,4,32,-43.62881687069693,-135.43950935433463,520.103
193,4,33,-38.21871965177821,-125.90929176390249,516.982
194,4,34,-32.14613847959786,-117.76852589594769,513.74
195,4,35,-25.616325661356633,-110.67803821666575,510.589
196,4,36,-18.77763290582722,-104.33753945919707,507.735
197,4,37,-11.739212612361934,-98.49754330372858,505.361
198,4,38,-4.585619961564603,-92.9495445654673,503.607
199,4,39,2.612148431793666,-87.51058979730529,502.564
200,5,0,13.346313435383621,-70.17638930651331,502.388
201,5,1,20.356315019259775,-64.23472578524918,503.133
202,5,2,27.14705643172112,-57.735056299362526,504.45
203,5,3,33.600535055798275,-50.414667867712545,506.19
204,5,4,39.554971030810336,-41.95896539222304,508.177
205,5,5,44.78648953878449,-32.023256546240155,510.231
206,5,6,48.99702112434137,-20.32681543223449,512.177
207,5,7,51.83281321489312,-6.865985337679142,513.871
208,5,8,52.9687283153796,7.82014739680429,515.205
209,5,9,52.24923618821045,22.64222053256484,516.12
210,5,10,49.77744195400162,36.440421844757445,516.611
211,5,11,45.85488480423081,48.53809046872446,516.723
212,5,12,40.839630575946764,58.839368114559356,516.545
213,5,13,35.04548548037657,67.58642938456867,516.198
214,5,14,28.711878383780427,75.12135747314333,515.821
215,5,15,22.012118506158238,81.76855904510228,515.555
216,5,16,15.071556894252666,87.80166513897454,515.526
217,5,17,7.984160729343807,93.44657060117996,515.83
218,5,18,0.8251428272722227,98.89561355874609,516.525
219,5,19,-6.339327380026029,104.32348292988519,517.617
220,5,20,-13.444120890524559,109.90283906662599,519.063
221,5,21,-20.41733763685196,115.81983194460804,520.773
222,5,22,-27.17117212213314,122.28985157930768,522.615
223,5,23,-33.590231715435316,129.57239051767203,524.429
224,5,24,-39.51608676386545,137.97805844239662,526.043
225,5,25,-44.72925255353978,147.84783205722678,527.285
226,5,26,-48.9367925162402,159.46210428796988,528.006
227,5,27,-51.78953372121733,172.83400275821074,528.089
228,5,28,-52.96281678665295,-172.55354153051167,527.468
229,5,29,-52.29463645562353,-157.76668741143266,526.131
230,5,30,-49.8769578102087,-143.96062113641077,524.126
231,5,31,-46.00172704119691,-131.82687203815317,521.555
232,5,32,-41.022122985285755,-121.47931303050227,518.571
233,5,33,-35.250848778151344,-112.68689930440406,515.363
234,5,34,-28.927995814403385,-105.11198045823897,512.14
235,5,35,-22.228039568842558,-98.4307577140242,509.113
236,5,36,-15.277671512836141,-92.3688009010978,506.478
237,5,37,-8.17216766266393,-86.69889011634096,504.399
238,5,38,-0.9881025497714115,-81.22731436470296,502.993
239,5,39,6.206950629948366,-75.77789574673248,502.322
240,6,0,9.787931726874135,-64.00740342929282,502.265
241,6,1,16.872600938756865,-58.260803280535086,502.681
242,6,2,23.78564542604375,-52.069858345133,503.729
243,6,3,30.424828355917093,-45.19593547386465,505.278
244,6,4,36.65246165244591,-37.35017572144646,507.164
245,6,5,42.2779659623139,-28.19700847886111,509.207
246,6,6,47.04077639887427,-17.405193477025072,511.227
247,6,7,50.6092838628283,-4.798382488644616,513.063
248,6,8,52.62862587584799,9.38258475906962,514.588
249,6,9,52.84057347598265,24.293012368159808,515.716
250,6,10,51.21654573665038,38.72670814110874,516.417
251,6,11,47.97488673014355,51.719223753901225,516.71
252,6,12,43.46255640592048,62.9027022933133,516.664
253,6,13,38.023205486786594,72.3862150502009,516.384
254,6,14,31.933941577558485,80.48406000941134,516.004
255,6,15,25.399021485365385,87.537575874716,515.666
256,6,16,18.565495767943084,93.84678553559687,515.504
257,6,17,11.541203720775972,99.66002100989724,515.632
258,6,18,4.409354123427731,105.1844282747653,516.127
259,6,19,-2.760415616975364,110.60153326777245,517.023
260,6,20,-9.903425956870818,116.08309475597702,518.3
261,6,21,-16.952170935040222,121.80654739363757,519.892
262,6,22,-23.82808139135704,127.97068383654737,521.687
263,6,23,-30.431235073358565,134.81130953561188,523.536
264,6,24,-36.62689283928796,142.6136531905709,525.272
265,6,25,-42.22831048704791,151.7091838818451,526.721
266,6,26,-46.97979646996439,162.4265703122955,527.719
267,6,27,-50.55486774571081,174.94581528730865,528.133
268,6,28,-52.60171151542355,-170.95785907623494,527.869
269,6,29,-52.85923013770054,-156.10397348064143,526.888
270,6,30,-51.28935555320272,-141.6830125954,525.207
271,6,31,-48.099329361726596,-128.66606539594636,522.902
272,6,32,-43.62881687069693,-117.43951568362819,520.103
273,6,33,-38.21871965177821,-107.90928443281769,516.982
274,6,34,-32.14613847959786,-99.76852539505207,513.74
275,6,35,-25.616325661356633,-92.67803771577013,510.589
276,6,36,-18.77763290582722,-86.33753895830144,507.735
277,6,37,-11.739212612361934,-80.49754280283295,505.361
278,6,38,-4.585619961564603,-74.94954406457167,503.607
279,6,39,2.612148431793666,-69.51058929640965,502.564
280,7,0,13.346313435383621,-52.17639222071227,502.388
281,7,1,20.356315019259775,-46.23472869944814,503.133
282,7,2,27.14705643172112,-39.73505921356148,504.45
283,7,3,33.600535055798275,-32.4146707819115,506.19
284,7,4,39.554971030810336,-23.958968306421994,508.177
285,7,5,44.78648953878449,-14.023259460439109,510.231
286,7,6,48.99702112434137,-2.3268185598768527,512.177
287,7,7,51.83281321489312,11.134011748121907,513.871
288,7,8,52.9687283153796,25.820143628831694,515.205
289,7,9,52.24923618821045,40.64221761836589,516.12
290,7,10,49.77744195400162,54.440418930558494,516.611
291,7,11,45.85488480423081,66.5380909696201,516.723
292,7,12,40.839630575946764,76.83936861545499,516.545
293,7,13,35.04548548037657,85.58642988546431,516.198
294,7,14,28.711878383780427,93.12135114384981,515.821
295,7,15,22.012118506158238,99.76855271580874,515.555
296,7,16,15.071556894252666,105.80166563987018,515.526
297,7,17,7.984160729343807,111.4465711020756,515.83
298,7,18,0.8251428272722227,116.89561405964173,516.525
299,7,19,-6.339327380026029,122.32348343078083,517.617
300,7,20,-13.444120890524559,127.90283273733246,519.063
301,7,21,-20.41733763685196,133.8198256153145,520.773
302,7,22,-27.17117212213314,140.28984525001414,522.615
303,7,23,-33.590231715435316,147.5723841883785,524.429
304,7,24,-39.51608676386545,155.97805211310308,526.043
305,7,25,-44.72925255353978,165.84782572793324,527.285
306,7,26,-48.9367925162402,177.4621116190547,528.006
307,7,27,-51.78953372121733,-169.16599992861714,528.089
308,7,28,-52.96281678665295,-154.5535478598052,527.468
309,7,29,-52.29463645562353,-139.7666937407262,526.131
310,7,30,-49.8769578102087,-125.96061380532598,524.126
311,7,31,-46.00172704119691,-113.82687153725753,521.555
312,7,32,-41.022122985285755,-103.47931252960663,518.571
313,7,33,-35.250848778151344,-94.68690563369759,515.363
314,7,34,-28.927995814403385,-87.1119867875325,512.14
315,7,35,-22.228039568842558,-80.43076404331774,509.113
316,7,36,-15.277671512836141,-74.36880040020216,506.478
317,7,37,-8.17216766266393,-68.6988964456345,504.399
318,7,38,-0.9881025497714115,-63.227313863807325,502.993
319,7,39,6.206950629948366,-57.77790207602601,502.322
320,8,0,9.787931726874135,-46.00740292839719,502.265
321,8,1,16.872600938756865,-40.26080277963945,502.681
322,8,2,23.78564542604375,-34.06985784423736,503.729
323,8,3,30.424828355917093,-27.19593326542173,505.278
324,8,4,36.65246165244591,-19.350175220550828,507.164
325,8,5,42.2779659623139,-10.197007977965477,509.207
326,8,6,47.04077639887427,0.5948067570662959,511.227
327,8,7,50.6092838628283,13.20161843913784,513.063
328,8,8,52.62862587584799,27.382585259965253,514.588
329,8,9,52.84057347598265,42.29301286905544,515.716
330,8,10,51.21654573665038,56.72670864200437,516.417
331,8,11,47.97488673014355,69.71922425479686,516.71
332,8,12,43.46255640592048,80.90270279420893,516.664
333,8,13,38.023205486786594,90.38621555109654,516.384
334,8,14,31.933941577558485,98.48406051030697,516.004
335,8,15,25.399021485365385,105.53757637561164,515.666
336,8,16,18.565495767943084,111.84678603649249,515.504
337,8,17,11.541203720775972,117.66002151079287,515.632
338,8,18,4.409354123427731,123.18442877566093,516.127
339,8,19,-2.760415616975364,128.60153376866808,517.023
340,8,20,-9.903425956870818,134.08308842668347,518.3
341,8,21,-16.952170935040222,139.80654106434403,519.892
342,8,22,-23.82808139135704,145.97067750725384,521.687
343,8,23,-30.431235073358565,152.8113168666967,523.536
344,8,24,-36.62689283928796,160.61364686127737,525.272
345,8,25,-42.22831048704791,169.70917755255155,526.721
346,8,26,-46.97979646996439,-179.57343237453236,527.719
347,8,27,-50.55486774571081,-167.05418739951924,528.133
348,8,28,-52.60171151542355,-152.95786540552848,527.869
349,8,29,-52.85923013770054,-138.10397980993497,526.888
350,8,30,-51.28935555320272,-123.68300526431518,525.207
351,8,31,-48.099329361726596,-110.66606489505072,522.902
352,8,32,-43.62881687069693,-99.43950835254338,520.103
353,8,33,-38.21871965177821,-89.90928393192206,516.982
354,8,34,-32.14613847959786,-81.76852489415643,513.74
355,8,35,-25.616325661356633,-74.6780372148745,510.589
356,8,36,-18.77763290582722,-68.33753845740581,507.735
357,8,37,-11.739212612361934,-62.497542301937315,505.361
358,8,38,-4.585619961564603,-56.94954697877062,503.607
359,8,39,2.612148431793666,-51.51058538041943,502.564
360,9,0,13.346313435383621,-34.176391719816635,502.388
361,9,1,20.356315019259775,-28.234726491005212,503.133
362,9,2,27.14705643172112,-21.735060420213134,504.45
363,9,3,33.600535055798275,-14.414671988563153,506.19
364,9,4,39.554971030810336,-5.95896780552636,508.177
365,9,5,44.78648953878449,3.9767406135697008,510.231
366,9,6,48.99702112434137,15.673182154462191,512.177
367,9,7,51.83281321489312,29.134011395243895,513.871
368,9,8,52.9687283153796,43.820144129727325,515.205
369,9,9,52.24923618821045,58.6422215343561,516.12
370,9,10,49.77744195400162,72.44041943145413,516.611
371,9,11,45.85488480423081,84.53809147051572,516.723
372,9,12,40.839630575946764,94.83936911635062,516.545
373,9,13,35.04548548037657,103.58643038635994,516.198
374,9,14,28.711878383780427,111.12135164474543,515.821
375,9,15,22.012118506158238,117.76855321670438,515.555
376,9,16,15.071556894252666,123.80165931057664,515.526
377,9,17,7.984160729343807,129.44656477278207,515.83
378,9,18,0.8251428272722227,134.8956077303482,516.525
379,9,19,-6.339327380026029,140.32347710148727,517.617
380,9,20,-13.444120890524559,145.90284006841725,519.063
381,9,21,-20.41733763685196,151.81983294639932,520.773
382,9,22,-27.17117212213314,158.28985258109896,522.615
383,9,23,-33.590231715435316,165.5723915194633,524.429
384,9,24,-39.51608676386545,173.97804578380953,526.043
385,9,25,-44.72925255353978,-176.15217695889464,527.285
386,9,26,-48.9367925162402,-164.53789106777316,528.006
387,9,27,-51.78953372121733,-151.16600625791065,528.089
388,9,28,-52.96281678665295,-136.55355418909875,527.468
389,9,29,-52.29463645562353,-121.76668640964138,526.131
390,9,30,-49.8769578102087,-107.9606201346195,524.126
391,9,31,-46.00172704119691,-95.8268710363619,521.555
392,9,32,-41.022122985285755,-85.47931202871099,518.571
393,9,33,-35.250848778151344,-76.68690513280197,515.363
394,9,34,-28.927995814403385,-69.11198628663688,512.14
395,9,35,-22.228039568842558,-62.4307635424221,509.113
396,9,36,-15.277671512836141,-56.36879989930653,506.478
397,9,37,-8.17216766266393,-50.698895944738865,504.399
398,9,38,-0.9881025497714115,-45.227313362911694,502.993
399,9,39,6.206950629948366,-39.77790157513038,502.322
400,10,0,9.787931726874135,-28.007400719954262,502.265
401,10,1,16.872600938756865,-22.260802278743817,502.681
402,10,2,23.78564542604375,-16.06985734334173,503.729
403,10,3,30.424828355917093,-9.19593361829974,505.278
404,10,4,36.65246165244591,-1.3501755734288419,507.164
405,10,5,42.2779659623139,7.802992522930157,509.207
406,10,6,47.04077639887427,18.594807524766193,511.227
407,10,7,50.6092838628283,31.201618940033473,513.063
408,10,8,52.62862587584799,45.38258405331359,514.588
409,10,9,52.84057347598265,60.29300995485649,515.716
410,10,10,51.21654573665038,74.7267091429,516.417
411,10,11,47.97488673014355,87.7192247556925,516.71
412,10,12,43.46255640592048,98.90270329510457,516.664
413,10,13,38.023205486786594,108.38621605199216,516.384
414,10,14,31.933941577558485,116.48406784139178,516.004
415,10,15,25.399021485365385,123.53757687650727,515.666
416,10,16,18.565495767943084,129.8467865373881,515.504
417,10,17,11.541203720775972,135.66001518149935,515.632
418,10,18,4.409354123427731,141.18443610674572,516.127
419,10,19,-2.760415616975364,146.6015410997529,517.023
420,10,20,-9.903425956870818,152.0830957577683,518.3
421,10,21,-16.952170935040222,157.80654839542885,519.892
422,10,22,-23.82808139135704,163.97068483833863,521.687
423,10,23,-30.431235073358565,170.81131053740316,523.536
424,10,24,-36.62689283928796,178.61365419236216,525.272
425,10,25,-42.22831048704791,-172.2908251342763,526.721
426,10,26,-46.97979646996439,-161.57342504344754,527.719
427,10,27,-50.55486774571081,-149.05419372881275,528.133
428,10,28,-52.60171151542355,-134.9578580744437,527.869
429,10,29,-52.85923013770054,-120.10397247885015,526.888
430,10,30,-51.28935555320272,-105.68300476341955,525.207
431,10,31,-48.099329361726596,-92.6660643941551,522.902
432,10,32,-43.62881687069693,-81.43950785164775,520.103
433,10,33,-38.21871965177821,-71.90928343102642,516.982
434,10,34,-32.14613847959786,-63.7685243932608,513.74
435,10,35,-25.616325661356633,-56.67803671397886,510.589
436,10,36,-18.77763290582722,-50.337537956510175,507.735
437,10,37,-11.739212612361934,-44.49754521613627,505.361
438,10,38,-4.585619961564603,-38.94954647787499,503.607
439,10,39,2.612148431793666,-33.5105848795238,502.564
440,11,0,13.346313435383621,-16.17638951137371,502.388
441,11,1,20.356315019259775,-10.234726843883225,503.133
442,11,2,27.14705643172112,-3.735059065543854,504.45
443,11,3,33.600535055798275,3.5853289392193037,506.19
444,11,4,39.554971030810336,12.041032695369275,508.177
445,11,5,44.78648953878449,21.97674154135216,510.231
446,11,6,48.99702112434137,33.673180947810536,512.177
447,11,7,51.83281321489312,47.134011896139526,513.871
448,11,8,52.9687283153796,61.82014463062296,515.205
449,11,9,52.24923618821045,76.64222203525173,516.12
450,11,10,49.77744195400162,90.44041993234976,516.611
451,11,11,45.85488480423081,102.53809197141136,516.723
452,11,12,40.839630575946764,112.83936961724625,516.545
453,11,13,35.04548548037657,121.58642405706641,516.198
454,11,14,28.711878383780427,129.12135214564108,515.821
455,11,15,22.012118506158238,135.76856054778918,515.555
456,11,16,15.071556894252666,141.80166664166146,515.526
457,11,17,7.984160729343807,147.44657210386686,515.83
458,11,18,0.8251428272722227,152.895615061433,516.525
459,11,19,-6.339327380026029,158.3234844325721,517.617
460,11,20,-13.444120890524559,163.90283373912374,519.063
461,11,21,-20.41733763685196,169.81982661710578,520.773
462,11,22,-27.17117212213314,176.28984625180541,522.615
463,11,23,-33.590231715435316,-176.42761116736457,524.429
464,11,24,-39.51608676386545,-168.02194324264,526.043
465,11,25,-44.72925255353978,-158.15216962780983,527.285
466,11,26,-48.9367925162402,-146.5378973970667,528.006
467,11,27,-51.78953372121733,-133.16599892682586,528.089
468,11,28,-52.96281678665295,-118.55354685801395,527.468
469,11,29,-52.29463645562353,-103.76669273893492,526.131
470,11,30,-49.8769578102087,-89.96061963372388,524.126
471,11,31,-46.00172704119691,-77.82687053546626,521.555
472,11,32,-41.022122985285755,-67.47931152781537,518.571
473,11,33,-35.250848778151344,-58.68690463190633,515.363
474,11,34,-28.927995814403385,-51.11198578574124,512.14
475,11,35,-22.228039568842558,-44.43075962643188,509.113
476,11,36,-15.277671512836141,-38.3687993984109,506.478
477,11,37,-8.17216766266393,-32.698895443843234,504.399
478,11,38,-0.9881025497714115,-27.22731286201606,502.993
479,11,39,6.206950629948366,-21.777899366687453,502.322
480,12,0,9.787931726874135,-10.007401072832277,502.265
481,12,1,16.872600938756865,-4.260801350961361,502.681
482,12,2,23.78564542604375,1.9301435844407264,503.729
483,12,3,30.424828355917093,8.804066882595892,505.278
484,12,4,36.65246165244591,16.649825781240438,507.164
485,12,5,42.2779659623139,25.802993023825792,509.207
486,12,6,47.04077639887427,36.59480802566183,511.227
487,12,7,50.6092838628283,49.20161944092911,513.063
488,12,8,52.62862587584799,63.382584554209224,514.588
489,12,9,52.84057347598265,78.29301045575212,515.716
490,12,10,51.21654573665038,92.72670964379564,516.417
491,12,11,47.97488673014355,105.71922525658812,516.71
492,12,12,43.46255640592048,116.9027037960002,516.664
493,12,13,38.023205486786594,126.3862165528878,516.384
494,12,14,31.933941577558485,134.48406151209824,516.004
495,12,15,25.399021485365385,141.53757054721373,515.666
496,12,16,18.565495767943084,147.8467802080946,515.504
497,12,17,11.541203720775972,153.66002251258413,515.632
498,12,18,4.409354123427731,159.18442977745218,516.127
499,12,19,-2.760415616975364,164.60153477045935,517.023
500,12,20,-9.903425956870818,170.08308942847475,518.3
501,12,21,-16.952170935040222,175.8065420661353,519.892
502,12,22,-23.82808139135704,-178.02931784848923,521.687
503,12,23,-30.431235073358565,-171.1886921494247,523.536
504,12,24,-36.62689283928796,-163.3863484944657,525.272
505,12,25,-42.22831048704791,-154.2908178031915,526.721
506,12,26,-46.97979646996439,-143.57343137274108,527.719
507,12,27,-50.55486774571081,-131.05418639772796,528.133
508,12,28,-52.60171151542355,-116.95786440373722,527.869
509,12,29,-52.85923013770054,-102.10397197795453,526.888
510,12,30,-51.28935555320272,-87.68300426252391,525.207
511,12,31,-48.099329361726596,-74.66606389325946,522.902
512,12,32,-43.62881687069693,-63.43950735075211,520.103
513,12,33,-38.21871965177821,-53.909286345225375,516.982
514,12,34,-32.14613847959786,-45.76852047727058,513.74
515,12,35,-25.616325661356633,-38.678036213083224,510.589
516,12,36,-18.77763290582722,-32.33753745561454,507.735
517,12,37,-11.739212612361934,-26.497543007693338,505.361
518,12,38,-4.585619961564603,-20.949545976979355,503.607
519,12,39,2.612148431793666,-15.510586086175454,502.564
520,13,0,13.346313435383621,1.8236169659374457,502.388
521,13,1,20.356315019259775,7.7652804872015775,503.133
522,13,2,27.14705643172112,14.26494826554095,504.45
523,13,3,33.600535055798275,21.585335843417283,506.19
524,13,4,39.554971030810336,30.041040026454077,508.177
525,13,5,44.78648953878449,39.976748872436964,510.231
526,13,6,48.99702112434137,51.67318827889534,512.177
527,13,7,51.83281321489312,65.13402264231891,513.871
528,13,8,52.9687283153796,79.82015196170777,515.205
529,13,9,52.24923618821045,94.64222936633654,516.12
530,13,10,49.77744195400162,108.44042726343456,516.611
531,13,11,45.85488480423081,120.53809930249616,516.723
532,13,12,40.839630575946764,130.83937694833105,516.545
533,13,13,35.04548548037657,139.5864313881512,516.198
534,13,14,28.711878383780427,147.12135947672587,515.821
535,13,15,22.012118506158238,153.768567878874,515.555
536,13,16,15.071556894252666,159.80167397274624,515.526
537,13,17,7.984160729343807,165.44657943495167,515.83
538,13,18,0.8251428272722227,170.8956223925178,516.525
539,13,19,-6.339327380026029,176.3234917636569,517.617
540,13,20,-13.444120890524559,-178.0971552873258,519.063
541,13,21,-20.41733763685196,-172.18016240934375,520.773
542,13,22,-27.17117212213314,-165.7101427746441,522.615
543,13,23,-33.590231715435316,-158.42760383627976,524.429
544,13,24,-39.51608676386545,-150.02193591155518,526.043
545,13,25,-44.72925255353978,-140.152162296725,527.285
546,13,26,-48.9367925162402,-128.5378900659819,528.006
547,13,27,-51.78953372121733,-115.16599159574106,528.089
548,13,28,-52.96281678665295,-100.55353952692914,527.468
549,13,29,-52.29463645562353,-85.76668540785012,526.131
550,13,30,-49.8769578102087,-71.96061230263906,524.126
551,13,31,-46.00172704119691,-59.82686320438146,521.555
552,13,32,-41.022122985285755,-49.47930419673056,518.571
553,13,33,-35.250848778151344,-40.68689730082153,515.363
554,13,34,-28.927995814403385,-33.11197845465644,512.14
555,13,35,-22.228039568842558,-26.430752295347077,509.113
556,13,36,-15.277671512836141,-20.368792067326094,506.478
557,13,37,-8.17216766266393,-14.698886405211137,504.399
558,13,38,-0.9881025497714115,-9.227305530931256,502.993
559,13,39,6.206950629948366,-3.7778924624894734,502.322
560,14,0,9.787931726874135,7.992592597874188,502.265
561,14,1,16.872600938756865,13.73919189285828,502.681
562,14,2,23.78564542604375,19.930136828260366,503.729
563,14,3,30.424828355917093,26.804061407076002,505.278
564,14,4,36.65246165244591,34.649819451946904,507.164
565,14,5,42.2779659623139,43.80298669453225,509.207
566,14,6,47.04077639887427,54.59480169636829,511.227
567,14,7,50.6092838628283,67.20160969654098,513.063
568,14,8,52.62862587584799,81.38257822491569,514.588
569,14,9,52.84057347598265,96.29300412645858,515.716
570,14,10,51.21654573665038,110.7267033145021,516.417
571,14,11,47.97488673014355,123.71921892729459,516.71
572,14,12,43.46255640592048,134.90269746670666,516.664
573,14,13,38.023205486786594,144.38621022359428,516.384
574,14,14,31.933941577558485,152.4840551828047,516.004
575,14,15,25.399021485365385,159.5375642179202,515.666
576,14,16,18.565495767943084,165.84677387880106,515.504
577,14,17,11.541203720775972,171.6600161832906,515.632
578,14,18,4.409354123427731,177.18442344815867,516.127
579,14,19,-2.760415616975364,-177.3984679163685,517.023
580,14,20,-9.903425956870818,-171.91691325835313,518.3
581,14,21,-16.952170935040222,-166.19346062069255,519.892
582,14,22,-23.82808139135704,-160.02932417778277,521.687
583,14,23,-30.431235073358565,-153.18869847871824,523.536
584,14,24,-36.62689283928796,-145.38635482375923,525.272
585,14,25,-42.22831048704791,-136.29082413248503,526.721
586,14,26,-46.97979646996439,-125.57343770203462,527.719
587,14,27,-50.55486774571081,-113.0541927270215,528.133
588,14,28,-52.60171151542355,-98.95787073303076,527.869
589,14,29,-52.85923013770054,-84.10397830724806,526.888
590,14,30,-51.28935555320272,-69.68301059181745,525.207
591,14,31,-48.099329361726596,-56.666070222552996,522.902
592,14,32,-43.62881687069693,-45.43951709514023,520.103
593,14,33,-38.21871965177821,-35.90929267451891,516.982
594,14,34,-32.14613847959786,-27.768526806564115,513.74
595,14,35,-25.616325661356633,-20.67804254237676,510.589
596,14,36,-18.77763290582722,-14.337543784908076,507.735
597,14,37,-11.739212612361934,-8.497549336986877,505.361
598,14,38,-4.585619961564603,-2.9495516659426566,503.607
599,14,39,2.612148431793666,2.4894077979744216,502.564
600,15,0,13.346313435383621,19.823611490417555,502.388
601,15,1,20.356315019259775,25.765275011681688,503.133
602,15,2,27.14705643172112,32.26494279002106,504.45
603,15,3,33.600535055798275,39.58533122167104,506.19
604,15,4,39.554971030810336,48.04103369716054,508.177
605,15,5,44.78648953878449,57.97674254314342,510.231
606,15,6,48.99702112434137,69.6731819496018,512.177
607,15,7,51.83281321489312,83.13401631302538,513.871
608,15,8,52.9687283153796,97.82014563241422,515.205
609,15,9,52.24923618821045,112.64222303704301,516.12
610,15,10,49.77744195400162,126.44042093414103,516.611
611,15,11,45.85488480423081,138.53809297320262,516.723
612,15,12,40.839630575946764,148.8393706190375,516.545
613,15,13,35.04548548037657,157.58642505885766,516.198
614,15,14,28.711878383780427,165.12135314743233,515.821
615,15,15,22.012118506158238,171.76856154958045,515.555
616,15,16,15.071556894252666,177.8016676434527,515.526
617,15,17,7.984160729343807,-176.5534232518762,515.83
618,15,18,0.8251428272722227,-171.10439395468842,516.525
619,15,19,-6.339327380026029,-165.6765245835493,517.617
620,15,20,-13.444120890524559,-160.09716161661933,519.063
621,15,21,-20.41733763685196,-154.1801687386373,520.773
622,15,22,-27.17117212213314,-147.71014910393765,522.615
623,15,23,-33.590231715435316,-140.4276101655733,524.429
624,15,24,-39.51608676386545,-132.02194224084872,526.043
625,15,25,-44.72925255353978,-122.15216862601856,527.285
626,15,26,-48.9367925162402,-110.53788956508627,528.006
627,15,27,-51.78953372121733,-97.16599792503459,528.089
628,15,28,-52.96281678665295,-82.55354585622267,527.468
629,15,29,-52.29463645562353,-67.76669173714365,526.131
630,15,30,-49.8769578102087,-53.960618631932604,524.126
631,15,31,-46.00172704119691,-41.826869533674994,521.555
632,15,32,-41.022122985285755,-31.479310526024097,518.571
633,15,33,-35.250848778151344,-22.68690192256777,515.363
634,15,34,-28.927995814403385,-15.11198307640268,512.14
635,15,35,-22.228039568842558,-8.43075947841426,509.113
636,15,36,-15.277671512836141,-2.3687986100630436,506.478
637,15,37,-8.17216766266393,3.301106838608502,504.399
638,15,38,-0.9881025497714115,8.772688139775207,502.993
639,15,39,6.206950629948366,14.222100781330166,502.322
640,16,0,9.787931726874135,25.992600782732637,502.265
641,16,1,16.872600938756865,31.739199223943082,502.681
642,16,2,23.78564542604375,37.93014415934517,503.729
643,16,3,30.424828355917093,44.80406703061351,505.278
644,16,4,36.65246165244591,52.649826783031706,507.164
645,16,5,42.2779659623139,61.80299402561706,509.207
646,16,6,47.04077639887427,72.5948090274531,511.227
647,16,7,50.6092838628283,85.20161702762579,513.063
648,16,8,52.62862587584799,99.38258555600049,514.588
649,16,9,52.84057347598265,114.29301145754339,515.716
650,16,10,51.21654573665038,128.72671747577607,516.417
651,16,11,47.97488673014355,141.7192262583794,516.71
652,16,12,43.46255640592048,152.90270479779147,516.664
653,16,13,38.023205486786594,162.38621755467906,516.384
654,16,14,31.933941577558485,170.4840625138895,516.004
655,16,15,25.399021485365385,177.537571549005,515.666
656,16,16,18.565495767943084,-176.15321514764847,515.504
657,16,17,11.541203720775972,-170.33997284315893,515.632
658,16,18,4.409354123427731,-164.81556557829086,516.127
659,16,19,-2.760415616975364,-159.39846058528371,517.023
660,16,20,-9.903425956870818,-153.91690592726832,518.3
661,16,21,-16.952170935040222,-148.19345328960776,519.892
662,16,22,-23.82808139135704,-142.02931684669798,521.687
663,16,23,-30.431235073358565,-135.18869114763345,523.536
664,16,24,-36.62689283928796,-127.38634749267443,525.272
665,16,25,-42.22831048704791,-118.29081680140023,526.721
666,16,26,-46.97979646996439,-107.57342354076066,527.719
667,16,27,-50.55486774571081,-95.0541853959367,528.133
668,16,28,-52.60171151542355,-80.95786340194596,527.869
669,16,29,-52.85923013770054,-66.10397097616325,526.888
670,16,30,-51.28935555320272,-51.68300326073265,525.207
671,16,31,-48.099329361726596,-38.666062891468194,522.902
672,16,32,-43.62881687069693,-27.43950805650814,520.103
673,16,33,-38.21871965177821,-17.90928534343411,516.982
674,16,34,-32.14613847959786,-9.768520329252958,513.74
675,16,35,-25.616325661356633,-2.678034570961725,510.589
676,16,36,-18.77763290582722,3.6624639730635504,507.735
677,16,37,-11.739212612361934,9.502457994097927,505.361
678,16,38,-4.585619961564603,15.050455024811912,503.607
679,16,39,2.612148431793666,20.489414915615814,502.564
680,17,0,13.346313435383621,37.82360345357672,502.388
681,17,1,20.356315019259775,43.765266974840856,503.133
682,17,2,27.14705643172112,50.26493646072752,504.45
683,17,3,33.600535055798275,57.58532489237751,506.19
684,17,4,39.554971030810336,66.04102395277242,508.177
685,17,5,44.78648953878449,75.97673621384989,510.231
686,17,6,48.99702112434137,87.67317562030826,512.177
687,17,7,51.83281321489312,101.13400998373184,513.871
688,17,8,52.9687283153796,115.82014613330986,515.205
689,17,9,52.24923618821045,130.64221670774947,516.12
690,17,10,49.77744195400162,144.4404146048475,516.611
691,17,11,45.85488480423081,156.53808664390908,516.723
692,17,12,40.839630575946764,166.839364289744,516.545
693,17,13,35.04548548037657,175.58641872956414,516.198
694,17,14,28.711878383780427,-176.87864953939552,515.821
695,17,15,22.012118506158238,-170.23145479762576,515.555
696,17,16,15.071556894252666,-164.19833504337515,515.526
697,17,17,7.984160729343807,-158.55342958116972,515.83
698,17,18,0.8251428272722227,-153.10440028398193,516.525
699,17,19,-6.339327380026029,-147.67653091284285,517.617
700,17,20,-13.444120890524559,-142.09716794591287,519.063
701,17,21,-20.41733763685196,-136.18017506793083,520.773
702,17,22,-27.17117212213314,-129.7101554332312,522.615
703,17,23,-33.590231715435316,-122.42761649486684,524.429
704,17,24,-39.51608676386545,-114.02195540033144,526.043
705,17,25,-44.72925255353978,-104.15218178550127,527.285
706,17,26,-48.9367925162402,-92.5378958943798,528.006
707,17,27,-51.78953372121733,-79.16600425432813,528.089
708,17,28,-52.96281678665295,-64.55355218551621,527.468
709,17,29,-52.29463645562353,-49.766694651342604,526.131
710,17,30,-49.8769578102087,-35.960624961226145,524.126
711,17,31,-46.00172704119691,-23.82687586296853,521.555
712,17,32,-41.022122985285755,-13.479316001543987,518.571
713,17,33,-35.250848778151344,-4.686908251861308,515.363
714,17,34,-28.927995814403385,2.8880099539735493,512.14
715,17,35,-22.228039568842558,9.569234192292203,509.113
716,17,36,-15.277671512836141,15.631195274086831,506.478
717,17,37,-8.17216766266393,21.301100936201788,504.399
718,17,38,-0.9881025497714115,26.77268181048167,502.993
719,17,39,6.206950629948366,32.22209359826299,502.322
720,18,0,9.787931726874135,43.992592745891805,502.265
721,18,1,16.872600938756865,49.73919289464955,502.681
722,18,2,23.78564542604375,55.930137830051635,503.729
723,18,3,30.424828355917093,62.804060701319976,505.278
724,18,4,36.65246165244591,70.64981703864358,507.164
725,18,5,42.2779659623139,79.80298769632353,509.207
726,18,6,47.04077639887427,90.59480269815955,511.227
727,18,7,50.6092838628283,103.20161069833225,513.063
728,18,8,52.62862587584799,117.38257922670695,514.588
729,18,9,52.84057347598265,132.29300512824986,515.716
730,18,10,51.21654573665038,146.72671114648253,516.417
731,18,11,47.97488673014355,159.71921992908585,516.71
732,18,12,43.46255640592048,170.90269846849793,516.664
733,18,13,38.023205486786594,-179.6137851321488,516.384
734,18,14,31.933941577558485,-171.51594017293834,516.004
735,18,15,25.399021485365385,-164.46243113782288,515.666
736,18,16,18.565495767943084,-158.153221476942,515.504
737,18,17,11.541203720775972,-152.33997917245244,515.632
738,18,18,4.409354123427731,-146.8155719075844,516.127
739,18,19,-2.760415616975364,-141.39846691457726,517.023
740,18,20,-9.903425956870818,-135.91691225656186,518.3
741,18,21,-16.952170935040222,-130.1934596189013,519.892
742,18,22,-23.82808139135704,-124.02932317599151,521.687
743,18,23,-30.431235073358565,-117.18869747692698,523.536
744,18,24,-36.62689283928796,-109.38635382196797,525.272
745,18,25,-42.22831048704791,-100.29082313069377,526.721
746,18,26,-46.97979646996439,-89.57342987005418,527.719
747,18,27,-50.55486774571081,-77.05419172523023,528.133
748,18,28,-52.60171151542355,-62.95786973123949,527.869
749,18,29,-52.85923013770054,-48.10398072055138,526.888
750,18,30,-51.28935555320272,-33.68300959002618,525.207
751,18,31,-48.099329361726596,-20.666070928309022,522.902
752,18,32,-43.62881687069693,-9.439514385801674,520.103
753,18,33,-38.21871965177821,0.0907090142933353,516.982
754,18,34,-32.14613847959786,8.231473341453505,513.74
755,18,35,-25.616325661356633,15.321958459414503,510.589
756,18,36,-18.77763290582722,21.66245721688319,507.735
757,18,37,-11.739212612361934,27.50245166480439,505.361
758,18,38,-4.585619961564603,33.05044869551838,503.607
759,18,39,2.612148431793666,38.48941029386957,502.564
760,19,0,13.346313435383621,55.82361078466153,502.388
761,19,1,20.356315019259775,61.76527772102025,503.133
762,19,2,27.14705643172112,68.26494037671775,504.45
763,19,3,33.600535055798275,75.5853322234623,506.19
764,19,4,39.554971030810336,84.04103128385722,508.177
765,19,5,44.78648953878449,93.97674354493469,510.231
766,19,6,48.99702112434137,105.67318295139307,512.177
767,19,7,51.83281321489312,119.13401731481665,513.871
768,19,8,52.9687283153796,133.82015346439465,515.205
769,19,9,52.24923618821045,148.64222403883429,516.12
770,19,10,49.77744195400162,162.4404219359323,516.611
771,19,11,45.85488480423081,174.5380939749939,516.723
772,19,12,40.839630575946764,-175.16062473670553,516.545
773,19,13,35.04548548037657,-166.41357029688538,516.198
774,19,14,28.711878383780427,-158.87864220831074,515.821
775,19,15,22.012118506158238,-152.23144746654094,515.555
776,19,16,15.071556894252666,-146.19832771229036,515.526
777,19,17,7.984160729343807,-140.55342225008494,515.83
778,19,18,0.8251428272722227,-135.10439295289714,516.525
779,19,19,-6.339327380026029,-129.67652358175803,517.617
780,19,20,-13.444120890524559,-124.09716061482807,519.063
781,19,21,-20.41733763685196,-118.18016773684603,520.773
782,19,22,-27.17117212213314,-111.71014810214639,522.615
783,19,23,-33.590231715435316,-104.42760916378204,524.429
784,19,24,-39.51608676386545,-96.02194806924663,526.043
785,19,25,-44.72925255353978,-86.15217445441647,527.285
786,19,26,-48.9367925162402,-74.537888563295,528.006
787,19,27,-51.78953372121733,-61.16599692324333,528.089
788,19,28,-52.96281678665295,-46.553548269526,527.468
789,19,29,-52.29463645562353,-31.766687320257798,526.131
790,19,30,-49.8769578102087,-17.960615922594048,524.126
791,19,31,-46.00172704119691,-5.826868958770551,521.555
792,19,32,-41.022122985285755,4.520691329540815,518.571
793,19,33,-35.250848778151344,13.313099079223496,515.363
794,19,34,-28.927995814403385,20.88801792538859,512.14
795,19,35,-22.228039568842558,27.56924237715065,509.113
796,19,36,-15.277671512836141,33.63120260517164,506.478
797,19,37,-8.17216766266393,39.3011065597393,504.399
798,19,38,-0.9881025497714115,44.772689141566474,502.993
799,19,39,6.206950629948366,50.22210092934779,502.322
800,20,0,9.787931726874135,61.99260007697661,502.265
801,20,1,16.872600938756865,67.73920022573435,502.681
802,20,2,23.78564542604375,73.93014516113644,503.729
803,20,3,30.424828355917093,80.80406803240479,505.278
804,20,4,36.65246165244591,88.64982436972839,507.164
805,20,5,42.2779659623139,97.80299502740833,509.207
806,20,6,47.04077639887427,108.59481002924436,511.227
807,20,7,50.6092838628283,121.20162485960623,513.063
808,20,8,52.62862587584799,135.38258655779177,514.588
809,20,9,52.84057347598265,150.29301245933465,515.716
810,20,10,51.21654573665038,164.72671847756735,516.417
811,20,11,47.97488673014355,177.71922726017067,516.71
812,20,12,43.46255640592048,-171.0972905579516,516.664
813,20,13,38.023205486786594,-161.613777801064,516.384
814,20,14,31.933941577558485,-153.51593284185356,516.004
815,20,15,25.399021485365385,-146.46242380673806,515.666
816,20,16,18.565495767943084,-140.15321414585722,515.504
817,20,17,11.541203720775972,-134.33997184136766,515.632
818,20,18,4.409354123427731,-128.8155645764996,516.127
819,20,19,-2.760415616975364,-123.39845958349245,517.023
820,20,20,-9.903425956870818,-117.91690492547706,518.3
821,20,21,-16.952170935040222,-112.19345228781648,519.892
822,20,22,-23.82808139135704,-106.0293158449067,521.687
823,20,23,-30.431235073358565,-99.188683315653,523.536
824,20,24,-36.62689283928796,-91.38634649088317,525.272
825,20,25,-42.22831048704791,-82.29081579960896,526.721
826,20,26,-46.97979646996439,-71.57342253896938,527.719
827,20,27,-50.55486774571081,-59.05418439414542,528.133
828,20,28,-52.60171151542355,-44.95786240015469,527.869
829,20,29,-52.85923013770054,-30.103973389466574,526.888
830,20,30,-51.28935555320272,-15.68300396648867,525.207
831,20,31,-48.099329361726596,-2.6660631703373965,522.902
832,20,32,-43.62881687069693,8.560492945283128,520.103
833,20,33,-38.21871965177821,18.09071565835716,516.982
834,20,34,-32.14613847959786,26.231481526311956,513.74
835,20,35,-25.616325661356633,33.321965790499306,510.589
836,20,36,-18.77763290582722,39.66246454796799,507.735
837,20,37,-11.739212612361934,45.5024572883419,505.361
838,20,38,-4.585619961564603,51.05045602660318,503.607
839,20,39,2.612148431793666,56.48941762495437,502.564
840,21,0,13.346313435383621,73.82360787046258,502.388
841,21,1,20.356315019259775,79.76527139172671,503.133
842,21,2,27.14705643172112,86.2649340474242,504.45
843,21,3,33.600535055798275,93.58532589416878,506.19
844,21,4,39.554971030810336,102.04102495456368,508.177
845,21,5,44.78648953878449,111.97673721564115,510.231
846,21,6,48.99702112434137,123.6731834522887,512.177
847,21,7,51.83281321489312,137.1340109855231,513.871
848,21,8,52.9687283153796,151.82014713510114,515.205
849,21,9,52.24923618821045,166.64221770954074,516.12
850,21,10,49.77744195400162,-179.55958075089558,516.611
851,21,11,45.85488480423081,-167.46190871183396,516.723
852,21,12,40.839630575946764,-157.16063106599907,516.545
853,21,13,35.04548548037657,-148.41357662617892,516.198
854,21,14,28.711878383780427,-140.87864853760425,515.821
855,21,15,22.012118506158238,-134.23145379583448,515.555
856,21,16,15.071556894252666,-128.19833404158388,515.526
857,21,17,7.984160729343807,-122.55342857937848,515.83
858,21,18,0.8251428272722227,-117.10439928219067,516.525
859,21,19,-6.339327380026029,-111.67652991105159,517.617
860,21,20,-13.444120890524559,-106.09716694412161,519.063
861,21,21,-20.41733763685196,-100.18017406613956,520.773
862,21,22,-27.17117212213314,-93.71015443143992,522.615
863,21,23,-33.590231715435316,-86.42761549307556,524.429
864,21,24,-39.51608676386545,-78.02195439854016,526.043
865,21,25,-44.72925255353978,-68.15218078371,527.285
866,21,26,-48.9367925162402,-56.53789830768312,528.006
867,21,27,-51.78953372121733,-43.16600325253687,528.089
868,21,28,-52.96281678665295,-28.55355459881953,527.468
869,21,29,-52.29463645562353,-13.766694503324981,526.131
870,21,30,-49.8769578102087,0.03937746796793833,524.126
871,21,31,-46.00172704119691,12.173125138822735,521.555
872,21,32,-41.022122985285755,22.520685854020925,518.571
873,21,33,-35.250848778151344,31.313091042382666,515.363
874,21,34,-28.927995814403385,38.88800988854776,512.14
875,21,35,-22.228039568842558,45.56923604785712,509.113
876,21,36,-15.277671512836141,51.6311962758781,506.478
877,21,37,-8.17216766266393,57.30110023044576,504.399
878,21,38,-0.9881025497714115,62.77268281227294,502.993
879,21,39,6.206950629948366,68.22209460005425,502.322
880,22,0,9.787931726874135,79.99259374768307,502.265
881,22,1,16.872600938756865,85.73919389644081,502.681
882,22,2,23.78564542604375,91.9301388318429,503.729
883,22,3,30.424828355917093,98.80406170311124,505.278
884,22,4,36.65246165244591,106.64981804043485,507.164
885,22,5,42.2779659623139,115.80298869811479,509.207
886,22,6,47.04077639887427,126.59479686976165,511.227
887,22,7,50.6092838628283,139.2016185303127,513.063
888,22,8,52.62862587584799,153.38258022849823,514.588
889,22,9,52.84057347598265,168.2930061300411,515.716
890,22,10,51.21654573665038,-177.27329786963887,516.417
891,22,11,47.97488673014355,-164.28077542665721,516.71
892,22,12,43.46255640592048,-153.09729688724514,516.664
893,22,13,38.023205486786594,-143.61378413035752,516.384
894,22,14,31.933941577558485,-135.5159391711471,516.004
895,22,15,25.399021485365385,-128.4624301360316,515.666
896,22,16,18.565495767943084,-122.15322047515075,515.504
897,22,17,11.541203720775972,-116.33997817066118,515.632
898,22,18,4.409354123427731,-110.81557090579314,516.127
899,22,19,-2.760415616975364,-105.39846591278598,517.023
900,22,20,-9.903425956870818,-99.9169112547706,518.3
901,22,21,-16.952170935040222,-94.19345861711002,519.892
902,22,22,-23.82808139135704,-88.02932217420023,521.687
903,22,23,-30.431235073358565,-81.18868964494654,523.536
904,22,24,-36.62689283928796,-73.3863528201767,525.272
905,22,25,-42.22831048704791,-64.2908221289025,526.721
906,22,26,-46.97979646996439,-53.57343228335751,527.719
907,22,27,-50.55486774571081,-41.054194138533546,528.133
908,22,28,-52.60171151542355,-26.957868729448226,527.869
909,22,29,-52.85923013770054,-12.103978011212819,526.888
910,22,30,-51.28935555320272,2.316990131104616,525.207
911,22,31,-48.099329361726596,15.333930073482243,522.902
912,22,32,-43.62881687069693,26.560486615989593,520.103
913,22,33,-38.21871965177821,36.09070932906362,516.982
914,22,34,-32.14613847959786,44.23147519701842,513.74
915,22,35,-25.616325661356633,51.32195946120577,510.589
916,22,36,-18.77763290582722,57.66245821867446,507.735
917,22,37,-11.739212612361934,63.50245437414295,505.361
918,22,38,-4.585619961564603,69.05045311240423,503.607
919,22,39,2.612148431793666,74.48940788056625,502.564
920,23,0,13.346313435383621,91.82361520154738,502.388
921,23,1,20.356315019259775,97.76527872281152,503.133
922,23,2,27.14705643172112,104.26494137850901,504.45
923,23,3,33.600535055798275,111.58533322525358,506.19
924,23,4,39.554971030810336,120.04103911583766,508.177
925,23,5,44.78648953878449,129.97673771653677,510.231
926,23,6,48.99702112434137,141.6731907833735,512.177
927,23,7,51.83281321489312,155.13401831660792,513.871
928,23,8,52.9687283153796,169.82015446618593,515.205
929,23,9,52.24923618821045,-175.35777131690878,516.12
930,23,10,49.77744195400162,-161.55957341981076,516.611
931,23,11,45.85488480423081,-149.46190138074917,516.723
932,23,12,40.839630575946764,-139.16062373491428,516.545
933,23,13,35.04548548037657,-130.41356929509413,516.198
934,23,14,28.711878383780427,-122.87864120651946,515.821
935,23,15,22.012118506158238,-116.23144646474968,515.555
936,23,16,15.071556894252666,-110.19833354068825,515.526
937,23,17,7.984160729343807,-104.55342807848284,515.83
938,23,18,0.8251428272722227,-99.1043851209167,516.525
939,23,19,-6.339327380026029,-93.67652257996679,517.617
940,23,20,-13.444120890524559,-88.09715961303681,519.063
941,23,21,-20.41733763685196,-82.18016673505475,520.773
942,23,22,-27.17117212213314,-75.71014710035512,522.615
943,23,23,-33.590231715435316,-68.42760816199076,524.429
944,23,24,-39.51608676386545,-60.021947067455365,526.043
945,23,25,-44.72925255353978,-50.1521734526252,527.285
946,23,26,-48.9367925162402,-38.53789097659832,528.006
947,23,27,-51.78953372121733,-25.165995921452062,528.089
948,23,28,-52.96281678665295,-10.553546413961081,527.468
949,23,29,-52.29463645562353,4.233313254646645,526.131
950,23,30,-49.8769578102087,18.03938507919722,524.126
951,23,31,-46.00172704119691,30.17313246990754,521.555
952,23,32,-41.022122985285755,40.52069147755844,518.571
953,23,33,-35.250848778151344,49.31309837346747,515.363
954,23,34,-28.927995814403385,56.88801721963256,512.14
955,23,35,-22.228039568842558,63.56923996384734,509.113
956,23,36,-15.277671512836141,69.6312036069629,506.478
957,23,37,-8.17216766266393,75.30110756153057,504.399
958,23,38,-0.9881025497714115,80.77269014335774,502.993
959,23,39,6.206950629948366,86.22210193113905,502.322
960,24,0,9.787931726874135,97.99260107876788,502.265
961,24,1,16.872600938756865,103.73920122752561,502.681
962,24,2,23.78564542604375,109.9301461629277,503.729
963,24,3,30.424828355917093,116.80407586438521,505.278
964,24,4,36.65246165244591,124.64983220170882,507.164
965,24,5,42.2779659623139,133.8029960291996,509.207
966,24,6,47.04077639887427,144.59480420084645,511.227
967,24,7,50.6092838628283,157.2016258613975,513.063
968,24,8,52.62862587584799,171.38258755958302,514.588
969,24,9,52.84057347598265,-173.70698289640842,515.716
970,24,10,51.21654573665038,-159.27329053855405,516.417
971,24,11,47.97488673014355,-146.2807680955724,516.71
972,24,12,43.46255640592048,-135.09728955616032,516.664
973,24,13,38.023205486786594,-125.61377679927273,516.384
974,24,14,31.933941577558485,-117.51593184006228,516.004
975,24,15,25.399021485365385,-110.4624228049468,515.666
976,24,16,18.565495767943084,-104.15321314406594,515.504
977,24,17,11.541203720775972,-98.33997766976556,515.632
978,24,18,4.409354123427731,-92.81556357470834,516.127
979,24,19,-2.760415616975364,-87.39845858170118,517.023
980,24,20,-9.903425956870818,-81.91690392368578,518.3
981,24,21,-16.952170935040222,-76.19345128602522,519.892
982,24,22,-23.82808139135704,-70.02931484311543,521.687
983,24,23,-30.431235073358565,-63.18868231386173,523.536
984,24,24,-36.62689283928796,-55.38634207399731,525.272
985,24,25,-42.22831048704791,-46.290814797817696,526.721
986,24,26,-46.97979646996439,-35.5734249522727,527.719
987,24,27,-50.55486774571081,-23.054185099901453,528.133
988,24,28,-52.60171151542355,-8.957861398363423,527.869
989,24,29,-52.85923013770054,5.896028892985162,526.888
990,24,30,-51.28935555320272,20.316997035302595,525.207
991,24,31,-48.099329361726596,33.33393911211434,522.902
992,24,32,-43.62881687069693,44.5604922395271,520.103
993,24,33,-38.21871965177821,54.09071666014842,516.982
994,24,34,-32.14613847959786,62.23147911300864,513.74
995,24,35,-25.616325661356633,69.32196679229057,510.589
996,24,36,-18.77763290582722,75.66246554975926,507.735
997,24,37,-11.739212612361934,81.50246170522776,505.361
998,24,38,-4.585619961564603,87.05046044348903,503.607
999,24,39,2.612148431793666,92.48941521165105,502.564
1000,25,0,13.346313435383621,109.82360887225384,502.388
1001,25,1,20.356315019259775,115.76527239351798,503.133
1002,25,2,27.14705643172112,122.26493504921547,504.45
1003,25,3,33.600535055798275,129.58532689596004,506.19
1004,25,4,39.554971030810336,138.04103278654412,508.177
1005,25,5,44.78648953878449,147.97673138724326,510.231
1006,25,6,48.99702112434137,159.67318445407997,512.177
1007,25,7,51.83281321489312,173.13401198731438,513.871
1008,25,8,52.9687283153796,-172.1798618810203,515.205
1009,25,9,52.24923618821045,-157.35777764620232,516.12
1010,25,10,49.77744195400162,-143.5595797491043,516.611
1011,25,11,45.85488480423081,-131.4619077100427,516.723
1012,25,12,40.839630575946764,-121.16063006420781,516.545
1013,25,13,35.04548548037657,-112.41357562438766,516.198
1014,25,14,28.711878383780427,-104.87865436600217,515.821
1015,25,15,22.012118506158238,-98.23144596385406,515.555
1016,25,16,15.071556894252666,-92.1983398699818,515.526
1017,25,17,7.984160729343807,-86.55343440777638,515.83
1018,25,18,0.8251428272722227,-81.10439145021024,516.525
1019,25,19,-6.339327380026029,-75.67652890926031,517.617
1020,25,20,-13.444120890524559,-70.09716594233034,519.063
1021,25,21,-20.41733763685196,-64.1801730643483,520.773
1022,25,22,-27.17117212213314,-57.710153429648656,522.615
1023,25,23,-33.590231715435316,-50.4276144912843,524.429
1024,25,24,-39.51608676386545,-42.0219533967489,526.043
1025,25,25,-44.72925255353978,-32.15217978191873,527.285
1026,25,26,-48.9367925162402,-20.537895598344562,528.006
1027,25,27,-51.78953372121733,-7.166003104519244,528.089
1028,25,28,-52.96281678665295,7.446447256745382,527.468
1029,25,29,-52.29463645562353,22.23330735223993,526.131
1030,25,30,-49.8769578102087,36.03937704235639,524.126
1031,25,31,-46.00172704119691,48.173126140614,521.555
1032,25,32,-41.022122985285755,58.5206851482649,518.571
1033,25,33,-35.250848778151344,67.31309204417393,515.363
1034,25,34,-28.927995814403385,74.88801089033902,512.14
1035,25,35,-22.228039568842558,81.5692336345538,509.113
1036,25,36,-15.277671512836141,87.63119727766936,506.478
1037,25,37,-8.17216766266393,93.30110123223703,504.399
1038,25,38,-0.9881025497714115,98.77268381406421,502.993
1039,25,39,6.206950629948366,104.22209560184552,502.322
1040,26,0,9.787931726874135,115.99260840985268,502.265
1041,26,1,16.872600938756865,121.7392153887996,502.681
1042,26,2,23.78564542604375,127.9301534940125,503.729
1043,26,3,30.424828355917093,134.80408319547,505.278
1044,26,4,36.65246165244591,142.64983953279364,507.164
1045,26,5,42.2779659623139,151.8030033602844,509.207
1046,26,6,47.04077639887427,162.59481153193127,511.227
1047,26,7,50.6092838628283,175.2016331924823,513.063
1048,26,8,52.62862587584799,-170.6174014668665,514.588
1049,26,9,52.84057347598265,-155.7069755653236,515.716
1050,26,10,51.21654573665038,-141.27328320746926,516.417
1051,26,11,47.97488673014355,-128.2807607644876,516.71
1052,26,12,43.46255640592048,-117.09728222507552,516.664
1053,26,13,38.023205486786594,-107.61377629837709,516.384
1054,26,14,31.933941577558485,-99.51592450897748,516.004
1055,26,15,25.399021485365385,-92.462415473862,515.666
1056,26,16,18.565495767943084,-86.15320581298114,515.504
1057,26,17,11.541203720775972,-80.33997033868076,515.632
1058,26,18,4.409354123427731,-74.81555624362353,516.127
1059,26,19,-2.760415616975364,-69.39845125061638,517.023
1060,26,20,-9.903425956870818,-63.916896592600985,518.3
1061,26,21,-16.952170935040222,-58.19344395494042,519.892
1062,26,22,-23.82808139135704,-52.029307512030634,521.687
1063,26,23,-30.431235073358565,-45.18867839787151,523.536
1064,26,24,-36.62689283928796,-37.38633474291251,525.272
1065,26,25,-42.22831048704791,-28.290807466732893,526.721
1066,26,26,-46.97979646996439,-17.5734176211879,527.719
1067,26,27,-50.55486774571081,-5.054178622590294,528.133
1068,26,28,-52.60171151542355,9.04214593272138,527.869
1069,26,29,-52.85923013770054,23.896036650956788,526.888
1070,26,30,-51.28935555320272,38.31700607393469,525.207
1071,26,31,-48.099329361726596,51.333946443199146,522.902
1072,26,32,-43.62881687069693,62.56050298570649,520.103
1073,26,33,-38.21871965177821,72.09072740632782,516.982
1074,26,34,-32.14613847959786,80.23148644409343,513.74
1075,26,35,-25.616325661356633,87.32197412337538,510.589
1076,26,36,-18.77763290582722,93.66247288084406,507.735
1077,26,37,-11.739212612361934,99.50246903631256,505.361
1078,26,38,-4.585619961564603,105.05046777457383,503.607
1079,26,39,2.612148431793666,110.48942254273585,502.564
1080,27,0,13.346313435383621,127.8236025429603,502.388
1081,27,1,20.356315019259775,133.76526606422445,503.133
1082,27,2,27.14705643172112,140.26492871992193,504.45
1083,27,3,33.600535055798275,147.5853205666665,506.19
1084,27,4,39.554971030810336,156.04102645725058,508.177
1085,27,5,44.78648953878449,165.97672505794972,510.231
1086,27,6,48.99702112434137,177.67317812478643,512.177
1087,27,7,51.83281321489312,-168.86599069951347,513.871
1088,27,8,52.9687283153796,-154.1798682103138,515.205
1089,27,9,52.24923618821045,-139.35778397549586,516.12
1090,27,10,49.77744195400162,-125.55958607839784,516.611
1091,27,11,45.85488480423081,-113.4619208695254,516.723
1092,27,12,40.839630575946764,-103.16064322369051,516.545
1093,27,13,35.04548548037657,-94.4135819536812,516.198
1094,27,14,28.711878383780427,-86.8786606952957,515.821
1095,27,15,22.012118506158238,-80.23145229314758,515.555
1096,27,16,15.071556894252666,-74.19834619927532,515.526
1097,27,17,7.984160729343807,-68.5534407370699,515.83
1098,27,18,0.8251428272722227,-63.10439777950378,516.525
1099,27,19,-6.339327380026029,-57.67653523855385,517.617
1100,27,20,-13.444120890524559,-52.097175686718465,519.063
1101,27,21,-20.41733763685196,-46.18017939364183,520.773
1102,27,22,-27.17117212213314,-39.71015634384761,522.615
1103,27,23,-33.590231715435316,-32.427620820577836,524.429
1104,27,24,-39.51608676386545,-24.021958018495145,526.043
1105,27,25,-44.72925255353978,-14.15218611121227,527.285
1106,27,26,-48.9367925162402,-2.5379023545249235,528.006
1107,27,27,-51.78953372121733,10.83399056618722,528.089
1108,27,28,-52.96281678665295,25.4464400736782,527.468
1109,27,29,-52.29463645562353,40.23330102294639,526.131
1110,27,30,-49.8769578102087,54.03937071306285,524.126
1111,27,31,-46.00172704119691,66.17311981132046,521.555
1112,27,32,-41.022122985285755,76.52067881897136,518.571
1113,27,33,-35.250848778151344,85.3130857148804,515.363
1114,27,34,-28.927995814403385,92.88800456104549,512.14
1115,27,35,-22.228039568842558,99.56922730526026,509.113
1116,27,36,-15.277671512836141,105.63119094837583,506.478
1117,27,37,-8.17216766266393,111.30109490294349,504.399
1118,27,38,-0.9881025497714115,116.7726706545815,502.993
1119,27,39,6.206950629948366,122.22209610274115,502.322
1120,28,0,9.787931726874135,133.9925884201808,502.265
1121,28,1,16.872600938756865,139.7391953991277,502.681
1122,28,2,23.78564542604375,145.93013350434063,503.729
1123,28,3,30.424828355917093,152.80406320579814,505.278
1124,28,4,36.65246165244591,160.64981954312174,507.164
1125,28,5,42.2779659623139,169.8029833706125,509.207
1126,28,6,47.04077639887427,-179.40520481527494,511.227
1127,28,7,50.6092838628283,-166.79839681510225,513.063
1128,28,8,52.62862587584799,-152.61742145653838,514.588
1129,28,9,52.84057347598265,-137.70699555499547,515.716
1130,28,10,51.21654573665038,-123.27330319714113,516.417
1131,28,11,47.97488673014355,-110.28078075415948,516.71
1132,28,12,43.46255640592048,-99.09730904493657,516.664
1133,28,13,38.023205486786594,-89.61379628804896,516.384
1134,28,14,31.933941577558485,-81.51594449864936,516.004
1135,28,15,25.399021485365385,-74.46243546353386,515.666
1136,28,16,18.565495767943084,-68.15322580265301,515.504
1137,28,17,11.541203720775972,-62.33999032835263,515.632
1138,28,18,4.409354123427731,-56.81557964838999,516.127
1139,28,19,-2.760415616975364,-51.39847465538284,517.023
1140,28,20,-9.903425956870818,-45.91691658227286,518.3
1141,28,21,-16.952170935040222,-40.19346735970688,519.892
1142,28,22,-23.82808139135704,-34.02932750170251,521.687
1143,28,23,-30.431235073358565,-27.1886966799961,523.536
1144,28,24,-36.62689283928796,-19.386354732584387,525.272
1145,28,25,-42.22831048704791,-10.290828310178417,526.721
1146,28,26,-46.97979646996439,0.4265624958619271,527.719
1147,28,27,-50.55486774571081,12.945801387737829,528.133
1148,28,28,-52.60171151542355,27.042125943049502,527.869
1149,28,29,-52.85923013770054,41.89601495373762,526.888
1150,28,30,-51.28935555320272,56.316986084262815,525.207
1151,28,31,-48.099329361726596,69.33392645352727,522.902
1152,28,32,-43.62881687069693,80.56048299603461,520.103
1153,28,33,-38.21871965177821,90.09070741665593,516.982
1154,28,34,-32.14613847959786,98.23146645442156,513.74
1155,28,35,-25.616325661356633,105.3219541337035,510.589
1156,28,36,-18.77763290582722,111.6624528911722,507.735
1157,28,37,-11.739212612361934,117.50244904664068,505.361
1158,28,38,-4.585619961564603,123.05044778490196,503.607
1159,28,39,2.612148431793666,128.48940938325316,502.564
1160,29,0,13.346313435383621,145.8236098740451,502.388
1161,29,1,20.356315019259775,151.76527339530924,503.133
1162,29,2,27.14705643172112,158.26493605100674,504.45
1163,29,3,33.600535055798275,165.5853278977513,506.19
1164,29,4,39.554971030810336,174.0410337883354,508.177
1165,29,5,44.78648953878449,-176.0232639684998,510.231
1166,29,6,48.99702112434137,-164.32682456204142,512.177
1167,29,7,51.83281321489312,-150.8659833684287,513.871
1168,29,8,52.9687283153796,-136.179860879229,515.205
1169,29,9,52.24923618821045,-121.35777664441106,516.12
1170,29,10,49.77744195400162,-107.55957874731304,516.611
1171,29,11,45.85488480423081,-95.4619135384406,516.723
1172,29,12,40.839630575946764,-85.16063589260571,516.545
1173,29,13,35.04548548037657,-76.4135746225964,516.198
1174,29,14,28.711878383780427,-68.87865336421089,515.821
1175,29,15,22.012118506158238,-62.23144496206279,515.555
1176,29,16,15.071556894252666,-56.198338868190525,515.526
1177,29,17,7.984160729343807,-50.5534334059851,515.83
1178,29,18,0.8251428272722227,-45.104390448418975,516.525
1179,29,19,-6.339327380026029,-39.67652449237446,517.617
1180,29,20,-13.444120890524559,-34.09716835563366,519.063
1181,29,21,-20.41733763685196,-28.180172062557027,520.773
1182,29,22,-27.17117212213314,-21.710150720310097,522.615
1183,29,23,-33.590231715435316,-14.427611781945743,524.429
1184,29,24,-39.51608676386545,-6.0219511142971625,526.043
1185,29,25,-44.72925255353978,3.8478216467593565,527.285
1186,29,26,-48.9367925162402,15.462105403446703,528.006
1187,29,27,-51.78953372121733,28.83399875104567,528.089
1188,29,28,-52.96281678665295,43.446447404763006,527.468
1189,29,29,-52.29463645562353,58.23330493893661,526.131
1190,29,30,-49.8769578102087,72.03937804414765,524.126
1191,29,31,-46.00172704119691,84.17312714240526,521.555
1192,29,32,-41.022122985285755,94.52068615005616,518.571
1193,29,33,-35.250848778151344,103.3130930459652,515.363
1194,29,34,-28.927995814403385,110.8880118921303,512.14
1195,29,35,-22.228039568842558,117.56923463634506,509.113
1196,29,36,-15.277671512836141,123.63119144927145,506.478
1197,29,37,-8.17216766266393,129.30110906421746,504.399
1198,29,38,-0.9881025497714115,134.7726779856663,502.993
1199,29,39,6.206950629948366,140.22210343382596,502.322
1200,30,0,9.787931726874135,151.9925957512656,502.265
1201,30,1,16.872600938756865,157.73920273021253,502.681
1202,30,2,23.78564542604375,163.93014083542545,503.729
1203,30,3,30.424828355917093,170.80407053688293,505.278
1204,30,4,36.65246165244591,178.64982687420655,507.164
1205,30,5,42.2779659623139,-172.19700565583702,509.207
1206,30,6,47.04077639887427,-161.40519748419015,511.227
1207,30,7,50.6092838628283,-148.79838948401743,513.063
1208,30,8,52.62862587584799,-134.61741412545356,514.588
1209,30,9,52.84057347598265,-119.70698822391067,515.716
1210,30,10,51.21654573665038,-105.27328903586717,516.417
1211,30,11,47.97488673014355,-92.28077342307468,516.71
1212,30,12,43.46255640592048,-81.09730171385176,516.664
1213,30,13,38.023205486786594,-71.61378895696416,516.384
1214,30,14,31.933941577558485,-63.51593716756455,516.004
1215,30,15,25.399021485365385,-56.46242813244907,515.666
1216,30,16,18.565495767943084,-50.15321847156821,515.504
1217,30,17,11.541203720775972,-44.339982997267825,515.632
1218,30,18,4.409354123427731,-38.81557231730519,516.127
1219,30,19,-2.760415616975364,-33.39846732429803,517.023
1220,30,20,-9.903425956870818,-27.916909251188056,518.3
1221,30,21,-16.952170935040222,-22.193460028622077,519.892
1222,30,22,-23.82808139135704,-16.029320170617705,521.687
1223,30,23,-30.431235073358565,-9.188689348911296,523.536
1224,30,24,-36.62689283928796,-1.3863477216647004,525.272
1225,30,25,-42.22831048704791,7.709179020906386,526.721
1226,30,26,-46.97979646996439,18.426569720225025,527.719
1227,30,27,-50.55486774571081,30.945807865048987,528.133
1228,30,28,-52.60171151542355,45.04213327413431,527.869
1229,30,29,-52.85923013770054,59.896025699917004,526.888
1230,30,30,-51.28935555320272,74.31699341534762,525.207
1231,30,31,-48.099329361726596,87.33393378461207,522.902
1232,30,32,-43.62881687069693,98.56049032711942,520.103
1233,30,33,-38.21871965177821,108.09071474774073,516.982
1234,30,34,-32.14613847959786,116.23147378550637,513.74
1235,30,35,-25.616325661356633,123.3219614647883,510.589
1236,30,36,-18.77763290582722,129.66246705244617,507.735
1237,30,37,-11.739212612361934,135.50245637772548,505.361
1238,30,38,-4.585619961564603,141.05045511598675,503.607
1239,30,39,2.612148431793666,146.48941671433795,502.564
1240,31,0,13.346313435383621,163.82361720512992,502.388
1241,31,1,20.356315019259775,169.76528072639405,503.133
1242,31,2,27.14705643172112,176.26494338209153,504.45
1243,31,3,33.600535055798275,-176.4146611286982,506.19
1244,31,4,39.554971030810336,-167.9589688984925,508.177
1245,31,5,44.78648953878449,-158.02325663741502,510.231
1246,31,6,48.99702112434137,-146.32681723095664,512.177
1247,31,7,51.83281321489312,-132.86597603734387,513.871
1248,31,8,52.9687283153796,-118.17985354814421,515.205
1249,31,9,52.24923618821045,-103.35777614351542,516.12
1250,31,10,49.77744195400162,-89.55957141622824,516.611
1251,31,11,45.85488480423081,-77.4619062073558,516.723
1252,31,12,40.839630575946764,-67.16062856152091,516.545
1253,31,13,35.04548548037657,-58.41356729151159,516.198
1254,31,14,28.711878383780427,-50.878642618031506,515.821
1255,31,15,22.012118506158238,-44.231437630977986,515.555
1256,31,16,15.071556894252666,-38.19833153710572,515.526
1257,31,17,7.984160729343807,-32.5534260749003,515.83
1258,31,18,0.8251428272722227,-27.10438311733417,516.525
1259,31,19,-6.339327380026029,-21.676517161289663,517.617
1260,31,20,-13.444120890524559,-16.097161024548857,519.063
1261,31,21,-20.41733763685196,-10.180164731472225,520.773
1262,31,22,-27.17117212213314,-3.7101433892252937,522.615
1263,31,23,-33.590231715435316,3.572394908808827,524.429
1264,31,24,-39.51608676386545,11.978056643674464,526.043
1265,31,25,-44.72925255353978,21.847828550957338,527.285
1266,31,26,-48.9367925162402,33.46211102698421,528.006
1267,31,27,-51.78953372121733,46.83400608213047,528.089
1268,31,28,-52.96281678665295,61.44645815094239,527.468
1269,31,29,-52.29463645562353,76.23331227002141,526.131
1270,31,30,-49.8769578102087,90.03938537523246,524.126
1271,31,31,-46.00172704119691,102.17313447349007,521.555
1272,31,32,-41.022122985285755,112.52069348114097,518.571
1273,31,33,-35.250848778151344,121.31310720723917,515.363
1274,31,34,-28.927995814403385,128.88801922321508,512.14
1275,31,35,-22.228039568842558,135.56924196742986,509.113
1276,31,36,-15.277671512836141,141.63119878035627,506.478
1277,31,37,-8.17216766266393,147.30111639530227,504.399
1278,31,38,-0.9881025497714115,152.7726853167511,502.993
1279,31,39,6.206950629948366,158.22211076491075,502.322
1280,32,0,9.787931726874135,169.9926030823504,502.265
1281,32,1,16.872600938756865,175.7392100612973,502.681
1282,32,2,23.78564542604375,-178.06984819102408,503.729
1283,32,3,30.424828355917093,-171.19593214994492,505.278
1284,32,4,36.65246165244591,-163.3501758126213,507.164
1285,32,5,42.2779659623139,-154.1969983247522,509.207
1286,32,6,47.04077639887427,-143.40519015310534,511.227
1287,32,7,50.6092838628283,-130.79838215293265,513.063
1288,32,8,52.62862587584799,-116.61740679436876,514.588
1289,32,9,52.84057347598265,-101.70698089282587,515.716
1290,32,10,51.21654573665038,-87.27328170478236,516.417
1291,32,11,47.97488673014355,-74.28076609198988,516.71
1292,32,12,43.46255640592048,-63.09729438276696,516.664
1293,32,13,38.023205486786594,-53.61377821078477,516.384
1294,32,14,31.933941577558485,-45.51592983647975,516.004
1295,32,15,25.399021485365385,-38.46242080136427,515.666
1296,32,16,18.565495767943084,-32.15321114048341,515.504
1297,32,17,11.541203720775972,-26.33997395863573,515.632
1298,32,18,4.409354123427731,-20.815563278673093,516.127
1299,32,19,-2.760415616975364,-15.398459993213232,517.023
1300,32,20,-9.903425956870818,-9.916901920103253,518.3
1301,32,21,-16.952170935040222,-4.193452697537274,519.892
1302,32,22,-23.82808139135704,1.9706863066934528,521.687
1303,32,23,-30.431235073358565,8.811317982173508,523.536
1304,32,24,-36.62689283928796,16.61365992958522,525.272
1305,32,25,-42.22831048704791,25.709187205764835,526.721
1306,32,26,-46.97979646996439,36.42657705130983,527.719
1307,32,27,-50.55486774571081,48.945815196133786,528.133
1308,32,28,-52.60171151542355,63.04214060521911,527.869
1309,32,29,-52.85923013770054,77.8960330310018,526.888
1310,32,30,-51.28935555320272,92.31700074643243,525.207
1311,32,31,-48.099329361726596,105.33394111569687,522.902
1312,32,32,-43.62881687069693,116.56049765820423,520.103
1313,32,33,-38.21871965177821,126.09071524863637,516.982
1314,32,34,-32.14613847959786,134.23148111659117,513.74
1315,32,35,-25.616325661356633,141.32196879587312,510.589
1316,32,36,-18.77763290582722,147.66247438353096,507.735
1317,32,37,-11.739212612361934,153.5024637088103,505.361
1318,32,38,-4.585619961564603,159.05046244707157,503.607
1319,32,39,2.612148431793666,164.48942404542277,502.564
1320,33,0,13.346313435383621,-178.1763718213196,502.388
1321,33,1,20.356315019259775,-172.23470830005547,503.133
1322,33,2,27.14705643172112,-165.735045644358,504.45
1323,33,3,33.600535055798275,-158.41465379761343,506.19
1324,33,4,39.554971030810336,-149.95896156740767,508.177
1325,33,5,44.78648953878449,-140.0232493063302,510.231
1326,33,6,48.99702112434137,-128.32680989987182,512.177
1327,33,7,51.83281321489312,-114.86596870625908,513.871
1328,33,8,52.9687283153796,-100.17983938687023,515.205
1329,33,9,52.24923618821045,-85.35776881243062,516.12
1330,33,10,49.77744195400162,-71.55956408514344,516.611
1331,33,11,45.85488480423081,-59.46189887627099,516.723
1332,33,12,40.839630575946764,-49.16062123043611,516.545
1333,33,13,35.04548548037657,-40.4135565453322,516.198
1334,33,14,28.711878383780427,-32.878635286946704,515.821
1335,33,15,22.012118506158238,-26.23143029989318,515.555
1336,33,16,15.071556894252666,-20.198324206020917,515.526
1337,33,17,7.984160729343807,-14.553418743815499,515.83
1338,33,18,0.8251428272722227,-9.104376640023013,516.525
1339,33,19,-6.339327380026029,-3.6765098302048584,517.617
1340,33,20,-13.444120890524559,1.9028471603095936,519.063
1341,33,21,-20.41733763685196,7.819842599612579,520.773
1342,33,22,-27.17117212213314,14.28986394185951,522.615
1343,33,23,-33.590231715435316,21.572402880223866,524.429
1344,33,24,-39.51608676386545,29.978062267211975,526.043
1345,33,25,-44.72925255353978,39.84783588204214,527.285
1346,33,26,-48.9367925162402,51.46211835806902,528.006
1347,33,27,-51.78953372121733,64.83401341321527,528.089
1348,33,28,-52.96281678665295,79.4464654820272,527.468
1349,33,29,-52.29463645562353,94.23331960110622,526.131
1350,33,30,-49.8769578102087,108.03939270631726,524.126
1351,33,31,-46.00172704119691,120.1731349743857,521.555
1352,33,32,-41.022122985285755,130.52070764241495,518.571
1353,33,33,-35.250848778151344,139.313114538324,515.363
1354,33,34,-28.927995814403385,146.8880265542999,512.14
1355,33,35,-22.228039568842558,153.56924929851468,509.113
1356,33,36,-15.277671512836141,159.63120611144106,506.478
1357,33,37,-8.17216766266393,165.30112372638706,504.399
1358,33,38,-0.9881025497714115,170.7726926478359,502.993
1359,33,39,6.206950629948366,176.22211809599557,502.322
1360,34,0,9.787931726874135,-172.00741326485578,502.265
1361,34,1,16.872600938756865,-166.26081994628723,502.681
1362,34,2,23.78564542604375,-160.06986818069598,503.729
1363,34,3,30.424828355917093,-153.1959521396168,505.278
1364,34,4,36.65246165244591,-145.3501958022932,507.164
1365,34,5,42.2779659623139,-136.19701831442407,509.207
1366,34,6,47.04077639887427,-125.40521014277721,511.227
1367,34,7,50.6092838628283,-112.79839531241535,513.063
1368,34,8,52.62862587584799,-98.61742678404065,514.588
1369,34,9,52.84057347598265,-83.70700088249775,515.716
1370,34,10,51.21654573665038,-69.27330169445423,516.417
1371,34,11,47.97488673014355,-56.280789496756334,516.71
1372,34,12,43.46255640592048,-45.09731437243884,516.664
1373,34,13,38.023205486786594,-35.61379820045665,516.384
1374,34,14,31.933941577558485,-27.51595153369892,516.004
1375,34,15,25.399021485365385,-20.46244079103614,515.666
1376,34,16,18.565495767943084,-14.153231130155282,515.504
1377,34,17,11.541203720775972,-8.339993948307606,515.632
1378,34,18,4.409354123427731,-2.8155834817883805,516.127
1379,34,19,-2.760415616975364,2.601520657445126,517.023
1380,34,20,-9.903425956870818,8.08307809022487,518.3
1381,34,21,-16.952170935040222,13.80652731279085,519.892
1382,34,22,-23.82808139135704,19.970667170795224,521.687
1383,34,23,-30.431235073358565,26.81129799250163,523.536
1384,34,24,-36.62689283928796,34.61363993991334,525.272
1385,34,25,-42.22831048704791,43.70916721609296,526.721
1386,34,26,-46.97979646996439,54.42655706163795,527.719
1387,34,27,-50.55486774571081,66.94579862155649,528.133
1388,34,28,-52.60171151542355,81.04212061554723,527.869
1389,34,29,-52.85923013770054,95.89601304132994,526.888
1390,34,30,-51.28935555320272,110.31698075676054,525.207
1391,34,31,-48.099329361726596,123.33391429583583,522.902
1392,34,32,-43.62881687069693,134.56047766853234,520.103
1393,34,33,-38.21871965177821,144.0906952589645,516.982
1394,34,34,-32.14613847959786,152.2314611269193,513.74
1395,34,35,-25.616325661356633,159.32194880620122,510.589
1396,34,36,-18.77763290582722,165.6624543938591,507.735
1397,34,37,-11.739212612361934,171.5024437191384,505.361
1398,34,38,-4.585619961564603,177.0504424573997,503.607
1399,34,39,2.612148431793666,-177.51060596216178,502.564
1400,35,0,13.346313435383621,-160.17639181099148,502.388
1401,35,1,20.356315019259775,-154.23472828972734,503.133
1402,35,2,27.14705643172112,-147.73506563402987,504.45
1403,35,3,33.600535055798275,-140.4146737872853,506.19
1404,35,4,39.554971030810336,-131.95898155707954,508.177
1405,35,5,44.78648953878449,-122.02326929600208,510.231
1406,35,6,48.99702112434137,-110.32682305935454,512.177
1407,35,7,51.83281321489312,-96.86599552612013,513.871
1408,35,8,52.9687283153796,-82.17985937654211,515.205
1409,35,9,52.24923618821045,-67.35778880210249,516.12
1410,35,10,49.77744195400162,-53.559587489909894,516.611
1411,35,11,45.85488480423081,-41.46191886594287,516.723
1412,35,12,40.839630575946764,-31.160641220107983,516.545
1413,35,13,35.04548548037657,-22.41357824255137,516.198
1414,35,14,28.711878383780427,-14.87865527661858,515.821
1415,35,15,22.012118506158238,-8.231451143338703,515.555
1416,35,16,15.071556894252666,-2.1983433419191476,515.526
1417,35,17,7.984160729343807,3.446561906842859,515.83
1418,35,18,0.8251428272722227,8.89560337030511,516.525
1419,35,19,-6.339327380026029,14.323470180123264,517.617
1420,35,20,-13.444120890524559,19.902826316864072,519.063
1421,35,21,-20.41733763685196,25.8198226099407,520.773
1422,35,22,-27.17117212213314,32.28984565973492,522.615
1423,35,23,-33.590231715435316,39.572381183004694,524.429
1424,35,24,-39.51608676386545,47.9780422775401,526.043
1425,35,25,-44.72925255353978,57.847815892370264,527.285
1426,35,26,-48.9367925162402,69.46210178349173,528.006
1427,35,27,-51.78953372121733,82.8339934235434,528.089
1428,35,28,-52.96281678665295,97.44644549235532,527.468
1429,35,29,-52.29463645562353,112.23329961143435,526.131
1430,35,30,-49.8769578102087,126.03937954683455,524.126
1431,35,31,-46.00172704119691,138.17311498471383,521.555
1432,35,32,-41.022122985285755,148.52068765274308,518.571
1433,35,33,-35.250848778151344,157.3130945486521,515.363
1434,35,34,-28.927995814403385,164.88800656462803,512.14
1435,35,35,-22.228039568842558,171.5692293088428,509.113
1436,35,36,-15.277671512836141,177.6311861217692,506.478
1437,35,37,-8.17216766266393,-176.69890628119748,504.399
1438,35,38,-0.9881025497714115,-171.2273236993703,502.993
1439,35,39,6.206950629948366,-165.77791191158897,502.322
1440,36,0,9.787931726874135,-154.007405933771,502.265
1441,36,1,16.872600938756865,-148.2608126152024,502.681
1442,36,2,23.78564542604375,-142.06986084961116,503.729
1443,36,3,30.424828355917093,-135.195944808532,505.278
1444,36,4,36.65246165244591,-127.35018847120838,507.164
1445,36,5,42.2779659623139,-118.19701098333928,509.207
1446,36,6,47.04077639887427,-107.4052028116924,511.227
1447,36,7,50.6092838628283,-94.79838798133055,513.063
1448,36,8,52.62862587584799,-80.61741945295584,514.588
1449,36,9,52.84057347598265,-65.70699355141295,515.716
1450,36,10,51.21654573665038,-51.27329777846401,516.417
1451,36,11,47.97488673014355,-38.28078216567153,516.71
1452,36,12,43.46255640592048,-27.097305333806744,516.664
1453,36,13,38.023205486786594,-17.613790869371847,516.384
1454,36,14,31.933941577558485,-9.515943348840471,516.004
1455,36,15,25.399021485365385,-2.4624330330645137,515.666
1456,36,16,18.565495767943084,3.8467766278163444,515.504
1457,36,17,11.541203720775972,9.660013382777196,515.632
1458,36,18,4.409354123427731,15.184424062739835,516.127
1459,36,19,-2.760415616975364,20.601527348199696,517.023
1460,36,20,-9.903425956870818,26.083085421309672,518.3
1461,36,21,-16.952170935040222,31.806534643875654,519.892
1462,36,22,-23.82808139135704,37.970674501880026,521.687
1463,36,23,-30.431235073358565,44.81130361603914,523.536
1464,36,24,-36.62689283928796,52.61364727099815,525.272
1465,36,25,-42.22831048704791,61.70917454717776,526.721
1466,36,26,-46.97979646996439,72.42656780781734,527.719
1467,36,27,-50.55486774571081,84.94580595264131,528.133
1468,36,28,-52.60171151542355,99.04212794663204,527.869
1469,36,29,-52.85923013770054,113.89602037241474,526.888
1470,36,30,-51.28935555320272,128.31698808784535,525.207
1471,36,31,-48.099329361726596,141.33392162692064,522.902
1472,36,32,-43.62881687069693,152.56048499961716,520.103
1473,36,33,-38.21871965177821,162.0907025900493,516.982
1474,36,34,-32.14613847959786,170.2314684580041,513.74
1475,36,35,-25.616325661356633,177.32195613728604,510.589
1476,36,36,-18.77763290582722,-176.3375482929688,507.735
1477,36,37,-11.739212612361934,-170.49754530731113,505.361
1478,36,38,-4.585619961564603,-164.94954656904983,503.607
1479,36,39,2.612148431793666,-159.510598631077,502.564
1480,37,0,13.346313435383621,-142.1763844799067,502.388
1481,37,1,20.356315019259775,-136.23472095864255,503.133
1482,37,2,27.14705643172112,-129.73505830294505,504.45
1483,37,3,33.600535055798275,-122.4146664562005,506.19
1484,37,4,39.554971030810336,-113.95896739580557,508.177
1485,37,5,44.78648953878449,-104.02326196491728,510.231
1486,37,6,48.99702112434137,-92.32681572826974,512.177
1487,37,7,51.83281321489312,-78.86598819503533,513.871
1488,37,8,52.9687283153796,-64.17985204545731,515.205
1489,37,9,52.24923618821045,-49.357781471017695,516.12
1490,37,10,49.77744195400162,-35.55958015882509,516.611
1491,37,11,45.85488480423081,-23.46191153485807,516.723
1492,37,12,40.839630575946764,-13.160633035249532,516.545
1493,37,13,35.04548548037657,-4.413570484579743,516.198
1494,37,14,28.711878383780427,3.121352054466222,515.821
1495,37,15,22.012118506158238,9.7685561877461,515.555
1496,37,16,15.071556894252666,15.80166313539201,515.526
1497,37,17,7.984160729343807,21.446568597597427,515.83
1498,37,18,0.8251428272722227,26.895611555163562,516.525
1499,37,19,-6.339327380026029,32.32347751120807,517.617
1500,37,20,-13.444120890524559,37.902833647948874,519.063
1501,37,21,-20.41733763685196,43.8198299410255,520.773
1502,37,22,-27.17117212213314,50.28985299081973,522.615
1503,37,23,-33.590231715435316,57.572388514089496,524.429
1504,37,24,-39.51608676386545,65.9780496086249,526.043
1505,37,25,-44.72925255353978,75.84782322345507,527.285
1506,37,26,-48.9367925162402,87.46210911457653,528.006
1507,37,27,-51.78953372121733,100.8340007546282,528.089
1508,37,28,-52.96281678665295,115.44645282344013,527.468
1509,37,29,-52.29463645562353,130.23330694251914,526.131
1510,37,30,-49.8769578102087,144.03938687791936,524.126
1511,37,31,-46.00172704119691,156.17312231579862,521.555
1512,37,32,-41.022122985285755,166.52069498382787,518.571
1513,37,33,-35.250848778151344,175.3131018797369,515.363
1514,37,34,-28.927995814403385,-177.1119824618215,512.14
1515,37,35,-22.228039568842558,-170.43075971760672,509.113
1516,37,36,-15.277671512836141,-164.36880290468034,506.478
1517,37,37,-8.17216766266393,-158.69889895011266,504.399
1518,37,38,-0.9881025497714115,-153.2273163682855,502.993
1519,37,39,6.206950629948366,-147.77790458050418,502.322
1520,38,0,9.787931726874135,-136.00739860268618,502.265
1521,38,1,16.872600938756865,-130.26080528411762,502.681
1522,38,2,23.78564542604375,-124.06985351852636,503.729
1523,38,3,30.424828355917093,-117.19593747744719,505.278
1524,38,4,36.65246165244591,-109.35017430993442,507.164
1525,38,5,42.2779659623139,-100.19701048244364,509.207
1526,38,6,47.04077639887427,-89.4051954806076,511.227
1527,38,7,50.6092838628283,-76.79838065024575,513.063
1528,38,8,52.62862587584799,-62.61741212187104,514.588
1529,38,9,52.84057347598265,-47.70698622032814,515.716
1530,38,10,51.21654573665038,-33.27329044737921,516.417
1531,38,11,47.97488673014355,-20.280774834586726,516.71
1532,38,12,43.46255640592048,-9.097298856495588,516.664
1533,38,13,38.023205486786594,0.3862162482695444,516.384
1534,38,14,31.933941577558485,8.484063982244333,516.004
1535,38,15,25.399021485365385,15.537573871133466,515.666
1536,38,16,18.565495767943084,21.846783532014324,515.504
1537,38,17,11.541203720775972,27.660020713862,515.632
1538,38,18,4.409354123427731,33.18442968627735,516.127
1539,38,19,-2.760415616975364,38.6015346792845,517.023
1540,38,20,-9.903425956870818,44.08309275239448,518.3
1541,38,21,-16.952170935040222,49.80654197496046,519.892
1542,38,22,-23.82808139135704,55.97068183296483,521.687
1543,38,23,-30.431235073358565,62.81131436221853,523.536
1544,38,24,-36.62689283928796,70.61365118698836,525.272
1545,38,25,-42.22831048704791,79.70918187826257,526.721
1546,38,26,-46.97979646996439,90.42657513890214,527.719
1547,38,27,-50.55486774571081,102.94581328372611,528.133
1548,38,28,-52.60171151542355,117.04213527771684,527.869
1549,38,29,-52.85923013770054,131.89602087331036,526.888
1550,38,30,-51.28935555320272,146.31699541893016,525.207
1551,38,31,-48.099329361726596,159.33392895800543,522.902
1552,38,32,-43.62881687069693,170.56049233070195,520.103
1553,38,33,-38.21871965177821,-179.90928643640024,516.982
1554,38,34,-32.14613847959786,-171.76852056844544,513.74
1555,38,35,-25.616325661356633,-164.6780328891635,510.589
1556,38,36,-18.77763290582722,-158.33754096188397,507.735
1557,38,37,-11.739212612361934,-152.4975379762263,505.361
1558,38,38,-4.585619961564603,-146.94953923796504,503.607
1559,38,39,2.612148431793666,-141.51059129999217,502.564
1560,39,0,13.346313435383621,-124.17637714882189,502.388
1561,39,1,20.356315019259775,-118.23471362755775,503.133
1562,39,2,27.14705643172112,-111.73505097186025,504.45
1563,39,3,33.600535055798275,-104.41466595530486,506.19
1564,39,4,39.554971030810336,-95.95896006472077,508.177
1565,39,5,44.78648953878449,-86.02325463383248,510.231
1566,39,6,48.99702112434137,-74.32680839718493,512.177
1567,39,7,51.83281321489312,-60.86598086395052,513.871
1568,39,8,52.9687283153796,-46.17984812946709,515.205
1569,39,9,52.24923618821045,-31.35777413993289,516.12
1570,39,10,49.77744195400162,-17.559572827740286,516.611
1571,39,11,45.85488480423081,-5.46190334999962,516.723
1572,39,12,40.839630575946764,4.83937429583527,516.545
1573,39,13,35.04548548037657,13.586437273391883,516.198
1574,39,14,28.711878383780427,21.121359385551024,515.821
1575,39,15,22.012118506158238,27.76856437260455,515.555
1576,39,16,15.071556894252666,33.801670466476814,515.526
1577,39,17,7.984160729343807,39.44657592868223,515.83
1578,39,18,0.8251428272722227,44.895618886248364,516.525
1579,39,19,-6.339327380026029,50.32348484229287,517.617
1580,39,20,-13.444120890524559,55.90284097903368,519.063
1581,39,21,-20.41733763685196,61.819837272110306,520.773
1582,39,22,-27.17117212213314,68.28985690680994,522.615
1583,39,23,-33.590231715435316,75.5723958451743,524.429
1584,39,24,-39.51608676386545,83.9780569397097,526.043
1585,39,25,-44.72925255353978,93.84783055453987,527.285
1586,39,26,-48.9367925162402,105.46211644566134,528.006
1587,39,27,-51.78953372121733,118.83400808571301,528.089
1588,39,28,-52.96281678665295,133.4464601545249,527.468
1589,39,29,-52.29463645562353,148.23331427360395,526.131
1590,39,30,-49.8769578102087,162.03939420900417,524.126
1591,39,31,-46.00172704119691,174.17312964688344,521.555
1592,39,32,-41.022122985285755,-175.479307703,518.571
1593,39,33,-35.250848778151344,-166.68690080709095,515.363
1594,39,34,-28.927995814403385,-159.1119751307367,512.14
1595,39,35,-22.228039568842558,-152.43075238652193,509.113
1596,39,36,-15.277671512836141,-146.36879557359552,506.478
1597,39,37,-8.17216766266393,-140.69889161902788,504.399
1598,39,38,-0.9881025497714115,-135.22730903720068,502.993
1599,39,39,6.206950629948366,-129.77789724941937,502.322
