0,0,0,4.076272264589242,64.63851973879117,516.161
1,0,1,-3.093676554836154,70.05482559966543,517.073
2,0,2,-10.233854287216756,75.54359293744436,518.365
3,0,3,-17.27644270362304,81.28291210454687,519.967
4,0,4,-24.142104461090252,87.47294862478934,521.766
5,0,5,-30.729639208007253,94.35158432658498,523.612
6,0,6,-36.90228948171746,102.2064726268289,525.337
7,0,7,-42.47045093840862,111.3705852475592,526.767
8,0,8,-47.17493497455166,122.1698588159689,527.74
9,0,9,-50.68657769857075,134.77177640069587,528.123
10,0,10,-52.65467621734241,148.9261550026317,527.826
11,0,11,-52.82594662587507,163.78704837231368,526.811
12,0,12,-51.17449226193061,178.16033453714843,525.1
13,0,13,-47.91690183918473,-168.90209507946616,522.769
14,0,14,-43.39545321241969,-157.7591605429673,519.952
15,0,15,-37.94894425503563,-148.3011107313055,516.822
16,0,16,-31.851002590467022,-140.21654365984156,513.581
17,0,17,-25.303882072868987,-133.16722836087646,510.441
18,0,18,-18.453697524061024,-126.85519100167922,507.608
19,0,19,-11.408172126311634,-121.03315141353869,505.261
20,0,20,-4.251010274786148,-115.49414120422514,503.541
21,0,21,2.94718671294254,-110.05604020970938,502.535
22,0,22,10.120321175285511,-104.545600681694,502.272
23,0,23,17.19890810371235,-98.78301106008927,502.722
24,0,24,24.101679986487532,-92.56593382092271,503.798
25,0,25,30.72508005673627,-85.65361845632972,505.368
26,0,26,36.929391672344074,-77.75473007745259,507.267
27,0,27,42.52108654582051,-68.53226715064287,509.314
28,0,28,47.2361266393258,-57.65782052022802,511.33
29,0,29,50.74021517412286,-44.96808036315303,513.155
30,0,30,52.67982155877181,-30.729895340101127,514.663
31,0,31,52.80487207719099,-15.814401438194084,515.772
32,0,32,51.09917576595288,-1.43053178851869,516.452
33,0,33,47.790324773486056,11.481258565525355,516.727
34,0,34,43.2276764456475,22.58060881115674,516.666
35,0,35,37.75256607111401,31.991998185503594,516.378
36,0,36,31.6385666318067,40.0338868199387,515.995
37,0,37,25.086883547843097,47.04652400306083,515.66
38,0,38,18.24234585793144,53.32752498266954,515.508
39,0,39,11.211347418773023,59.1229985500333,515.65
40,1,0,0.49160067771669924,76.34831216507692,516.567
41,1,1,-6.671559734086498,81.7793507439909,517.675
42,1,2,-13.771928135776504,87.37012695702397,519.133
43,1,3,-20.737058791900257,93.3077811572453,520.851
44,1,4,-27.478161804568533,99.80945871874795,522.693
45,1,5,-33.87821298141056,107.13697445279684,524.501
46,1,6,-39.776354537283375,115.60317834413523,526.1
47,1,7,-44.949819852406996,125.54898562480598,527.319
48,1,8,-49.10234264134297,137.24797952201394,528.012
49,1,9,-51.88346589777793,150.6939855447494,528.063
50,1,10,-52.972860579827454,165.34133988022012,527.409
51,1,11,-52.21924824265952,-179.89368628433593,526.039
52,1,12,-49.726246271077784,-166.15491103301702,524.005
53,1,13,-45.79182166762408,-154.10548745025238,521.412
54,1,14,-40.76895177841548,-143.83695373129854,518.414
55,1,15,-34.96722858796115,-135.108846236236,515.202
56,1,16,-28.623355717042475,-127.58233294071877,511.985
57,1,17,-21.909226828953873,-120.93561631219092,508.974
58,1,18,-14.949699489270468,-114.8966225952541,506.364
59,1,19,-7.838934685890057,-109.24004433975712,504.316
60,1,20,-0.6529031722076608,-103.77333851299734,502.945
61,1,21,6.541059151596472,-98.32075751744114,502.311
62,1,22,13.676126194930612,-92.70775586884885,502.412
63,1,23,20.678076693322613,-86.745253440427,503.189
64,1,24,27.45598930297538,-80.21363232960303,504.531
65,1,25,33.89023752944437,-72.84776508336452,506.288
66,1,26,39.816509219413874,-64.3308880185738,508.284
67,1,27,45.007688630149936,-54.318356619901195,510.337
68,1,28,49.16229804187734,-42.53665596203355,512.275
69,1,29,51.92544765551142,-29.0019257819796,513.955
70,1,30,52.976617183870964,-14.282323413015815,515.27
71,1,31,52.171313975064365,0.5156590585727171,516.165
72,1,32,49.62436033922871,14.244761641448976,516.637
73,1,33,45.643131864487486,26.257212556462687,516.733
74,1,34,40.58526408597174,36.47927879094565,516.543
75,1,35,34.76130862976902,45.16222507521606,516.19
76,1,36,28.407286097743707,52.64900033014213,515.813
77,1,37,21.693860719139618,59.261972409075554,515.554
78,1,38,14.7445854934004,65.27233397301167,515.536
79,1,39,7.652289521535703,70.90406400030814,515.856
80,2,0,4.076272264589242,82.6385202396868,516.161
81,2,1,-3.093676554836154,88.05482610056107,517.073
82,2,2,-10.233854287216756,93.54359343834,518.365
83,2,3,-17.27644270362304,99.28291260544249,519.967
84,2,4,-24.142104461090252,105.47294912568498,521.766
85,2,5,-30.729639208007253,112.35158482748062,523.612
86,2,6,-36.90228948171746,120.20646629753537,525.337
87,2,7,-42.47045093840862,129.37058574845483,526.767
88,2,8,-47.17493497455166,140.16985248667535,527.74
89,2,9,-50.68657769857075,152.77178373178066,528.123
90,2,10,-52.65467621734241,166.92616233371652,527.826
91,2,11,-52.82594662587507,-178.21294065413585,526.811
92,2,12,-51.17449226193061,-163.83966814967945,525.1
93,2,13,-47.91690183918473,-150.90208774838138,522.769
94,2,14,-43.39545321241969,-139.75916687226083,519.952
95,2,15,-37.94894425503563,-130.30111706059904,516.822
96,2,16,-31.851002590467022,-122.2165499891351,513.581
97,2,17,-25.303882072868987,-115.16723469017,510.441
98,2,18,-18.453697524061024,-108.85518367059441,507.608
99,2,19,-11.408172126311634,-103.03314408245389,505.261
100,2,20,-4.251010274786148,-97.49414753351869,503.541
101,2,21,2.94718671294254,-92.05603970881374,502.535
102,2,22,10.120321175285511,-86.54560018079837,502.272
103,2,23,17.19890810371235,-80.78301055919363,502.722
104,2,24,24.101679986487532,-74.56593332002707,503.798
105,2,25,30.72508005673627,-67.65361795543409,505.368
106,2,26,36.929391672344074,-59.754729576556954,507.267
107,2,27,42.52108654582051,-50.532266649747235,509.314
108,2,28,47.2361266393258,-39.657820019332384,511.33
109,2,29,50.74021517412286,-26.968078154710103,513.155
110,2,30,52.67982155877181,-12.729893131658203,514.663
111,2,31,52.80487207719099,2.185599703031785,515.772
112,2,32,51.09917576595288,16.56946860565524,516.452
113,2,33,47.790324773486056,29.481258212647344,516.727
114,2,34,43.2276764456475,40.580609312052374,516.666
115,2,35,37.75256607111401,49.99199868639923,516.378
116,2,36,31.6385666318067,58.03388390573975,515.995
117,2,37,25.086883547843097,65.04652791905106,515.66
118,2,38,18.24234585793144,71.32752889865976,515.508
119,2,39,11.211347418773023,77.12299905092894,515.65
120,3,0,0.49160067771669924,94.34831266597256,516.567
121,3,1,-6.671559734086498,99.77935124488653,517.675
122,3,2,-13.771928135776504,105.3701274579196,519.133
123,3,3,-20.737058791900257,111.30778165814094,520.851
124,3,4,-27.478161804568533,117.8094523894544,522.693
125,3,5,-33.87821298141056,125.13697495369247,524.501
126,3,6,-39.776354537283375,133.60318567522003,526.1
127,3,7,-44.949819852406996,143.54897929551245,527.319
128,3,8,-49.10234264134297,155.2479731927204,528.012
129,3,9,-51.88346589777793,168.6939792154559,528.063
130,3,10,-52.972860579827454,-176.65866280660777,527.409
131,3,11,-52.21924824265952,-161.8936789532511,526.039
132,3,12,-49.726246271077784,-148.1549037019322,524.005
133,3,13,-45.79182166762408,-136.1054937795459,521.412
134,3,14,-40.76895177841548,-125.83694640021372,518.414
135,3,15,-34.96722858796115,-117.10883890515119,515.202
136,3,16,-28.623355717042475,-109.58233243982315,511.985
137,3,17,-21.909226828953873,-102.93561581129528,508.974
138,3,18,-14.949699489270468,-96.89662209435846,506.364
139,3,19,-7.838934685890057,-91.2400438388615,504.316
140,3,20,-0.6529031722076608,-85.7733380121017,502.945
141,3,21,6.541059151596472,-80.32075701654551,502.311
142,3,22,13.676126194930612,-74.70775536795321,502.412
143,3,23,20.678076693322613,-68.74525293953138,503.189
144,3,24,27.45598930297538,-62.21363182870739,504.531
145,3,25,33.89023752944437,-54.84776458246888,506.288
146,3,26,39.816509219413874,-46.330890932772746,508.284
147,3,27,45.007688630149936,-36.318356119005564,510.337
148,3,28,49.16229804187734,-24.536655461137915,512.275
149,3,29,51.92544765551142,-11.001925281083968,513.955
150,3,30,52.976617183870964,3.717677514766641,515.27
151,3,31,52.171313975064365,18.515659292664086,516.165
152,3,32,49.62436033922871,32.244762996118254,516.637
153,3,33,45.643131864487486,44.25721476490561,516.733
154,3,34,40.58526408597174,54.47927929184128,516.543
155,3,35,34.76130862976902,63.16222899120628,516.19
156,3,36,28.407286097743707,70.64900424613235,515.813
157,3,37,21.693860719139618,77.26197290997119,515.554
158,3,38,14.7445854934004,83.2723344739073,515.536
159,3,39,7.652289521535703,88.90406450120378,515.856
160,4,0,4.076272264589242,100.63852074058244,516.161
161,4,1,-3.093676554836154,106.0548266014567,517.073
162,4,2,-10.233854287216756,111.54359393923562,518.365
163,4,3,-17.27644270362304,117.28291310633813,519.967
164,4,4,-24.142104461090252,123.4729496265806,521.766
165,4,5,-30.729639208007253,130.35157849818708,523.612
166,4,6,-36.90228948171746,138.20647362862016,525.337
167,4,7,-42.47045093840862,147.37059307953965,526.767
168,4,8,-47.17493497455166,158.16985981776017,527.74
169,4,9,-50.68657769857075,170.77177740248712,528.123
170,4,10,-52.65467621734241,-175.07384035311136,527.826
171,4,11,-52.82594662587507,-160.2129469834294,526.811
172,4,12,-51.17449226193061,-145.83966081859464,525.1
173,4,13,-47.91690183918473,-132.90209407767492,522.769
174,4,14,-43.39545321241969,-121.75915954117603,519.952
175,4,15,-37.94894425503563,-112.30110972951422,516.822
176,4,16,-31.851002590467022,-104.21654948823947,513.581
177,4,17,-25.303882072868987,-97.16723418927437,510.441
178,4,18,-18.453697524061024,-90.85518316969879,507.608
179,4,19,-11.408172126311634,-85.03314358155825,505.261
180,4,20,-4.251010274786148,-79.49414703262305,503.541
181,4,21,2.94718671294254,-74.05603920791812,502.535
182,4,22,10.120321175285511,-68.54559967990274,502.272
183,4,23,17.19890810371235,-62.783010058298,502.722
184,4,24,24.101679986487532,-56.56593281913144,503.798
185,4,25,30.72508005673627,-49.65362086963304,505.368
186,4,26,36.929391672344074,-41.75472907566132,507.267
187,4,27,42.52108654582051,-32.532266148851605,509.314
188,4,28,47.2361266393258,-21.65781781088946,511.33
189,4,29,50.74021517412286,-8.968078507588116,513.155
190,4,30,52.67982155877181,5.270107369237431,514.663
191,4,31,52.80487207719099,20.185599563597183,515.772
192,4,32,51.09917576595288,34.56946910655087,516.452
193,4,33,47.790324773486056,47.48125871354298,516.727
194,4,34,43.2276764456475,58.58060639785342,516.666
195,4,35,37.75256607111401,67.99199918729487,516.378
196,4,36,31.6385666318067,76.03388440663538,515.995
197,4,37,25.086883547843097,83.04652841994668,515.66
198,4,38,18.24234585793144,89.32752939955539,515.508
199,4,39,11.211347418773023,95.12299955182458,515.65
200,5,0,0.49160067771669924,112.3483131668682,516.567
201,5,1,-6.671559734086498,117.779344915593,517.675
202,5,2,-13.771928135776504,123.37012795881523,519.133
203,5,3,-20.737058791900257,129.3077753288474,520.851
204,5,4,-27.478161804568533,135.80945972053922,522.693
205,5,5,-33.87821298141056,143.13698228477728,524.501
206,5,6,-39.776354537283375,151.6031793459265,526.1
207,5,7,-44.949819852406996,161.54898662659724,527.319
208,5,8,-49.10234264134297,173.2479805238052,528.012
209,5,9,-51.88346589777793,-173.306023471372,528.063
210,5,10,-52.972860579827454,-158.65865547552295,527.409
211,5,11,-52.21924824265952,-143.89368528254465,526.039
212,5,12,-49.726246271077784,-130.15491003122574,524.005
213,5,13,-45.79182166762408,-118.10548644846111,521.412
214,5,14,-40.76895177841548,-107.83695272950726,518.414
215,5,15,-34.96722858796115,-99.10884523444471,515.202
216,5,16,-28.623355717042475,-91.58233193892751,511.985
217,5,17,-21.909226828953873,-84.93561531039964,508.974
218,5,18,-14.949699489270468,-78.89662159346283,506.364
219,5,19,-7.838934685890057,-73.24004333796586,504.316
220,5,20,-0.6529031722076608,-67.77333751120608,502.945
221,5,21,6.541059151596472,-62.320756515649876,502.311
222,5,22,13.676126194930612,-56.70775486705759,502.412
223,5,23,20.678076693322613,-50.745252438635745,503.189
224,5,24,27.45598930297538,-44.21362791271717,504.531
225,5,25,33.89023752944437,-36.84776408157325,506.288
226,5,26,39.816509219413874,-28.33088872432982,508.284
227,5,27,45.007688630149936,-18.31835732565722,510.337
228,5,28,49.16229804187734,-6.53665453335546,512.275
229,5,29,51.92544765551142,6.998075219811664,513.955
230,5,30,52.976617183870964,21.71767758877545,515.27
231,5,31,52.171313975064365,36.51565979355972,516.165
232,5,32,49.62436033922871,50.24476349701389,516.637
233,5,33,45.643131864487486,62.25721526580124,516.733
234,5,34,40.58526408597174,72.47927637764232,516.543
235,5,35,34.76130862976902,81.16222949210191,516.19
236,5,36,28.407286097743707,88.64900474702799,515.813
237,5,37,21.693860719139618,95.26197341086682,515.554
238,5,38,14.7445854934004,101.27233497480294,515.536
239,5,39,7.652289521535703,106.9040650020994,515.856
240,6,0,4.076272264589242,118.6385144112889,516.161
241,6,1,-3.093676554836154,124.05482710235233,517.073
242,6,2,-10.233854287216756,129.54359444013127,518.365
243,6,3,-17.27644270362304,135.28292043742294,519.967
244,6,4,-24.142104461090252,141.47294329728706,521.766
245,6,5,-30.729639208007253,148.3515858292719,523.612
246,6,6,-36.90228948171746,156.20646729932665,525.337
247,6,7,-42.47045093840862,165.3705867502461,526.767
248,6,8,-47.17493497455166,176.16985348846663,527.74
249,6,9,-50.68657769857075,-171.2282116239624,528.123
250,6,10,-52.65467621734241,-157.0738466824049,527.826
251,6,11,-52.82594662587507,-142.2129396523446,526.811
252,6,12,-51.17449226193061,-127.83966714788818,525.1
253,6,13,-47.91690183918473,-114.9020867465901,522.769
254,6,14,-43.39545321241969,-103.7591590402804,519.952
255,6,15,-37.94894425503563,-94.3011092286186,516.822
256,6,16,-31.851002590467022,-86.21654898734383,513.581
257,6,17,-25.303882072868987,-79.16723368837873,510.441
258,6,18,-18.453697524061024,-72.85518266880315,507.608
259,6,19,-11.408172126311634,-67.03314308066263,505.261
260,6,20,-4.251010274786148,-61.494146531727424,503.541
261,6,21,2.94718671294254,-56.05603529192789,502.535
262,6,22,10.120321175285511,-50.5455991790071,502.272
263,6,23,17.19890810371235,-44.78301297249695,502.722
264,6,24,24.101679986487532,-38.56593231823581,503.798
265,6,25,30.72508005673627,-31.653620368737407,505.368
266,6,26,36.929391672344074,-23.75473028231298,507.267
267,6,27,42.52108654582051,-14.532267355503262,509.314
268,6,28,47.2361266393258,-3.6578173099938263,511.33
269,6,29,50.74021517412286,9.031921993307517,513.155
270,6,30,52.67982155877181,23.270107870133064,514.663
271,6,31,52.80487207719099,38.18560006449282,515.772
272,6,32,51.09917576595288,52.56946960744651,516.452
273,6,33,47.790324773486056,65.48126262953319,516.727
274,6,34,43.2276764456475,76.58060689874905,516.666
275,6,35,37.75256607111401,85.99199968819049,516.378
276,6,36,31.6385666318067,94.03388490753102,515.995
277,6,37,25.086883547843097,101.04652892084232,515.66
278,6,38,18.24234585793144,107.32752990045103,515.508
279,6,39,11.211347418773023,113.1230000527202,515.65
280,7,0,0.49160067771669924,130.34831366776382,516.567
281,7,1,-6.671559734086498,135.7793522466778,517.675
282,7,2,-13.771928135776504,141.3701216295217,519.133
283,7,3,-20.737058791900257,147.3077826599322,520.851
284,7,4,-27.478161804568533,153.80945339124568,522.693
285,7,5,-33.87821298141056,161.13697595548373,524.501
286,7,6,-39.776354537283375,169.6031866770113,526.1
287,7,7,-44.949819852406996,179.5489802973037,527.319
288,7,8,-49.10234264134297,-168.75202216302264,528.012
289,7,9,-51.88346589777793,-155.30601614028717,528.063
290,7,10,-52.972860579827454,-140.6586618048165,527.409
291,7,11,-52.21924824265952,-125.89367795145985,526.039
292,7,12,-49.726246271077784,-112.1549095303301,524.005
293,7,13,-45.79182166762408,-100.10549277775465,521.412
294,7,14,-40.76895177841548,-89.83695222861162,518.414
295,7,15,-34.96722858796115,-81.10884473354909,515.202
296,7,16,-28.623355717042475,-73.58233143803187,511.985
297,7,17,-21.909226828953873,-66.935614809504,508.974
298,7,18,-14.949699489270468,-60.896621092567194,506.364
299,7,19,-7.838934685890057,-55.24004625216481,504.316
300,7,20,-0.6529031722076608,-49.773340425405024,502.945
301,7,21,6.541059151596472,-44.32076284494341,502.311
302,7,22,13.676126194930612,-38.70775778125654,502.412
303,7,23,20.678076693322613,-32.7452553528347,503.189
304,7,24,27.45598930297538,-26.213630826916127,504.531
305,7,25,33.89023752944437,-18.8477669957722,506.288
306,7,26,39.816509219413874,-10.330891638528774,508.284
307,7,27,45.007688630149936,-0.31836018649531894,510.337
308,7,28,49.16229804187734,11.463342125558766,512.275
309,7,29,51.92544765551142,24.998072305612713,513.955
310,7,30,52.976617183870964,39.71767638212379,515.27
311,7,31,52.171313975064365,54.51565687936077,516.165
312,7,32,49.62436033922871,68.24475716772035,516.637
313,7,33,45.643131864487486,80.25720893650771,516.733
314,7,34,40.58526408597174,90.47927687853796,516.543
315,7,35,34.76130862976902,99.16222316280837,516.19
316,7,36,28.407286097743707,106.64899841773445,515.813
317,7,37,21.693860719139618,113.26197391176245,515.554
318,7,38,14.7445854934004,119.2723286455094,515.536
319,7,39,7.652289521535703,124.90406550299504,515.856
320,8,0,4.076272264589242,136.6385217423737,516.161
321,8,1,-3.093676554836154,142.0548207730588,517.073
322,8,2,-10.233854287216756,147.54358811083773,518.365
323,8,3,-17.27644270362304,153.2829141081294,519.967
324,8,4,-24.142104461090252,159.47295062837188,521.766
325,8,5,-30.729639208007253,166.35157949997836,523.612
326,8,6,-36.90228948171746,174.20647463041144,525.337
327,8,7,-42.47045093840862,-176.62941593658175,526.767
328,8,8,-47.17493497455166,-165.8301355379829,527.74
329,8,9,-50.68657769857075,-153.22821795325592,528.123
330,8,10,-52.65467621734241,-139.0738393513201,527.826
331,8,11,-52.82594662587507,-124.21294598163813,526.811
332,8,12,-51.17449226193061,-109.83965981680338,525.1
333,8,13,-47.91690183918473,-96.90209307588364,522.769
334,8,14,-43.39545321241969,-85.75915853938476,519.952
335,8,15,-37.94894425503563,-76.30110872772296,516.822
336,8,16,-31.851002590467022,-68.2165484864482,513.581
337,8,17,-25.303882072868987,-61.1672331874831,510.441
338,8,18,-18.453697524061024,-54.855185583002104,507.608
339,8,19,-11.408172126311634,-49.03314257976699,505.261
340,8,20,-4.251010274786148,-43.494146030831786,503.541
341,8,21,2.94718671294254,-38.05603479103226,502.535
342,8,22,10.120321175285511,-32.54559867811147,502.272
343,8,23,17.19890810371235,-26.783010764054023,502.722
344,8,24,24.101679986487532,-20.56593010979288,503.798
345,8,25,30.72508005673627,-13.653619867841774,505.368
346,8,26,36.929391672344074,-5.754729781417346,507.267
347,8,27,42.52108654582051,3.467733572279194,509.314
348,8,28,47.2361266393258,14.342183190901807,511.33
349,8,29,50.74021517412286,27.031923347976797,513.155
350,8,30,52.67982155877181,41.27010666348141,514.663
351,8,31,52.80487207719099,56.18560056538845,515.772
352,8,32,51.09917576595288,70.56947352343673,516.452
353,8,33,47.790324773486056,83.48126313042883,516.727
354,8,34,43.2276764456475,94.58060739964469,516.666
355,8,35,37.75256607111401,103.99200018908613,516.378
356,8,36,31.6385666318067,112.03388540842666,515.995
357,8,37,25.086883547843097,119.04652259154878,515.66
358,8,38,18.24234585793144,125.32752357115749,515.508
359,8,39,11.211347418773023,131.12299372342667,515.65
360,9,0,0.49160067771669924,148.34830733847028,516.567
361,9,1,-6.671559734086498,153.77934591738426,517.675
362,9,2,-13.771928135776504,159.3701289606065,519.133
363,9,3,-20.737058791900257,165.30777633063866,520.851
364,9,4,-27.478161804568533,171.80946072233047,522.693
365,9,5,-33.87821298141056,179.1369696261902,524.501
366,9,6,-39.776354537283375,-172.39681600981655,526.1
367,9,7,-44.949819852406996,-162.45102238952416,527.319
368,9,8,-49.10234264134297,-150.75202849231619,528.012
369,9,9,-51.88346589777793,-137.3060224695807,528.063
370,9,10,-52.972860579827454,-122.65865447373169,527.409
371,9,11,-52.21924824265952,-107.89368428075338,526.039
372,9,12,-49.726246271077784,-94.15490902943448,524.005
373,9,13,-45.79182166762408,-82.10549227685901,521.412
374,9,14,-40.76895177841548,-71.83695172771598,518.414
375,9,15,-34.96722858796115,-63.10884423265345,515.202
376,9,16,-28.623355717042475,-55.58233435223083,511.985
377,9,17,-21.909226828953873,-48.93561772370296,508.974
378,9,18,-14.949699489270468,-42.896620591671564,506.364
379,9,19,-7.838934685890057,-37.24004575126918,504.316
380,9,20,-0.6529031722076608,-31.77333992450939,502.945
381,9,21,6.541059151596472,-26.320760636500484,502.311
382,9,22,13.676126194930612,-20.707757280360905,502.412
383,9,23,20.678076693322613,-14.74525314439177,503.189
384,9,24,27.45598930297538,-8.213630326020494,504.531
385,9,25,33.89023752944437,-0.8477666549591263,506.288
386,9,26,39.816509219413874,7.669108862366859,508.284
387,9,27,45.007688630149936,17.681640261039462,510.337
388,9,28,49.16229804187734,29.4633426264544,512.275
389,9,29,51.92544765551142,42.99807280650835,513.955
390,9,30,52.976617183870964,57.71767346792484,515.27
391,9,31,52.171313975064365,72.51566079535098,516.165
392,9,32,49.62436033922871,86.24475766861599,516.637
393,9,33,45.643131864487486,98.25720943740335,516.733
394,9,34,40.58526408597174,108.4792773794336,516.543
395,9,35,34.76130862976902,117.16222366370401,516.19
396,9,36,28.407286097743707,124.64899891863008,515.813
397,9,37,21.693860719139618,131.26197441265808,515.554
398,9,38,14.7445854934004,137.2723359765942,515.536
399,9,39,7.652289521535703,142.9040591737015,515.856
400,10,0,4.076272264589242,154.63851541308017,516.161
401,10,1,-3.093676554836154,160.0548281041436,517.073
402,10,2,-10.233854287216756,165.54359544192252,518.365
403,10,3,-17.27644270362304,171.2829214392142,519.967
404,10,4,-24.142104461090252,177.47294429907834,521.766
405,10,5,-30.729639208007253,-175.64840952647117,523.612
406,10,6,-36.90228948171746,-167.79352805641642,525.337
407,10,7,-42.47045093840862,-158.62940860549696,526.767
408,10,8,-47.17493497455166,-147.83014186727644,527.74
409,10,9,-50.68657769857075,-135.22821062217113,528.123
410,10,10,-52.65467621734241,-121.07384568061363,527.826
411,10,11,-52.82594662587507,-106.21294548074249,526.811
412,10,12,-51.17449226193061,-91.83965931590774,525.1
413,10,13,-47.91690183918473,-78.902092574988,522.769
414,10,14,-43.39545321241969,-67.75915803848913,519.952
415,10,15,-37.94894425503563,-58.30110822682733,516.822
416,10,16,-31.851002590467022,-50.216547985552566,513.581
417,10,17,-25.303882072868987,-43.16722927149288,510.441
418,10,18,-18.453697524061024,-36.855185082106466,507.608
419,10,19,-11.408172126311634,-31.033142078871354,505.261
420,10,20,-4.251010274786148,-25.49414382238886,503.541
421,10,21,2.94718671294254,-20.056034290136626,502.535
422,10,22,10.120321175285511,-14.545599884763128,502.272
423,10,23,17.19890810371235,-8.783011116932036,502.722
424,10,24,24.101679986487532,-2.565929608897248,503.798
425,10,25,30.72508005673627,4.346380633053859,505.368
426,10,26,36.929391672344074,12.245270719478288,507.267
427,10,27,42.52108654582051,21.467733646288004,509.314
428,10,28,47.2361266393258,32.342181984250146,511.33
429,10,29,50.74021517412286,45.03192214132514,513.155
430,10,30,52.67982155877181,59.27010716437704,514.663
431,10,31,52.80487207719099,74.18560106628408,515.772
432,10,32,51.09917576595288,88.56947402433235,516.452
433,10,33,47.790324773486056,101.48126363132447,516.727
434,10,34,43.2276764456475,112.58060790054031,516.666
435,10,35,37.75256607111401,121.99200068998177,516.378
436,10,36,31.6385666318067,130.03389273951146,515.995
437,10,37,25.086883547843097,137.0465299226336,515.66
438,10,38,18.24234585793144,143.3275309022423,515.508
439,10,39,11.211347418773023,149.12300105451146,515.65
440,11,0,0.49160067771669924,166.3483146695551,516.567
441,11,1,-6.671559734086498,171.77935324846908,517.675
442,11,2,-13.771928135776504,177.37012263131297,519.133
443,11,3,-20.737058791900257,-176.6922263561892,520.851
444,11,4,-27.478161804568533,-170.19054196449738,522.693
445,11,5,-33.87821298141056,-162.86301940025933,524.501
446,11,6,-39.776354537283375,-154.3968223391101,526.1
447,11,7,-44.949819852406996,-144.45101505843934,527.319
448,11,8,-49.10234264134297,-132.7520211612314,528.012
449,11,9,-51.88346589777793,-119.30601513849591,528.063
450,11,10,-52.972860579827454,-104.65866080302523,527.409
451,11,11,-52.21924824265952,-89.89368377985775,526.039
452,11,12,-49.726246271077784,-76.15490852853884,524.005
453,11,13,-45.79182166762408,-64.10549177596337,521.412
454,11,14,-40.76895177841548,-53.836951226820354,518.414
455,11,15,-34.96722858796115,-45.108847146852405,515.202
456,11,16,-28.623355717042475,-37.58233385133519,511.985
457,11,17,-21.909226828953873,-30.935617222807327,508.974
458,11,18,-14.949699489270468,-24.89662179832322,506.364
459,11,19,-7.838934685890057,-19.240045250373544,504.316
460,11,20,-0.6529031722076608,-13.773338569840112,502.945
461,11,21,6.541059151596472,-8.320760989378497,502.311
462,11,22,13.676126194930612,-2.70775677946527,502.412
463,11,23,20.678076693322613,3.2547467161736288,503.189
464,11,24,27.45598930297538,9.78637017487514,504.531
465,11,25,33.89023752944437,17.152234006019064,506.288
466,11,26,39.816509219413874,25.669109363262493,508.284
467,11,27,45.007688630149936,35.68164246948239,510.337
468,11,28,49.16229804187734,47.46334312735003,512.275
469,11,29,51.92544765551142,60.99807672249857,513.955
470,11,30,52.976617183870964,75.71767396882048,515.27
471,11,31,52.171313975064365,90.51566129624662,516.165
472,11,32,49.62436033922871,104.24475816951161,516.637
473,11,33,45.643131864487486,116.25720993829897,516.733
474,11,34,40.58526408597174,126.47927105014006,516.543
475,11,35,34.76130862976902,135.1622309947888,516.19
476,11,36,28.407286097743707,142.6490062497149,515.813
477,11,37,21.693860719139618,149.26196808336454,515.554
478,11,38,14.7445854934004,155.27232964730067,515.536
479,11,39,7.652289521535703,160.9040665047863,515.856
480,12,0,4.076272264589242,172.63852274416496,516.161
481,12,1,-3.093676554836154,178.05482177485007,517.073
482,12,2,-10.233854287216756,-176.45640724490534,518.365
483,12,3,-17.27644270362304,-170.71708124761366,519.967
484,12,4,-24.142104461090252,-164.5270447273712,521.766
485,12,5,-30.729639208007253,-157.6484158557647,523.612
486,12,6,-36.90228948171746,-149.79353438570996,525.337
487,12,7,-42.47045093840862,-140.6294149347905,526.767
488,12,8,-47.17493497455166,-129.83013453619162,527.74
489,12,9,-50.68657769857075,-117.22821695146467,528.123
490,12,10,-52.65467621734241,-103.07383834952883,527.826
491,12,11,-52.82594662587507,-88.21294497984687,526.811
492,12,12,-51.17449226193061,-73.83965881501211,525.1
493,12,13,-47.91690183918473,-60.90209207409237,522.769
494,12,14,-43.39545321241969,-49.75916095268808,519.952
495,12,15,-37.94894425503563,-40.30111114102628,516.822
496,12,16,-31.851002590467022,-32.216547484656935,513.581
497,12,17,-25.303882072868987,-25.167228770597248,510.441
498,12,18,-18.453697524061024,-18.85518287366354,507.608
499,12,19,-11.408172126311634,-13.033143285523014,505.261
500,12,20,-4.251010274786148,-7.494143321493228,503.541
501,12,21,2.94718671294254,-2.0560342161278164,502.535
502,12,22,10.120321175285511,3.4544010430193297,502.272
503,12,23,17.19890810371235,9.216989383963599,502.722
504,12,24,24.101679986487532,15.434070891998386,503.798
505,12,25,30.72508005673627,22.346381133949492,505.368
506,12,26,36.929391672344074,30.245272927921214,507.267
507,12,27,42.52108654582051,39.46773585473093,509.314
508,12,28,47.2361266393258,50.342182485145784,511.33
509,12,29,50.74021517412286,63.03192264222077,513.155
510,12,30,52.67982155877181,77.27010766527268,514.663
511,12,31,52.80487207719099,92.18560156717972,515.772
512,12,32,51.09917576595288,106.56947452522799,516.452
513,12,33,47.790324773486056,119.48126413222009,516.727
514,12,34,43.2276764456475,130.58060840143597,516.666
515,12,35,37.75256607111401,139.99200802106657,516.378
516,12,36,31.6385666318067,148.03388641021792,515.995
517,12,37,25.086883547843097,155.04652359334005,515.66
518,12,38,18.24234585793144,161.32752457294876,515.508
519,12,39,11.211347418773023,167.12299472521792,515.65
520,13,0,0.49160067771669924,-175.65167435689443,516.567
521,13,1,-6.671559734086498,-170.2206494383588,517.675
522,13,2,-13.771928135776504,-164.62986639513656,519.133
523,13,3,-20.737058791900257,-158.6922190251044,520.851
524,13,4,-27.478161804568533,-152.19053463341257,522.693
525,13,5,-33.87821298141056,-144.86301206917452,524.501
526,13,6,-39.776354537283375,-136.3968150080253,526.1
527,13,7,-44.949819852406996,-126.45100772735455,527.319
528,13,8,-49.10234264134297,-114.75201383014658,528.012
529,13,9,-51.88346589777793,-101.30601463760027,528.063
530,13,10,-52.972860579827454,-86.65865347194043,527.409
531,13,11,-52.21924824265952,-71.89367644877295,526.039
532,13,12,-49.726246271077784,-58.15490119745404,524.005
533,13,13,-45.79182166762408,-46.10548444487857,521.412
534,13,14,-40.76895177841548,-35.83694389573555,518.414
535,13,15,-34.96722858796115,-27.10883810822031,515.202
536,13,16,-28.623355717042475,-19.5823248127031,511.985
537,13,17,-21.909226828953873,-12.935609891722525,508.974
538,13,18,-14.949699489270468,-6.896613613464771,506.364
539,13,19,-7.838934685890057,-1.2400382394538574,504.316
540,13,20,-0.6529031722076608,4.226668761244692,502.945
541,13,21,6.541059151596472,9.679246341706307,502.311
542,13,22,13.676126194930612,15.292250551619533,502.412
543,13,23,20.678076693322613,21.254754687588665,503.189
544,13,24,27.45598930297538,27.786377505959944,504.531
545,13,25,33.89023752944437,35.15224133710387,506.288
546,13,26,39.816509219413874,43.669114986800004,508.284
547,13,27,45.007688630149936,53.68164980056719,510.337
548,13,28,49.16229804187734,65.46335387352941,512.275
549,13,29,51.92544765551142,78.99808405358337,513.955
550,13,30,52.976617183870964,93.71768129990528,515.27
551,13,31,52.171313975064365,108.51566862733142,516.165
552,13,32,49.62436033922871,122.2447723307856,516.637
553,13,33,45.643131864487486,134.25721726938377,516.733
554,13,34,40.58526408597174,144.47927838122487,516.543
555,13,35,34.76130862976902,153.1622383258736,516.19
556,13,36,28.407286097743707,160.64901358079968,515.813
557,13,37,21.693860719139618,167.26197541444935,515.554
558,13,38,14.7445854934004,173.27233697838548,515.536
559,13,39,7.652289521535703,178.90407383587112,515.856
560,14,0,4.076272264589242,-169.3614799426629,516.161
561,14,1,-3.093676554836154,-163.94518091197781,517.073
562,14,2,-10.233854287216756,-158.45641357419888,518.365
563,14,3,-17.27644270362304,-152.7170875769072,519.967
564,14,4,-24.142104461090252,-146.52705105666473,521.766
565,14,5,-30.729639208007253,-139.64842218505825,523.612
566,14,6,-36.90228948171746,-131.7935407150035,525.337
567,14,7,-42.47045093840862,-122.62942126408403,526.767
568,14,8,-47.17493497455166,-111.83014769567434,527.74
569,14,9,-50.68657769857075,-99.2282232807582,528.123
570,14,10,-52.65467621734241,-85.07384467882235,527.826
571,14,11,-52.82594662587507,-70.2129513091404,526.811
572,14,12,-51.17449226193061,-55.83966855940023,525.1
573,14,13,-47.91690183918473,-42.902094988291324,522.769
574,14,14,-43.39545321241969,-31.759167281981615,519.952
575,14,15,-37.94894425503563,-22.301117470319817,516.822
576,14,16,-31.851002590467022,-14.21655381395047,513.581
577,14,17,-25.303882072868987,-7.167235099890785,510.441
578,14,18,-18.453697524061024,-0.8551895764830493,507.608
579,14,19,-11.408172126311634,4.96685038518345,505.261
580,14,20,-4.251010274786148,10.505850349213235,503.541
581,14,21,2.94718671294254,15.94395988146547,502.535
582,14,22,10.120321175285511,21.45439428683897,502.272
583,14,23,17.19890810371235,27.21698390844371,502.722
584,14,24,24.101679986487532,33.434062855157556,503.798
585,14,25,30.72508005673627,40.34637480465596,505.368
586,14,26,36.929391672344074,48.24526659862768,507.267
587,14,27,42.52108654582051,57.46772952543739,509.314
588,14,28,47.2361266393258,68.34217615585224,511.33
589,14,29,50.74021517412286,81.03191631292724,513.155
590,14,30,52.67982155877181,95.27010133597913,514.663
591,14,31,52.80487207719099,110.18559523788618,515.772
592,14,32,51.09917576595288,124.56946819593445,516.452
593,14,33,47.790324773486056,137.48125780292656,516.727
594,14,34,43.2276764456475,148.58060207214243,516.666
595,14,35,37.75256607111401,157.99200169177303,516.378
596,14,36,31.6385666318067,166.03388008092438,515.995
597,14,37,25.086883547843097,173.0465172640465,515.66
598,14,38,18.24234585793144,179.32751824365522,515.508
599,14,39,11.211347418773023,-174.87700796160993,515.65
600,15,0,0.49160067771669924,-157.65168068618797,516.567
601,15,1,-6.671559734086498,-152.22065576765235,517.675
602,15,2,-13.771928135776504,-146.6298727244301,519.133
603,15,3,-20.737058791900257,-140.69222535439792,520.851
604,15,4,-27.478161804568533,-134.1905409627061,522.693
605,15,5,-33.87821298141056,-126.86301839846806,524.501
606,15,6,-39.776354537283375,-118.39682133731883,526.1
607,15,7,-44.949819852406996,-108.45102088683726,527.319
608,15,8,-49.10234264134297,-96.75202015944012,528.012
609,15,9,-51.88346589777793,-83.30602096689381,528.063
610,15,10,-52.972860579827454,-68.65865980123395,527.409
611,15,11,-52.21924824265952,-53.893682778066484,526.039
612,15,12,-49.726246271077784,-40.15490752674757,524.005
613,15,13,-45.79182166762408,-28.105490774172107,521.412
614,15,14,-40.76895177841548,-17.83695022502909,518.414
615,15,15,-34.96722858796115,-9.108844437513847,515.202
616,15,16,-28.623355717042475,-1.5823315688834596,511.985
617,15,17,-21.909226828953873,5.06438377898394,508.974
618,15,18,-14.949699489270468,11.103380057241692,506.364
619,15,19,-7.838934685890057,16.759955751417724,504.316
620,15,20,-0.6529031722076608,22.22666157817751,502.945
621,15,21,6.541059151596472,27.679240866186415,502.311
622,15,22,13.676126194930612,33.292244222326,502.412
623,15,23,20.678076693322613,39.25474665074784,503.189
624,15,24,27.45598930297538,45.78637117666641,504.531
625,15,25,33.89023752944437,53.15223500781033,506.288
626,15,26,39.816509219413874,61.66910865750647,508.284
627,15,27,45.007688630149936,71.68164005617906,510.337
628,15,28,49.16229804187734,83.46334754423589,512.275
629,15,29,51.92544765551142,96.99807772428983,513.955
630,15,30,52.976617183870964,111.71767497061174,515.27
631,15,31,52.171313975064365,126.51566229803788,516.165
632,15,32,49.62436033922871,140.24476600149205,516.637
633,15,33,45.643131864487486,152.25721094009023,516.733
634,15,34,40.58526408597174,162.47927205193133,516.543
635,15,35,34.76130862976902,171.16223199658006,516.19
636,15,36,28.407286097743707,178.64900725150616,515.813
637,15,37,21.693860719139618,-174.7380272723785,515.554
638,15,38,14.7445854934004,-168.7276657084424,515.536
639,15,39,7.652289521535703,-163.09592885095677,515.856
640,16,0,4.076272264589242,-151.36147261157808,516.161
641,16,1,-3.093676554836154,-145.945173580893,517.073
642,16,2,-10.233854287216756,-140.45640624311406,518.365
643,16,3,-17.27644270362304,-134.7170802458224,519.967
644,16,4,-24.142104461090252,-128.52704372557992,521.766
645,16,5,-30.729639208007253,-121.64841485397343,523.612
646,16,6,-36.90228948171746,-113.79352655372952,525.337
647,16,7,-42.47045093840862,-104.62940710281006,526.767
648,16,8,-47.17493497455166,-93.83014036458954,527.74
649,16,9,-50.68657769857075,-81.2282159496734,528.123
650,16,10,-52.65467621734241,-67.07383734773755,527.826
651,16,11,-52.82594662587507,-52.21294056296101,526.811
652,16,12,-51.17449226193061,-37.83966122831543,525.1
653,16,13,-47.91690183918473,-24.902087657206522,522.769
654,16,14,-43.39545321241969,-13.759159097123165,519.952
655,16,15,-37.94894425503563,-4.301109285461369,516.822
656,16,16,-31.851002590467022,3.7834535171343333,513.581
657,16,17,-25.303882072868987,10.832772231194019,510.441
658,16,18,-18.453697524061024,17.144818128127724,507.608
659,16,19,-11.408172126311634,22.966857716268255,505.261
660,16,20,-4.251010274786148,28.50585768029804,503.541
661,16,21,2.94718671294254,33.94396721255028,502.535
662,16,22,10.120321175285511,39.45440332547106,502.272
663,16,23,17.19890810371235,45.21698953198122,502.722
664,16,24,24.101679986487532,51.43407018624236,503.798
665,16,25,30.72508005673627,58.34638555083534,505.368
666,16,26,36.929391672344074,66.24527392971248,507.267
667,16,27,42.52108654582051,75.4677368565222,509.314
668,16,28,47.2361266393258,86.34218348693705,511.33
669,16,29,50.74021517412286,99.03192364401204,513.155
670,16,30,52.67982155877181,113.27010866706394,514.663
671,16,31,52.80487207719099,128.18560256897098,515.772
672,16,32,51.09917576595288,142.56947552701925,516.452
673,16,33,47.790324773486056,155.48126513401135,516.727
674,16,34,43.2276764456475,166.58060940322721,516.666
675,16,35,37.75256607111401,175.99200902285784,516.378
676,16,36,31.6385666318067,-175.96610894552515,515.995
677,16,37,25.086883547843097,-168.953471762403,515.66
678,16,38,18.24234585793144,-162.6724707827943,515.508
679,16,39,11.211347418773023,-156.87700063052512,515.65
680,17,0,0.49160067771669924,-139.6516870154815,516.567
681,17,1,-6.671559734086498,-134.22066209694586,517.675
682,17,2,-13.771928135776504,-128.62987905372364,519.133
683,17,3,-20.737058791900257,-122.69223168369147,520.851
684,17,4,-27.478161804568533,-116.19054729199965,522.693
685,17,5,-33.87821298141056,-108.86303155795076,524.501
686,17,6,-39.776354537283375,-100.3968208364232,526.1
687,17,7,-44.949819852406996,-90.45102721613078,527.319
688,17,8,-49.10234264134297,-78.75202648873366,528.012
689,17,9,-51.88346589777793,-65.30602729618735,528.063
690,17,10,-52.972860579827454,-50.65866271543291,527.409
691,17,11,-52.21924824265952,-35.89368910736002,526.039
692,17,12,-49.726246271077784,-22.15491385604111,524.005
693,17,13,-45.79182166762408,-10.105497957239292,521.412
694,17,14,-40.76895177841548,0.1630430454709777,518.414
695,17,15,-34.96722858796115,8.891149233192616,515.202
696,17,16,-28.623355717042475,16.417662528709826,511.985
697,17,17,-21.909226828953873,23.064377449690404,508.974
698,17,18,-14.949699489270468,29.103374581721802,506.364
699,17,19,-7.838934685890057,34.75994942212419,504.316
700,17,20,-0.6529031722076608,40.22665524888397,502.945
701,17,21,6.541059151596472,45.67923282934559,502.311
702,17,22,13.676126194930612,51.29223789303246,502.412
703,17,23,20.678076693322613,57.2547403214543,503.189
704,17,24,27.45598930297538,63.78636484737287,504.531
705,17,25,33.89023752944437,71.15222526342221,506.288
706,17,26,39.816509219413874,79.66910232821293,508.284
707,17,27,45.007688630149936,89.68163372688554,510.337
708,17,28,49.16229804187734,101.46334121494235,512.275
709,17,29,51.92544765551142,114.99806456480712,513.955
710,17,30,52.976617183870964,129.7176686413182,515.27
711,17,31,52.171313975064365,144.51565596874434,516.165
712,17,32,49.62436033922871,158.2447596721985,516.637
713,17,33,45.643131864487486,170.2572046107967,516.733
714,17,34,40.58526408597174,-179.52073063489655,516.543
715,17,35,34.76130862976902,-170.83778435062612,516.19
716,17,36,28.407286097743707,-163.35100909570005,515.813
717,17,37,21.693860719139618,-156.73803360167204,515.554
718,17,38,14.7445854934004,-150.7276720377359,515.536
719,17,39,7.652289521535703,-145.09593518025028,515.856
720,18,0,4.076272264589242,-133.36147894087162,516.161
721,18,1,-3.093676554836154,-127.94517991018654,517.073
722,18,2,-10.233854287216756,-122.45641257240761,518.365
723,18,3,-17.27644270362304,-116.71708657511593,519.967
724,18,4,-24.142104461090252,-110.52705688506263,521.766
725,18,5,-30.729639208007253,-103.64842118326698,523.612
726,18,6,-36.90228948171746,-95.79353288302306,525.337
727,18,7,-42.47045093840862,-86.62941343210359,526.767
728,18,8,-47.17493497455166,-75.83014669388308,527.74
729,18,9,-50.68657769857075,-63.22822227896694,528.123
730,18,10,-52.65467621734241,-49.07384709212568,527.826
731,18,11,-52.82594662587507,-34.21294689225454,526.811
732,18,12,-51.17449226193061,-19.83966585006167,525.1
733,18,13,-47.91690183918473,-6.902094413386883,522.769
734,18,14,-43.39545321241969,4.240834146696475,519.952
735,18,15,-37.94894425503563,13.698884385245096,516.822
736,18,16,-31.851002590467022,21.783447187840796,513.581
737,18,17,-25.303882072868987,28.83276590190048,510.441
738,18,18,-18.453697524061024,35.14481009128689,507.608
739,18,19,-11.408172126311634,40.96685309452201,505.261
740,18,20,-4.251010274786148,46.50584964345721,503.541
741,18,21,2.94718671294254,51.943960883256736,502.535
742,18,22,10.120321175285511,57.45439699617753,502.272
743,18,23,17.19890810371235,63.21698661778227,502.722
744,18,24,24.101679986487532,69.43406385694882,503.798
745,18,25,30.72508005673627,76.34637922154181,505.368
746,18,26,36.929391672344074,84.24526760041894,507.267
747,18,27,42.52108654582051,93.46773052722867,509.314
748,18,28,47.2361266393258,104.3421771576435,511.33
749,18,29,50.74021517412286,117.0319173147185,513.155
750,18,30,52.67982155877181,131.2701023377704,514.663
751,18,31,52.80487207719099,146.18559623967744,515.772
752,18,32,51.09917576595288,160.5694691977257,516.452
753,18,33,47.790324773486056,173.4812588047178,516.727
754,18,34,43.2276764456475,-175.41939328360064,516.666
755,18,35,37.75256607111401,-166.00800732434837,516.378
756,18,36,31.6385666318067,-157.9661152748187,515.995
757,18,37,25.086883547843097,-150.95347809169655,515.66
758,18,38,18.24234585793144,-144.67247711208785,515.508
759,18,39,11.211347418773023,-138.87700695981866,515.65
760,19,0,0.49160067771669924,-121.65167968439671,516.567
761,19,1,-6.671559734086498,-116.22065476586107,517.675
762,19,2,-13.771928135776504,-110.62987172263882,519.133
763,19,3,-20.737058791900257,-104.6922175224175,520.851
764,19,4,-27.478161804568533,-98.19053996091485,522.693
765,19,5,-33.87821298141056,-90.86302422686596,524.501
766,19,6,-39.776354537283375,-82.39681350533839,526.1
767,19,7,-44.949819852406996,-72.45101988504598,527.319
768,19,8,-49.10234264134297,-60.75201915764885,528.012
769,19,9,-51.88346589777793,-47.30601655000796,528.063
770,19,10,-52.972860579827454,-32.6586553843481,527.409
771,19,11,-52.21924824265952,-17.893681776275216,526.039
772,19,12,-49.726246271077784,-4.154906524956306,524.005
773,19,13,-45.79182166762408,7.894509373845511,521.412
774,19,14,-40.76895177841548,18.163050776762176,518.414
775,19,15,-34.96722858796115,26.89115656427742,515.202
776,19,16,-28.623355717042475,34.41766815224734,511.985
777,19,17,-21.909226828953873,41.06438478077521,508.974
778,19,18,-14.949699489270468,47.103381912806604,506.364
779,19,19,-7.838934685890057,52.75995675320899,504.316
780,19,20,-0.6529031722076608,58.226665995063364,502.945
781,19,21,6.541059151596472,63.67924016043039,502.311
782,19,22,13.676126194930612,69.29224180902268,502.412
783,19,23,20.678076693322613,75.25475106763369,503.189
784,19,24,27.45598930297538,81.78637217845767,504.531
785,19,25,33.89023752944437,89.15223259450701,506.288
786,19,26,39.816509219413874,97.66910965929773,508.284
787,19,27,45.007688630149936,107.68164105797034,510.337
788,19,28,49.16229804187734,119.46334171583798,512.275
789,19,29,51.92544765551142,132.99807189589194,513.955
790,19,30,52.976617183870964,147.71767597240301,515.27
791,19,31,52.171313975064365,162.51566329982916,516.165
792,19,32,49.62436033922871,176.24476700328333,516.637
793,19,33,45.643131864487486,-171.7427844156528,516.733
794,19,34,40.58526408597174,-161.52072330381174,516.543
795,19,35,34.76130862976902,-152.83777701954133,516.19
796,19,36,28.407286097743707,-145.35100176461526,515.813
797,19,37,21.693860719139618,-138.73802627058726,515.554
798,19,38,14.7445854934004,-132.72766470665113,515.536
799,19,39,7.652289521535703,-127.09592784916549,515.856
800,20,0,4.076272264589242,-115.36147160978682,516.161
801,20,1,-3.093676554836154,-109.94517257910174,517.073
802,20,2,-10.233854287216756,-104.4564052413228,518.365
803,20,3,-17.27644270362304,-98.7170860742203,519.967
804,20,4,-24.142104461090252,-92.52704955397782,521.766
805,20,5,-30.729639208007253,-85.64841385218217,523.612
806,20,6,-36.90228948171746,-77.79352555193826,525.337
807,20,7,-42.47045093840862,-68.62940610101879,526.767
808,20,8,-47.17493497455166,-57.83013936279827,527.74
809,20,9,-50.68657769857075,-45.22821494788214,528.123
810,20,10,-52.65467621734241,-31.073839761040876,527.826
811,20,11,-52.82594662587507,-16.21293956116974,526.811
812,20,12,-51.17449226193061,-1.8396591593071017,525.1
813,20,13,-47.91690183918473,11.097912490811098,522.769
814,20,14,-43.39545321241969,22.240841050894456,519.952
815,20,15,-37.94894425503563,31.69889086255625,516.822
816,20,16,-31.851002590467022,39.7834545189256,513.581
817,20,17,-25.303882072868987,46.83277323298528,510.441
818,20,18,-18.453697524061024,53.1448174223717,507.608
819,20,19,-11.408172126311634,58.96686042560681,505.261
820,20,20,-4.251010274786148,64.50585697454201,503.541
821,20,21,2.94718671294254,69.94396479924696,502.535
822,20,22,10.120321175285511,75.45440432726234,502.272
823,20,23,17.19890810371235,81.21699394886707,502.722
824,20,24,24.101679986487532,87.43407118803363,503.798
825,20,25,30.72508005673627,94.34638655262661,505.368
826,20,26,36.929391672344074,102.24527493150374,507.267
827,20,27,42.52108654582051,111.46773785831347,509.314
828,20,28,47.2361266393258,122.34218448872832,511.33
829,20,29,50.74021517412286,135.03192464580331,513.155
830,20,30,52.67982155877181,149.2701096688552,514.663
831,20,31,52.80487207719099,164.18560357076225,515.772
832,20,32,51.09917576595288,178.56947652881053,516.452
833,20,33,47.790324773486056,-168.5187302217317,516.727
834,20,34,43.2276764456475,-157.41938595251585,516.666
835,20,35,37.75256607111401,-148.00799999326358,516.378
836,20,36,31.6385666318067,-139.96610794373387,515.995
837,20,37,25.086883547843097,-132.95347076061174,515.66
838,20,38,18.24234585793144,-126.67246978100304,515.508
839,20,39,11.211347418773023,-120.87699962873386,515.65
840,21,0,0.49160067771669924,-103.65169284387942,516.567
841,21,1,-6.671559734086498,-98.22065426496543,517.675
842,21,2,-13.771928135776504,-92.62987805193237,519.133
843,21,3,-20.737058791900257,-86.69222385171103,520.851
844,21,4,-27.478161804568533,-80.19054629020839,522.693
845,21,5,-33.87821298141056,-72.8630305561595,524.501
846,21,6,-39.776354537283375,-64.39681983463193,526.1
847,21,7,-44.949819852406996,-54.45102279924494,527.319
848,21,8,-49.10234264134297,-42.752028902036976,528.012
849,21,9,-51.88346589777793,-29.306022879301494,528.063
850,21,10,-52.972860579827454,-14.65866171364164,527.409
851,21,11,-52.21924824265952,0.10631266149350878,526.039
852,21,12,-49.726246271077784,13.845087145750156,524.005
853,21,13,-45.79182166762408,25.89450389832562,521.412
854,21,14,-40.76895177841548,36.16304444746864,518.414
855,21,15,-34.96722858796115,44.89114852743659,515.202
856,21,16,-28.623355717042475,52.417661822953804,511.985
857,21,17,-21.909226828953873,59.064381866576255,508.974
858,21,18,-14.949699489270468,65.10337558351307,506.364
859,21,19,-7.838934685890057,70.75994700882087,504.316
860,21,20,-0.6529031722076608,76.22665966576983,502.945
861,21,21,6.541059151596472,81.67923383113686,502.311
862,21,22,13.676126194930612,87.29223547972914,502.412
863,21,23,20.678076693322613,93.25474473834015,503.189
864,21,24,27.45598930297538,99.78636584916414,504.531
865,21,25,33.89023752944437,107.15222626521347,506.288
866,21,26,39.816509219413874,115.66910333000419,508.284
867,21,27,45.007688630149936,125.68164155886596,510.337
868,21,28,49.16229804187734,137.46333538654446,512.275
869,21,29,51.92544765551142,150.9980655665984,513.955
870,21,30,52.976617183870964,165.71766964310947,515.27
871,21,31,52.171313975064365,-179.4843393869987,516.165
872,21,32,49.62436033922871,-165.75524934392288,516.637
873,21,33,45.643131864487486,-153.74279074494635,516.733
874,21,34,40.58526408597174,-143.52072963310528,516.543
875,21,35,34.76130862976902,-134.83778334883488,516.19
876,21,36,28.407286097743707,-127.35100809390879,515.813
877,21,37,21.693860719139618,-120.73803259988078,515.554
878,21,38,14.7445854934004,-114.72767103594467,515.536
879,21,39,7.652289521535703,-109.0959410086482,515.856
880,22,0,4.076272264589242,-97.36148476926952,516.161
881,22,1,-3.093676554836154,-91.94517890839526,517.073
882,22,2,-10.233854287216756,-86.45641157061634,518.365
883,22,3,-17.27644270362304,-80.71709240351383,519.967
884,22,4,-24.142104461090252,-74.52705588327136,521.766
885,22,5,-30.729639208007253,-67.64842018147571,523.612
886,22,6,-36.90228948171746,-59.79353188123179,525.337
887,22,7,-42.47045093840862,-50.62941584540691,526.767
888,22,8,-47.17493497455166,-39.83014227699722,527.74
889,22,9,-50.68657769857075,-27.22822127717567,528.123
890,22,10,-52.65467621734241,-13.073845236560766,527.826
891,22,11,-52.82594662587507,1.787053682649898,526.811
892,22,12,-51.17449226193061,16.160335151729598,525.1
893,22,13,-47.91690183918473,29.097907015291206,522.769
894,22,14,-43.39545321241969,40.24083472160092,519.952
895,22,15,-37.94894425503563,49.698884533262714,516.822
896,22,16,-31.851002590467022,57.78344818963206,513.581
897,22,17,-25.303882072868987,64.83276348859717,510.441
898,22,18,-18.453697524061024,71.14481450817274,507.608
899,22,19,-11.408172126311634,76.96685409631327,505.261
900,22,20,-4.251010274786148,82.50585064524847,503.541
901,22,21,2.94718671294254,87.94395846995342,502.535
902,22,22,10.120321175285511,93.4543979979688,502.272
903,22,23,17.19890810371235,99.21698761957353,502.722
904,22,24,24.101679986487532,105.43406485874009,503.798
905,22,25,30.72508005673627,112.34638022333307,505.368
906,22,26,36.929391672344074,120.24526177202104,507.267
907,22,27,42.52108654582051,129.46772469883075,509.314
908,22,28,47.2361266393258,140.34217815943478,511.33
909,22,29,50.74021517412286,153.03191831650977,513.155
910,22,30,52.67982155877181,167.27010333956167,514.663
911,22,31,52.80487207719099,-177.8143991160656,515.772
912,22,32,51.09917576595288,-163.4305398183957,516.452
913,22,33,47.790324773486056,-150.51873655102523,516.727
914,22,34,43.2276764456475,-139.41939228180937,516.666
915,22,35,37.75256607111401,-130.0080063225571,516.378
916,22,36,31.6385666318067,-121.96611427302742,515.995
917,22,37,25.086883547843097,-114.95347708990528,515.66
918,22,38,18.24234585793144,-108.67247611029657,515.508
919,22,39,11.211347418773023,-102.8770059580274,515.65
920,23,0,0.49160067771669924,-85.65168551279461,516.567
921,23,1,-6.671559734086498,-80.22064693388063,517.675
922,23,2,-13.771928135776504,-74.62987072084756,519.133
923,23,3,-20.737058791900257,-68.69221652062623,520.851
924,23,4,-27.478161804568533,-62.19053895912358,522.693
925,23,5,-33.87821298141056,-54.86301980998011,524.501
926,23,6,-39.776354537283375,-46.396812503547125,526.1
927,23,7,-44.949819852406996,-36.451015468160136,527.319
928,23,8,-49.10234264134297,-24.752019863404882,528.012
929,23,9,-51.88346589777793,-11.306015548216692,528.063
930,23,10,-52.972860579827454,3.3413454039997514,527.409
931,23,11,-52.21924824265952,18.106319225516053,526.039
932,23,12,-49.726246271077784,31.84509447683496,524.005
933,23,13,-45.79182166762408,43.894511229410426,521.412
934,23,14,-40.76895177841548,54.163051778553445,518.414
935,23,15,-34.96722858796115,62.891159273615976,515.202
936,23,16,-28.623355717042475,70.41767256913319,511.985
937,23,17,-21.909226828953873,77.06438919766106,508.974
938,23,18,-14.949699489270468,83.10338291459787,506.364
939,23,19,-7.838934685890057,88.75995433990568,504.316
940,23,20,-0.6529031722076608,94.22666699685463,502.945
941,23,21,6.541059151596472,99.67924116222166,502.311
942,23,22,13.676126194930612,105.29224281081395,502.412
943,23,23,20.678076693322613,111.25475206942495,503.189
944,23,24,27.45598930297538,117.78636635005977,504.531
945,23,25,33.89023752944437,125.15223359629829,506.288
946,23,26,39.816509219413874,133.669110661089,508.284
947,23,27,45.007688630149936,143.68164888995076,510.337
948,23,28,49.16229804187734,155.46334271762925,512.275
949,23,29,51.92544765551142,168.9980728976832,513.955
950,23,30,52.976617183870964,-176.28231938334005,515.27
951,23,31,52.171313975064365,-161.4843320559139,516.165
952,23,32,49.62436033922871,-147.75524201283807,516.637
953,23,33,45.643131864487486,-135.74278341386156,516.733
954,23,34,40.58526408597174,-125.52072230202047,516.543
955,23,35,34.76130862976902,-116.83777601775006,516.19
956,23,36,28.407286097743707,-109.35099393263481,515.813
957,23,37,21.693860719139618,-102.73802526879598,515.554
958,23,38,14.7445854934004,-96.72766370485985,515.536
959,23,39,7.652289521535703,-91.0959336775634,515.856
960,24,0,4.076272264589242,-79.36147743818472,516.161
961,24,1,-3.093676554836154,-73.94517157731046,517.073
962,24,2,-10.233854287216756,-68.45640423953154,518.365
963,24,3,-17.27644270362304,-62.717085072429036,519.967
964,24,4,-24.142104461090252,-56.52704855218656,521.766
965,24,5,-30.729639208007253,-49.64840943529632,523.612
966,24,6,-36.90228948171746,-41.79352455014699,525.337
967,24,7,-42.47045093840862,-32.62940851432211,526.767
968,24,8,-47.17493497455166,-21.83013665345971,527.74
969,24,9,-50.68657769857075,-9.228213946090868,528.123
970,24,10,-52.65467621734241,4.926162521410861,527.826
971,24,11,-52.82594662587507,19.787061440621525,526.811
972,24,12,-51.17449226193061,34.16034077526711,525.1
973,24,13,-47.91690183918473,47.09791434637601,522.769
974,24,14,-43.39545321241969,58.24084546778031,519.952
975,24,15,-37.94894425503563,67.6988952794421,516.822
976,24,16,-31.851002590467022,75.78345552071687,513.581
977,24,17,-25.303882072868987,82.83277081968197,510.441
978,24,18,-18.453697524061024,89.14482183925755,507.608
979,24,19,-11.408172126311634,94.96686142739807,505.261
980,24,20,-4.251010274786148,100.50585797633327,503.541
981,24,21,2.94718671294254,105.94396580103822,502.535
982,24,22,10.120321175285511,111.4544053290536,502.272
983,24,23,17.19890810371235,117.21698812046917,502.722
984,24,24,24.101679986487532,123.43407218982489,503.798
985,24,25,30.72508005673627,130.34638755441787,505.368
986,24,26,36.929391672344074,138.24526910310584,507.267
987,24,27,42.52108654582051,147.46773202991557,509.314
988,24,28,47.2361266393258,158.34218549051957,511.33
989,24,29,50.74021517412286,171.03192564759456,513.155
990,24,30,52.67982155877181,-174.72988568688785,514.663
991,24,31,52.80487207719099,-159.8143917849808,515.772
992,24,32,51.09917576595288,-145.43053248731087,516.452
993,24,33,47.790324773486056,-132.51872921994044,516.727
994,24,34,43.2276764456475,-121.41938495072458,516.666
995,24,35,37.75256607111401,-112.00799216128313,516.378
996,24,36,31.6385666318067,-103.96610694194261,515.995
997,24,37,25.086883547843097,-96.95346975882048,515.66
998,24,38,18.24234585793144,-90.67246877921177,515.508
999,24,39,11.211347418773023,-84.8769986269426,515.65
1000,25,0,0.49160067771669924,-67.65169184208814,516.567
1001,25,1,-6.671559734086498,-62.220653263174164,517.675
1002,25,2,-13.771928135776504,-56.6298770501411,519.133
1003,25,3,-20.737058791900257,-50.692222849919766,520.851
1004,25,4,-27.478161804568533,-44.1905487035117,522.693
1005,25,5,-33.87821298141056,-36.86302613927364,524.501
1006,25,6,-39.776354537283375,-28.396820540387957,526.1
1007,25,7,-44.949819852406996,-18.45102179745367,527.319
1008,25,8,-49.10234264134297,-6.752026619585241,528.012
1009,25,9,-51.88346589777793,6.693977695602949,528.063
1010,25,10,-52.972860579827454,21.341339288149626,527.409
1011,25,11,-52.21924824265952,36.10631289622251,526.039
1012,25,12,-49.726246271077784,49.845088147541425,524.005
1013,25,13,-45.79182166762408,61.894504900116885,521.412
1014,25,14,-40.76895177841548,72.16304544925991,518.414
1015,25,15,-34.96722858796115,80.89115294432244,515.202
1016,25,16,-28.623355717042475,88.41766623983965,511.985
1017,25,17,-21.909226828953873,95.06438286836752,508.974
1018,25,18,-14.949699489270468,101.10337658530433,506.364
1019,25,19,-7.838934685890057,106.75994801061213,504.316
1020,25,20,-0.6529031722076608,112.22666066756109,502.945
1021,25,21,6.541059151596472,117.6792416631173,502.311
1022,25,22,13.676126194930612,123.2922364815204,502.412
1023,25,23,20.678076693322613,129.25474574013143,503.189
1024,25,24,27.45598930297538,135.78636002076624,504.531
1025,25,25,33.89023752944437,143.15222726700475,506.288
1026,25,26,39.816509219413874,151.66910433179547,508.284
1027,25,27,45.007688630149936,161.68164256065722,510.337
1028,25,28,49.16229804187734,173.4633363883357,512.275
1029,25,29,51.92544765551142,-173.00192978914467,513.955
1030,25,30,52.976617183870964,-158.2823257126336,515.27
1031,25,31,52.171313975064365,-143.48433838520745,516.165
1032,25,32,49.62436033922871,-129.7552483421316,516.637
1033,25,33,45.643131864487486,-117.74278974315509,516.733
1034,25,34,40.58526408597174,-107.520728631314,516.543
1035,25,35,34.76130862976902,-98.83777551685442,516.19
1036,25,36,28.407286097743707,-91.35100026192835,515.813
1037,25,37,21.693860719139618,-84.73803159808952,515.554
1038,25,38,14.7445854934004,-78.72767003415339,515.536
1039,25,39,7.652289521535703,-73.09594000685694,515.856
1040,26,0,4.076272264589242,-61.361470107099926,516.161
1041,26,1,-3.093676554836154,-55.94516424622566,517.073
1042,26,2,-10.233854287216756,-50.456396908446735,518.365
1043,26,3,-17.27644270362304,-44.717074326249644,519.967
1044,26,4,-24.142104461090252,-38.527041221101754,521.766
1045,26,5,-30.729639208007253,-31.648402104211517,523.612
1046,26,6,-36.90228948171746,-23.79351721906219,525.337
1047,26,7,-42.47045093840862,-14.629401183237306,526.767
1048,26,8,-47.17493497455166,-3.8301288954880848,527.74
1049,26,9,-50.68657769857075,8.771793384993936,528.123
1050,26,10,-52.65467621734241,22.926170279382486,527.826
1051,26,11,-52.82594662587507,37.78706877170633,526.811
1052,26,12,-51.17449226193061,52.16034810635191,525.1
1053,26,13,-47.91690183918473,65.09791826236624,522.769
1054,26,14,-43.39545321241969,76.2408527988651,519.952
1055,26,15,-37.94894425503563,85.6989026105269,516.822
1056,26,16,-31.851002590467022,93.78346285180167,513.581
1057,26,17,-25.303882072868987,100.83277815076677,510.441
1058,26,18,-18.453697524061024,107.14482917034235,507.608
1059,26,19,-11.408172126311634,112.96686875848289,505.261
1060,26,20,-4.251010274786148,118.50587213760726,503.541
1061,26,21,2.94718671294254,123.94397313212302,502.535
1062,26,22,10.120321175285511,129.45440582994922,502.272
1063,26,23,17.19890810371235,135.21699545155397,502.722
1064,26,24,24.101679986487532,141.4340795209097,503.798
1065,26,25,30.72508005673627,148.3463948855027,505.368
1066,26,26,36.929391672344074,156.24527643419066,507.267
1067,26,27,42.52108654582051,165.46773936100035,509.314
1068,26,28,47.2361266393258,176.34219282160439,511.33
1069,26,29,50.74021517412286,-170.96806337885496,513.155
1070,26,30,52.67982155877181,-156.72987835580304,514.663
1071,26,31,52.80487207719099,-141.814384453896,515.772
1072,26,32,51.09917576595288,-127.43052515622607,516.452
1073,26,33,47.790324773486056,-114.5187287190448,516.727
1074,26,34,43.2276764456475,-103.41937761963977,516.666
1075,26,35,37.75256607111401,-94.00798483019832,516.378
1076,26,36,31.6385666318067,-85.96609961085781,515.995
1077,26,37,25.086883547843097,-78.95346242773567,515.66
1078,26,38,18.24234585793144,-72.67246144812697,515.508
1079,26,39,11.211347418773023,-66.87699129585779,515.65
1080,27,0,0.49160067771669924,-49.65169817138168,516.567
1081,27,1,-6.671559734086498,-44.220659592467705,517.675
1082,27,2,-13.771928135776504,-38.62988337943464,519.133
1083,27,3,-20.737058791900257,-32.6922291792133,520.851
1084,27,4,-27.478161804568533,-26.19055503280524,522.693
1085,27,5,-33.87821298141056,-18.86303417611447,524.501
1086,27,6,-39.776354537283375,-10.396826015907845,526.1
1087,27,7,-44.949819852406996,-0.4510281801080599,527.319
1088,27,8,-49.10234264134297,11.247967478008047,528.012
1089,27,9,-51.88346589777793,24.693971793196233,528.063
1090,27,10,-52.972860579827454,39.34133295885609,527.409
1091,27,11,-52.21924824265952,54.10630656692898,526.039
1092,27,12,-49.726246271077784,67.84508181824789,524.005
1093,27,13,-45.79182166762408,79.89449857082334,521.412
1094,27,14,-40.76895177841548,90.16303911996637,518.414
1095,27,15,-34.96722858796115,98.8911466150289,515.202
1096,27,16,-28.623355717042475,106.41765991054612,511.985
1097,27,17,-21.909226828953873,113.06437653907399,508.974
1098,27,18,-14.949699489270468,119.10336342582163,506.364
1099,27,19,-7.838934685890057,124.75994851150777,504.316
1100,27,20,-0.6529031722076608,130.22665433826756,502.945
1101,27,21,6.541059151596472,135.67923533382375,502.311
1102,27,22,13.676126194930612,141.29223015222686,502.412
1103,27,23,20.678076693322613,147.25473941083789,503.189
1104,27,24,27.45598930297538,153.7863536914727,504.531
1105,27,25,33.89023752944437,161.1522209377112,506.288
1106,27,26,39.816509219413874,169.66909800250193,508.284
1107,27,27,45.007688630149936,179.6816362313637,510.337
1108,27,28,49.16229804187734,-168.53666629849215,512.275
1109,27,29,51.92544765551142,-155.0019361184382,513.955
1110,27,30,52.976617183870964,-140.28233204192713,515.27
1111,27,31,52.171313975064365,-125.48434471450098,516.165
1112,27,32,49.62436033922871,-111.75524784123598,516.637
1113,27,33,45.643131864487486,-99.74279607244863,516.733
1114,27,34,40.58526408597174,-89.52073496060754,516.543
1115,27,35,34.76130862976902,-80.83778184614796,516.19
1116,27,36,28.407286097743707,-73.35100659122189,515.813
1117,27,37,21.693860719139618,-66.73803792738305,515.554
1118,27,38,14.7445854934004,-60.72767636344693,515.536
1119,27,39,7.652289521535703,-55.09594633615047,515.856
1120,28,0,4.076272264589242,-43.3614900967718,516.161
1121,28,1,-3.093676554836154,-37.945184235897536,517.073
1122,28,2,-10.233854287216756,-32.45641689811861,518.365
1123,28,3,-17.27644270362304,-26.71709431592152,519.967
1124,28,4,-24.142104461090252,-20.52706121077363,521.766
1125,28,5,-30.729639208007253,-13.648423801430686,523.612
1126,28,6,-36.90228948171746,-5.793537208734065,525.337
1127,28,7,-42.47045093840862,3.3705796808644637,526.767
1128,28,8,-47.17493497455166,14.169851541726862,527.74
1129,28,9,-50.68657769857075,26.771773395322057,528.123
1130,28,10,-52.65467621734241,40.92614858216332,527.826
1131,28,11,-52.82594662587507,55.787048782034454,526.811
1132,28,12,-51.17449226193061,70.16033153177462,525.1
1133,28,13,-47.91690183918473,83.09789827269435,522.769
1134,28,14,-43.39545321241969,94.24083280919324,519.952
1135,28,15,-37.94894425503563,103.69888262085503,516.822
1136,28,16,-31.851002590467022,111.78344286212979,513.581
1137,28,17,-25.303882072868987,118.83276499128407,510.441
1138,28,18,-18.453697524061024,125.14480235048131,507.608
1139,28,19,-11.408172126311634,130.96684193862183,505.261
1140,28,20,-4.251010274786148,136.50585214793537,503.541
1141,28,21,2.94718671294254,141.94395314245114,502.535
1142,28,22,10.120321175285511,147.45438584027735,502.272
1143,28,23,17.19890810371235,153.2169754618821,502.722
1144,28,24,24.101679986487532,159.4340595312378,503.798
1145,28,25,30.72508005673627,166.3463748958308,505.368
1146,28,26,36.929391672344074,174.24525644451876,507.267
1147,28,27,42.52108654582051,-176.53227698620583,509.314
1148,28,28,47.2361266393258,-165.65782352560183,511.33
1149,28,29,50.74021517412286,-152.96808336852683,513.155
1150,28,30,52.67982155877181,-138.72989834547494,514.663
1151,28,31,52.80487207719099,-123.81440444356788,515.772
1152,28,32,51.09917576595288,-109.43053831570879,516.452
1153,28,33,47.790324773486056,-96.51874870871667,516.727
1154,28,34,43.2276764456475,-85.41939760931164,516.666
1155,28,35,37.75256607111401,-76.00800481987021,516.378
1156,28,36,31.6385666318067,-67.96611960052968,515.995
1157,28,37,25.086883547843097,-60.95348241740755,515.66
1158,28,38,18.24234585793144,-54.672481437798844,515.508
1159,28,39,11.211347418773023,-48.87700787043508,515.65
1160,29,0,0.49160067771669924,-31.65169084029688,516.567
1161,29,1,-6.671559734086498,-26.2206522613829,517.675
1162,29,2,-13.771928135776504,-20.629876048349832,519.133
1163,29,3,-20.737058791900257,-14.692221848128499,520.851
1164,29,4,-27.478161804568533,-8.19054684794679,522.693
1165,29,5,-33.87821298141056,-0.8630267916688158,524.501
1166,29,6,-39.776354537283375,7.603181315176958,526.1
1167,29,7,-44.949819852406996,17.548979204337595,527.319
1168,29,8,-49.10234264134297,29.247973101545558,528.012
1169,29,9,-51.88346589777793,42.693979124281036,528.063
1170,29,10,-52.972860579827454,57.341336874846306,527.409
1171,29,11,-52.21924824265952,72.10631389801378,526.039
1172,29,12,-49.726246271077784,85.8450891493327,524.005
1173,29,13,-45.79182166762408,97.89450590190816,521.412
1174,29,14,-40.76895177841548,108.16304645105117,518.414
1175,29,15,-34.96722858796115,116.89114711592454,515.202
1176,29,16,-28.623355717042475,124.41766041144174,511.985
1177,29,17,-21.909226828953873,131.06437703996963,508.974
1178,29,18,-14.949699489270468,137.10337075690643,506.364
1179,29,19,-7.838934685890057,142.75995584259257,504.316
1180,29,20,-0.6529031722076608,148.22666166935235,502.945
1181,29,21,6.541059151596472,153.67924266490854,502.311
1182,29,22,13.676126194930612,159.29223748331168,502.412
1183,29,23,20.678076693322613,165.25474674192267,503.189
1184,29,24,27.45598930297538,171.7863610225575,504.531
1185,29,25,33.89023752944437,179.15222826879602,506.288
1186,29,26,39.816509219413874,-172.3308910239476,508.284
1187,29,27,45.007688630149936,-162.31836645546417,510.337
1188,29,28,49.16229804187734,-150.53665896740736,512.275
1189,29,29,51.92544765551142,-137.0019287873534,513.955
1190,29,30,52.976617183870964,-122.28232471084232,515.27
1191,29,31,52.171313975064365,-107.48434421360535,516.165
1192,29,32,49.62436033922871,-93.75524051015118,516.637
1193,29,33,45.643131864487486,-81.74278874136382,516.733
1194,29,34,40.58526408597174,-71.52072762952274,516.543
1195,29,35,34.76130862976902,-62.83777451506316,516.19
1196,29,36,28.407286097743707,-55.35100267523167,515.813
1197,29,37,21.693860719139618,-48.73802718120366,515.554
1198,29,38,14.7445854934004,-42.72767244745671,515.536
1199,29,39,7.652289521535703,-37.09593900506566,515.856
1200,30,0,4.076272264589242,-25.361481058139702,516.161
1201,30,1,-3.093676554836154,-19.945176904812733,517.073
1202,30,2,-10.233854287216756,-14.456407859486516,518.365
1203,30,3,-17.27644270362304,-8.717086984836719,519.967
1204,30,4,-24.142104461090252,-2.527053239358593,521.766
1205,30,5,-30.729639208007253,4.351583529654116,523.612
1206,30,6,-36.90228948171746,12.206470122350737,525.337
1207,30,7,-42.47045093840862,21.37058615817562,526.767
1208,30,8,-47.17493497455166,32.16985972658531,527.74
1209,30,9,-50.68657769857075,44.77178072640686,528.123
1210,30,10,-52.65467621734241,58.926159328342706,527.826
1211,30,11,-52.82594662587507,73.78705269802467,526.811
1212,30,12,-51.17449226193061,88.16033886285942,525.1
1213,30,13,-47.91690183918473,101.09790560377915,522.769
1214,30,14,-43.39545321241969,112.24084014027804,519.952
1215,30,15,-37.94894425503563,121.69888995193983,516.822
1216,30,16,-31.851002590467022,129.78345702340377,513.581
1217,30,17,-25.303882072868987,136.83277232236887,510.441
1218,30,18,-18.453697524061024,143.1448096815661,507.608
1219,30,19,-11.408172126311634,148.96684926970664,505.261
1220,30,20,-4.251010274786148,154.5058594790202,503.541
1221,30,21,2.94718671294254,159.94396047353595,502.535
1222,30,22,10.120321175285511,165.45439317136217,502.272
1223,30,23,17.19890810371235,171.2169827929669,502.722
1224,30,24,24.101679986487532,177.43406686232262,503.798
1225,30,25,30.72508005673627,-175.65362779099706,505.368
1226,30,26,36.929391672344074,-167.75473258193077,507.267
1227,30,27,42.52108654582051,-158.53226965512104,509.314
1228,30,28,47.2361266393258,-147.657816194517,511.33
1229,30,29,50.74021517412286,-134.96807603744202,513.155
1230,30,30,52.67982155877181,-120.72989101439012,514.663
1231,30,31,52.80487207719099,-105.81439711248308,515.772
1232,30,32,51.09917576595288,-91.43053098462397,516.452
1233,30,33,47.790324773486056,-78.51874137763187,516.727
1234,30,34,43.2276764456475,-67.41939027822684,516.666
1235,30,35,37.75256607111401,-58.0079974887854,516.378
1236,30,36,31.6385666318067,-49.96611226944488,515.995
1237,30,37,25.086883547843097,-42.95347508632275,515.66
1238,30,38,18.24234585793144,-36.67247410671404,515.508
1239,30,39,11.211347418773023,-30.877000539350277,515.65
1240,31,0,0.49160067771669924,-13.651683509212075,516.567
1241,31,1,-6.671559734086498,-8.220645784071744,517.675
1242,31,2,-13.771928135776504,-2.629869144151853,519.133
1243,31,3,-20.737058791900257,3.3077852695128938,520.851
1244,31,4,-27.478161804568533,9.809460483138015,522.693
1245,31,5,-33.87821298141056,17.136980486055133,524.501
1246,31,6,-39.776354537283375,25.603187792488114,526.1
1247,31,7,-44.949819852406996,35.5489865354224,527.319
1248,31,8,-49.10234264134297,47.247980432630364,528.012
1249,31,9,-51.88346589777793,60.693983040271256,528.063
1250,31,10,-52.972860579827454,75.34134420593111,527.409
1251,31,11,-52.21924824265952,90.10632122909858,526.039
1252,31,12,-49.726246271077784,103.8450964804175,524.005
1253,31,13,-45.79182166762408,115.89451323299296,521.412
1254,31,14,-40.76895177841548,126.16304695194681,518.414
1255,31,15,-34.96722858796115,134.89115444700934,515.202
1256,31,16,-28.623355717042475,142.41766774252656,511.985
1257,31,17,-21.909226828953873,149.06438437105442,508.974
1258,31,18,-14.949699489270468,155.10337808799125,506.364
1259,31,19,-7.838934685890057,160.75996317367736,504.316
1260,31,20,-0.6529031722076608,166.22666900043717,502.945
1261,31,21,6.541059151596472,171.67924999599336,502.311
1262,31,22,13.676126194930612,177.29224481439647,502.412
1263,31,23,20.678076693322613,-176.74524228452682,503.189
1264,31,24,27.45598930297538,-170.213628003892,504.531
1265,31,25,33.89023752944437,-162.8477607576535,506.288
1266,31,26,39.816509219413874,-154.33088369286278,508.284
1267,31,27,45.007688630149936,-144.31835912437936,510.337
1268,31,28,49.16229804187734,-132.53665163632255,512.275
1269,31,29,51.92544765551142,-119.0019214562686,513.955
1270,31,30,52.976617183870964,-104.28231737975752,515.27
1271,31,31,52.171313975064365,-89.48433688252054,516.165
1272,31,32,49.62436033922871,-75.75523317906638,516.637
1273,31,33,45.643131864487486,-63.742781410279015,516.733
1274,31,34,40.58526408597174,-53.52071688334335,516.543
1275,31,35,34.76130862976902,-44.83777059907294,516.19
1276,31,36,28.407286097743707,-37.35099534414687,515.813
1277,31,37,21.693860719139618,-30.73801985011886,515.554
1278,31,38,14.7445854934004,-24.727663408824615,515.536
1279,31,39,7.652289521535703,-19.09593167398086,515.856
1280,32,0,4.076272264589242,-7.3614737270549,516.161
1281,32,1,-3.093676554836154,-1.945168719954285,517.073
1282,32,2,-10.233854287216756,3.5435990447114647,518.365
1283,32,3,-17.27644270362304,9.282920346248085,519.967
1284,32,4,-24.142104461090252,15.472953451395975,521.766
1285,32,5,-30.729639208007253,22.35159086073892,523.612
1286,32,6,-36.90228948171746,30.20647745343554,525.337
1287,32,7,-42.47045093840862,39.37059348926042,526.767
1288,32,8,-47.17493497455166,50.16986705767012,527.74
1289,32,9,-50.68657769857075,62.77178805749167,528.123
1290,32,10,-52.65467621734241,76.92616665942751,527.826
1291,32,11,-52.82594662587507,91.78706002910947,526.811
1292,32,12,-51.17449226193061,106.16034619394422,525.1
1293,32,13,-47.91690183918473,119.09791293486396,522.769
1294,32,14,-43.39545321241969,130.24084747136283,519.952
1295,32,15,-37.94894425503563,139.69889728302465,516.822
1296,32,16,-31.851002590467022,147.78346435448856,513.581
1297,32,17,-25.303882072868987,154.83277965345366,510.441
1298,32,18,-18.453697524061024,161.14481701265092,507.608
1299,32,19,-11.408172126311634,166.96685660079143,505.261
1300,32,20,-4.251010274786148,172.50586681010498,503.541
1301,32,21,2.94718671294254,177.94396780462077,502.535
1302,32,22,10.120321175285511,-176.54559585508736,502.272
1303,32,23,17.19890810371235,-170.78300623348264,502.722
1304,32,24,24.101679986487532,-164.5659221641269,503.798
1305,32,25,30.72508005673627,-157.65362045991225,505.368
1306,32,26,36.929391672344074,-149.75472525084595,507.267
1307,32,27,42.52108654582051,-140.53226232403622,509.314
1308,32,28,47.2361266393258,-129.65780886343222,511.33
1309,32,29,50.74021517412286,-116.96806870635723,513.155
1310,32,30,52.67982155877181,-102.72988368330532,514.663
1311,32,31,52.80487207719099,-87.81438978139828,515.772
1312,32,32,51.09917576595288,-73.43052365353917,516.452
1313,32,33,47.790324773486056,-60.51873404654707,516.727
1314,32,34,43.2276764456475,-49.41938294714204,516.666
1315,32,35,37.75256607111401,-40.007993572795186,516.378
1316,32,36,31.6385666318067,-31.966104938360075,515.995
1317,32,37,25.086883547843097,-24.953467755237945,515.66
1318,32,38,18.24234585793144,-18.67246677562924,515.508
1319,32,39,11.211347418773023,-12.87699406203912,515.65
1320,33,0,0.49160067771669924,4.348324248759551,516.567
1321,33,1,-6.671559734086498,9.77936154701306,517.675
1322,33,2,-13.771928135776504,15.370138613819774,519.133
1323,33,3,-20.737058791900257,21.307792814041107,520.851
1324,33,4,-27.478161804568533,27.80946696044917,522.693
1325,33,5,-33.87821298141056,35.13698952468723,524.501
1326,33,6,-39.776354537283375,43.60319683112021,526.1
1327,33,7,-44.949819852406996,53.5489938665072,527.319
1328,33,8,-49.10234264134297,65.24799117880976,528.012
1329,33,9,-51.88346589777793,78.69399037135607,528.063
1330,33,10,-52.972860579827454,93.34135153701591,527.409
1331,33,11,-52.21924824265952,108.10632856018339,526.039
1332,33,12,-49.726246271077784,121.84509698131313,524.005
1333,33,13,-45.79182166762408,133.89452056407777,521.412
1334,33,14,-40.76895177841548,144.1630542830316,518.414
1335,33,15,-34.96722858796115,152.89116177809416,515.202
1336,33,16,-28.623355717042475,160.41767507361135,511.985
1337,33,17,-21.909226828953873,167.06439170213923,508.974
1338,33,18,-14.949699489270468,173.10338541907603,506.364
1339,33,19,-7.838934685890057,178.75997050476218,504.316
1340,33,20,-0.6529031722076608,-175.77332002601236,502.945
1341,33,21,6.541059151596472,-170.3207526908345,502.311
1342,33,22,13.676126194930612,-164.70774421205306,502.412
1343,33,23,20.678076693322613,-158.74523495344204,503.189
1344,33,24,27.45598930297538,-152.21362067280722,504.531
1345,33,25,33.89023752944437,-144.84775342656872,506.288
1346,33,26,39.816509219413874,-136.330876361778,508.284
1347,33,27,45.007688630149936,-126.31835179329455,510.337
1348,33,28,49.16229804187734,-114.53664430523774,512.275
1349,33,29,51.92544765551142,-101.0019141251838,513.955
1350,33,30,52.976617183870964,-86.28231004867271,515.27
1351,33,31,52.171313975064365,-71.48432955143574,516.165
1352,33,32,49.62436033922871,-57.75522584798157,516.637
1353,33,33,45.643131864487486,-45.7427774942888,516.733
1354,33,34,40.58526408597174,-35.520709552258545,516.543
1355,33,35,34.76130862976902,-26.837763267988137,516.19
1356,33,36,28.407286097743707,-19.35098630551477,515.813
1357,33,37,21.693860719139618,-12.738012519034054,515.554
1358,33,38,14.7445854934004,-6.7276560777398124,515.536
1359,33,39,7.652289521535703,-1.0959240227309386,515.856
1360,34,0,4.076272264589242,10.638506283273223,516.161
1361,34,1,-3.093676554836154,16.054810436600192,517.073
1362,34,2,-10.233854287216756,21.54357948192641,518.365
1363,34,3,-17.27644270362304,27.282900356576206,519.967
1364,34,4,-24.142104461090252,33.4729334617241,521.766
1365,34,5,-30.729639208007253,40.35157257861434,523.612
1366,34,6,-36.90228948171746,48.20645746376366,525.337
1367,34,7,-42.47045093840862,57.370576914683134,526.767
1368,34,8,-47.17493497455166,68.16984365290365,527.74
1369,34,9,-50.68657769857075,80.77176806781979,528.123
1370,34,10,-52.65467621734241,94.92614666975564,527.826
1371,34,11,-52.82594662587507,109.7870400394376,526.811
1372,34,12,-51.17449226193061,124.16032620427235,525.1
1373,34,13,-47.91690183918473,137.0978929451921,522.769
1374,34,14,-43.39545321241969,148.24082748169096,519.952
1375,34,15,-37.94894425503563,157.69887729335275,516.822
1376,34,16,-31.851002590467022,165.7834443648167,513.581
1377,34,17,-25.303882072868987,172.8327596637818,510.441
1378,34,18,-18.453697524061024,179.14479702297905,507.608
1379,34,19,-11.408172126311634,-175.03315974641475,505.261
1380,34,20,-4.251010274786148,-169.49416319747957,503.541
1381,34,21,2.94718671294254,-164.05604854258544,502.535
1382,34,22,10.120321175285511,-158.54561584475925,502.272
1383,34,23,17.19890810371235,-152.7830262231545,502.722
1384,34,24,24.101679986487532,-146.56594215379877,503.798
1385,34,25,30.72508005673627,-139.65364044958415,505.368
1386,34,26,36.929391672344074,-131.75474524051782,507.267
1387,34,27,42.52108654582051,-122.53228231370811,509.314
1388,34,28,47.2361266393258,-111.65782885310409,511.33
1389,34,29,50.74021517412286,-98.9680886960291,513.155
1390,34,30,52.67982155877181,-84.7299036729772,514.663
1391,34,31,52.80487207719099,-69.81440977107016,515.772
1392,34,32,51.09917576595288,-55.43054364321105,516.452
1393,34,33,47.790324773486056,-42.518754036218944,516.727
1394,34,34,43.2276764456475,-31.419402936813917,516.666
1395,34,35,37.75256607111401,-22.00801356246706,516.378
1396,34,36,31.6385666318067,-13.9661257818056,515.995
1397,34,37,25.086883547843097,-6.953487318022998,515.66
1398,34,38,18.24234585793144,-0.6724868720228212,515.508
1399,34,39,11.211347418773023,5.122985948289003,515.65
1400,35,0,0.49160067771669924,22.348303832200852,516.567
1401,35,1,-6.671559734086498,27.77934241111483,517.675
1402,35,2,-13.771928135776504,33.3701186241479,519.133
1403,35,3,-20.737058791900257,39.30777282436923,520.851
1404,35,4,-27.478161804568533,45.809446970777294,522.693
1405,35,5,-33.87821298141056,53.13696953501535,524.501
1406,35,6,-39.776354537283375,61.60317684144833,526.1
1407,35,7,-44.949819852406996,71.54897046174074,527.319
1408,35,8,-49.10234264134297,83.24797118913787,528.012
1409,35,9,-51.88346589777793,96.69397038168418,528.063
1410,35,10,-52.972860579827454,111.34133154734404,527.409
1411,35,11,-52.21924824265952,126.10631540070068,526.039
1412,35,12,-49.726246271077784,139.84507699164126,524.005
1413,35,13,-45.79182166762408,151.8945005744059,521.412
1414,35,14,-40.76895177841548,162.16303429335974,518.414
1415,35,15,-34.96722858796115,170.89114178842226,515.202
1416,35,16,-28.623355717042475,178.41765508393948,511.985
1417,35,17,-21.909226828953873,-174.93562464506698,508.974
1418,35,18,-14.949699489270468,-168.89663092813018,506.364
1419,35,19,-7.838934685890057,-163.24005950282236,504.316
1420,35,20,-0.6529031722076608,-157.77334001568423,502.945
1421,35,21,6.541059151596472,-152.3207726805064,502.311
1422,35,22,13.676126194930612,-146.70776420172493,502.412
1423,35,23,20.678076693322613,-140.7452549431139,503.189
1424,35,24,27.45598930297538,-134.2136406624791,504.531
1425,35,25,33.89023752944437,-126.84777341624059,506.288
1426,35,26,39.816509219413874,-118.33089635144987,508.284
1427,35,27,45.007688630149936,-108.31836495277726,510.337
1428,35,28,49.16229804187734,-96.53666429490961,512.275
1429,35,29,51.92544765551142,-83.00193411485567,513.955
1430,35,30,52.976617183870964,-68.2823300383446,515.27
1431,35,31,52.171313975064365,-53.48434954110762,516.165
1432,35,32,49.62436033922871,-39.75524583765345,516.637
1433,35,33,45.643131864487486,-27.742795776413384,516.733
1434,35,34,40.58526408597174,-17.520731249477716,516.543
1435,35,35,34.76130862976902,-8.837782403886367,516.19
1436,35,36,28.407286097743707,-1.3510069355168792,515.813
1437,35,37,21.693860719139618,5.261967064407245,515.554
1438,35,38,14.7445854934004,11.27232393258831,515.536
1439,35,39,7.652289521535703,16.90405566743207,515.856
1440,36,0,4.076272264589242,28.638513614358025,516.161
1441,36,1,-3.093676554836154,34.054817767684995,517.073
1442,36,2,-10.233854287216756,39.54358510546392,518.365
1443,36,3,-17.27644270362304,45.28290768766101,519.967
1444,36,4,-24.142104461090252,51.472940792808906,521.766
1445,36,5,-30.729639208007253,58.35157649460455,523.612
1446,36,6,-36.90228948171746,66.20646479484847,525.337
1447,36,7,-42.47045093840862,75.37058424576793,526.767
1448,36,8,-47.17493497455166,86.16985098398845,527.74
1449,36,9,-50.68657769857075,98.7717753989046,528.123
1450,36,10,-52.65467621734241,112.92615400084044,527.826
1451,36,11,-52.82594662587507,127.7870473705224,526.811
1452,36,12,-51.17449226193061,142.16033353535715,525.1
1453,36,13,-47.91690183918473,155.09790027627687,522.769
1454,36,14,-43.39545321241969,166.24083481277577,519.952
1455,36,15,-37.94894425503563,175.69888462443757,516.822
1456,36,16,-31.851002590467022,-176.21655832201117,513.581
1457,36,17,-25.303882072868987,-169.16724302304607,510.441
1458,36,18,-18.453697524061024,-162.85519200347048,507.608
1459,36,19,-11.408172126311634,-157.03315241532997,505.261
1460,36,20,-4.251010274786148,-151.49415586639475,503.541
1461,36,21,2.94718671294254,-146.05604121150066,502.535
1462,36,22,10.120321175285511,-140.54560851367444,502.272
1463,36,23,17.19890810371235,-134.7830188920697,502.722
1464,36,24,24.101679986487532,-128.56593482271398,503.798
1465,36,25,30.72508005673627,-121.65363311849933,505.368
1466,36,26,36.929391672344074,-113.75473790943302,507.267
1467,36,27,42.52108654582051,-104.5322749826233,509.314
1468,36,28,47.2361266393258,-93.65782152201929,511.33
1469,36,29,50.74021517412286,-80.9680813649443,513.155
1470,36,30,52.67982155877181,-66.7298963418924,514.663
1471,36,31,52.80487207719099,-51.81440585507993,515.772
1472,36,32,51.09917576595288,-37.43053631212625,516.452
1473,36,33,47.790324773486056,-24.51874670513414,516.727
1474,36,34,43.2276764456475,-13.419395605729113,516.666
1475,36,35,37.75256607111401,-4.008005377608611,516.378
1476,36,36,31.6385666318067,4.033881976166027,515.995
1477,36,37,25.086883547843097,11.046520439948628,515.66
1478,36,38,18.24234585793144,17.327520565783686,515.508
1479,36,39,11.211347418773023,23.12299242560016,515.65
1480,37,0,0.49160067771669924,40.34831116328566,516.567
1481,37,1,-6.671559734086498,45.779349742199635,517.675
1482,37,2,-13.771928135776504,51.3701259552327,519.133
1483,37,3,-20.737058791900257,57.30778015545403,520.851
1484,37,4,-27.478161804568533,63.809457716956686,522.693
1485,37,5,-33.87821298141056,71.13697345100557,524.501
1486,37,6,-39.776354537283375,79.60318417253313,526.1
1487,37,7,-44.949819852406996,89.54897779282554,527.319
1488,37,8,-49.10234264134297,101.24797852022267,528.012
1489,37,9,-51.88346589777793,114.69398454295816,528.063
1490,37,10,-52.972860579827454,129.34133887842884,527.409
1491,37,11,-52.21924824265952,144.1063227317855,526.039
1492,37,12,-49.726246271077784,157.84508432272605,524.005
1493,37,13,-45.79182166762408,169.89450790549068,521.412
1494,37,14,-40.76895177841548,-179.83695473308978,518.414
1495,37,15,-34.96722858796115,-171.10884723802727,515.202
1496,37,16,-28.623355717042475,-163.58233394251005,511.985
1497,37,17,-21.909226828953873,-156.93561731398216,508.974
1498,37,18,-14.949699489270468,-150.89662359704536,506.364
1499,37,19,-7.838934685890057,-145.24005217173757,504.316
1500,37,20,-0.6529031722076608,-139.77333268459944,502.945
1501,37,21,6.541059151596472,-134.32076534942158,502.311
1502,37,22,13.676126194930612,-128.7077568706401,502.412
1503,37,23,20.678076693322613,-122.7452476120291,503.189
1504,37,24,27.45598930297538,-116.21363333139429,504.531
1505,37,25,33.89023752944437,-108.84776608515578,506.288
1506,37,26,39.816509219413874,-100.33088902036506,508.284
1507,37,27,45.007688630149936,-90.31835762169246,510.337
1508,37,28,49.16229804187734,-78.53665696382481,512.275
1509,37,29,51.92544765551142,-65.00192678377087,513.955
1510,37,30,52.976617183870964,-50.28232270725979,515.27
1511,37,31,52.171313975064365,-35.48434221002282,516.165
1512,37,32,49.62436033922871,-21.755240214115936,516.637
1513,37,33,45.643131864487486,-9.74278844532858,516.733
1514,37,34,40.58526408597174,0.47927666857646906,516.543
1515,37,35,34.76130862976902,9.162224927198436,516.19
1516,37,36,28.407286097743707,16.64900103589816,515.813
1517,37,37,21.693860719139618,23.26197482237887,515.554
1518,37,38,14.7445854934004,29.272329556125822,515.536
1519,37,39,7.652289521535703,34.90406299851687,515.856
1520,38,0,4.076272264589242,46.63851923789554,516.161
1521,38,1,-3.093676554836154,52.0548250987698,517.073
1522,38,2,-10.233854287216756,57.54359243654873,518.365
1523,38,3,-17.27644270362304,63.28291160365123,519.967
1524,38,4,-24.142104461090252,69.4729481238937,521.766
1525,38,5,-30.729639208007253,76.35158382568936,523.612
1526,38,6,-36.90228948171746,84.20647212593327,525.337
1527,38,7,-42.47045093840862,93.37059157685275,526.767
1528,38,8,-47.17493497455166,104.16985831507326,527.74
1529,38,9,-50.68657769857075,116.7717827299894,528.123
1530,38,10,-52.65467621734241,130.92616133192524,527.826
1531,38,11,-52.82594662587507,145.7870547016072,526.811
1532,38,12,-51.17449226193061,160.16034086644194,525.1
1533,38,13,-47.91690183918473,173.0979076073617,522.769
1534,38,14,-43.39545321241969,-175.75915421367375,519.952
1535,38,15,-37.94894425503563,-166.30110440201196,516.822
1536,38,16,-31.851002590467022,-158.21655099092638,513.581
1537,38,17,-25.303882072868987,-151.16723569196128,510.441
1538,38,18,-18.453697524061024,-144.8551846723857,507.608
1539,38,19,-11.408172126311634,-139.03314508424515,505.261
1540,38,20,-4.251010274786148,-133.49414853530996,503.541
1541,38,21,2.94718671294254,-128.05603388041584,502.535
1542,38,22,10.120321175285511,-122.54560118258964,502.272
1543,38,23,17.19890810371235,-116.7830115609849,502.722
1544,38,24,24.101679986487532,-110.56592749162917,503.798
1545,38,25,30.72508005673627,-103.65361895722536,505.368
1546,38,26,36.929391672344074,-95.75473057834822,507.267
1547,38,27,42.52108654582051,-86.5322676515385,509.314
1548,38,28,47.2361266393258,-75.65781419093449,511.33
1549,38,29,50.74021517412286,-62.968074033859494,513.155
1550,38,30,52.67982155877181,-48.72989242590218,514.663
1551,38,31,52.80487207719099,-33.81439852399513,515.772
1552,38,32,51.09917576595288,-19.430528981041444,516.452
1553,38,33,47.790324773486056,-6.518738520275694,516.727
1554,38,34,43.2276764456475,4.5806112984688685,516.666
1555,38,35,37.75256607111401,13.992001953476192,516.378
1556,38,36,31.6385666318067,22.033889734137652,515.995
1557,38,37,25.086883547843097,29.046526917259786,515.66
1558,38,38,18.24234585793144,35.32752789686849,515.508
1559,38,39,11.211347418773023,41.12300146423225,515.65
1560,39,0,0.49160067771669924,58.34831849437046,516.567
1561,39,1,-6.671559734086498,63.77935707328444,517.675
1562,39,2,-13.771928135776504,69.3701332863175,519.133
1563,39,3,-20.737058791900257,75.30778748653884,520.851
1564,39,4,-27.478161804568533,81.80946504804149,522.693
1565,39,5,-33.87821298141056,89.13698078209038,524.501
1566,39,6,-39.776354537283375,97.60319150361794,526.1
1567,39,7,-44.949819852406996,107.54898512391034,527.319
1568,39,8,-49.10234264134297,119.24798585130748,528.012
1569,39,9,-51.88346589777793,132.69399187404295,528.063
1570,39,10,-52.972860579827454,147.34134620951363,527.409
1571,39,11,-52.21924824265952,162.10633006287028,526.039
1572,39,12,-49.726246271077784,175.84509165381087,524.005
1573,39,13,-45.79182166762408,-172.10548112095884,521.412
1574,39,14,-40.76895177841548,-161.836947402005,518.414
1575,39,15,-34.96722858796115,-153.10883990694245,515.202
1576,39,16,-28.623355717042475,-145.58232661142523,511.985
1577,39,17,-21.909226828953873,-138.93560998289738,508.974
1578,39,18,-14.949699489270468,-132.89661626596055,506.364
1579,39,19,-7.838934685890057,-127.24004484065276,504.316
1580,39,20,-0.6529031722076608,-121.77332535351464,502.945
1581,39,21,6.541059151596472,-116.32075801833678,502.311
1582,39,22,13.676126194930612,-110.70774953955531,502.412
1583,39,23,20.678076693322613,-104.74524711113348,503.189
1584,39,24,27.45598930297538,-98.21362600030949,504.531
1585,39,25,33.89023752944437,-90.84775875407098,506.288
1586,39,26,39.816509219413874,-82.33088168928026,508.284
1587,39,27,45.007688630149936,-72.31835029060765,510.337
1588,39,28,49.16229804187734,-60.536649632740016,512.275
1589,39,29,51.92544765551142,-47.00191945268607,513.955
1590,39,30,52.976617183870964,-32.282315376174985,515.27
1591,39,31,52.171313975064365,-17.48433487893801,516.165
1592,39,32,49.62436033922871,-3.75523245614431,516.637
1593,39,33,45.643131864487486,8.257218885756222,516.733
1594,39,34,40.58526408597174,18.479283412691892,516.543
1595,39,35,34.76130862976902,27.162231404509594,516.19
1596,39,36,28.407286097743707,34.64900665943567,515.813
1597,39,37,21.693860719139618,41.26198215346368,515.554
1598,39,38,14.7445854934004,47.27233688721063,515.536
1599,39,39,7.652289521535703,52.90407032960167,515.856
