0,0,0,48.478145313473846,13.640321489527759,516.71
1,0,1,44.11122971668034,25.06114056486132,516.701
2,0,2,38.775581559714766,34.750800383730954,516.444
3,0,3,32.758174655649775,43.00973876961073,516.067
4,0,4,26.27209383111685,50.1814408132187,515.713
5,0,5,19.47078782355679,56.572694706409756,515.518
6,0,6,12.466287957057084,62.43820844861742,515.6
7,0,7,5.344346402873592,67.9896427720312,516.042
8,0,8,-1.8241687171563357,73.41095516156709,516.882
9,0,9,-8.974367404266404,78.87429370506605,518.11
10,0,10,-16.039575699656478,84.55549479252092,519.664
11,0,11,-22.943165497584772,90.64964911719476,521.437
12,0,12,-29.588703918480814,97.38689307298198,523.286
13,0,13,-35.84690231154543,105.04563200064146,525.045
14,0,14,-41.538854116753896,113.95266996139082,526.539
15,0,15,-46.41853592020235,124.44269988493902,527.603
16,0,16,-50.167541378257724,136.72796989974418,528.098
17,0,17,-52.43220671079134,150.65208916438056,527.926
18,0,18,-52.93121691645789,165.4721243424475,527.039
19,0,19,-51.59268425424298,-179.98465074370213,525.447
20,0,20,-48.596215378561276,-166.74934239648323,523.218
21,0,21,-44.2725690301598,-155.28682330871945,520.476
22,0,22,-38.967779667864335,-145.55032034497455,517.387
23,0,23,-32.96856838774826,-137.24774729558217,514.151
24,0,24,-26.48896941273768,-130.0382777209586,510.978
25,0,25,-19.683722386026524,-123.61505854245189,508.077
26,0,26,-12.666149537455412,-117.72227185488838,505.633
27,0,27,-5.5233806020584355,-112.14693869956871,503.795
28,0,28,1.672401700355241,-106.70362627071621,502.659
29,0,29,8.854839093791181,-101.21871115962917,502.266
30,0,30,15.955629259662437,-95.51466991958978,502.595
31,0,31,22.896283079121805,-89.39432181944895,503.569
32,0,32,29.578096634699783,-82.62481205002258,505.064
33,0,33,35.868926256524134,-74.9242108929401,506.918
34,0,34,41.586160006945406,-65.96164349423853,508.952
35,0,35,46.47907188681617,-55.39938432021745,510.987
36,0,36,50.2240338728829,-43.02774997845205,512.856
37,0,37,52.46388171306728,-29.01734834912549,514.427
38,0,38,52.91924359484286,-14.135933676082225,515.611
39,0,39,51.52704613631916,0.425680174159379,516.367
40,1,0,46.43661884602996,28.579796185610718,516.744
41,1,1,41.544758815291374,39.106224187245914,516.596
42,1,2,35.83716246178899,48.03727026292786,516.261
43,1,3,29.562954105309863,55.711090248274736,515.878
44,1,4,22.903070579609505,62.45753105377938,515.587
45,1,5,15.988113639355017,68.55710171846503,515.519
46,1,6,8.915328956628107,74.24122612688467,515.773
47,1,7,1.7618073824868268,79.70570531197502,516.412
48,1,8,-5.405589294066512,85.12664204110656,517.45
49,1,9,-12.522047913893775,90.67610927003939,518.852
50,1,10,-19.516999175933805,96.53757271006923,520.531
51,1,11,-26.305324408976254,102.92172320652347,522.362
52,1,12,-32.77601510976185,110.08159877758357,524.188
53,1,13,-38.7772822768181,118.32142970926023,525.836
54,1,14,-44.09856654595914,127.98129795051756,527.134
55,1,15,-48.45654484022368,139.35863091895294,527.929
56,1,16,-51.506422380120306,152.5170176757392,528.1
57,1,17,-52.91309300949526,167.01898460453697,527.573
58,1,18,-52.485676846708785,-178.14656487578168,526.328
59,1,19,-50.28279399031252,-164.15977179532126,524.405
60,1,20,-46.57776812032286,-151.79049045372494,521.901
61,1,21,-41.72313945075001,-141.218272863894,518.963
62,1,22,-36.039995174476275,-132.2413825585029,515.774
63,1,23,-29.77797187547645,-124.52673853248686,512.543
64,1,24,-23.11919996306351,-117.74553547920144,509.481
65,1,25,-16.195560144826644,-111.61650620862551,506.787
66,1,26,-9.105680352380839,-105.9069803266826,504.631
67,1,27,-1.9279231326302375,-100.41972246071025,503.135
68,1,28,5.269420081452198,-94.97719550361231,502.369
69,1,29,12.420002326372847,-89.40575555611954,502.344
70,1,30,19.451531812739233,-83.52006543510367,503.008
71,1,31,26.276837397495424,-77.10707787997364,504.261
72,1,32,32.78239109135205,-69.91061981571896,505.957
73,1,33,38.813151015244415,-61.62258823906951,507.924
74,1,34,44.15432479524854,-51.89903531399098,509.981
75,1,35,48.51751793894439,-40.44148860394297,511.951
76,1,36,51.55314770423236,-27.194130095480844,513.686
77,1,37,52.924885331097286,-12.61508875076769,515.071
78,1,38,52.447393636410865,2.2602385161778034,516.043
79,1,39,50.190166379883394,16.244102299257925,516.587
80,2,0,48.478145313473846,31.64032199042339,516.71
81,2,1,44.11122971668034,43.06113935820966,516.701
82,2,2,38.775581559714766,52.750800884626585,516.444
83,2,3,32.758174655649775,61.009735855411776,516.067
84,2,4,26.27209383111685,68.18144131411434,515.713
85,2,5,19.47078782355679,74.57269520730539,515.518
86,2,6,12.466287957057084,80.43820894951304,515.6
87,2,7,5.344346402873592,85.98964327292684,516.042
88,2,8,-1.8241687171563357,91.41095566246273,516.882
89,2,9,-8.974367404266404,96.87429420596169,518.11
90,2,10,-16.039575699656478,102.55549529341656,519.664
91,2,11,-22.943165497584772,108.6496496180904,521.437
92,2,12,-29.588703918480814,115.38689357387761,523.286
93,2,13,-35.84690231154543,123.04563933172626,525.045
94,2,14,-41.538854116753896,131.95267046228645,526.539
95,2,15,-46.41853592020235,142.44270721602382,527.603
96,2,16,-50.167541378257724,154.727977230829,528.098
97,2,17,-52.43220671079134,168.65209649546537,527.926
98,2,18,-52.93121691645789,-176.52787834438035,527.039
99,2,19,-51.59268425424298,-161.98465707299567,525.447
100,2,20,-48.596215378561276,-148.74934872577674,523.218
101,2,21,-44.2725690301598,-137.28681597763463,520.476
102,2,22,-38.967779667864335,-127.55032667426809,517.387
103,2,23,-32.96856838774826,-119.2477536248757,514.151
104,2,24,-26.48896941273768,-112.03827722006297,510.978
105,2,25,-19.683722386026524,-105.61505804155625,508.077
106,2,26,-12.666149537455412,-99.72227135399274,505.633
107,2,27,-5.5233806020584355,-94.14693819867307,503.795
108,2,28,1.672401700355241,-88.70362576982058,502.659
109,2,29,8.854839093791181,-83.21871065873354,502.266
110,2,30,15.955629259662437,-77.51466941869415,502.595
111,2,31,22.896283079121805,-71.39432131855331,503.569
112,2,32,29.578096634699783,-64.62481154912696,505.064
113,2,33,35.868926256524134,-56.924206976949876,506.918
114,2,34,41.586160006945406,-47.96163957824831,508.952
115,2,35,46.47907188681617,-37.39938381932182,510.987
116,2,36,50.2240338728829,-25.02775118510371,512.856
117,2,37,52.46388171306728,-11.017347848229857,514.427
118,2,38,52.91924359484286,3.8640672517002317,515.611
119,2,39,51.52704613631916,18.42568008808563,516.367
120,3,0,46.43661884602996,46.579796686506356,516.744
121,3,1,41.544758815291374,57.106224688141545,516.596
122,3,2,35.83716246178899,66.03726734872892,516.261
123,3,3,29.562954105309863,73.71108733407578,515.878
124,3,4,22.903070579609505,80.45753155467501,515.587
125,3,5,15.988113639355017,86.55710221936067,515.519
126,3,6,8.915328956628107,92.2412266277803,515.773
127,3,7,1.7618073824868268,97.70570581287066,516.412
128,3,8,-5.405589294066512,103.12664254200219,517.45
129,3,9,-12.522047913893775,108.67610977093503,518.852
130,3,10,-19.516999175933805,114.53757321096487,520.531
131,3,11,-26.305324408976254,120.9217237074191,522.362
132,3,12,-32.77601510976185,128.08160610866838,524.188
133,3,13,-38.7772822768181,136.3214233799667,525.836
134,3,14,-44.09856654595914,145.98129162122402,527.134
135,3,15,-48.45654484022368,157.35863825003776,527.929
136,3,16,-51.506422380120306,170.51702500682399,528.1
137,3,17,-52.91309300949526,-174.9810180822909,527.573
138,3,18,-52.485676846708785,-160.14655754469686,526.328
139,3,19,-50.28279399031252,-146.15976446423645,524.405
140,3,20,-46.57776812032286,-133.79048312264013,521.901
141,3,21,-41.72313945075001,-123.21826553280917,518.963
142,3,22,-36.039995174476275,-114.24137522741809,515.774
143,3,23,-29.77797187547645,-106.52674486178039,512.543
144,3,24,-23.11919996306351,-99.74554180849498,509.481
145,3,25,-16.195560144826644,-93.61650570772989,506.787
146,3,26,-9.105680352380839,-87.90697982578698,504.631
147,3,27,-1.9279231326302375,-82.41972195981461,503.135
148,3,28,5.269420081452198,-76.97719500271667,502.369
149,3,29,12.420002326372847,-71.40575505522392,502.344
150,3,30,19.451531812739233,-65.52006493420804,503.008
151,3,31,26.276837397495424,-59.10707737907801,504.261
152,3,32,32.78239109135205,-51.91061931482332,505.957
153,3,33,38.813151015244415,-43.62258773817388,507.924
154,3,34,44.15432479524854,-33.89903481309535,509.981
155,3,35,48.51751793894439,-22.441486395500043,511.951
156,3,36,51.55314770423236,-9.194130448358857,513.686
157,3,37,52.924885331097286,5.384912177014767,515.071
158,3,38,52.447393636410865,20.26023816329979,516.043
159,3,39,50.190166379883394,34.244102800153556,516.587
160,4,0,48.478145313473846,49.640322491319026,516.71
161,4,1,44.11122971668034,61.06113985910529,516.701
162,4,2,38.775581559714766,70.75080138552222,516.444
163,4,3,32.758174655649775,79.00973635630741,516.067
164,4,4,26.27209383111685,86.18144181500996,515.713
165,4,5,19.47078782355679,92.57269570820102,515.518
166,4,6,12.466287957057084,98.43820945040868,515.6
167,4,7,5.344346402873592,103.98964377382248,516.042
168,4,8,-1.8241687171563357,109.41095616335835,516.882
169,4,9,-8.974367404266404,114.87428787666815,518.11
170,4,10,-16.039575699656478,120.55550262450136,519.664
171,4,11,-22.943165497584772,126.64964328879685,521.437
172,4,12,-29.588703918480814,133.38688724458407,523.286
173,4,13,-35.84690231154543,141.04563300243274,525.045
174,4,14,-41.538854116753896,149.9526641329929,526.539
175,4,15,-46.41853592020235,160.44270088673028,527.603
176,4,16,-50.167541378257724,172.72797090153546,528.098
177,4,17,-52.43220671079134,-173.34790619136248,527.926
178,4,18,-52.93121691645789,-158.52787101329554,527.039
179,4,19,-51.59268425424298,-143.98464974191089,525.447
180,4,20,-48.596215378561276,-130.74934139469195,523.218
181,4,21,-44.2725690301598,-119.28682230692817,520.476
182,4,22,-38.967779667864335,-109.55031934318329,517.387
183,4,23,-32.96856838774826,-101.2477462937909,514.151
184,4,24,-26.48896941273768,-94.03827671916734,510.978
185,4,25,-19.683722386026524,-87.61505754066063,508.077
186,4,26,-12.666149537455412,-81.7222708530971,505.633
187,4,27,-5.5233806020584355,-76.14693769777743,503.795
188,4,28,1.672401700355241,-70.70362526892494,502.659
189,4,29,8.854839093791181,-65.2187101578379,502.266
190,4,30,15.955629259662437,-59.51466891779852,502.595
191,4,31,22.896283079121805,-53.39432081765768,503.569
192,4,32,29.578096634699783,-46.624814463325905,505.064
193,4,33,35.868926256524134,-38.92420647605424,506.918
194,4,34,41.586160006945406,-29.96163907735268,508.952
195,4,35,46.47907188681617,-19.399383318426185,510.987
196,4,36,50.2240338728829,-7.027750684208077,512.856
197,4,37,52.46388171306728,6.9826526526657755,514.427
198,4,38,52.91924359484286,21.86406732570904,515.611
199,4,39,51.52704613631916,36.42568229652856,516.367
200,5,0,46.43661884602996,64.5797937723074,516.744
201,5,1,41.544758815291374,75.1062217739426,516.596
202,5,2,35.83716246178899,84.03726784962454,516.261
203,5,3,29.562954105309863,91.71108783497142,515.878
204,5,4,22.903070579609505,98.45753205557065,515.587
205,5,5,15.988113639355017,104.5571027202563,515.519
206,5,6,8.915328956628107,110.24122712867593,515.773
207,5,7,1.7618073824868268,115.70571314395546,516.412
208,5,8,-5.405589294066512,121.12664304289783,517.45
209,5,9,-12.522047913893775,126.67610344164149,518.852
210,5,10,-19.516999175933805,132.53756688167132,520.531
211,5,11,-26.305324408976254,138.92171737812558,522.362
212,5,12,-32.77601510976185,146.08159977937484,524.188
213,5,13,-38.7772822768181,154.3214307110515,525.836
214,5,14,-44.09856654595914,163.98129895230883,527.134
215,5,15,-48.45654484022368,175.35863192074422,527.929
216,5,16,-51.506422380120306,-171.48297768000387,528.1
217,5,17,-52.91309300949526,-156.98101075120607,527.573
218,5,18,-52.485676846708785,-142.1465638739904,526.328
219,5,19,-50.28279399031252,-128.15977079353,524.405
220,5,20,-46.57776812032286,-115.79048945193367,521.901
221,5,21,-41.72313945075001,-105.21826503191353,518.963
222,5,22,-36.039995174476275,-96.24137472652245,515.774
223,5,23,-29.77797187547645,-88.52674436088476,512.543
224,5,24,-23.11919996306351,-81.74554130759934,509.481
225,5,25,-16.195560144826644,-75.61650520683425,506.787
226,5,26,-9.105680352380839,-69.90697932489134,504.631
227,5,27,-1.9279231326302375,-64.41972145891899,503.135
228,5,28,5.269420081452198,-58.97719450182104,502.369
229,5,29,12.420002326372847,-53.40575455432828,502.344
230,5,30,19.451531812739233,-47.520064433312406,503.008
231,5,31,26.276837397495424,-41.10707346308779,504.261
232,5,32,32.78239109135205,-33.910618813927684,505.957
233,5,33,38.813151015244415,-25.62258552973095,507.924
234,5,34,44.15432479524854,-15.899032604652419,509.981
235,5,35,48.51751793894439,-4.441486321491232,511.951
236,5,36,51.55314770423236,8.805870052536775,513.686
237,5,37,52.924885331097286,23.384913104797224,515.071
238,5,38,52.447393636410865,38.26024037174272,516.043
239,5,39,50.190166379883394,52.24410330104919,516.587
240,6,0,48.478145313473846,67.64031957712008,516.71
241,6,1,44.11122971668034,79.06114036000092,516.701
242,6,2,38.775581559714766,88.75080188641786,516.444
243,6,3,32.758174655649775,97.00973685720304,516.067
244,6,4,26.27209383111685,104.1814423159056,515.713
245,6,5,19.47078782355679,110.57269620909665,515.518
246,6,6,12.466287957057084,116.43820995130432,515.6
247,6,7,5.344346402873592,121.98963744452894,516.042
248,6,8,-1.8241687171563357,127.41094983406482,516.882
249,6,9,-8.974367404266404,132.87429520775297,518.11
250,6,10,-16.039575699656478,138.55549629520783,519.664
251,6,11,-22.943165497584772,144.64965061988167,521.437
252,6,12,-29.588703918480814,151.3868945756689,523.286
253,6,13,-35.84690231154543,159.04564033351753,525.045
254,6,14,-41.538854116753896,167.95267146407772,526.539
255,6,15,-46.41853592020235,178.4427082178151,527.603
256,6,16,-50.167541378257724,-169.27201812491407,528.098
257,6,17,-52.43220671079134,-155.34791252065602,527.926
258,6,18,-52.93121691645789,-140.52787734258908,527.039
259,6,19,-51.59268425424298,-125.98465607120441,525.447
260,6,20,-48.596215378561276,-112.74934089379632,523.218
261,6,21,-44.2725690301598,-101.28681497584337,520.476
262,6,22,-38.967779667864335,-91.55031884228767,517.387
263,6,23,-32.96856838774826,-83.24774579289526,514.151
264,6,24,-26.48896941273768,-76.0382762182717,510.978
265,6,25,-19.683722386026524,-69.61505703976499,508.077
266,6,26,-12.666149537455412,-63.72227035220147,505.633
267,6,27,-5.5233806020584355,-58.1469371968818,503.795
268,6,28,1.672401700355241,-52.7036281831239,502.659
269,6,29,8.854839093791181,-47.21870965694227,502.266
270,6,30,15.955629259662437,-41.51466841690288,502.595
271,6,31,22.896283079121805,-35.39432031676205,503.569
272,6,32,29.578096634699783,-28.624813962430274,505.064
273,6,33,35.868926256524134,-20.9242076827059,506.918
274,6,34,41.586160006945406,-11.961638576457046,508.952
275,6,35,46.47907188681617,-1.399383457860787,510.987
276,6,36,50.2240338728829,10.972249816687556,512.856
277,6,37,52.46388171306728,24.982653153561408,514.427
278,6,38,52.91924359484286,39.864067826604675,515.611
279,6,39,51.52704613631916,54.42568279742419,516.367
280,7,0,46.43661884602996,82.57979427320304,516.744
281,7,1,41.544758815291374,93.10622227483823,516.596
282,7,2,35.83716246178899,102.03726835052018,516.261
283,7,3,29.562954105309863,109.71108833586706,515.878
284,7,4,22.903070579609505,116.45752572627711,515.587
285,7,5,15.988113639355017,122.55710322115193,515.519
286,7,6,8.915328956628107,128.24122762957157,515.773
287,7,7,1.7618073824868268,133.70570681466194,516.412
288,7,8,-5.405589294066512,139.12663671360428,517.45
289,7,9,-12.522047913893775,144.67611077272628,518.852
290,7,10,-19.516999175933805,150.53757421275614,520.531
291,7,11,-26.305324408976254,156.92172470921037,522.362
292,7,12,-32.77601510976185,164.0815934500813,524.188
293,7,13,-38.7772822768181,172.32142438175796,525.836
294,7,14,-44.09856654595914,-178.01870373451902,527.134
295,7,15,-48.45654484022368,-166.64137076608367,527.929
296,7,16,-51.506422380120306,-153.4829840092974,528.1
297,7,17,-52.91309300949526,-138.9810170804996,527.573
298,7,18,-52.485676846708785,-124.14657020328394,526.328
299,7,19,-50.28279399031252,-110.15977029263436,524.405
300,7,20,-46.57776812032286,-97.79048895103803,521.901
301,7,21,-41.72313945075001,-87.21827136120707,518.963
302,7,22,-36.039995174476275,-78.24138105581599,515.774
303,7,23,-29.77797187547645,-70.52674385998912,512.543
304,7,24,-23.11919996306351,-63.7455408067037,509.481
305,7,25,-16.195560144826644,-57.61650470593861,506.787
306,7,26,-9.105680352380839,-51.90698565418487,504.631
307,7,27,-1.9279231326302375,-46.41972437311794,503.135
308,7,28,5.269420081452198,-40.97719400092541,502.369
309,7,29,12.420002326372847,-35.405757468527234,502.344
310,7,30,19.451531812739233,-29.520067347511354,503.008
311,7,31,26.276837397495424,-23.107076377286738,504.261
312,7,32,32.78239109135205,-15.910620020579346,505.957
313,7,33,38.813151015244415,-7.622589297703549,507.924
314,7,34,44.15432479524854,2.1009642677052183,509.981
315,7,35,48.51751793894439,13.558510337422993,511.951
316,7,36,51.55314770423236,26.80586799211147,513.686
317,7,37,52.924885331097286,41.38490848305098,515.071
318,7,38,52.447393636410865,56.26023745754377,516.043
319,7,39,50.190166379883394,70.24409697175565,516.587
320,8,0,48.478145313473846,85.6403200780157,516.71
321,8,1,44.11122971668034,97.06114086089656,516.701
322,8,2,38.775581559714766,106.75080238731348,516.444
323,8,3,32.758174655649775,115.00974418828784,516.067
324,8,4,26.27209383111685,122.18144281680124,515.713
325,8,5,19.47078782355679,128.5726967099923,515.518
326,8,6,12.466287957057084,134.4382172823891,515.6
327,8,7,5.344346402873592,139.98964477561373,516.042
328,8,8,-1.8241687171563357,145.41095716514963,516.882
329,8,9,-8.974367404266404,150.87428887845942,518.11
330,8,10,-16.039575699656478,156.55550362629262,519.664
331,8,11,-22.943165497584772,162.64964429058813,521.437
332,8,12,-29.588703918480814,169.38688824637535,523.286
333,8,13,-35.84690231154543,177.04563400422398,525.045
334,8,14,-41.538854116753896,-174.04733122275013,526.539
335,8,15,-46.41853592020235,-163.5572944690128,527.603
336,8,16,-50.167541378257724,-151.2720244542076,528.098
337,8,17,-52.43220671079134,-137.34790518957124,527.926
338,8,18,-52.93121691645789,-122.52787001150428,527.039
339,8,19,-51.59268425424298,-107.98464874011961,525.447
340,8,20,-48.596215378561276,-94.74934039290068,523.218
341,8,21,-44.2725690301598,-83.28681447494773,520.476
342,8,22,-38.967779667864335,-73.55031834139203,517.387
343,8,23,-32.96856838774826,-65.24774529199962,514.151
344,8,24,-26.48896941273768,-58.03827571737607,510.978
345,8,25,-19.683722386026524,-51.61505995396394,508.077
346,8,26,-12.666149537455412,-45.72227326640042,505.633
347,8,27,-5.5233806020584355,-40.14693669598617,503.795
348,8,28,1.672401700355241,-34.70362768222826,502.659
349,8,29,8.854839093791181,-29.218709156046636,502.266
350,8,30,15.955629259662437,-23.514666208459957,502.595
351,8,31,22.896283079121805,-17.394319815866414,503.569
352,8,32,29.578096634699783,-10.62481346153464,505.064
353,8,33,35.868926256524134,-2.924206541480032,506.918
354,8,34,41.586160006945406,6.038361924438588,508.952
355,8,35,46.47907188681617,16.60061768336508,510.987
356,8,36,50.2240338728829,28.972252025130484,512.856
357,8,37,52.46388171306728,42.982653654457046,514.427
358,8,38,52.91924359484286,57.864071742594895,515.611
359,8,39,51.52704613631916,72.42567988322524,516.367
360,9,0,46.43661884602996,100.57979477409867,516.744
361,9,1,41.544758815291374,111.10622277573385,516.596
362,9,2,35.83716246178899,120.03726885141582,516.261
363,9,3,29.562954105309863,127.71108200657352,515.878
364,9,4,22.903070579609505,134.4575330573619,515.587
365,9,5,15.988113639355017,140.5570968918584,515.519
366,9,6,8.915328956628107,146.24122130027803,515.773
367,9,7,1.7618073824868268,151.7057004853684,516.412
368,9,8,-5.405589294066512,157.1266440446891,517.45
369,9,9,-12.522047913893775,162.67610444343276,518.852
370,9,10,-19.516999175933805,168.5375678834626,520.531
371,9,11,-26.305324408976254,174.92171837991683,522.362
372,9,12,-32.77601510976185,-177.91839557636823,524.188
373,9,13,-38.7772822768181,-169.6785783050699,525.836
374,9,14,-44.09856654595914,-160.01871006381256,527.134
375,9,15,-48.45654484022368,-148.64136343499885,527.929
376,9,16,-51.506422380120306,-135.4829766782126,528.1
377,9,17,-52.91309300949526,-120.98100974941481,527.573
378,9,18,-52.485676846708785,-106.14656287219914,526.328
379,9,19,-50.28279399031252,-92.15976979173873,524.405
380,9,20,-46.57776812032286,-79.79048845014239,521.901
381,9,21,-41.72313945075001,-69.21827086031143,518.963
382,9,22,-36.039995174476275,-60.24138055492036,515.774
383,9,23,-29.77797187547645,-52.52674677418808,512.543
384,9,24,-23.11919996306351,-45.74554030580807,509.481
385,9,25,-16.195560144826644,-39.61650762013756,506.787
386,9,26,-9.105680352380839,-33.90698515328924,504.631
387,9,27,-1.9279231326302375,-28.419725579769594,503.135
388,9,28,5.269420081452198,-22.977193500029774,502.369
389,9,29,12.420002326372847,-17.4057569676316,502.344
390,9,30,19.451531812739233,-11.520067700389367,503.008
391,9,31,26.276837397495424,-5.107075876391105,504.261
392,9,32,32.78239109135205,2.0893802668728765,505.957
393,9,33,38.813151015244415,10.377411203192084,507.924
394,9,34,44.15432479524854,20.100964982044264,509.981
395,9,35,48.51751793894439,31.55850998454498,511.951
396,9,36,51.55314770423236,44.80586678545981,513.686
397,9,37,52.924885331097286,59.384908983946616,515.071
398,9,38,52.447393636410865,74.26023454334481,516.043
399,9,39,50.190166379883394,88.24409747265129,516.587
400,10,0,48.478145313473846,103.64032057891134,516.71
401,10,1,44.11122971668034,115.06114819198136,516.701
402,10,2,38.775581559714766,124.75080971839829,516.444
403,10,3,32.758174655649775,133.0097378589943,516.067
404,10,4,26.27209383111685,140.18145014788604,515.713
405,10,5,19.47078782355679,146.57269038069876,515.518
406,10,6,12.466287957057084,152.4382109530956,515.6
407,10,7,5.344346402873592,157.9896384463202,516.042
408,10,8,-1.8241687171563357,163.41095083585608,516.882
409,10,9,-8.974367404266404,168.8742962095442,518.11
410,10,10,-16.039575699656478,174.55549729699908,519.664
411,10,11,-22.943165497584772,-179.3503447358614,521.437
412,10,12,-29.588703918480814,-172.61310078007418,523.286
413,10,13,-35.84690231154543,-164.95436868260387,525.045
414,10,14,-41.538854116753896,-156.04732389166534,526.539
415,10,15,-46.41853592020235,-145.55728713792797,527.603
416,10,16,-50.167541378257724,-133.2720171231228,528.098
417,10,17,-52.43220671079134,-119.34791151886476,527.926
418,10,18,-52.93121691645789,-104.52787634079782,527.039
419,10,19,-51.59268425424298,-89.98464823922397,525.447
420,10,20,-48.596215378561276,-76.74933989200505,523.218
421,10,21,-44.2725690301598,-65.2868139740521,520.476
422,10,22,-38.967779667864335,-55.55032125559098,517.387
423,10,23,-32.96856838774826,-47.24774820619858,514.151
424,10,24,-26.48896941273768,-40.038275216480436,510.978
425,10,25,-19.683722386026524,-33.61505945306831,508.077
426,10,26,-12.666149537455412,-27.722271057957496,505.633
427,10,27,-5.5233806020584355,-22.146937902637827,503.795
428,10,28,1.672401700355241,-16.703627181332628,502.659
429,10,29,8.854839093791181,-11.21870950892465,502.266
430,10,30,15.955629259662437,-5.514665707564323,502.595
431,10,31,22.896283079121805,0.6056811119160438,503.569
432,10,32,29.578096634699783,7.375187039360993,505.064
433,10,33,35.868926256524134,15.075793319085367,506.918
434,10,34,41.586160006945406,24.03836242533422,508.952
435,10,35,46.47907188681617,34.60061818426072,510.987
436,10,36,50.2240338728829,46.97225252602612,512.856
437,10,37,52.46388171306728,60.98265415535268,514.427
438,10,38,52.91924359484286,75.86407224349053,515.611
439,10,39,51.52704613631916,90.42568038412087,516.367
440,11,0,46.43661884602996,118.57978844480513,516.744
441,11,1,41.544758815291374,129.10621644644033,516.596
442,11,2,35.83716246178899,138.03726252212226,516.261
443,11,3,29.562954105309863,145.7110893376583,515.878
444,11,4,22.903070579609505,152.4575267280684,515.587
445,11,5,15.988113639355017,158.5571042229432,515.519
446,11,6,8.915328956628107,164.24122863136284,515.773
447,11,7,1.7618073824868268,169.70570781645318,516.412
448,11,8,-5.405589294066512,175.12663771539556,517.45
449,11,9,-12.522047913893775,-179.32389824339512,518.852
450,11,10,-19.516999175933805,-173.46243480336526,520.531
451,11,11,-26.305324408976254,-167.07828430691103,522.362
452,11,12,-32.77601510976185,-159.91840190566177,524.188
453,11,13,-38.7772822768181,-151.6785709739851,525.836
454,11,14,-44.09856654595914,-142.01870273272777,527.134
455,11,15,-48.45654484022368,-130.6413697642924,527.929
456,11,16,-51.506422380120306,-117.48298300750615,528.1
457,11,17,-52.91309300949526,-102.98101607870835,527.573
458,11,18,-52.485676846708785,-88.1465623713035,526.328
459,11,19,-50.28279399031252,-74.1597692908431,524.405
460,11,20,-46.57776812032286,-61.79048794924677,521.901
461,11,21,-41.72313945075001,-51.21826694432122,518.963
462,11,22,-36.039995174476275,-42.24137663893014,515.774
463,11,23,-29.77797187547645,-34.52674627329244,512.543
464,11,24,-23.11919996306351,-27.74554151245973,509.481
465,11,25,-16.195560144826644,-21.61650711924193,506.787
466,11,26,-9.105680352380839,-15.906984652393605,504.631
467,11,27,-1.9279231326302375,-10.41972507887396,503.135
468,11,28,5.269420081452198,-4.977193852907788,502.369
469,11,29,12.420002326372847,0.5942442803159749,502.344
470,11,30,19.451531812739233,6.479933227393089,503.008
471,11,31,26.276837397495424,12.892924624504529,504.261
472,11,32,32.78239109135205,20.08938098121192,505.957
473,11,33,38.813151015244415,28.377412557861366,507.924
474,11,34,44.15432479524854,38.10096377539261,509.981
475,11,35,48.51751793894439,49.558510485440614,511.951
476,11,36,51.55314770423236,62.80587070145003,513.686
477,11,37,52.924885331097286,77.38490948484224,515.071
478,11,38,52.447393636410865,92.26023504424045,516.043
479,11,39,50.190166379883394,106.24409797354693,516.587
480,12,0,48.478145313473846,121.64032790999615,516.71
481,12,1,44.11122971668034,133.06114186268783,516.701
482,12,2,38.775581559714766,142.75080338910476,516.444
483,12,3,32.758174655649775,151.00974519007912,516.067
484,12,4,26.27209383111685,158.1814438185925,515.713
485,12,5,19.47078782355679,164.57269771178355,515.518
486,12,6,12.466287957057084,170.43821828418038,515.6
487,12,7,5.344346402873592,175.989645777405,516.042
488,12,8,-1.8241687171563357,-178.58905185097177,516.882
489,12,9,-8.974367404266404,-173.12570647728364,518.11
490,12,10,-16.039575699656478,-167.44450538982878,519.664
491,12,11,-22.943165497584772,-161.35035106515494,521.437
492,12,12,-29.588703918480814,-154.61310710936772,523.286
493,12,13,-35.84690231154543,-146.95436135151905,525.045
494,12,14,-41.538854116753896,-138.04733022095888,526.539
495,12,15,-46.41853592020235,-127.55729346722151,527.603
496,12,16,-50.167541378257724,-115.27202345241633,528.098
497,12,17,-52.43220671079134,-101.34790418777996,527.926
498,12,18,-52.93121691645789,-86.52787583990218,527.039
499,12,19,-51.59268425424298,-71.98464773832835,525.447
500,12,20,-48.596215378561276,-58.749339391109416,523.218
501,12,21,-44.2725690301598,-47.28681688825105,520.476
502,12,22,-38.967779667864335,-37.55032075469535,517.387
503,12,23,-32.96856838774826,-29.247747705302945,514.151
504,12,24,-26.48896941273768,-22.0382747155848,510.978
505,12,25,-19.683722386026524,-15.615057244625383,508.077
506,12,26,-12.666149537455412,-9.722271410835509,505.633
507,12,27,-5.5233806020584355,-4.146936974855371,503.795
508,12,28,1.672401700355241,1.2963735330064168,502.659
509,12,29,8.854839093791181,6.781290991970984,502.266
510,12,30,15.955629259662437,12.485334793331312,502.595
511,12,31,22.896283079121805,18.605681185924855,503.569
512,12,32,29.578096634699783,25.375187540256626,505.064
513,12,33,35.868926256524134,33.07579552752829,506.918
514,12,34,41.586160006945406,42.03836292622985,508.952
515,12,35,46.47907188681617,52.60061868515635,510.987
516,12,36,50.2240338728829,64.97224961182717,512.856
517,12,37,52.46388171306728,78.98265465624831,514.427
518,12,38,52.91924359484286,93.86407274438616,515.611
519,12,39,51.52704613631916,108.4256808850165,516.367
520,13,0,46.43661884602996,136.57979577588995,516.744
521,13,1,41.544758815291374,147.10622377752512,516.596
522,13,2,35.83716246178899,156.03726985320708,516.261
523,13,3,29.562954105309863,163.71109666874312,515.878
524,13,4,22.903070579609505,170.45753405915318,515.587
525,13,5,15.988113639355017,176.557111554028,515.519
526,13,6,8.915328956628107,-177.75876039508668,515.773
527,13,7,1.7618073824868268,-172.29428120999634,516.412
528,13,8,-5.405589294066512,-166.87335131105397,517.45
529,13,9,-12.522047913893775,-161.3238909123103,518.852
530,13,10,-19.516999175933805,-155.46242747228047,520.531
531,13,11,-26.305324408976254,-149.0782769758262,522.362
532,13,12,-32.77601510976185,-141.91839457457695,524.188
533,13,13,-38.7772822768181,-133.6785636429003,525.836
534,13,14,-44.09856654595914,-124.01869540164296,527.134
535,13,15,-48.45654484022368,-112.64136243320759,527.929
536,13,16,-51.506422380120306,-99.48297567642135,528.1
537,13,17,-52.91309300949526,-84.98100874762355,527.573
538,13,18,-52.485676846708785,-70.1465550402187,526.328
539,13,19,-50.28279399031252,-56.15976195975829,524.405
540,13,20,-46.57776812032286,-43.79048403325655,521.901
541,13,21,-41.72313945075001,-33.21825961323642,518.963
542,13,22,-36.039995174476275,-24.241371015392634,515.774
543,13,23,-29.77797187547645,-16.526738942207636,512.543
544,13,24,-23.11919996306351,-9.745534181374927,509.481
545,13,25,-16.195560144826644,-3.6164997881571264,506.787
546,13,26,-9.105680352380839,2.0930231055780206,504.631
547,13,27,-1.9279231326302375,7.580282252210844,503.135
548,13,28,5.269420081452198,13.022813478177016,502.369
549,13,29,12.420002326372847,18.594250864348837,502.344
550,13,30,19.451531812739233,24.479940985364717,503.008
551,13,31,26.276837397495424,30.892931955589333,504.261
552,13,32,32.78239109135205,38.089386604749436,505.957
553,13,33,38.813151015244415,46.37741818139887,507.924
554,13,34,44.15432479524854,56.10097110647741,509.981
555,13,35,48.51751793894439,67.55852123162,511.951
556,13,36,51.55314770423236,80.80587803253484,513.686
557,13,37,52.924885331097286,95.38491681592706,515.071
558,13,38,52.447393636410865,110.26024237532525,516.043
559,13,39,50.190166379883394,124.24410530463173,516.587
560,14,0,48.478145313473846,139.64032158070262,516.71
561,14,1,44.11122971668034,151.0611355333943,516.701
562,14,2,38.775581559714766,160.75079705981122,516.444
563,14,3,32.758174655649775,169.00973886078557,516.067
564,14,4,26.27209383111685,176.18143748929896,515.713
565,14,5,19.47078782355679,-177.4273049750443,515.518
566,14,6,12.466287957057084,-171.56179806302583,515.6
567,14,7,5.344346402873592,-166.0103705698012,516.042
568,14,8,-1.8241687171563357,-160.5890581802653,516.882
569,14,9,-8.974367404266404,-155.12571280657718,518.11
570,14,10,-16.039575699656478,-149.44451171912232,519.664
571,14,11,-22.943165497584772,-143.35035739444848,521.437
572,14,12,-29.588703918480814,-136.61311343866126,523.286
573,14,13,-35.84690231154543,-128.9543676808126,525.045
574,14,14,-41.538854116753896,-120.04733655025241,526.539
575,14,15,-46.41853592020235,-109.55729979651505,527.603
576,14,16,-50.167541378257724,-97.27202978170988,528.098
577,14,17,-52.43220671079134,-83.3479105170735,527.926
578,14,18,-52.93121691645789,-68.52788216919572,527.039
579,14,19,-51.59268425424298,-53.984657482716464,525.447
580,14,20,-48.596215378561276,-40.74934913549754,523.218
581,14,21,-44.2725690301598,-29.28682321754459,520.476
582,14,22,-38.967779667864335,-19.55032537644159,517.387
583,14,23,-32.96856838774826,-11.24775232704919,514.151
584,14,24,-26.48896941273768,-4.038280617991516,510.978
585,14,25,-19.683722386026524,2.3849357857508453,508.077
586,14,26,-12.666149537455412,8.277722259870954,505.633
587,14,27,-5.5233806020584355,13.85305626896427,503.795
588,14,28,1.672401700355241,19.29636699026947,502.659
589,14,29,8.854839093791181,24.781285516451092,502.266
590,14,30,15.955629259662437,30.485326756490483,502.595
591,14,31,22.896283079121805,36.60567485663132,503.569
592,14,32,29.578096634699783,43.37518121096309,505.064
593,14,33,35.868926256524134,51.07578919823476,506.918
594,14,34,41.586160006945406,60.038353181841735,508.952
595,14,35,46.47907188681617,70.60061235586281,510.987
596,14,36,50.2240338728829,82.97224328253363,512.856
597,14,37,52.46388171306728,96.98264832695477,514.427
598,14,38,52.91924359484286,111.86406641509262,515.611
599,14,39,51.52704613631916,126.42568138591214,516.367
600,15,0,46.43661884602996,154.5797894465964,516.744
601,15,1,41.544758815291374,165.10621744823158,516.596
602,15,2,35.83716246178899,174.03726352391354,516.261
603,15,3,29.562954105309863,-178.28890601808473,515.878
604,15,4,22.903070579609505,-171.54246862767468,515.587
605,15,5,15.988113639355017,-165.44289113279987,515.519
606,15,6,8.915328956628107,-159.75876672438022,515.773
607,15,7,1.7618073824868268,-154.29428753928985,516.412
608,15,8,-5.405589294066512,-148.8733576403475,517.45
609,15,9,-12.522047913893775,-143.32389724160385,518.852
610,15,10,-19.516999175933805,-137.462433801574,520.531
611,15,11,-26.305324408976254,-131.07828330511975,522.362
612,15,12,-32.77601510976185,-123.91840090387049,524.188
613,15,13,-38.7772822768181,-115.67856997219384,525.836
614,15,14,-44.09856654595914,-106.0187017309365,527.134
615,15,15,-48.45654484022368,-94.64136876250112,527.929
616,15,16,-51.506422380120306,-81.48298200571487,528.1
617,15,17,-52.91309300949526,-66.98101507691709,527.573
618,15,18,-52.485676846708785,-52.146564784606824,526.328
619,15,19,-50.28279399031252,-38.159768289051826,524.405
620,15,20,-46.57776812032286,-25.79049036255008,521.901
621,15,21,-41.72313945075001,-15.218265942529955,518.963
622,15,22,-36.039995174476275,-6.241376917799347,515.774
623,15,23,-29.77797187547645,1.4732550486639426,512.543
624,15,24,-23.11919996306351,8.254459489331538,509.481
625,15,25,-16.195560144826644,14.383493882549336,506.787
626,15,26,-9.105680352380839,20.09301634939766,504.631
627,15,27,-1.9279231326302375,25.580275922917306,503.135
628,15,28,5.269420081452198,31.022808002657126,502.369
629,15,29,12.420002326372847,36.5942445350553,502.344
630,15,30,19.451531812739233,42.47993465607118,503.008
631,15,31,26.276837397495424,48.8929256262958,504.261
632,15,32,32.78239109135205,56.089380275455895,505.957
633,15,33,38.813151015244415,64.37741526719992,507.924
634,15,34,44.15432479524854,74.10096819227846,509.981
635,15,35,48.51751793894439,85.55851490232646,511.951
636,15,36,51.55314770423236,98.8058717032413,513.686
637,15,37,52.924885331097286,113.38491048663352,515.071
638,15,38,52.447393636410865,128.26024287622087,516.043
639,15,39,50.190166379883394,142.24409897533818,516.587
640,16,0,48.478145313473846,157.6403289117874,516.71
641,16,1,44.11122971668034,169.06114286447908,516.701
642,16,2,38.775581559714766,178.750804390896,516.444
643,16,3,32.758174655649775,-172.99026382604228,516.067
644,16,4,26.27209383111685,-165.81855153715057,515.713
645,16,5,19.47078782355679,-159.42729764395952,515.518
646,16,6,12.466287957057084,-153.56179073194102,515.6
647,16,7,5.344346402873592,-148.0103632387164,516.042
648,16,8,-1.8241687171563357,-142.58905084918052,516.882
649,16,9,-8.974367404266404,-137.12570547549237,518.11
650,16,10,-16.039575699656478,-131.4445043880375,519.664
651,16,11,-22.943165497584772,-125.35035006336368,521.437
652,16,12,-29.588703918480814,-118.61310610757646,523.286
653,16,13,-35.84690231154543,-110.95436034972779,525.045
654,16,14,-41.538854116753896,-102.04732921916761,526.539
655,16,15,-46.41853592020235,-91.55729246543025,527.603
656,16,16,-50.167541378257724,-79.27202245062507,528.098
657,16,17,-52.43220671079134,-65.3479031859887,527.926
658,16,18,-52.93121691645789,-50.52787483811092,527.039
659,16,19,-51.59268425424298,-35.98465015163166,525.447
660,16,20,-48.596215378561276,-22.749340096865442,523.218
661,16,21,-44.2725690301598,-11.286815886459786,520.476
662,16,22,-38.967779667864335,-1.5503185789653156,517.387
663,16,23,-32.96856838774826,6.75225457714879,514.151
664,16,24,-26.48896941273768,13.96172713998011,510.978
665,16,25,-19.683722386026524,20.384943757165882,508.077
666,16,26,-12.666149537455412,26.277730444729404,505.633
667,16,27,-5.5233806020584355,31.853065307596363,503.795
668,16,28,1.672401700355241,37.29637432135427,502.659
669,16,29,8.854839093791181,42.781292847535894,502.266
670,16,30,15.955629259662437,48.48533408757528,502.595
671,16,31,22.896283079121805,54.60568218771612,503.569
672,16,32,29.578096634699783,61.375191957142476,505.064
673,16,33,35.868926256524134,69.07579311422498,506.918
674,16,34,41.586160006945406,78.03836051292653,508.952
675,16,35,46.47907188681617,88.60061968694761,510.987
676,16,36,50.2240338728829,100.97225061361843,512.856
677,16,37,52.46388171306728,114.98265565803958,514.427
678,16,38,52.91924359484286,129.86406691598825,515.611
679,16,39,51.52704613631916,144.42568871699694,516.367
680,17,0,46.43661884602996,172.57978311730287,516.744
681,17,1,41.544758815291374,-176.89378523859628,516.596
682,17,2,35.83716246178899,-167.96273916291432,516.261
683,17,3,29.562954105309863,-160.28891234737827,515.878
684,17,4,22.903070579609505,-153.54247495696822,515.587
685,17,5,15.988113639355017,-147.44289746209338,515.519
686,17,6,8.915328956628107,-141.75877305367376,515.773
687,17,7,1.7618073824868268,-136.2942938685834,516.412
688,17,8,-5.405589294066512,-130.87336396964105,517.45
689,17,9,-12.522047913893775,-125.32390357089739,518.852
690,17,10,-19.516999175933805,-119.46244013086753,520.531
691,17,11,-26.305324408976254,-113.07828280422413,522.362
692,17,12,-32.77601510976185,-105.91840723316403,524.188
693,17,13,-38.7772822768181,-97.67858313167655,525.836
694,17,14,-44.09856654595914,-88.01870806023004,527.134
695,17,15,-48.45654484022368,-76.64137509179466,527.929
696,17,16,-51.506422380120306,-63.482988335008415,528.1
697,17,17,-52.91309300949526,-48.98102140621062,527.573
698,17,18,-52.485676846708785,-34.146571113900364,526.328
699,17,19,-50.28279399031252,-20.159776325892658,524.405
700,17,20,-46.57776812032286,-7.7904958380699725,521.901
701,17,21,-41.72313945075001,2.781726874402862,518.963
702,17,22,-36.039995174476275,11.75861717979394,515.774
703,17,23,-29.77797187547645,19.47324839920529,512.543
704,17,24,-23.11919996306351,26.254453160038,509.481
705,17,25,-16.195560144826644,32.3834875532558,506.787
706,17,26,-9.105680352380839,38.093010020104124,504.631
707,17,27,-1.9279231326302375,43.58027130117107,503.135
708,17,28,5.269420081452198,49.02280167336359,502.369
709,17,29,12.420002326372847,54.59423820576176,502.344
710,17,30,19.451531812739233,60.47992491168306,503.008
711,17,31,26.276837397495424,66.89291929700227,504.261
712,17,32,32.78239109135205,74.08937736125695,505.957
713,17,33,38.813151015244415,82.37740893790638,507.924
714,17,34,44.15432479524854,92.10096186298492,509.981
715,17,35,48.51751793894439,103.55850857303292,511.951
716,17,36,51.55314770423236,116.80586537394775,513.686
717,17,37,52.924885331097286,131.38490415733997,515.071
718,17,38,52.447393636410865,146.26023654692736,516.043
719,17,39,50.190166379883394,160.24409264604466,516.587
720,18,0,48.478145313473846,175.64032258249387,516.71
721,18,1,44.11122971668034,-172.93885982234877,516.701
722,18,2,38.775581559714766,-163.24919829593185,516.444
723,18,3,32.758174655649775,-154.99027015533582,516.067
724,18,4,26.27209383111685,-147.8185578664441,515.713
725,18,5,19.47078782355679,-141.42730397325303,515.518
726,18,6,12.466287957057084,-135.56179706123456,515.6
727,18,7,5.344346402873592,-130.01036956800993,516.042
728,18,8,-1.8241687171563357,-124.58905717847405,516.882
729,18,9,-8.974367404266404,-119.12571180478591,518.11
730,18,10,-16.039575699656478,-113.44450388714188,519.664
731,18,11,-22.943165497584772,-107.3503563926572,521.437
732,18,12,-29.588703918480814,-100.61311243686998,523.286
733,18,13,-35.84690231154543,-92.95436667902133,525.045
734,18,14,-41.538854116753896,-84.04733554846115,526.539
735,18,15,-46.41853592020235,-73.55729879472378,527.603
736,18,16,-50.167541378257724,-61.27202877991861,528.098
737,18,17,-52.43220671079134,-47.34790951528223,527.926
738,18,18,-52.93121691645789,-32.52788116740445,527.039
739,18,19,-51.59268425424298,-17.9846564809252,525.447
740,18,20,-48.596215378561276,-4.749346853045802,523.218
741,18,21,-44.2725690301598,6.713178211133501,520.476
742,18,22,-38.967779667864335,16.449675625349677,517.387
743,18,23,-32.96856838774826,24.752248674742077,514.151
744,18,24,-26.48896941273768,31.961719956912926,510.978
745,18,25,-19.683722386026524,38.38493572032505,508.077
746,18,26,-12.666149537455412,44.277722407888575,505.633
747,18,27,-5.5233806020584355,49.853058978302826,503.795
748,18,28,1.672401700355241,55.29636799206074,502.659
749,18,29,8.854839093791181,60.78128651824236,502.266
750,18,30,15.955629259662437,66.48532775828176,502.595
751,18,31,22.896283079121805,72.60567585842259,503.569
752,18,32,29.578096634699783,79.37518562784894,505.064
753,18,33,35.868926256524134,87.07578678493144,506.918
754,18,34,41.586160006945406,96.038354183633,508.952
755,18,35,46.47907188681617,106.60061335765408,510.987
756,18,36,50.2240338728829,118.97225111451407,512.856
757,18,37,52.46388171306728,132.98264932874605,514.427
758,18,38,52.91924359484286,147.86406058669473,515.611
759,18,39,51.52704613631916,162.4256823877034,516.367
760,19,0,46.43661884602996,-169.42020590914666,516.744
761,19,1,41.544758815291374,-158.89377790751146,516.596
762,19,2,35.83716246178899,-149.96273183182953,516.261
763,19,3,29.562954105309863,-142.28890501629348,515.878
764,19,4,22.903070579609505,-135.5424676258834,515.587
765,19,5,15.988113639355017,-129.4428901310086,515.519
766,19,6,8.915328956628107,-123.75876572258896,515.773
767,19,7,1.7618073824868268,-118.29428653749859,516.412
768,19,8,-5.405589294066512,-112.87335663855623,517.45
769,19,9,-12.522047913893775,-107.3238894096234,518.852
770,19,10,-19.516999175933805,-101.46242596959357,520.531
771,19,11,-26.305324408976254,-95.07827547313933,522.362
772,19,12,-32.77601510976185,-87.91839990207923,524.188
773,19,13,-38.7772822768181,-79.67857580059174,525.836
774,19,14,-44.09856654595914,-70.01870072914524,527.134
775,19,15,-48.45654484022368,-58.641367760709855,527.929
776,19,16,-51.506422380120306,-45.48297758882902,528.1
777,19,17,-52.91309300949526,-30.981014075125817,527.573
778,19,18,-52.485676846708785,-16.14656378281556,526.328
779,19,19,-50.28279399031252,-2.1597681410342084,524.405
780,19,20,-46.57776812032286,10.209511493014832,521.901
781,19,21,-41.72313945075001,20.78173505926131,518.963
782,19,22,-36.039995174476275,29.75862536465239,515.774
783,19,23,-29.77797187547645,37.47325573029009,512.543
784,19,24,-23.11919996306351,44.2544621986701,509.481
785,19,25,-16.195560144826644,50.38349488434061,506.787
786,19,26,-9.105680352380839,56.09301735118893,504.631
787,19,27,-1.9279231326302375,61.58027521716128,503.135
788,19,28,5.269420081452198,67.02280900444839,502.369
789,19,29,12.420002326372847,72.59424895194115,502.344
790,19,30,19.451531812739233,78.47993224276786,503.008
791,19,31,26.276837397495424,84.89292662808707,504.261
792,19,32,32.78239109135205,92.08938469234175,505.957
793,19,33,38.813151015244415,100.37741626899118,507.924
794,19,34,44.15432479524854,110.10096919406972,509.981
795,19,35,48.51751793894439,121.55851590411773,511.951
796,19,36,51.55314770423236,134.80587270503256,513.686
797,19,37,52.924885331097286,149.3849114884248,515.071
798,19,38,52.447393636410865,164.26024387801215,516.043
799,19,39,50.190166379883394,178.24409997712945,516.587
800,20,0,48.478145313473846,-166.359680104334,516.71
801,20,1,44.11122971668034,-154.93885249126396,516.701
802,20,2,38.775581559714766,-145.24919096484703,516.444
803,20,3,32.758174655649775,-136.99026282425103,516.067
804,20,4,26.27209383111685,-129.8185505353593,515.713
805,20,5,19.47078782355679,-123.42729664216824,515.518
806,20,6,12.466287957057084,-117.56178973014975,515.6
807,20,7,5.344346402873592,-112.01035540673595,516.042
808,20,8,-1.8241687171563357,-106.58904301720007,516.882
809,20,9,-8.974367404266404,-101.1257044737011,518.11
810,20,10,-16.039575699656478,-95.44449655605708,519.664
811,20,11,-22.943165497584772,-89.3503490615724,521.437
812,20,12,-29.588703918480814,-82.61310510578518,523.286
813,20,13,-35.84690231154543,-74.95435934793653,525.045
814,20,14,-41.538854116753896,-66.04732821737635,526.539
815,20,15,-46.41853592020235,-55.557291463638975,527.603
816,20,16,-50.167541378257724,-43.272018033739215,528.098
817,20,17,-52.43220671079134,-29.347902184197427,527.926
818,20,18,-52.93121691645789,-14.527873836319651,527.039
819,20,19,-51.59268425424298,0.015351367092866037,525.447
820,20,20,-48.596215378561276,13.250660904925825,523.218
821,20,21,-44.2725690301598,24.71318511533148,520.476
822,20,22,-38.967779667864335,34.44968124888719,517.387
823,20,23,-32.96856838774826,42.75225429827959,514.151
824,20,24,-26.48896941273768,49.96172728799773,510.978
825,20,25,-19.683722386026524,56.384943051409856,508.077
826,20,26,-12.666149537455412,62.27773315406797,505.633
827,20,27,-5.5233806020584355,67.85306630938763,503.795
828,20,28,1.672401700355241,73.29637873824012,502.659
829,20,29,8.854839093791181,78.78129384932717,502.266
830,20,30,15.955629259662437,84.48533508936656,502.595
831,20,31,22.896283079121805,90.60568318950739,503.569
832,20,32,29.578096634699783,97.37519295893375,505.064
833,20,33,35.868926256524134,105.07579411601624,506.918
834,20,34,41.586160006945406,114.0383615147178,508.952
835,20,35,46.47907188681617,124.6006138585497,510.987
836,20,36,50.2240338728829,136.97225844559887,512.856
837,20,37,52.46388171306728,150.98265665983084,514.427
838,20,38,52.91924359484286,165.86406791777952,515.611
839,20,39,51.52704613631916,-179.57432029912445,516.367
840,21,0,46.43661884602996,-151.4202122384402,516.744
841,21,1,41.544758815291374,-140.893784236805,516.596
842,21,2,35.83716246178899,-131.96273816112304,516.261
843,21,3,29.562954105309863,-124.28891134558701,515.878
844,21,4,22.903070579609505,-117.54247395517696,515.587
845,21,5,15.988113639355017,-111.4429032904913,515.519
846,21,6,8.915328956628107,-105.75877888207167,515.773
847,21,7,1.7618073824868268,-100.2942996969813,516.412
848,21,8,-5.405589294066512,-94.87336296784977,517.45
849,21,9,-12.522047913893775,-89.32389573891695,518.852
850,21,10,-19.516999175933805,-83.46243229888711,520.531
851,21,11,-26.305324408976254,-77.07828180243287,522.362
852,21,12,-32.77601510976185,-69.91840623137277,524.188
853,21,13,-38.7772822768181,-61.67858212988528,525.836
854,21,14,-44.09856654595914,-52.01871047353335,527.134
855,21,15,-48.45654484022368,-40.64137409000339,527.929
856,21,16,-51.506422380120306,-27.48298391812256,528.1
857,21,17,-52.91309300949526,-12.981019550645707,527.573
858,21,18,-52.485676846708785,1.853429887890905,526.328
859,21,19,-50.28279399031252,15.84022467589861,524.405
860,21,20,-46.57776812032286,28.209504309947647,521.901
861,21,21,-41.72313945075001,38.781728729967774,518.963
862,21,22,-36.039995174476275,47.758619035358855,515.774
863,21,23,-29.77797187547645,55.47324940099656,512.543
864,21,24,-23.11919996306351,62.25445586937656,509.481
865,21,25,-16.195560144826644,68.38349197014165,506.787
866,21,26,-9.105680352380839,74.09301102189539,504.631
867,21,27,-1.9279231326302375,79.58026888786775,503.135
868,21,28,5.269420081452198,85.02280267515485,502.369
869,21,29,12.420002326372847,90.59424262264761,502.344
870,21,30,19.451531812739233,96.47992591347432,503.008
871,21,31,26.276837397495424,102.89292029879353,504.261
872,21,32,32.78239109135205,110.08937836304821,505.957
873,21,33,38.813151015244415,118.37740993969766,507.924
874,21,34,44.15432479524854,128.1009628647762,509.981
875,21,35,48.51751793894439,139.5585095748242,511.951
876,21,36,51.55314770423236,152.80586637573901,513.686
877,21,37,52.924885331097286,167.38490515913125,515.071
878,21,38,52.447393636410865,-177.73977246919407,516.043
879,21,39,50.190166379883394,-163.7559027096984,516.587
880,22,0,48.478145313473846,-148.35968643362753,516.71
881,22,1,44.11122971668034,-136.9388588205575,516.701
882,22,2,38.775581559714766,-127.24919729414057,516.444
883,22,3,32.758174655649775,-118.99026915354456,516.067
884,22,4,26.27209383111685,-111.81855686465283,515.713
885,22,5,19.47078782355679,-105.42730980165095,515.518
886,22,6,12.466287957057084,-99.56178922925412,515.6
887,22,7,5.344346402873592,-94.0103617360295,516.042
888,22,8,-1.8241687171563357,-88.58904934649361,516.882
889,22,9,-8.974367404266404,-83.12571080299465,518.11
890,22,10,-16.039575699656478,-77.4445028853506,519.664
891,22,11,-22.943165497584772,-71.35035539086594,521.437
892,22,12,-29.588703918480814,-64.61311143507872,523.286
893,22,13,-35.84690231154543,-56.95436909232465,525.045
894,22,14,-41.538854116753896,-48.04733454666988,526.539
895,22,15,-46.41853592020235,-37.557297792932516,527.603
896,22,16,-50.167541378257724,-25.272026070580047,528.098
897,22,17,-52.43220671079134,-11.347909367264611,527.926
898,22,18,-52.93121691645789,3.4721206881604583,527.039
899,22,19,-51.59268425424298,18.015344520866066,525.447
900,22,20,-48.596215378561276,31.250652868084995,523.218
901,22,21,-44.2725690301598,42.71317878603794,520.476
902,22,22,-38.967779667864335,52.44967491959365,517.387
903,22,23,-32.96856838774826,60.75225138408064,514.151
904,22,24,-26.48896941273768,67.96172095870419,510.978
905,22,25,-19.683722386026524,74.3849401372109,508.077
906,22,26,-12.666149537455412,80.27772682477443,505.633
907,22,27,-5.5233806020584355,85.8530599800941,503.795
908,22,28,1.672401700355241,91.29637240894658,502.659
909,22,29,8.854839093791181,96.78128752003363,502.266
910,22,30,15.955629259662437,102.48532876007302,502.595
911,22,31,22.896283079121805,108.60567686021385,503.569
912,22,32,29.578096634699783,115.37518662964021,505.064
913,22,33,35.868926256524134,123.0757877867227,506.918
914,22,34,41.586160006945406,132.03836201561344,508.952
915,22,35,46.47907188681617,142.60060752925617,510.987
916,22,36,50.2240338728829,154.97225211630533,512.856
917,22,37,52.46388171306728,168.9826503305373,514.427
918,22,38,52.91924359484286,-176.13593476904833,515.611
919,22,39,51.52704613631916,-161.574326628418,516.367
920,23,0,46.43661884602996,-133.42020490735538,516.744
921,23,1,41.544758815291374,-122.8937769057202,516.596
922,23,2,35.83716246178899,-113.96273083003825,516.261
923,23,3,29.562954105309863,-106.28891084469137,515.878
924,23,4,22.903070579609505,-99.54246662409216,515.587
925,23,5,15.988113639355017,-93.4428959594065,515.519
926,23,6,8.915328956628107,-87.75877155098686,515.773
927,23,7,1.7618073824868268,-82.2942923658965,516.412
928,23,8,-5.405589294066512,-76.87335563676497,517.45
929,23,9,-12.522047913893775,-71.32388840783214,518.852
930,23,10,-19.516999175933805,-65.46242496780229,520.531
931,23,11,-26.305324408976254,-59.07827447134806,522.362
932,23,12,-32.77601510976185,-51.91839548519338,524.188
933,23,13,-38.7772822768181,-43.678571383705886,525.836
934,23,14,-44.09856654595914,-34.01870314244855,527.134
935,23,15,-48.45654484022368,-22.64136675891859,527.929
936,23,16,-51.506422380120306,-9.482976587037758,528.1
937,23,17,-52.91309300949526,5.018987353552273,527.573
938,23,18,-52.485676846708785,19.85343721897571,526.328
939,23,19,-50.28279399031252,33.840233714530704,524.405
940,23,20,-46.57776812032286,46.20951164103245,521.901
941,23,21,-41.72313945075001,56.78173606105258,518.963
942,23,22,-36.039995174476275,65.75862295134907,515.774
943,23,23,-29.77797187547645,73.47326014717595,512.543
944,23,24,-23.11919996306351,80.25446320046136,509.481
945,23,25,-16.195560144826644,86.38349930122645,506.787
946,23,26,-9.105680352380839,92.0930183529802,504.631
947,23,27,-1.9279231326302375,97.58027621895255,503.135
948,23,28,5.269420081452198,103.02281000623965,502.369
949,23,29,12.420002326372847,108.59424995373242,502.344
950,23,30,19.451531812739233,114.47993324455912,503.008
951,23,31,26.276837397495424,120.89292762987833,504.261
952,23,32,32.78239109135205,128.08937886394384,505.957
953,23,33,38.813151015244415,136.37741727078244,507.924
954,23,34,44.15432479524854,146.10097019586098,509.981
955,23,35,48.51751793894439,157.558516905909,511.951
956,23,36,51.55314770423236,170.80587370682383,513.686
957,23,37,52.924885331097286,-174.61508386731828,515.071
958,23,38,52.447393636410865,-159.73976513810925,516.043
959,23,39,50.190166379883394,-145.75589537861362,516.587
960,24,0,48.478145313473846,-130.3596791025427,516.71
961,24,1,44.11122971668034,-118.9388514894727,516.701
962,24,2,38.775581559714766,-109.24918996305577,516.444
963,24,3,32.758174655649775,-100.99025499227058,516.067
964,24,4,26.27209383111685,-93.81854953356803,515.713
965,24,5,19.47078782355679,-87.42730247056615,515.518
966,24,6,12.466287957057084,-81.56178189816931,515.6
967,24,7,5.344346402873592,-76.01035440494469,516.042
968,24,8,-1.8241687171563357,-70.58904201540881,516.882
969,24,9,-8.974367404266404,-65.12570347190984,518.11
970,24,10,-16.039575699656478,-59.44449555426581,519.664
971,24,11,-22.943165497584772,-53.35034464468655,521.437
972,24,12,-29.588703918480814,-46.61310410399392,523.286
973,24,13,-35.84690231154543,-38.954361761239845,525.045
974,24,14,-41.538854116753896,-30.047327215585074,526.539
975,24,15,-46.41853592020235,-19.55728875430042,527.603
976,24,16,-50.167541378257724,-7.272018739495243,528.098
977,24,17,-52.43220671079134,6.652098390707016,527.926
978,24,18,-52.93121691645789,21.472127165471615,527.039
979,24,19,-51.59268425424298,36.01535185195087,525.447
980,24,20,-48.596215378561276,49.2506601991698,523.218
981,24,21,-44.2725690301598,60.713189532217335,520.476
982,24,22,-38.967779667864335,70.44968566577305,517.387
983,24,23,-32.96856838774826,78.75225871516544,514.151
984,24,24,-26.48896941273768,85.961728289789,510.978
985,24,25,-19.683722386026524,92.3849474682957,508.077
986,24,26,-12.666149537455412,98.27773415585924,505.633
987,24,27,-5.5233806020584355,103.8530673111789,503.795
988,24,28,1.672401700355241,109.29637974003138,502.659
989,24,29,8.854839093791181,114.78128802092925,502.266
990,24,30,15.955629259662437,120.48534292134698,502.595
991,24,31,22.896283079121805,126.60568419129865,503.569
992,24,32,29.578096634699783,133.375193960725,505.064
993,24,33,35.868926256524134,141.0757951178075,506.918
994,24,34,41.586160006945406,150.03836934669823,508.952
995,24,35,46.47907188681617,160.60061486034098,510.987
996,24,36,50.2240338728829,172.97225944739014,512.856
997,24,37,52.46388171306728,-173.01733869591223,514.427
998,24,38,52.91924359484286,-158.13592743796355,515.611
999,24,39,51.52704613631916,-143.5743192973332,516.367
1000,25,0,46.43661884602996,-115.42021123664894,516.744
1001,25,1,41.544758815291374,-104.89378323501374,516.596
1002,25,2,35.83716246178899,-95.9627371593318,516.261
1003,25,3,29.562954105309863,-88.28891717398491,515.878
1004,25,4,22.903070579609505,-81.54247295338568,515.587
1005,25,5,15.988113639355017,-75.44290228870003,515.519
1006,25,6,8.915328956628107,-69.7587778802804,515.773
1007,25,7,1.7618073824868268,-64.29429869519004,516.412
1008,25,8,-5.405589294066512,-58.87336196605851,517.45
1009,25,9,-12.522047913893775,-53.323898152220266,518.852
1010,25,10,-19.516999175933805,-47.46243471219042,520.531
1011,25,11,-26.305324408976254,-41.0782808006416,522.362
1012,25,12,-32.77601510976185,-33.91840181448691,524.188
1013,25,13,-38.7772822768181,-25.678579420546715,525.836
1014,25,14,-44.09856654595914,-16.01870947174209,527.134
1015,25,15,-48.45654484022368,-4.641372661325302,527.929
1016,25,16,-51.506422380120306,8.517017083668705,528.1
1017,25,17,-52.91309300949526,23.018980597371915,527.573
1018,25,18,-52.485676846708785,37.85343088968217,526.328
1019,25,19,-50.28279399031252,51.84022738523717,524.405
1020,25,20,-46.57776812032286,64.2095087268335,521.901
1021,25,21,-41.72313945075001,74.78172631666446,518.963
1022,25,22,-36.039995174476275,83.75861662205554,515.774
1023,25,23,-29.77797187547645,91.47325381788241,512.543
1024,25,24,-23.11919996306351,98.25445687116783,509.481
1025,25,25,-16.195560144826644,104.38349297193292,506.787
1026,25,26,-9.105680352380839,110.09301202368665,504.631
1027,25,27,-1.9279231326302375,115.58026988965901,503.135
1028,25,28,5.269420081452198,121.02279684675695,502.369
1029,25,29,12.420002326372847,126.59423679424971,502.344
1030,25,30,19.451531812739233,132.47993374545476,503.008
1031,25,31,26.276837397495424,138.8929213005848,504.261
1032,25,32,32.78239109135205,146.0893725346503,505.957
1033,25,33,38.813151015244415,154.37741094148893,507.924
1034,25,34,44.15432479524854,164.10096386656744,509.981
1035,25,35,48.51751793894439,175.55851057661548,511.951
1036,25,36,51.55314770423236,-171.19412898000402,513.686
1037,25,37,52.924885331097286,-156.61509019661182,515.071
1038,25,38,52.447393636410865,-141.7397714674028,516.043
1039,25,39,50.190166379883394,-127.75590170790714,516.587
1040,26,0,48.478145313473846,-112.35966494126875,516.71
1041,26,1,44.11122971668034,-100.9388441583879,516.701
1042,26,2,38.775581559714766,-91.24918263197097,516.444
1043,26,3,32.758174655649775,-82.99024766118578,516.067
1044,26,4,26.27209383111685,-75.81854220248323,515.713
1045,26,5,19.47078782355679,-69.42729513948134,515.518
1046,26,6,12.466287957057084,-63.56177456708451,515.6
1047,26,7,5.344346402873592,-58.01034707385989,516.042
1048,26,8,-1.8241687171563357,-52.589034684324005,516.882
1049,26,9,-8.974367404266404,-47.12569272573045,518.11
1050,26,10,-16.039575699656478,-41.444491638275586,519.664
1051,26,11,-22.943165497584772,-35.35033731360175,521.437
1052,26,12,-29.588703918480814,-28.613095065361826,523.286
1053,26,13,-35.84690231154543,-20.954354430155043,525.045
1054,26,14,-41.538854116753896,-12.047318176952977,526.539
1055,26,15,-46.41853592020235,-1.5572820635458493,527.603
1056,26,16,-50.167541378257724,10.72798859158956,528.098
1057,26,17,-52.43220671079134,24.65210614867864,527.926
1058,26,18,-52.93121691645789,39.47213449655642,527.039
1059,26,19,-51.59268425424298,54.01535918303567,525.447
1060,26,20,-48.596215378561276,67.25067094534919,523.218
1061,26,21,-44.2725690301598,78.71319686330213,520.476
1062,26,22,-38.967779667864335,88.44969299685785,517.387
1063,26,23,-32.96856838774826,96.75226604625024,514.151
1064,26,24,-26.48896941273768,103.9617356208738,510.978
1065,26,25,-19.683722386026524,110.38495479938051,508.077
1066,26,26,-12.666149537455412,116.27774148694404,505.633
1067,26,27,-5.5233806020584355,121.8530746422637,503.795
1068,26,28,1.672401700355241,127.29638024092702,502.659
1069,26,29,8.854839093791181,132.78129535201407,502.266
1070,26,30,15.955629259662437,138.4853502524318,502.595
1071,26,31,22.896283079121805,144.60569152238347,503.569
1072,26,32,29.578096634699783,151.37520129180982,505.064
1073,26,33,35.868926256524134,159.07580244889232,506.918
1074,26,34,41.586160006945406,168.03837667778305,508.952
1075,26,35,46.47907188681617,178.60062219142577,510.987
1076,26,36,50.2240338728829,-169.02774323943774,512.856
1077,26,37,52.46388171306728,-155.0173313648274,514.427
1078,26,38,52.91924359484286,-140.13592010687873,515.611
1079,26,39,51.52704613631916,-125.57431196624839,516.367
1080,27,0,46.43661884602996,-97.42021756594247,516.744
1081,27,1,41.544758815291374,-86.89378956430728,516.596
1082,27,2,35.83716246178899,-77.96274348862532,516.261
1083,27,3,29.562954105309863,-70.28892350327845,515.878
1084,27,4,22.903070579609505,-63.542479282679224,515.587
1085,27,5,15.988113639355017,-57.44290861799357,515.519
1086,27,6,8.915328956628107,-51.75878079447935,515.773
1087,27,7,1.7618073824868268,-46.29430160938899,516.412
1088,27,8,-5.405589294066512,-40.873368295352044,517.45
1089,27,9,-12.522047913893775,-35.3239044815138,518.852
1090,27,10,-19.516999175933805,-29.462441041483956,520.531
1091,27,11,-26.305324408976254,-23.078287129935134,522.362
1092,27,12,-32.77601510976185,-15.918409851327745,524.188
1093,27,13,-38.7772822768181,-7.678585749840252,525.836
1094,27,14,-44.09856654595914,1.98128505273802,527.134
1095,27,15,-48.45654484022368,13.35862058249434,527.929
1096,27,16,-51.506422380120306,26.517010754375168,528.1
1097,27,17,-52.91309300949526,41.018974268078374,527.573
1098,27,18,-52.485676846708785,55.85342456038863,526.328
1099,27,19,-50.28279399031252,69.84022105594363,524.405
1100,27,20,-46.57776812032286,82.20950239753996,521.901
1101,27,21,-41.72313945075001,92.78171998737092,518.963
1102,27,22,-36.039995174476275,101.758610292762,515.774
1103,27,23,-29.77797187547645,109.47324748858887,512.543
1104,27,24,-23.11919996306351,116.25445054187429,509.481
1105,27,25,-16.195560144826644,122.38347981245022,506.787
1106,27,26,-9.105680352380839,128.0930125245823,504.631
1107,27,27,-1.9279231326302375,133.58026356036547,503.135
1108,27,28,5.269420081452198,139.02279051746342,502.369
1109,27,29,12.420002326372847,144.59423046495618,502.344
1110,27,30,19.451531812739233,150.47992741616122,503.008
1111,27,31,26.276837397495424,156.89291497129125,504.261
1112,27,32,32.78239109135205,164.08936620535678,505.957
1113,27,33,38.813151015244415,172.3774046121954,507.924
1114,27,34,44.15432479524854,-177.89903882026042,509.981
1115,27,35,48.51751793894439,-166.4414921102124,511.951
1116,27,36,51.55314770423236,-153.19413530929756,513.686
1117,27,37,52.924885331097286,-138.61509652590536,515.071
1118,27,38,52.447393636410865,-123.73977779669633,516.043
1119,27,39,50.190166379883394,-109.75590803720068,516.587
1120,28,0,48.478145313473846,-94.35968493094063,516.71
1121,28,1,44.11122971668034,-82.93886414805978,516.701
1122,28,2,38.775581559714766,-73.24920262164285,516.444
1123,28,3,32.758174655649775,-64.99026765085766,516.067
1124,28,4,26.27209383111685,-57.8185621921551,515.713
1125,28,5,19.47078782355679,-51.42731171405863,515.518
1126,28,6,12.466287957057084,-45.56179797185097,515.6
1127,28,7,5.344346402873592,-40.01036706353177,516.042
1128,28,8,-1.8241687171563357,-34.58905467399588,516.882
1129,28,9,-8.974367404266404,-29.12571271540233,518.11
1130,28,10,-16.039575699656478,-23.44450992040017,519.664
1131,28,11,-22.943165497584772,-17.350359010820917,521.437
1132,28,12,-29.588703918480814,-10.613115908807346,523.286
1133,28,13,-35.84690231154543,-2.954373779496686,525.045
1134,28,14,-41.538854116753896,5.952661406488322,526.539
1135,28,15,-46.41853592020235,16.44269858711251,527.603
1136,28,16,-50.167541378257724,28.727970309464975,528.098
1137,28,17,-52.43220671079134,42.652086159006764,527.926
1138,28,18,-52.93121691645789,57.472114506884544,527.039
1139,28,19,-51.59268425424298,72.01534260845838,525.447
1140,28,20,-48.596215378561276,85.25065095567732,523.218
1141,28,21,-44.2725690301598,96.71317687363026,520.476
1142,28,22,-38.967779667864335,106.44967300718596,517.387
1143,28,23,-32.96856838774826,114.75224605657837,514.151
1144,28,24,-26.48896941273768,121.96171563120193,510.978
1145,28,25,-19.683722386026524,128.38493480970862,508.077
1146,28,26,-12.666149537455412,134.27772149727215,505.633
1147,28,27,-5.5233806020584355,139.85305465259182,503.795
1148,28,28,1.672401700355241,145.29636025125515,502.659
1149,28,29,8.854839093791181,150.7812753623422,502.266
1150,28,30,15.955629259662437,156.4853302627599,502.595
1151,28,31,22.896283079121805,162.60567153271157,503.569
1152,28,32,29.578096634699783,169.37518130213795,505.064
1153,28,33,35.868926256524134,177.07578245922045,506.918
1154,28,34,41.586160006945406,-173.9616533298015,508.952
1155,28,35,46.47907188681617,-163.3993941557804,510.987
1156,28,36,50.2240338728829,-151.0277632291096,512.856
1157,28,37,52.46388171306728,-137.01735135449928,514.427
1158,28,38,52.91924359484286,-122.13594009655061,515.611
1159,28,39,51.52704613631916,-107.5743251257311,516.367
1160,29,0,46.43661884602996,-79.42021023485766,516.744
1161,29,1,41.544758815291374,-68.89378223322248,516.596
1162,29,2,35.83716246178899,-59.96273615754052,516.261
1163,29,3,29.562954105309863,-52.28891275709906,515.878
1164,29,4,22.903070579609505,-45.54247195159442,515.587
1165,29,5,15.988113639355017,-39.442901286908764,515.519
1166,29,6,8.915328956628107,-33.75877346339455,515.773
1167,29,7,1.7618073824868268,-28.29429598585148,516.412
1168,29,8,-5.405589294066512,-22.873359256719947,517.45
1169,29,9,-12.522047913893775,-17.323897150428998,518.852
1170,29,10,-19.516999175933805,-11.462432856625508,520.531
1171,29,11,-26.305324408976254,-5.078280225737154,522.362
1172,29,12,-32.77601510976185,2.081598120087293,524.188
1173,29,13,-38.7772822768181,10.32142158124455,525.836
1174,29,14,-44.09856654595914,19.981291530049177,527.134
1175,29,15,-48.45654484022368,31.35862791357914,527.929
1176,29,16,-51.506422380120306,44.51701808545997,528.1
1177,29,17,-52.91309300949526,59.01898159916318,527.573
1178,29,18,-52.485676846708785,73.85343530656803,526.328
1179,29,19,-50.28279399031252,87.84022838702843,524.405
1180,29,20,-46.57776812032286,100.20950972862477,521.901
1181,29,21,-41.72313945075001,110.78172731845572,518.963
1182,29,22,-36.039995174476275,119.75862445403597,515.774
1183,29,23,-29.77797187547645,127.47325481967367,512.543
1184,29,24,-23.11919996306351,134.25445787295908,509.481
1185,29,25,-16.195560144826644,140.383487143535,506.787
1186,29,26,-9.105680352380839,146.09301985566708,504.631
1187,29,27,-1.9279231326302375,151.58027089145028,503.135
1188,29,28,5.269420081452198,157.0227978485482,502.369
1189,29,29,12.420002326372847,162.59423779604097,502.344
1190,29,30,19.451531812739233,168.47993474724603,503.008
1191,29,31,26.276837397495424,174.89292230237606,504.261
1192,29,32,32.78239109135205,-177.91062282109274,505.957
1193,29,33,38.813151015244415,-169.62258441425413,507.924
1194,29,34,44.15432479524854,-159.8990314891756,509.981
1195,29,35,48.51751793894439,-148.4414847791276,511.951
1196,29,36,51.55314770423236,-135.19412797821278,513.686
1197,29,37,52.924885331097286,-120.61508919482056,515.071
1198,29,38,52.447393636410865,-105.73976363542235,516.043
1199,29,39,50.190166379883394,-91.75590070611588,516.587
1200,30,0,48.478145313473846,-76.35967759985583,516.71
1201,30,1,44.11122971668034,-64.93885681697498,516.701
1202,30,2,38.775581559714766,-55.249198705652624,516.444
1203,30,3,32.758174655649775,-46.99026031977285,516.067
1204,30,4,26.27209383111685,-39.81855827616488,515.713
1205,30,5,19.47078782355679,-33.42730438297383,515.518
1206,30,6,12.466287957057084,-27.561788933218875,515.6
1207,30,7,5.344346402873592,-22.01035973244696,516.042
1208,30,8,-1.8241687171563357,-16.58904734291108,516.882
1209,30,9,-8.974367404266404,-11.125707091864818,518.11
1210,30,10,-16.039575699656478,-5.44450301620219,519.664
1211,30,11,-22.943165497584772,0.6496483736247382,521.437
1212,30,12,-29.588703918480814,7.386891422277457,523.286
1213,30,13,-35.84690231154543,15.045632911257883,525.045
1214,30,14,-41.538854116753896,23.952669164459948,526.539
1215,30,15,-46.41853592020235,34.44270421065002,527.603
1216,30,16,-50.167541378257724,46.72797764054978,528.098
1217,30,17,-52.43220671079134,60.652093490091566,527.926
1218,30,18,-52.93121691645789,75.47212183796934,527.039
1219,30,19,-51.59268425424298,90.01534993954319,525.447
1220,30,20,-48.596215378561276,103.25065828676212,523.218
1221,30,21,-44.2725690301598,114.7131773745259,520.476
1222,30,22,-38.967779667864335,124.44968033827077,517.387
1223,30,23,-32.96856838774826,132.75225338766316,514.151
1224,30,24,-26.48896941273768,139.96172296228673,510.978
1225,30,25,-19.683722386026524,146.38494214079344,508.077
1226,30,26,-12.666149537455412,152.27772882835697,505.633
1227,30,27,-5.5233806020584355,157.85306198367664,503.795
1228,30,28,1.672401700355241,163.29636758233994,502.659
1229,30,29,8.854839093791181,168.781282693427,502.266
1230,30,30,15.955629259662437,174.48533759384472,502.595
1231,30,31,22.896283079121805,-179.39431749373793,503.569
1232,30,32,29.578096634699783,-172.62480772431158,505.064
1233,30,33,35.868926256524134,-164.92420656722908,506.918
1234,30,34,41.586160006945406,-155.9616459987167,508.952
1235,30,35,46.47907188681617,-145.39938682469563,510.987
1236,30,36,50.2240338728829,-133.0277558980248,512.856
1237,30,37,52.46388171306728,-119.0173440234145,514.427
1238,30,38,52.91924359484286,-104.13593276546581,515.611
1239,30,39,51.52704613631916,-89.57431779464629,516.367
1240,31,0,46.43661884602996,-61.42020290377286,516.744
1241,31,1,41.544758815291374,-50.89377148704309,516.596
1242,31,2,35.83716246178899,-41.962725411361134,516.261
1243,31,3,29.562954105309863,-34.28890542601426,515.878
1244,31,4,22.903070579609505,-27.542462912962325,515.587
1245,31,5,15.988113639355017,-21.442893955823962,515.519
1246,31,6,8.915328956628107,-15.758766132309745,515.773
1247,31,7,1.7618073824868268,-10.294288654766676,516.412
1248,31,8,-5.405589294066512,-4.873351925635145,517.45
1249,31,9,-12.522047913893775,0.6761103940992188,518.852
1250,31,10,-19.516999175933805,6.537574047572472,520.531
1251,31,11,-26.305324408976254,12.921726678460827,522.362
1252,31,12,-32.77601510976185,20.081604810841863,524.188
1253,31,13,-38.7772822768181,28.321428912329356,525.836
1254,31,14,-44.09856654595914,37.98129886113398,527.134
1255,31,15,-48.45654484022368,49.358635244663944,527.929
1256,31,16,-51.506422380120306,62.517022001450194,528.1
1257,31,17,-52.91309300949526,77.01898893024799,527.573
1258,31,18,-52.485676846708785,91.85344263765283,526.328
1259,31,19,-50.28279399031252,105.84023571811323,524.405
1260,31,20,-46.57776812032286,118.2095102295204,521.901
1261,31,21,-41.72313945075001,128.7817414797297,518.963
1262,31,22,-36.039995174476275,137.75863178512077,515.774
1263,31,23,-29.77797187547645,145.47326215075847,512.543
1264,31,24,-23.11919996306351,152.2544652040439,509.481
1265,31,25,-16.195560144826644,158.38349447461982,506.787
1266,31,26,-9.105680352380839,164.0930271867519,504.631
1267,31,27,-1.9279231326302375,169.58027822253507,503.135
1268,31,28,5.269420081452198,175.02280517963302,502.369
1269,31,29,12.420002326372847,-179.40575123040855,502.344
1270,31,30,19.451531812739233,-173.52006793958185,503.008
1271,31,31,26.276837397495424,-167.10706672407346,504.261
1272,31,32,32.78239109135205,-159.91061549000796,505.957
1273,31,33,38.813151015244415,-151.62257708316935,507.924
1274,31,34,44.15432479524854,-141.8990241580908,509.981
1275,31,35,48.51751793894439,-130.4414774480428,511.951
1276,31,36,51.55314770423236,-117.19412064712796,513.686
1277,31,37,52.924885331097286,-102.61508186373575,515.071
1278,31,38,52.447393636410865,-87.73975630433755,516.043
1279,31,39,50.190166379883394,-73.75589337503108,516.587
1280,32,0,48.478145313473846,-58.35967026877102,516.71
1281,32,1,44.11122971668034,-46.938852900984756,516.701
1282,32,2,38.775581559714766,-37.24919137456782,516.444
1283,32,3,32.758174655649775,-28.990252988688052,516.067
1284,32,4,26.27209383111685,-21.818550945080077,515.713
1285,32,5,19.47078782355679,-15.427297051889026,515.518
1286,32,6,12.466287957057084,-9.56178245590772,515.6
1287,32,7,5.344346402873592,-4.010352401362157,516.042
1288,32,8,-1.8241687171563357,1.4109598814520183,516.882
1289,32,9,-8.974367404266404,6.874300239219986,518.11
1290,32,10,-16.039575699656478,12.555504741769436,519.664
1291,32,11,-22.943165497584772,18.649655651348688,521.437
1292,32,12,-29.588703918480814,25.386899607135906,523.286
1293,32,13,-35.84690231154543,33.045640242342685,525.045
1294,32,14,-41.538854116753896,41.95267478799746,526.539
1295,32,15,-46.41853592020235,52.44271154173482,527.603
1296,32,16,-50.167541378257724,64.72798155654,528.098
1297,32,17,-52.43220671079134,78.65210082117638,527.926
1298,32,18,-52.93121691645789,93.47212916905414,527.039
1299,32,19,-51.59268425424298,108.01535727062799,525.447
1300,32,20,-48.596215378561276,121.25066561784692,523.218
1301,32,21,-44.2725690301598,132.7131847056107,520.476
1302,32,22,-38.967779667864335,142.44968766935557,517.387
1303,32,23,-32.96856838774826,150.75226071874798,514.151
1304,32,24,-26.48896941273768,157.96173029337155,510.978
1305,32,25,-19.683722386026524,164.38494947187823,508.077
1306,32,26,-12.666149537455412,170.27773615944176,505.633
1307,32,27,-5.5233806020584355,175.85306931476143,503.795
1308,32,28,1.672401700355241,-178.7036214441096,502.659
1309,32,29,8.854839093791181,-173.21870633302254,502.266
1310,32,30,15.955629259662437,-167.51466509298314,502.595
1311,32,31,22.896283079121805,-161.39431016265314,503.569
1312,32,32,29.578096634699783,-154.6248003932268,505.064
1313,32,33,35.868926256524134,-146.9241992361443,506.918
1314,32,34,41.586160006945406,-137.9616386676319,508.952
1315,32,35,46.47907188681617,-127.39937949361082,510.987
1316,32,36,50.2240338728829,-115.02774856694,512.856
1317,32,37,52.46388171306728,-101.01734352251886,514.427
1318,32,38,52.91924359484286,-86.13592543438101,515.611
1319,32,39,51.52704613631916,-71.57431046356149,516.367
1320,33,0,46.43661884602996,-43.420192157593476,516.744
1321,33,1,41.544758815291374,-32.89376415595828,516.596
1322,33,2,35.83716246178899,-23.962719787823623,516.261
1323,33,3,29.562954105309863,-16.288898094929454,515.878
1324,33,4,22.903070579609505,-9.542456435651168,515.587
1325,33,5,15.988113639355017,-3.4428866247391574,515.519
1326,33,6,8.915328956628107,2.241240771888236,515.773
1327,33,7,1.7618073824868268,7.705718676318128,516.412
1328,33,8,-5.405589294066512,13.126655405449657,517.45
1329,33,9,-12.522047913893775,18.67611751174061,518.852
1330,33,10,-19.516999175933805,24.537580951770455,520.531
1331,33,11,-26.305324408976254,30.921734863319276,522.362
1332,33,12,-32.77601510976185,38.08161384947396,524.188
1333,33,13,-38.7772822768181,46.32143795096145,525.836
1334,33,14,-44.09856654595914,55.98130619221878,527.134
1335,33,15,-48.45654484022368,67.35864257574875,527.929
1336,33,16,-51.506422380120306,80.51702933253499,528.1
1337,33,17,-52.91309300949526,95.01899626133279,527.573
1338,33,18,-52.485676846708785,109.85344996873764,526.328
1339,33,19,-50.28279399031252,123.84023621900887,524.405
1340,33,20,-46.57776812032286,136.2095175606052,521.901
1341,33,21,-41.72313945075001,146.7817488108145,518.963
1342,33,22,-36.039995174476275,155.7586391162056,515.774
1343,33,23,-29.77797187547645,163.4732694818433,512.543
1344,33,24,-23.11919996306351,170.2544725351287,509.481
1345,33,25,-16.195560144826644,176.3835018057046,506.787
1346,33,26,-9.105680352380839,-177.90697550007596,504.631
1347,33,27,-1.9279231326302375,-172.41971080391446,503.135
1348,33,28,5.269420081452198,-166.9771838468165,502.369
1349,33,29,12.420002326372847,-161.40574389932374,502.344
1350,33,30,19.451531812739233,-155.52006060849703,503.008
1351,33,31,26.276837397495424,-149.10705939298867,504.261
1352,33,32,32.78239109135205,-141.91060815892314,505.957
1353,33,33,38.813151015244415,-133.62256975208453,507.924
1354,33,34,44.15432479524854,-123.89901682700601,509.981
1355,33,35,48.51751793894439,-112.44147694714717,511.951
1356,33,36,51.55314770423236,-99.19412014623234,513.686
1357,33,37,52.924885331097286,-84.61507453265095,515.071
1358,33,38,52.447393636410865,-69.73974897325274,516.043
1359,33,39,50.190166379883394,-55.75588604394627,516.587
1360,34,0,48.478145313473846,-40.359690258442896,516.71
1361,34,1,44.11122971668034,-28.93887289065663,516.701
1362,34,2,38.775581559714766,-19.2492113642397,516.444
1363,34,3,32.758174655649775,-10.990273832133573,516.067
1364,34,4,26.27209383111685,-3.8185705078651306,515.713
1365,34,5,19.47078782355679,2.5726825315522746,515.518
1366,34,6,12.466287957057084,8.438197554420404,515.6
1367,34,7,5.344346402873592,13.989627608965966,516.042
1368,34,8,-1.8241687171563357,19.41093999850185,516.882
1369,34,9,-8.974367404266404,24.87428024954811,518.11
1370,34,10,-16.039575699656478,30.555483044550268,519.664
1371,34,11,-22.943165497584772,36.6496373692241,521.437
1372,34,12,-29.588703918480814,43.386877909916734,523.286
1373,34,13,-35.84690231154543,51.04562025267081,525.045
1374,34,14,-41.538854116753896,59.95265479832558,526.539
1375,34,15,-46.41853592020235,70.44269155206294,527.603
1376,34,16,-50.167541378257724,82.72796156686812,528.098
1377,34,17,-52.43220671079134,96.65208083150449,527.926
1378,34,18,-52.93121691645789,111.47210917938227,527.039
1379,34,19,-51.59268425424298,126.01533728095612,525.447
1380,34,20,-48.596215378561276,139.25064562817505,523.218
1381,34,21,-44.2725690301598,150.71316471593883,520.476
1382,34,22,-38.967779667864335,160.4496676796837,517.387
1383,34,23,-32.96856838774826,168.7522407290761,514.151
1384,34,24,-26.48896941273768,175.96171030369965,510.978
1385,34,25,-19.683722386026524,-177.61506687532795,508.077
1386,34,26,-12.666149537455412,-171.72228018776445,505.633
1387,34,27,-5.5233806020584355,-166.14694703244479,503.795
1388,34,28,1.672401700355241,-160.70364143378146,502.659
1389,34,29,8.854839093791181,-155.2187263226944,502.266
1390,34,30,15.955629259662437,-149.51468508265503,502.595
1391,34,31,22.896283079121805,-143.394330152325,503.569
1392,34,32,29.578096634699783,-136.62482038289866,505.064
1393,34,33,35.868926256524134,-128.92421922581616,506.918
1394,34,34,41.586160006945406,-119.96165865730377,508.952
1395,34,35,46.47907188681617,-109.39939948328269,510.987
1396,34,36,50.2240338728829,-97.02776172642271,512.856
1397,34,37,52.46388171306728,-83.01736351219073,514.427
1398,34,38,52.91924359484286,-68.13594542405288,515.611
1399,34,39,51.52704613631916,-53.574330453233365,516.367
1400,35,0,46.43661884602996,-25.42021214726535,516.744
1401,35,1,41.544758815291374,-14.893785853177452,516.596
1402,35,2,35.83716246178899,-5.962739777495499,516.261
1403,35,3,29.562954105309863,1.7110814885118462,515.878
1404,35,4,22.903070579609505,8.457523574676955,515.587
1405,35,5,15.988113639355017,14.557093385588965,515.519
1406,35,6,8.915328956628107,20.241221209103184,515.773
1407,35,7,1.7618073824868268,25.70569868664625,516.412
1408,35,8,-5.405589294066512,31.12663370823049,517.45
1409,35,9,-12.522047913893775,36.67609752206874,518.852
1410,35,10,-19.516999175933805,42.537560962098574,520.531
1411,35,11,-26.305324408976254,48.9217148736474,522.362
1412,35,12,-32.77601510976185,56.081593859802084,524.188
1413,35,13,-38.7772822768181,64.32141454619499,525.836
1414,35,14,-44.09856654595914,73.9812896176415,527.134
1415,35,15,-48.45654484022368,85.35862258607688,527.929
1416,35,16,-51.506422380120306,98.51700934286312,528.1
1417,35,17,-52.91309300949526,113.0189762716609,527.573
1418,35,18,-52.485676846708785,127.85342314887659,526.328
1419,35,19,-50.28279399031252,141.840216229337,524.405
1420,35,20,-46.57776812032286,154.20949757093334,521.901
1421,35,21,-41.72313945075001,164.78172882114262,518.963
1422,35,22,-36.039995174476275,173.7586191265337,515.774
1423,35,23,-29.77797187547645,-178.52674686536292,512.543
1424,35,24,-23.11919996306351,-171.7455438120775,509.481
1425,35,25,-16.195560144826644,-165.61651454150157,506.787
1426,35,26,-9.105680352380839,-159.90699548974786,504.631
1427,35,27,-1.9279231326302375,-154.41973079358633,503.135
1428,35,28,5.269420081452198,-148.97720383648837,502.369
1429,35,29,12.420002326372847,-143.4057638889956,502.344
1430,35,30,19.451531812739233,-137.5200805981689,503.008
1431,35,31,26.276837397495424,-131.10707938266054,504.261
1432,35,32,32.78239109135205,-123.91062814859502,505.957
1433,35,33,38.813151015244415,-115.62258974175641,507.924
1434,35,34,44.15432479524854,-105.89904364686704,509.981
1435,35,35,48.51751793894439,-94.44149693681904,511.951
1436,35,36,51.55314770423236,-81.1941401359042,513.686
1437,35,37,52.924885331097286,-66.61509452232282,515.071
1438,35,38,52.447393636410865,-51.73976896292462,516.043
1439,35,39,50.190166379883394,-37.755906033618146,516.587
1440,36,0,48.478145313473846,-22.359682927358094,516.71
1441,36,1,44.11122971668034,-10.93886470579818,516.701
1442,36,2,38.775581559714766,-1.249203606268074,516.444
1443,36,3,32.758174655649775,7.009733925838053,516.067
1444,36,4,26.27209383111685,14.181436396332849,515.713
1445,36,5,19.47078782355679,20.5726902895239,515.518
1446,36,6,12.466287957057084,26.438205739278853,515.6
1447,36,7,5.344346402873592,31.98963494005077,516.042
1448,36,8,-1.8241687171563357,37.41094732958665,516.882
1449,36,9,-8.974367404266404,42.87428928818021,518.11
1450,36,10,-16.039575699656478,48.555490375635074,519.664
1451,36,11,-22.943165497584772,54.649644700308905,521.437
1452,36,12,-29.588703918480814,61.38688524100154,523.286
1453,36,13,-35.84690231154543,69.0456309988502,525.045
1454,36,14,-41.538854116753896,77.95266212941038,526.539
1455,36,15,-46.41853592020235,88.44269888314776,527.603
1456,36,16,-50.167541378257724,100.72796889795292,528.098
1457,36,17,-52.43220671079134,114.6520881625893,527.926
1458,36,18,-52.93121691645789,129.47212334065625,527.039
1459,36,19,-51.59268425424298,144.0153446120409,525.447
1460,36,20,-48.596215378561276,157.25065295925984,523.218
1461,36,21,-44.2725690301598,168.71317204702362,520.476
1462,36,22,-38.967779667864335,178.4496750107685,517.387
1463,36,23,-32.96856838774826,-173.24774829737342,514.151
1464,36,24,-26.48896941273768,-166.03827872274988,510.978
1465,36,25,-19.683722386026524,-159.61505954424317,508.077
1466,36,26,-12.666149537455412,-153.72227285667964,505.633
1467,36,27,-5.5233806020584355,-148.14693970135997,503.795
1468,36,28,1.672401700355241,-142.70363410269664,502.659
1469,36,29,8.854839093791181,-137.21871899160962,502.266
1470,36,30,15.955629259662437,-131.51467775157022,502.595
1471,36,31,22.896283079121805,-125.39432282124021,503.569
1472,36,32,29.578096634699783,-118.62481305181386,505.064
1473,36,33,35.868926256524134,-110.92421189473136,506.918
1474,36,34,41.586160006945406,-101.96164449602979,508.952
1475,36,35,46.47907188681617,-91.39939215219789,510.987
1476,36,36,50.2240338728829,-79.02775439533791,512.856
1477,36,37,52.46388171306728,-65.01735618110592,514.427
1478,36,38,52.91924359484286,-50.135938092968075,515.611
1479,36,39,51.52704613631916,-35.57432312214856,516.367
1480,37,0,46.43661884602996,-7.420205669954194,516.744
1481,37,1,41.544758815291374,3.106221691350763,516.596
1482,37,2,35.83716246178899,12.037267553589304,516.261
1483,37,3,29.562954105309863,19.71108924648347,515.878
1484,37,4,22.903070579609505,26.457531759535406,515.587
1485,37,5,15.988113639355017,32.557100716673766,515.519
1486,37,6,8.915328956628107,38.24122854018798,515.773
1487,37,7,1.7618073824868268,43.705707725278344,516.412
1488,37,8,-5.405589294066512,49.126641039315295,517.45
1489,37,9,-12.522047913893775,54.67610485315354,518.852
1490,37,10,-19.516999175933805,60.537571708277966,520.531
1491,37,11,-26.305324408976254,66.9217222047322,522.362
1492,37,12,-32.77601510976185,74.0815977757923,524.188
1493,37,13,-38.7772822768181,82.32142187727979,525.836
1494,37,14,-44.09856654595914,91.9812969487263,527.134
1495,37,15,-48.45654484022368,103.35862991716168,527.929
1496,37,16,-51.506422380120306,116.51701667394792,528.1
1497,37,17,-52.91309300949526,131.01898360274572,527.573
1498,37,18,-52.485676846708785,145.8534304799614,526.328
1499,37,19,-50.28279399031252,159.8402235604218,524.405
1500,37,20,-46.57776812032286,172.20950490201812,521.901
1501,37,21,-41.72313945075001,-177.21827386568523,518.963
1502,37,22,-36.039995174476275,-168.24138356029417,515.774
1503,37,23,-29.77797187547645,-160.5267395342781,512.543
1504,37,24,-23.11919996306351,-153.7455364809927,509.481
1505,37,25,-16.195560144826644,-147.61650721041678,506.787
1506,37,26,-9.105680352380839,-141.90698815866304,504.631
1507,37,27,-1.9279231326302375,-136.4197234625015,503.135
1508,37,28,5.269420081452198,-130.97719650540358,502.369
1509,37,29,12.420002326372847,-125.40575655791082,502.344
1510,37,30,19.451531812739233,-119.5200732670841,503.008
1511,37,31,26.276837397495424,-113.1070788817649,504.261
1512,37,32,32.78239109135205,-105.91062081751022,505.957
1513,37,33,38.813151015244415,-97.62258924086078,507.924
1514,37,34,44.15432479524854,-87.89903631578224,509.981
1515,37,35,48.51751793894439,-76.44148960573423,511.951
1516,37,36,51.55314770423236,-63.194132804819404,513.686
1517,37,37,52.924885331097286,-48.6150906063326,515.071
1518,37,38,52.447393636410865,-33.73976163183982,516.043
1519,37,39,50.190166379883394,-19.75589870253334,516.587
1520,38,0,48.478145313473846,-4.359676023160112,516.71
1521,38,1,44.11122971668034,7.061143052173446,516.701
1522,38,2,38.775581559714766,16.750803297929906,516.444
1523,38,3,32.758174655649775,25.00974168380968,516.067
1524,38,4,26.27209383111685,32.18144372741765,515.713
1525,38,5,19.47078782355679,38.57269762060871,515.518
1526,38,6,12.466287957057084,44.43821136281637,515.6
1527,38,7,5.344346402873592,49.98964227113557,516.042
1528,38,8,-1.8241687171563357,55.41095466067146,516.882
1529,38,9,-8.974367404266404,60.87429320417042,518.11
1530,38,10,-16.039575699656478,66.55550112181446,519.664
1531,38,11,-22.943165497584772,72.64964861629913,521.437
1532,38,12,-29.588703918480814,79.38689257208634,523.286
1533,38,13,-35.84690231154543,87.045638329935,525.045
1534,38,14,-41.538854116753896,95.95266946049519,526.539
1535,38,15,-46.41853592020235,106.44270621423256,527.603
1536,38,16,-50.167541378257724,118.72797622903772,528.098
1537,38,17,-52.43220671079134,132.6520954936741,527.926
1538,38,18,-52.93121691645789,147.47213067174104,527.039
1539,38,19,-51.59268425424298,162.01535194312572,525.447
1540,38,20,-48.596215378561276,175.25066029034465,523.218
1541,38,21,-44.2725690301598,-173.2868169794259,520.476
1542,38,22,-38.967779667864335,-163.550314015681,517.387
1543,38,23,-32.96856838774826,-155.24774096628863,514.151
1544,38,24,-26.48896941273768,-148.03827139166506,510.978
1545,38,25,-19.683722386026524,-141.61505221315835,508.077
1546,38,26,-12.666149537455412,-135.72226552559482,505.633
1547,38,27,-5.5233806020584355,-130.14693237027515,503.795
1548,38,28,1.672401700355241,-124.70362677161184,502.659
1549,38,29,8.854839093791181,-119.2187116605248,502.266
1550,38,30,15.955629259662437,-113.51466359029625,502.595
1551,38,31,22.896283079121805,-107.3943154901554,503.569
1552,38,32,29.578096634699783,-100.62481255091822,505.064
1553,38,33,35.868926256524134,-92.92420456364655,506.918
1554,38,34,41.586160006945406,-83.96163716494499,508.952
1555,38,35,46.47907188681617,-73.39938482111309,510.987
1556,38,36,50.2240338728829,-61.0277470642531,512.856
1557,38,37,52.46388171306728,-47.01734543492654,514.427
1558,38,38,52.91924359484286,-32.13593076188327,515.611
1559,38,39,51.52704613631916,-17.57431749861105,516.367
1560,39,0,46.43661884602996,10.57980166113061,516.744
1561,39,1,41.544758815291374,21.106228808992153,516.596
1562,39,2,35.83716246178899,30.0372765922214,516.261
1563,39,3,29.562954105309863,37.71109657756828,515.878
1564,39,4,22.903070579609505,44.45753738307292,515.587
1565,39,5,15.988113639355017,50.557108047758575,515.519
1566,39,6,8.915328956628107,56.24123587127279,515.773
1567,39,7,1.7618073824868268,61.705711641268564,516.412
1568,39,8,-5.405589294066512,67.12664837040009,517.45
1569,39,9,-12.522047913893775,72.67611559933293,518.852
1570,39,10,-19.516999175933805,78.53757903936277,520.531
1571,39,11,-26.305324408976254,84.92172953581701,522.362
1572,39,12,-32.77601510976185,92.0816051068771,524.188
1573,39,13,-38.7772822768181,100.32142920836459,525.836
1574,39,14,-44.09856654595914,109.9813042798111,527.134
1575,39,15,-48.45654484022368,121.35863724824648,527.929
1576,39,16,-51.506422380120306,134.5170240050327,528.1
1577,39,17,-52.91309300949526,149.0189909338305,527.573
1578,39,18,-52.485676846708785,163.85343781104618,526.328
1579,39,19,-50.28279399031252,177.8402308915066,524.405
1580,39,20,-46.57776812032286,-169.7904841244314,521.901
1581,39,21,-41.72313945075001,-159.21826653460045,518.963
1582,39,22,-36.039995174476275,-150.24137622920935,515.774
1583,39,23,-29.77797187547645,-142.52673220319332,512.543
1584,39,24,-23.11919996306351,-135.7455291499079,509.481
1585,39,25,-16.195560144826644,-129.61649987933197,506.787
1586,39,26,-9.105680352380839,-123.90698082757824,504.631
1587,39,27,-1.9279231326302375,-118.4197161314167,503.135
1588,39,28,5.269420081452198,-112.97718917431877,502.369
1589,39,29,12.420002326372847,-107.40574922682602,502.344
1590,39,30,19.451531812739233,-101.52005910581013,503.008
1591,39,31,26.276837397495424,-95.1070715506801,504.261
1592,39,32,32.78239109135205,-87.91061348642542,505.957
1593,39,33,38.813151015244415,-79.62258190977597,507.924
1594,39,34,44.15432479524854,-69.89902898469744,509.981
1595,39,35,48.51751793894439,-58.44148227464943,511.951
1596,39,36,51.55314770423236,-45.1941254737346,513.686
1597,39,37,52.924885331097286,-30.615083275247798,515.071
1598,39,38,52.447393636410865,-15.739756008302306,516.043
1599,39,39,50.190166379883394,-1.7558921185004785,516.587
