0,0,0,-28.851907507049443,-146.7293885806372,512.101
1,0,1,-22.148382487647286,-140.05684017666832,509.078
2,0,2,-15.195707535248696,-134.0006753641581,506.449
3,0,3,-8.088876067056564,-128.33414552304043,504.378
4,0,4,-0.904305413443758,-122.86381969602053,502.981
5,0,5,6.290485551044915,-117.41364292705218,502.319
6,0,6,13.42879394602705,-111.80930195832747,502.394
7,0,7,20.43679855334462,-105.8624748140508,503.147
8,0,8,27.22436051274732,-99.35486864834859,504.47
9,0,9,33.67306141950006,-92.0231796687168,506.214
10,0,10,39.62050328080202,-83.5522424562836,508.204
11,0,11,44.84199848616918,-73.59739200515176,510.257
12,0,12,49.03862039148134,-61.87964240848294,512.202
13,0,13,51.8563227260163,-48.400216270138586,513.892
14,0,14,52.971084730643256,-33.70549798786845,515.221
15,0,15,52.23011507362901,-18.889200630824792,516.131
16,0,16,49.73946268712176,-5.108131140617871,516.618
17,0,17,45.80217281931123,6.968227720025531,516.726
18,0,18,40.77619177893569,17.249663239434714,516.545
19,0,19,34.97454372056223,25.980629168664898,516.196
20,0,20,28.635798614162947,33.50344733184113,515.819
21,0,21,21.93260656648283,40.142029205067516,515.555
22,0,22,14.989849048759096,46.16940477022614,515.528
23,0,23,7.9012046667794165,51.81098393030576,515.837
24,0,24,0.7417529943346841,57.258794038726705,516.535
25,0,25,-6.422392298730316,62.687407900485326,517.631
26,0,26,-13.526113896415977,68.26959856573168,519.08
27,0,27,-20.497307199201764,74.1917004252129,520.792
28,0,28,-27.24798101444452,80.66958160764723,522.634
29,0,29,-33.6623243621248,87.9633015656829,524.447
30,0,30,-39.58130141006073,96.38403688771652,526.057
31,0,31,-44.7845941612898,106.27275061711512,527.294
32,0,32,-48.97846350036645,117.90823058523114,528.007
33,0,33,-51.813364251231505,131.29876181152778,528.083
34,0,34,-52.96570595667187,145.92013410739574,527.453
35,0,35,-52.276147133540306,160.70175630157053,526.108
36,0,36,-49.839579599975806,174.49115691501757,524.096
37,0,37,-45.94947267895173,-173.3961683080378,521.519
38,0,38,-40.958991546787324,-163.0684031886016,518.532
39,0,39,-35.180057282498744,-154.29214285989048,515.323
40,1,0,-25.538270259521727,-134.30017915926317,510.552
41,1,1,-18.696686626426104,-127.96684527023382,507.703
42,1,2,-11.656475115850984,-122.13139119056338,505.336
43,1,3,-4.501980026309566,-116.58567373548489,503.59
44,1,4,2.695909176019648,-111.14696485413299,502.557
45,1,5,9.871047445110372,-105.64200313783196,502.267
46,1,6,16.95421486914935,-99.89144830954478,502.691
47,1,7,23.864708280781233,-93.69401469443119,503.746
48,1,8,30.499974097165573,-86.8105568790815,505.3
49,1,9,36.72181197818363,-78.95158412571392,507.19
50,1,10,42.338918570467094,-69.78116041019054,509.234
51,1,11,47.08985813824998,-58.968725067250226,511.253
52,1,12,50.64233514822199,-46.341136216527765,513.086
53,1,13,52.64179448056777,-32.14569793239639,514.606
54,1,14,52.83202549423638,-17.23373865338483,515.73
55,1,15,51.18753450815075,-2.8122979473541925,516.426
56,1,16,47.92899810420482,10.16011300361636,516.714
57,1,17,43.404025099828054,21.322520409438948,516.664
58,1,18,37.955675406462674,30.787938287667895,516.383
59,1,19,31.86018236471152,38.87173354775562,516.002
60,1,20,25.321051460895106,45.91495290288648,515.664
61,1,21,18.484750979122484,52.21706258212511,515.505
62,1,22,11.45875821485204,58.02582428251914,515.636
63,1,23,4.326086433482459,63.54797758496108,516.136
64,1,24,-2.8437309048014145,68.96483669115811,517.035
65,1,25,-9.986058439223278,74.44817402854689,518.316
66,1,26,-17.033267478603076,80.17554036460187,519.911
67,1,27,-23.906635397001356,86.34610401552064,521.707
68,1,28,-30.505912946648902,93.1961758662073,523.555
69,1,29,-36.69585725933758,101.01158567304853,525.288
70,1,30,-42.28902062348557,110.12420549762611,526.732
71,1,31,-47.02881673763758,120.86201419369485,527.724
72,1,32,-50.58811369149585,133.40199562302814,528.13
73,1,33,-52.615324082439386,147.51301618411276,527.858
74,1,34,-52.85128662769581,162.36886887418723,526.869
75,1,35,-51.26097270210673,176.77810915481294,525.18
76,1,36,-48.05398373582688,-170.22470657072577,522.869
77,1,37,-43.57066464010344,-159.01908455802453,520.066
78,1,38,-38.15141155260232,-149.5069669688929,516.942
79,1,39,-32.07243390826425,-141.38031227176336,513.7
80,2,0,-28.851907507049443,-128.72938124955238,512.101
81,2,1,-22.148382487647286,-122.05684650596186,509.078
82,2,2,-15.195707535248696,-116.0006680330733,506.449
83,2,3,-8.088876067056564,-110.33414502214478,504.378
84,2,4,-0.904305413443758,-104.86381236493573,502.981
85,2,5,6.290485551044915,-99.4136492563457,502.319
86,2,6,13.42879394602705,-93.80930145743183,502.394
87,2,7,20.43679855334462,-87.86247431315516,503.147
88,2,8,27.22436051274732,-81.35486814745295,504.47
89,2,9,33.67306141950006,-74.02317916782118,506.214
90,2,10,39.62050328080202,-65.55224195538797,508.204
91,2,11,44.84199848616918,-55.59739150425612,510.257
92,2,12,49.03862039148134,-43.879641907587306,512.202
93,2,13,51.8563227260163,-30.40021576924295,513.892
94,2,14,52.971084730643256,-15.705497486972815,515.221
95,2,15,52.23011507362901,-0.8892009303419509,516.131
96,2,16,49.73946268712176,12.891869360277763,516.618
97,2,17,45.80217281931123,24.96822779403434,516.726
98,2,18,40.77619177893569,35.24966374033035,516.545
99,2,19,34.97454372056223,43.98062966956053,516.196
100,2,20,28.635798614162947,51.50344783273677,515.819
101,2,21,21.93260656648283,58.142033121057736,515.555
102,2,22,14.989849048759096,64.16940185602718,515.528
103,2,23,7.9012046667794165,69.81098784629597,515.837
104,2,24,0.7417529943346841,75.25879453962234,516.535
105,2,25,-6.422392298730316,80.68740840138096,517.631
106,2,26,-13.526113896415977,86.26959906662732,519.08
107,2,27,-20.497307199201764,92.19170092610854,520.792
108,2,28,-27.24798101444452,98.66958210854285,522.634
109,2,29,-33.6623243621248,105.96330206657852,524.447
110,2,30,-39.58130141006073,114.38403738861214,526.057
111,2,31,-44.7845941612898,124.27275111801076,527.294
112,2,32,-48.97846350036645,135.90823791631595,528.007
113,2,33,-51.813364251231505,149.29876914261257,528.083
114,2,34,-52.96570595667187,163.9201277781022,527.453
115,2,35,-52.276147133540306,178.70176363265534,526.108
116,2,36,-49.839579599975806,-167.5088457718103,524.096
117,2,37,-45.94947267895173,-155.396160976953,521.519
118,2,38,-40.958991546787324,-145.06840951789513,518.532
119,2,39,-35.180057282498744,-136.29214918918402,515.323
120,3,0,-25.538270259521727,-116.30018548855669,510.552
121,3,1,-18.696686626426104,-109.96684476933818,507.703
122,3,2,-11.656475115850984,-104.13138385947858,505.336
123,3,3,-4.501980026309566,-98.58568006477843,503.59
124,3,4,2.695909176019648,-93.14696435323735,502.557
125,3,5,9.871047445110372,-87.64200263693633,502.267
126,3,6,16.95421486914935,-81.89144780864915,502.691
127,3,7,23.864708280781233,-75.69401419353555,503.746
128,3,8,30.499974097165573,-68.81055637818586,505.3
129,3,9,36.72181197818363,-60.95158362481829,507.19
130,3,10,42.338918570467094,-51.7811599092949,509.234
131,3,11,47.08985813824998,-40.968724566354595,511.253
132,3,12,50.64233514822199,-28.341135715632134,513.086
133,3,13,52.64179448056777,-14.145696577727112,514.606
134,3,14,52.83202549423638,0.7662624878410402,515.73
135,3,15,51.18753450815075,15.18770255354144,516.426
136,3,16,47.92899810420482,28.160113504511994,516.714
137,3,17,43.404025099828054,39.32251920278729,516.664
138,3,18,37.955675406462674,48.78793878856353,516.383
139,3,19,31.86018236471152,56.87173404865125,516.002
140,3,20,25.321051460895106,63.9149568188767,515.664
141,3,21,18.484750979122484,70.21706308302075,515.505
142,3,22,11.45875821485204,76.02582478341476,515.636
143,3,23,4.326086433482459,81.54797808585671,516.136
144,3,24,-2.8437309048014145,86.96483719205375,517.035
145,3,25,-9.986058439223278,92.44817452944251,518.316
146,3,26,-17.033267478603076,98.1755408654975,519.911
147,3,27,-23.906635397001356,104.34610451641628,521.707
148,3,28,-30.505912946648902,111.19617636710292,523.555
149,3,29,-36.69585725933758,119.01159300413333,525.288
150,3,30,-42.28902062348557,128.12419916833258,526.732
151,3,31,-47.02881673763758,138.8620078644013,527.724
152,3,32,-50.58811369149585,151.40200295411296,528.13
153,3,33,-52.615324082439386,165.51300985481922,527.858
154,3,34,-52.85128662769581,-179.63113381264063,526.869
155,3,35,-51.26097270210673,-165.2218798716366,525.18
156,3,36,-48.05398373582688,-152.2247129000193,522.869
157,3,37,-43.57066464010344,-141.01907722693971,520.066
158,3,38,-38.15141155260232,-131.50697329818644,516.942
159,3,39,-32.07243390826425,-123.38030494067856,513.7
160,4,0,-28.851907507049443,-110.72938757884592,512.101
161,4,1,-22.148382487647286,-104.05684600506623,509.078
162,4,2,-15.195707535248696,-98.00067436236684,506.449
163,4,3,-8.088876067056564,-92.33414452124916,504.378
164,4,4,-0.904305413443758,-86.86381186404009,502.981
165,4,5,6.290485551044915,-81.41364875545008,502.319
166,4,6,13.42879394602705,-75.80930095653619,502.394
167,4,7,20.43679855334462,-69.86247381225954,503.147
168,4,8,27.22436051274732,-63.35486764655732,504.47
169,4,9,33.67306141950006,-56.023178666925546,506.214
170,4,10,39.62050328080202,-47.55224145449233,508.204
171,4,11,44.84199848616918,-37.59739100336049,510.257
172,4,12,49.03862039148134,-25.87963969914438,512.202
173,4,13,51.8563227260163,-12.400215268347319,513.892
174,4,14,52.971084730643256,2.2945036542530532,515.221
175,4,15,52.23011507362901,17.110800370966476,516.131
176,4,16,49.73946268712176,30.891869861173397,516.618
177,4,17,45.80217281931123,42.96822829492997,516.726
178,4,18,40.77619177893569,53.24966424122598,516.545
179,4,19,34.97454372056223,61.98063358555075,516.196
180,4,20,28.635798614162947,69.50345174872699,515.819
181,4,21,21.93260656648283,76.14203362195336,515.555
182,4,22,14.989849048759096,82.16940235692282,515.528
183,4,23,7.9012046667794165,87.81098834719161,515.837
184,4,24,0.7417529943346841,93.25879504051797,516.535
185,4,25,-6.422392298730316,98.6874089022766,517.631
186,4,26,-13.526113896415977,104.26959956752296,519.08
187,4,27,-20.497307199201764,110.19170142700418,520.792
188,4,28,-27.24798101444452,116.66958943962767,522.634
189,4,29,-33.6623243621248,123.96330256747416,524.447
190,4,30,-39.58130141006073,132.3840378895078,526.057
191,4,31,-44.7845941612898,142.27274478871723,527.294
192,4,32,-48.97846350036645,153.9082315870224,528.007
193,4,33,-51.813364251231505,167.29876281331903,528.083
194,4,34,-52.96570595667187,-178.07987490872566,527.453
195,4,35,-52.276147133540306,-163.29823905417254,526.108
196,4,36,-49.839579599975806,-149.50885210110383,524.096
197,4,37,-45.94947267895173,-137.39616730624653,521.519
198,4,38,-40.958991546787324,-127.06840218681033,518.532
199,4,39,-35.180057282498744,-118.29214185809921,515.323
200,5,0,-25.538270259521727,-98.30017815747189,510.552
201,5,1,-18.696686626426104,-91.96684426844254,507.703
202,5,2,-11.656475115850984,-86.13138335858295,505.336
203,5,3,-4.501980026309566,-80.58567956388279,503.59
204,5,4,2.695909176019648,-75.14696385234171,502.557
205,5,5,9.871047445110372,-69.64200213604069,502.267
206,5,6,16.95421486914935,-63.891447307753516,502.691
207,5,7,23.864708280781233,-57.69401369263991,503.746
208,5,8,30.499974097165573,-50.810555877290234,505.3
209,5,9,36.72181197818363,-42.95158653901724,507.19
210,5,10,42.338918570467094,-33.78115940839926,509.234
211,5,11,47.08985813824998,-22.968722357911666,511.253
212,5,12,50.64233514822199,-10.341134360962855,513.086
213,5,13,52.64179448056777,3.854303923168522,514.606
214,5,14,52.83202549423638,18.76626234840644,515.73
215,5,15,51.18753450815075,33.187704761984364,516.426
216,5,16,47.92899810420482,46.16011229786034,516.714
217,5,17,43.404025099828054,57.32251970368292,516.664
218,5,18,37.955675406462674,66.78793928945916,516.383
219,5,19,31.86018236471152,74.87173454954689,516.002
220,5,20,25.321051460895106,81.91495731977233,515.664
221,5,21,18.484750979122484,88.21706358391639,515.505
222,5,22,11.45875821485204,94.0258252843104,515.636
223,5,23,4.326086433482459,99.54797858675235,516.136
224,5,24,-2.8437309048014145,104.96483769294939,517.035
225,5,25,-9.986058439223278,110.44817503033815,518.316
226,5,26,-17.033267478603076,116.17553453620397,519.911
227,5,27,-23.906635397001356,122.3461050173119,521.707
228,5,28,-30.505912946648902,129.19618369818772,523.555
229,5,29,-36.69585725933758,137.0115866748398,525.288
230,5,30,-42.28902062348557,146.12420649941737,526.732
231,5,31,-47.02881673763758,156.86201519548612,527.724
232,5,32,-50.58811369149585,169.40199662481942,528.13
233,5,33,-52.615324082439386,-176.48699283200867,527.858
234,5,34,-52.85128662769581,-161.63114014193417,526.869
235,5,35,-51.26097270210673,-147.22188620093013,525.18
236,5,36,-48.05398373582688,-134.22470556893452,522.869
237,5,37,-43.57066464010344,-123.01908355623326,520.066
238,5,38,-38.15141155260232,-113.50696596710164,516.942
239,5,39,-32.07243390826425,-105.38030443978292,513.7
240,6,0,-28.851907507049443,-92.72938707795028,512.101
241,6,1,-22.148382487647286,-86.0568455041706,509.078
242,6,2,-15.195707535248696,-80.0006738614712,506.449
243,6,3,-8.088876067056564,-74.33414402035352,504.378
244,6,4,-0.904305413443758,-68.86381136314446,502.981
245,6,5,6.290485551044915,-63.413648254554445,502.319
246,6,6,13.42879394602705,-57.80930045564056,502.394
247,6,7,20.43679855334462,-51.86246989626932,503.147
248,6,8,27.22436051274732,-45.3548637305671,504.47
249,6,9,33.67306141950006,-38.023178166029915,506.214
250,6,10,39.62050328080202,-29.5522409535967,508.204
251,6,11,44.84199848616918,-19.59739221001215,510.257
252,6,12,49.03862039148134,-7.879639198248747,512.202
253,6,13,51.8563227260163,5.599785232548314,513.892
254,6,14,52.971084730643256,20.29450351481845,515.221
255,6,15,52.23011507362901,35.11079916431482,516.131
256,6,16,49.73946268712176,48.89187036206903,516.618
257,6,17,45.80217281931123,60.96822879582561,516.726
258,6,18,40.77619177893569,71.24966474212161,516.545
259,6,19,34.97454372056223,79.98063408644639,516.196
260,6,20,28.635798614162947,87.50345224962261,515.819
261,6,21,21.93260656648283,94.142034122849,515.555
262,6,22,14.989849048759096,100.16940285781845,515.528
263,6,23,7.9012046667794165,105.81098884808725,515.837
264,6,24,0.7417529943346841,111.2587955414136,516.535
265,6,25,-6.422392298730316,116.6874162333614,517.631
266,6,26,-13.526113896415977,122.26960689860776,519.08
267,6,27,-20.497307199201764,128.19170875808896,520.792
268,6,28,-27.24798101444452,134.66958311033412,522.634
269,6,29,-33.6623243621248,141.96330989855898,524.447
270,6,30,-39.58130141006073,150.38404522059258,526.057
271,6,31,-44.7845941612898,160.27275211980202,527.294
272,6,32,-48.97846350036645,171.9082389181072,528.007
273,6,33,-51.813364251231505,-174.70123987350883,528.083
274,6,34,-52.96570595667187,-160.07986757764087,527.453
275,6,35,-52.276147133540306,-145.29823172308772,526.108
276,6,36,-49.839579599975806,-131.50884477001904,524.096
277,6,37,-45.94947267895173,-119.39615997516174,521.519
278,6,38,-40.958991546787324,-109.06840851610387,518.532
279,6,39,-35.180057282498744,-100.29214818739275,515.323
280,7,0,-25.538270259521727,-80.30018448676543,510.552
281,7,1,-18.696686626426104,-73.96685059773608,507.703
282,7,2,-11.656475115850984,-68.13138968787648,505.336
283,7,3,-4.501980026309566,-62.58567906298716,503.59
284,7,4,2.695909176019648,-57.146970181635254,502.557
285,7,5,9.871047445110372,-51.642005050239646,502.267
286,7,6,16.95421486914935,-45.891446806857886,502.691
287,7,7,23.864708280781233,-39.694020021933454,503.746
288,7,8,30.499974097165573,-32.810558791489186,505.3
289,7,9,36.72181197818363,-24.9515877456689,507.19
290,7,10,42.338918570467094,-15.781164030145508,509.234
291,7,11,47.08985813824998,-4.968726125884265,511.253
292,7,12,50.64233514822199,7.658862724838194,513.086
293,7,13,52.64179448056777,21.854300155195922,514.606
294,7,14,52.83202549423638,36.766259434207484,515.73
295,7,15,51.18753450815075,51.18770184778541,516.426
296,7,16,47.92899810420482,64.16011279875596,516.714
297,7,17,43.404025099828054,75.32252020457855,516.664
298,7,18,37.955675406462674,84.78793296016563,516.383
299,7,19,31.86018236471152,92.87172822025335,516.002
300,7,20,25.321051460895106,99.9149509904788,515.664
301,7,21,18.484750979122484,106.21705725462284,515.505
302,7,22,11.45875821485204,112.02581895501686,515.636
303,7,23,4.326086433482459,117.54797908764799,516.136
304,7,24,-2.8437309048014145,122.96483819384501,517.035
305,7,25,-9.986058439223278,128.4481687010446,518.316
306,7,26,-17.033267478603076,134.17554186728876,519.911
307,7,27,-23.906635397001356,140.34609868801837,521.707
308,7,28,-30.505912946648902,147.19617736889418,523.555
309,7,29,-36.69585725933758,155.01158034554626,525.288
310,7,30,-42.28902062348557,164.12420017012383,526.732
311,7,31,-47.02881673763758,174.86200886619258,527.724
312,7,32,-50.58811369149585,-172.59800606200847,528.13
313,7,33,-52.615324082439386,-158.48698550092385,527.858
314,7,34,-52.85128662769581,-143.63113281084935,526.869
315,7,35,-51.26097270210673,-129.22189253022367,525.18
316,7,36,-48.05398373582688,-116.22471189822805,522.869
317,7,37,-43.57066464010344,-105.01908305533763,520.066
318,7,38,-38.15141155260232,-95.50697229639518,516.942
319,7,39,-32.07243390826425,-87.38031076907646,513.7
320,8,0,-28.851907507049443,-74.72938657705465,512.101
321,8,1,-22.148382487647286,-68.05684500327496,509.078
322,8,2,-15.195707535248696,-62.00067336057557,506.449
323,8,3,-8.088876067056564,-56.3341401043633,504.378
324,8,4,-0.904305413443758,-50.86381427734341,502.981
325,8,5,6.290485551044915,-45.41364775365881,502.319
326,8,6,13.42879394602705,-39.80929653965034,502.394
327,8,7,20.43679855334462,-33.86246939537368,503.147
328,8,8,27.22436051274732,-27.354863229671462,504.47
329,8,9,33.67306141950006,-20.02317595758699,506.214
330,8,10,39.62050328080202,-11.552242160248358,508.204
331,8,11,44.84199848616918,-1.5973916023948087,510.257
332,8,12,49.03862039148134,10.120361302646886,512.202
333,8,13,51.8563227260163,23.599785733443948,513.892
334,8,14,52.971084730643256,38.29450401571408,515.221
335,8,15,52.23011507362901,53.11079966521045,516.131
336,8,16,49.73946268712176,66.89186744787008,516.618
337,8,17,45.80217281931123,78.96822929672125,516.726
338,8,18,40.77619177893569,89.24966524301725,516.545
339,8,19,34.97454372056223,97.98063458734201,516.196
340,8,20,28.635798614162947,105.50345275051825,515.819
341,8,21,21.93260656648283,112.14203462374464,515.555
342,8,22,14.989849048759096,118.16940335871408,515.528
343,8,23,7.9012046667794165,123.81098934898287,515.837
344,8,24,0.7417529943346841,129.25880287249842,516.535
345,8,25,-6.422392298730316,134.68740990406786,517.631
346,8,26,-13.526113896415977,140.26960056931424,519.08
347,8,27,-20.497307199201764,146.19170242879545,520.792
348,8,28,-27.24798101444452,152.66959044141893,522.634
349,8,29,-33.6623243621248,159.96330356926543,524.447
350,8,30,-39.58130141006073,168.38403889129904,526.057
351,8,31,-44.7845941612898,178.27274579050848,527.294
352,8,32,-48.97846350036645,-170.09176376872065,528.007
353,8,33,-51.813364251231505,-156.701232542424,528.083
354,8,34,-52.96570595667187,-142.0798739069344,527.453
355,8,35,-52.276147133540306,-127.29823805238127,526.108
356,8,36,-49.839579599975806,-113.5088442691234,524.096
357,8,37,-45.94947267895173,-101.3961594742661,521.519
358,8,38,-40.958991546787324,-91.06840801520823,518.532
359,8,39,-35.180057282498744,-82.29214768649712,515.323
360,9,0,-25.538270259521727,-62.30018398586979,510.552
361,9,1,-18.696686626426104,-55.96685009684045,507.703
362,9,2,-11.656475115850984,-50.13138918698085,505.336
363,9,3,-4.501980026309566,-44.58568197718611,503.59
364,9,4,2.695909176019648,-39.14696968073962,502.557
365,9,5,9.871047445110372,-33.64200454934401,502.267
366,9,6,16.95421486914935,-27.891446305962248,502.691
367,9,7,23.864708280781233,-21.69401952103782,503.746
368,9,8,30.499974097165573,-14.810558290593555,505.3
369,9,9,36.72181197818363,-6.951587244773265,507.19
370,9,10,42.338918570467094,2.2188371110803593,509.234
371,9,11,47.08985813824998,13.03127437501137,511.253
372,9,12,50.64233514822199,25.658862371960183,513.086
373,9,13,52.64179448056777,39.85430065609156,514.606
374,9,14,52.83202549423638,54.76625993510312,515.73
375,9,15,51.18753450815075,69.18769893358646,516.426
376,9,16,47.92899810420482,82.1601132996516,516.714
377,9,17,43.404025099828054,93.32252070547419,516.664
378,9,18,37.955675406462674,102.78793346106126,516.383
379,9,19,31.86018236471152,110.87172872114898,516.002
380,9,20,25.321051460895106,117.91495149137442,515.664
381,9,21,18.484750979122484,124.21705775551848,515.505
382,9,22,11.45875821485204,130.0258194559125,515.636
383,9,23,4.326086433482459,135.54797275835446,516.136
384,9,24,-2.8437309048014145,140.96483186455148,517.035
385,9,25,-9.986058439223278,146.44817603212942,518.316
386,9,26,-17.033267478603076,152.17553553799522,519.911
387,9,27,-23.906635397001356,158.34610601910316,521.707
388,9,28,-30.505912946648902,165.19617103960067,523.555
389,9,29,-36.69585725933758,173.01158767663108,525.288
390,9,30,-42.28902062348557,-177.87580251670403,526.732
391,9,31,-47.02881673763758,-167.13799382063527,527.724
392,9,32,-50.58811369149585,-154.59799873092365,528.13
393,9,33,-52.615324082439386,-140.4869918302174,527.858
394,9,34,-52.85128662769581,-125.63113914014289,526.869
395,9,35,-51.26097270210673,-111.22188519913885,525.18
396,9,36,-48.05398373582688,-98.22471139733243,522.869
397,9,37,-43.57066464010344,-87.019082554442,520.066
398,9,38,-38.15141155260232,-77.50697179549954,516.942
399,9,39,-32.07243390826425,-69.38031026818082,513.7
400,10,0,-28.851907507049443,-56.72938607615902,512.101
401,10,1,-22.148382487647286,-50.05684450237933,509.078
402,10,2,-15.195707535248696,-44.00067285967993,506.449
403,10,3,-8.088876067056564,-38.33413960346767,504.378
404,10,4,-0.904305413443758,-32.86381377644778,502.981
405,10,5,6.290485551044915,-27.413645545215886,502.319
406,10,6,13.42879394602705,-21.809297746302,502.394
407,10,7,20.43679855334462,-15.86247060202534,503.147
408,10,8,27.22436051274732,-9.354863582549475,504.47
409,10,9,33.67306141950006,-2.023175670134766,506.214
410,10,10,39.62050328080202,6.447758767534098,508.204
411,10,11,44.84199848616918,16.40260879177912,510.257
412,10,12,49.03862039148134,28.12036180354252,512.202
413,10,13,51.8563227260163,41.59978623433958,513.892
414,10,14,52.971084730643256,56.29450451660972,515.221
415,10,15,52.23011507362901,71.11080016610609,516.131
416,10,16,49.73946268712176,84.89186794876571,516.618
417,10,17,45.80217281931123,96.96822979761687,516.726
418,10,18,40.77619177893569,107.24966574391289,516.545
419,10,19,34.97454372056223,115.98062825804848,516.196
420,10,20,28.635798614162947,123.50345325141389,515.819
421,10,21,21.93260656648283,130.1420282944511,515.555
422,10,22,14.989849048759096,136.1694106897989,515.528
423,10,23,7.9012046667794165,141.81098301968933,515.837
424,10,24,0.7417529943346841,147.25879654320488,516.535
425,10,25,-6.422392298730316,152.68741723515265,517.631
426,10,26,-13.526113896415977,158.26960790039902,519.08
427,10,27,-20.497307199201764,164.19170975988024,520.792
428,10,28,-27.24798101444452,170.6695841121254,522.634
429,10,29,-33.6623243621248,177.96331090035022,524.447
430,10,30,-39.58130141006073,-173.6159637955288,526.057
431,10,31,-44.7845941612898,-163.72724323594105,527.294
432,10,32,-48.97846350036645,-152.09175643763587,528.007
433,10,33,-51.813364251231505,-138.70123887171755,528.083
434,10,34,-52.96570595667187,-124.07986657584959,527.453
435,10,35,-52.276147133540306,-109.29823755148563,526.108
436,10,36,-49.839579599975806,-95.50884376822776,524.096
437,10,37,-45.94947267895173,-83.39615897337048,521.519
438,10,38,-40.958991546787324,-73.06840751431261,518.532
439,10,39,-35.180057282498744,-64.29214718560148,515.323
440,11,0,-25.538270259521727,-44.30018006987958,510.552
441,11,1,-18.696686626426104,-37.966849595944815,507.703
442,11,2,-11.656475115850984,-32.13138868608522,505.336
443,11,3,-4.501980026309566,-26.585679768743184,503.59
444,11,4,2.695909176019648,-21.146967472296694,502.557
445,11,5,9.871047445110372,-15.642004048448376,502.267
446,11,6,16.95421486914935,-9.891445805066615,502.691
447,11,7,23.864708280781233,-3.69401816636854,503.746
448,11,8,30.499974097165573,3.1894422103020794,505.3
449,11,9,36.72181197818363,11.048413256122368,507.19
450,11,10,42.338918570467094,20.218836971645757,509.234
451,11,11,47.08985813824998,31.031274022133356,511.253
452,11,12,50.64233514822199,43.65886287285581,513.086
453,11,13,52.64179448056777,57.85430457208177,514.606
454,11,14,52.83202549423638,72.76626043599876,515.73
455,11,15,51.18753450815075,87.1876994344821,516.426
456,11,16,47.92899810420482,100.16011380054724,516.714
457,11,17,43.404025099828054,111.32252120636983,516.664
458,11,18,37.955675406462674,120.7879339619569,516.383
459,11,19,31.86018236471152,128.87173605223379,516.002
460,11,20,25.321051460895106,135.91495882245923,515.664
461,11,21,18.484750979122484,142.21706508660327,515.505
462,11,22,11.45875821485204,148.0258267869973,515.636
463,11,23,4.326086433482459,153.54798008943925,516.136
464,11,24,-2.8437309048014145,158.96483919563627,517.035
465,11,25,-9.986058439223278,164.44816970283588,518.316
466,11,26,-17.033267478603076,170.17554286908003,519.911
467,11,27,-23.906635397001356,176.34609968980962,521.707
468,11,28,-30.505912946648902,-176.80381798684886,523.555
469,11,29,-36.69585725933758,-168.9884150101968,525.288
470,11,30,-42.28902062348557,-159.8757951856192,526.732
471,11,31,-47.02881673763758,-149.13798648955049,527.724
472,11,32,-50.58811369149585,-136.5980050602172,528.13
473,11,33,-52.615324082439386,-122.48698449913259,527.858
474,11,34,-52.85128662769581,-107.63113863924727,526.869
475,11,35,-51.26097270210673,-93.22188469824322,525.18
476,11,36,-48.05398373582688,-80.22471089643679,522.869
477,11,37,-43.57066464010344,-69.01908205354636,520.066
478,11,38,-38.15141155260232,-59.50697129460391,516.942
479,11,39,-32.07243390826425,-51.3803063521906,513.7
480,12,0,-28.851907507049443,-38.72938557526338,512.101
481,12,1,-22.148382487647286,-32.0568440014837,509.078
482,12,2,-15.195707535248696,-26.0006723587843,506.449
483,12,3,-8.088876067056564,-20.334139102572035,504.378
484,12,4,-0.904305413443758,-14.863813275552143,502.981
485,12,5,6.290485551044915,-9.413645044320251,502.319
486,12,6,13.42879394602705,-3.8092968185195457,502.394
487,12,7,20.43679855334462,2.137529898870293,503.147
488,12,8,27.22436051274732,8.645136918346157,504.47
489,12,9,33.67306141950006,15.97682504420428,506.214
490,12,10,39.62050328080202,24.447758841542907,508.204
491,12,11,44.84199848616918,34.402611000222045,510.257
492,12,12,49.03862039148134,46.12036059689086,512.202
493,12,13,51.8563227260163,59.59978673523521,513.892
494,12,14,52.971084730643256,74.29450843259994,515.221
495,12,15,52.23011507362901,89.11080066700171,516.131
496,12,16,49.73946268712176,102.89186844966135,516.618
497,12,17,45.80217281931123,114.96823029851251,516.726
498,12,18,40.77619177893569,125.24965941461934,516.545
499,12,19,34.97454372056223,133.98063558913327,516.196
500,12,20,28.635798614162947,141.50344692212033,515.819
501,12,21,21.93260656648283,148.1420356255359,515.555
502,12,22,14.989849048759096,154.16940436050535,515.528
503,12,23,7.9012046667794165,159.81099035077415,515.837
504,12,24,0.7417529943346841,165.25880387428967,516.535
505,12,25,-6.422392298730316,170.68741090585914,517.631
506,12,26,-13.526113896415977,176.26960157110548,519.08
507,12,27,-20.497307199201764,-177.80829292694762,520.792
508,12,28,-27.24798101444452,-171.33041857470246,522.634
509,12,29,-33.6623243621248,-164.03669178647763,524.447
510,12,30,-39.58130141006073,-155.61595646444403,526.057
511,12,31,-44.7845941612898,-145.72724956523456,527.294
512,12,32,-48.97846350036645,-134.09176276692938,528.007
513,12,33,-51.813364251231505,-120.70123154063275,528.083
514,12,34,-52.96570595667187,-106.07986607495397,527.453
515,12,35,-52.276147133540306,-91.29823705059,526.108
516,12,36,-49.839579599975806,-77.50884326733213,524.096
517,12,37,-45.94947267895173,-65.39615847247484,521.519
518,12,38,-40.958991546787324,-55.06840701341697,518.532
519,12,39,-35.180057282498744,-46.292143269611266,515.323
520,13,0,-25.538270259521727,-26.300174446342066,510.552
521,13,1,-18.696686626426104,-19.966842264860016,507.703
522,13,2,-11.656475115850984,-14.131380501226765,505.336
523,13,3,-4.501980026309566,-8.585672437658381,503.59
524,13,4,2.695909176019648,-3.1469605680987156,502.557
525,13,5,9.871047445110372,2.3580034960798386,502.267
526,13,6,16.95421486914935,8.108561526018187,502.691
527,13,7,23.864708280781233,14.305989164716264,503.746
528,13,8,30.499974097165573,21.18944954138688,505.3
529,13,9,36.72181197818363,29.04841887965988,507.19
530,13,10,42.338918570467094,38.21884601027785,509.234
531,13,11,47.08985813824998,49.03128135321816,511.253
532,13,12,50.64233514822199,61.658870203940616,513.086
533,13,13,52.64179448056777,75.85431190316658,514.606
534,13,14,52.83202549423638,90.76626776708356,515.73
535,13,15,51.18753450815075,105.1877067655669,516.426
536,13,16,47.92899810420482,118.16011430144287,516.714
537,13,17,43.404025099828054,129.32252853745462,516.664
538,13,18,37.955675406462674,138.78794129304168,516.383
539,13,19,31.86018236471152,146.8717433833186,516.002
540,13,20,25.321051460895106,153.91496615354404,515.664
541,13,21,18.484750979122484,160.2170724176881,515.505
542,13,22,11.45875821485204,166.02583411808212,515.636
543,13,23,4.326086433482459,171.54798742052407,516.136
544,13,24,-2.8437309048014145,176.9648465267211,517.035
545,13,25,-9.986058439223278,-177.55181932361364,518.316
546,13,26,-17.033267478603076,-171.82445981774782,519.911
547,13,27,-23.906635397001356,-165.65388933663988,521.707
548,13,28,-30.505912946648902,-158.80381065576407,523.555
549,13,29,-36.69585725933758,-150.988407679112,525.288
550,13,30,-42.28902062348557,-141.87578785453442,526.732
551,13,31,-47.02881673763758,-131.13797915846567,527.724
552,13,32,-50.58811369149585,-118.59799772913239,528.13
553,13,33,-52.615324082439386,-104.48698399823695,527.858
554,13,34,-52.85128662769581,-89.63113130816245,526.869
555,13,35,-51.26097270210673,-75.22187736715841,525.18
556,13,36,-48.05398373582688,-62.22470356535199,522.869
557,13,37,-43.57066464010344,-51.01907813755614,520.066
558,13,38,-38.15141155260232,-41.50696054842452,516.942
559,13,39,-32.07243390826425,-33.3802990211058,513.7
560,14,0,-28.851907507049443,-20.729390197009625,512.101
561,14,1,-22.148382487647286,-14.056849477003587,509.078
562,14,2,-15.195707535248696,-8.00067783430419,506.449
563,14,3,-8.088876067056564,-2.334146072195807,504.378
564,14,4,-0.904305413443758,3.1361810354845545,502.981
565,14,5,6.290485551044915,8.586348626386211,502.319
566,14,6,13.42879394602705,14.19069727907374,502.394
567,14,7,20.43679855334462,20.137523569576757,503.147
568,14,8,27.22436051274732,26.64513144282627,504.47
569,14,9,33.67306141950006,33.97681700736345,506.214
570,14,10,39.62050328080202,42.447754219796664,508.204
571,14,11,44.84199848616918,52.40260467092851,510.257
572,14,12,49.03862039148134,64.12035426759732,512.202
573,14,13,51.8563227260163,77.59978040594167,513.892
574,14,14,52.971084730643256,92.2945021033064,515.221
575,14,15,52.23011507362901,107.11079433770819,516.131
576,14,16,49.73946268712176,120.8918621203678,516.618
577,14,17,45.80217281931123,132.96822396921897,516.726
578,14,18,40.77619177893569,143.2496530853258,516.545
579,14,19,34.97454372056223,151.98062925983976,516.196
580,14,20,28.635798614162947,159.50344059282682,515.819
581,14,21,21.93260656648283,166.14202929624236,515.555
582,14,22,14.989849048759096,172.1693980312118,515.528
583,14,23,7.9012046667794165,177.8109840214806,515.837
584,14,24,0.7417529943346841,-176.74121247291654,516.535
585,14,25,-6.422392298730316,-171.31259178096875,517.631
586,14,26,-13.526113896415977,-165.73040111572237,519.08
587,14,27,-20.497307199201764,-159.80829925624116,520.792
588,14,28,-27.24798101444452,-153.330424903996,522.634
589,14,29,-33.6623243621248,-146.03669811577117,524.447
590,14,30,-39.58130141006073,-137.61596279373754,526.057
591,14,31,-44.7845941612898,-127.72725589452811,527.294
592,14,32,-48.97846350036645,-116.09176909622293,528.007
593,14,33,-51.813364251231505,-102.70123786992629,528.083
594,14,34,-52.96570595667187,-88.0798724042475,527.453
595,14,35,-52.276147133540306,-73.29824337988353,526.108
596,14,36,-49.839579599975806,-59.508849596625666,524.096
597,14,37,-45.94947267895173,-47.396168216862954,521.519
598,14,38,-40.958991546787324,-37.068413342710514,518.532
599,14,39,-35.180057282498744,-28.292149598904803,515.323
600,15,0,-25.538270259521727,-8.300180775635603,510.552
601,15,1,-18.696686626426104,-1.9668485941535518,507.703
602,15,2,-11.656475115850984,3.8686127425928754,505.336
603,15,3,-4.501980026309566,9.414321233048083,503.59
604,15,4,2.695909176019648,14.85303352949457,502.557
605,15,5,9.871047445110372,20.35799695334289,502.267
606,15,6,16.95421486914935,26.10855519672465,502.691
607,15,7,23.864708280781233,32.30598198164908,503.746
608,15,8,30.499974097165573,39.189443212093344,505.3
609,15,9,36.72181197818363,47.04841255036634,507.19
610,15,10,42.338918570467094,56.21883968098432,509.234
611,15,11,47.08985813824998,67.0312784390192,511.253
612,15,12,50.64233514822199,79.65886387464708,513.086
613,15,13,52.64179448056777,93.85430557387305,514.606
614,15,14,52.83202549423638,108.76626143779002,515.73
615,15,15,51.18753450815075,123.18770726646254,516.426
616,15,16,47.92899810420482,136.16010797214932,516.714
617,15,17,43.404025099828054,147.3225222081611,516.664
618,15,18,37.955675406462674,156.78793496374817,516.383
619,15,19,31.86018236471152,164.87173705402506,516.002
620,15,20,25.321051460895106,171.9149598242505,515.664
621,15,21,18.484750979122484,178.21706608839455,515.505
622,15,22,11.45875821485204,-175.9741822291241,515.636
623,15,23,4.326086433482459,-170.45202892668215,516.136
624,15,24,-2.8437309048014145,-165.03515616010677,517.035
625,15,25,-9.986058439223278,-159.55182565290718,518.316
626,15,26,-17.033267478603076,-153.82446614704136,519.911
627,15,27,-23.906635397001356,-147.65389566593342,521.707
628,15,28,-30.505912946648902,-140.8038169850576,523.555
629,15,29,-36.69585725933758,-132.98841400840553,525.288
630,15,30,-42.28902062348557,-123.87579418382796,526.732
631,15,31,-47.02881673763758,-113.13798548775921,527.724
632,15,32,-50.58811369149585,-100.59800405842593,528.13
633,15,33,-52.615324082439386,-86.48699032753049,527.858
634,15,34,-52.85128662769581,-71.63113763745599,526.869
635,15,35,-51.26097270210673,-57.22188711154654,525.18
636,15,36,-48.05398373582688,-44.2247133097401,522.869
637,15,37,-43.57066464010344,-33.01908446684968,520.066
638,15,38,-38.15141155260232,-23.50696858526535,516.942
639,15,39,-32.07243390826425,-15.380305350399338,513.7
640,16,0,-28.851907507049443,-2.7293830793682345,512.101
641,16,1,-22.148382487647286,3.9431582809680408,509.078
642,16,2,-15.195707535248696,9.999329496780614,506.449
643,16,3,-8.088876067056564,15.66586189921923,504.378
644,16,4,-0.904305413443758,21.136187726239122,502.981
645,16,5,6.290485551044915,26.586355957471014,502.319
646,16,6,13.42879394602705,32.19070546393219,502.394
647,16,7,20.43679855334462,38.13753260820885,503.147
648,16,8,27.22436051274732,44.64513877391107,504.47
649,16,9,33.67306141950006,51.97682433844825,506.214
650,16,10,39.62050328080202,60.44776155088147,508.204
651,16,11,44.84199848616918,70.40261200201331,510.257
652,16,12,49.03862039148134,82.12036159868212,512.202
653,16,13,51.8563227260163,95.59978773702647,513.892
654,16,14,52.971084730643256,110.2945094343912,515.221
655,16,15,52.23011507362901,125.11080166879299,516.131
656,16,16,49.73946268712176,138.8918694514526,516.618
657,16,17,45.80217281931123,150.96823130030378,516.726
658,16,18,40.77619177893569,161.24966041641062,516.545
659,16,19,34.97454372056223,169.98063659092455,516.196
660,16,20,28.635798614162947,177.5034479239116,515.819
661,16,21,21.93260656648283,-175.85795973020717,515.555
662,16,22,14.989849048759096,-169.8305909952377,515.528
663,16,23,7.9012046667794165,-164.18900500496892,515.837
664,16,24,0.7417529943346841,-158.74120514183173,516.535
665,16,25,-6.422392298730316,-153.31258444988393,517.631
666,16,26,-13.526113896415977,-147.73039378463758,519.08
667,16,27,-20.497307199201764,-141.80829192515637,520.792
668,16,28,-27.24798101444452,-135.33041757291122,522.634
669,16,29,-33.6623243621248,-128.03669078468636,524.447
670,16,30,-39.58130141006073,-119.61595546265275,526.057
671,16,31,-44.7845941612898,-109.72724856344331,527.294
672,16,32,-48.97846350036645,-98.09176176513812,528.007
673,16,33,-51.813364251231505,-84.70123053884149,528.083
674,16,34,-52.96570595667187,-70.0798650731627,527.453
675,16,35,-52.276147133540306,-55.298232633704146,526.108
676,16,36,-49.839579599975806,-41.50884226554086,524.096
677,16,37,-45.94947267895173,-29.396160885778155,521.519
678,16,38,-40.958991546787324,-19.068404304078417,518.532
679,16,39,-35.180057282498744,-10.29214226782,515.323
680,17,0,-25.538270259521727,9.69981289507086,510.552
681,17,1,-18.696686626426104,16.033145076552913,507.703
682,17,2,-11.656475115850984,21.868605986412515,505.336
683,17,3,-4.501980026309566,27.414314903754548,503.59
684,17,4,2.695909176019648,32.85302549265374,502.557
685,17,5,9.871047445110372,38.35799062404936,502.267
686,17,6,16.95421486914935,44.10854886743111,502.691
687,17,7,23.864708280781233,50.30597565235554,503.746
688,17,8,30.499974097165573,57.18943688279981,505.3
689,17,9,36.72181197818363,65.04840622107281,507.19
690,17,10,42.338918570467094,74.2188299365962,509.234
691,17,11,47.08985813824998,85.03127210972568,511.253
692,17,12,50.64233514822199,97.65885754535354,513.086
693,17,13,52.64179448056777,111.85429924457951,514.606
694,17,14,52.83202549423638,126.76626193868566,515.73
695,17,15,51.18753450815075,141.18770093716898,516.426
696,17,16,47.92899810420482,154.1601016428558,516.714
697,17,17,43.404025099828054,165.32251587886756,516.664
698,17,18,37.955675406462674,174.78792863445463,516.383
699,17,19,31.86018236471152,-177.12827929318115,516.002
700,17,20,25.321051460895106,-170.0850565229557,515.664
701,17,21,18.484750979122484,-163.78295025881167,515.505
702,17,22,11.45875821485204,-157.97418855841764,515.636
703,17,23,4.326086433482459,-152.4520352559757,516.136
704,17,24,-2.8437309048014145,-147.0351624894003,517.035
705,17,25,-9.986058439223278,-141.55183198220072,518.316
706,17,26,-17.033267478603076,-135.8244724763349,519.911
707,17,27,-23.906635397001356,-129.65390199522696,521.707
708,17,28,-30.505912946648902,-122.80382331435113,523.555
709,17,29,-36.69585725933758,-114.98842033769907,525.288
710,17,30,-42.28902062348557,-105.87580051312149,526.732
711,17,31,-47.02881673763758,-95.13799181705275,527.724
712,17,32,-50.58811369149585,-82.59801038771946,528.13
713,17,33,-52.615324082439386,-68.48699665682402,527.858
714,17,34,-52.85128662769581,-53.631140551654944,526.869
715,17,35,-51.26097270210673,-39.22189344084008,525.18
716,17,36,-48.05398373582688,-26.22471793148635,522.869
717,17,37,-43.57066464010344,-15.019089088595921,520.066
718,17,38,-38.15141155260232,-5.506974060785242,516.942
719,17,39,-32.07243390826425,2.6196878934203025,513.7
720,18,0,-28.851907507049443,15.27061080478164,512.101
721,18,1,-22.148382487647286,21.943152378561326,509.078
722,18,2,-15.195707535248696,27.99932231371343,506.449
723,18,3,-8.088876067056564,33.6658555699257,504.378
724,18,4,-0.904305413443758,39.13618139694559,502.981
725,18,5,6.290485551044915,44.58634792063019,502.319
726,18,6,13.42879394602705,50.190699134638656,502.394
727,18,7,20.43679855334462,56.13752627891532,503.147
728,18,8,27.22436051274732,62.64512902952295,504.47
729,18,9,33.67306141950006,69.97681800915471,506.214
730,18,10,39.62050328080202,78.44775522158793,508.204
731,18,11,44.84199848616918,88.40260567271977,510.257
732,18,12,49.03862039148134,100.1203552693886,512.202
733,18,13,51.8563227260163,113.59978140773295,513.892
734,18,14,52.971084730643256,128.29450310509768,515.221
735,18,15,52.23011507362901,143.11079533949945,516.131
736,18,16,49.73946268712176,156.89186312215907,516.618
737,18,17,45.80217281931123,168.96822497101024,516.726
738,18,18,40.77619177893569,179.24965408711708,516.545
739,18,19,34.97454372056223,-172.0193660959033,516.196
740,18,20,28.635798614162947,-164.49655476291625,515.819
741,18,21,21.93260656648283,-157.8579660595007,515.555
742,18,22,14.989849048759096,-151.83059732453125,515.528
743,18,23,7.9012046667794165,-146.18901133426246,515.837
744,18,24,0.7417529943346841,-140.74121147112527,516.535
745,18,25,-6.422392298730316,-135.31259077917747,517.631
746,18,26,-13.526113896415977,-129.7304001139311,519.08
747,18,27,-20.497307199201764,-123.8082982544499,520.792
748,18,28,-27.24798101444452,-117.33042390220474,522.634
749,18,29,-33.6623243621248,-110.0366971139799,524.447
750,18,30,-39.58130141006073,-101.61596179194628,526.057
751,18,31,-44.7845941612898,-91.72725489273684,527.294
752,18,32,-48.97846350036645,-80.09176809443166,528.007
753,18,33,-51.813364251231505,-66.70123686813503,528.083
754,18,34,-52.96570595667187,-52.079874817550824,527.453
755,18,35,-52.276147133540306,-37.29823896299769,526.108
756,18,36,-49.839579599975806,-23.50885030238169,524.096
757,18,37,-45.94947267895173,-11.396165507524397,521.519
758,18,38,-40.958991546787324,-1.0684112737021867,518.532
759,18,39,-35.180057282498744,7.707851402886464,515.323
760,19,0,-25.538270259521727,27.699820226155666,510.552
761,19,1,-18.696686626426104,34.033152407637715,507.703
762,19,2,-11.656475115850984,39.86861331749732,505.336
763,19,3,-4.501980026309566,45.414320527292055,503.59
764,19,4,2.695909176019648,50.853032823738545,502.557
765,19,5,9.871047445110372,56.35799795513416,502.267
766,19,6,16.95421486914935,62.10855619851592,502.691
767,19,7,23.864708280781233,68.30598298344034,503.746
768,19,8,30.499974097165573,75.18944079879003,505.3
769,19,9,36.72181197818363,83.04841355215761,507.19
770,19,10,42.338918570467094,92.218837267681,509.234
771,19,11,47.08985813824998,103.03127944081048,511.253
772,19,12,50.64233514822199,115.65887170662752,513.086
773,19,13,52.64179448056777,129.85429974547515,514.606
774,19,14,52.83202549423638,144.76626926977045,515.73
775,19,15,51.18753450815075,159.1877082682538,516.426
776,19,16,47.92899810420482,172.1601089739406,516.714
777,19,17,43.404025099828054,-176.67747314758196,516.664
778,19,18,37.955675406462674,-167.2120603919949,516.383
779,19,19,31.86018236471152,-159.12827196209636,516.002
780,19,20,25.321051460895106,-152.0850491918709,515.664
781,19,21,18.484750979122484,-145.78294292772685,515.505
782,19,22,11.45875821485204,-139.97418122733282,515.636
783,19,23,4.326086433482459,-134.45202792489087,516.136
784,19,24,-2.8437309048014145,-129.03515515831552,517.035
785,19,25,-9.986058439223278,-123.55182465111591,518.316
786,19,26,-17.033267478603076,-117.8244651452501,519.911
787,19,27,-23.906635397001356,-111.65389466414216,521.707
788,19,28,-30.505912946648902,-104.8038228134555,523.555
789,19,29,-36.69585725933758,-96.98841300661427,525.288
790,19,30,-42.28902062348557,-87.87579318203669,526.732
791,19,31,-47.02881673763758,-77.13798448596795,527.724
792,19,32,-50.58811369149585,-64.59800305663465,528.13
793,19,33,-52.615324082439386,-50.48698932573922,527.858
794,19,34,-52.85128662769581,-35.63113322057014,526.869
795,19,35,-51.26097270210673,-21.22188440220798,525.18
796,19,36,-48.05398373582688,-8.224711454175193,522.869
797,19,37,-43.57066464010344,2.9809178156020595,520.066
798,19,38,-38.15141155260232,12.493033270299561,516.942
799,19,39,-32.07243390826425,20.61969565139193,513.7
800,20,0,-28.851907507049443,33.27061642831915,512.101
801,20,1,-22.148382487647286,39.94315800209884,509.078
802,20,2,-15.195707535248696,45.99932964479824,506.449
803,20,3,-8.088876067056564,51.6658629010105,504.378
804,20,4,-0.904305413443758,57.13618872803039,502.981
805,20,5,6.290485551044915,62.58635525171499,502.319
806,20,6,13.42879394602705,68.19070305062887,502.394
807,20,7,20.43679855334462,74.13753019490554,503.147
808,20,8,27.22436051274732,80.64513636060775,504.47
809,20,9,33.67306141950006,87.97682534023951,506.214
810,20,10,39.62050328080202,96.44776255267273,508.204
811,20,11,44.84199848616918,106.40261300380457,510.257
812,20,12,49.03862039148134,118.1203626004734,512.202
813,20,13,51.8563227260163,131.59979556900691,513.892
814,20,14,52.971084730643256,146.29451043618246,515.221
815,20,15,52.23011507362901,161.11080267058426,516.131
816,20,16,49.73946268712176,174.89187045324388,516.618
817,20,17,45.80217281931123,-173.03176405543928,516.726
818,20,18,40.77619177893569,-162.75033493933245,516.545
819,20,19,34.97454372056223,-154.01935876481852,516.196
820,20,20,28.635798614162947,-146.49654743183146,515.819
821,20,21,21.93260656648283,-139.8579587284159,515.555
822,20,22,14.989849048759096,-133.83058999344644,515.528
823,20,23,7.9012046667794165,-128.18900400317764,515.837
824,20,24,0.7417529943346841,-122.74120414004047,516.535
825,20,25,-6.422392298730316,-117.31258344809267,517.631
826,20,26,-13.526113896415977,-111.73039278284631,519.08
827,20,27,-20.497307199201764,-105.80829092336509,520.792
828,20,28,-27.24798101444452,-99.33040974093076,522.634
829,20,29,-33.6623243621248,-92.0366897828951,524.447
830,20,30,-39.58130141006073,-83.61595446086147,526.057
831,20,31,-44.7845941612898,-73.72724756165204,527.294
832,20,32,-48.97846350036645,-62.091760763346855,528.007
833,20,33,-51.813364251231505,-48.70122953705022,528.083
834,20,34,-52.96570595667187,-34.079867486466014,527.453
835,20,35,-52.276147133540306,-19.298233339460175,526.108
836,20,36,-49.839579599975806,-5.508842544410063,524.096
837,20,37,-45.94947267895173,6.603841396673583,521.519
838,20,38,-40.958991546787324,16.931596697712852,518.532
839,20,39,-35.180057282498744,25.707858733971268,515.323
840,21,0,-25.538270259521727,45.69981560440942,510.552
841,21,1,-18.696686626426104,52.03314607834418,507.703
842,21,2,-11.656475115850984,57.86860698820378,505.336
843,21,3,-4.501980026309566,63.414317613093104,503.59
844,21,4,2.695909176019648,68.853026494445,502.557
845,21,5,9.871047445110372,74.35799504093521,502.267
846,21,6,16.95421486914935,80.10854986922239,502.691
847,21,7,23.864708280781233,86.3059766541468,503.746
848,21,8,30.499974097165573,93.18943446949649,505.3
849,21,9,36.72181197818363,101.04840722286407,507.19
850,21,10,42.338918570467094,110.21883093838747,509.234
851,21,11,47.08985813824998,121.03126628132777,511.253
852,21,12,50.64233514822199,133.658865377334,513.086
853,21,13,52.64179448056777,147.8542934161816,514.606
854,21,14,52.83202549423638,162.76626294047693,515.73
855,21,15,51.18753450815075,177.18770193896026,516.426
856,21,16,47.92899810420482,-169.83989371288726,516.714
857,21,17,43.404025099828054,-158.6774794768755,516.664
858,21,18,37.955675406462674,-149.21206672128844,516.383
859,21,19,31.86018236471152,-141.12827829138988,516.002
860,21,20,25.321051460895106,-134.08505552116443,515.664
861,21,21,18.484750979122484,-127.78294925702039,515.505
862,21,22,11.45875821485204,-121.97418755662636,515.636
863,21,23,4.326086433482459,-116.45203425418443,516.136
864,21,24,-2.8437309048014145,-111.03516831779821,517.035
865,21,25,-9.986058439223278,-105.55183781059861,518.316
866,21,26,-17.033267478603076,-99.82446464435446,519.911
867,21,27,-23.906635397001356,-93.6539009934357,521.707
868,21,28,-30.505912946648902,-86.80382914274904,523.555
869,21,29,-36.69585725933758,-78.9884193359078,525.288
870,21,30,-42.28902062348557,-69.87579951133023,526.732
871,21,31,-47.02881673763758,-59.13799081526148,527.724
872,21,32,-50.58811369149585,-46.598005970833604,528.13
873,21,33,-52.615324082439386,-32.48699565503276,527.858
874,21,34,-52.85128662769581,-17.63113954986368,526.869
875,21,35,-51.26097270210673,-3.2218907315015173,525.18
876,21,36,-48.05398373582688,9.77528221653127,522.869
877,21,37,-43.57066464010344,20.980911913195346,520.066
878,21,38,-38.15141155260232,30.49302779477967,516.942
879,21,39,-32.07243390826425,38.619689322098395,513.7
880,22,0,-28.851907507049443,51.27061009902562,512.101
881,22,1,-22.148382487647286,57.9431516728053,509.078
882,22,2,-15.195707535248696,63.9993233155047,506.449
883,22,3,-8.088876067056564,69.66585315662238,504.378
884,22,4,-0.904305413443758,75.13618581383143,502.981
885,22,5,6.290485551044915,80.58634892242145,502.319
886,22,6,13.42879394602705,86.19069672133534,502.394
887,22,7,20.43679855334462,92.137523865612,503.147
888,22,8,27.22436051274732,98.64513003131421,504.47
889,22,9,33.67306141950006,105.97681901094599,506.214
890,22,10,39.62050328080202,114.4477562233792,508.204
891,22,11,44.84199848616918,124.40260667451105,510.257
892,22,12,49.03862039148134,136.12035627117984,512.202
893,22,13,51.8563227260163,149.59978923971337,513.892
894,22,14,52.971084730643256,164.29450410688892,515.221
895,22,15,52.23011507362901,179.11079634129072,516.131
896,22,16,49.73946268712176,-167.10813223358397,516.618
897,22,17,45.80217281931123,-155.03177038473282,516.726
898,22,18,40.77619177893569,-144.750341268626,516.545
899,22,19,34.97454372056223,-136.01936509411206,516.196
900,22,20,28.635798614162947,-128.49655376112497,515.819
901,22,21,21.93260656648283,-121.85796505770944,515.555
902,22,22,14.989849048759096,-115.83059632273998,515.528
903,22,23,7.9012046667794165,-110.18901716266036,515.837
904,22,24,0.7417529943346841,-104.74120363914483,516.535
905,22,25,-6.422392298730316,-99.31258977738621,517.631
906,22,26,-13.526113896415977,-93.73039911213984,519.08
907,22,27,-20.497307199201764,-87.80829725265862,520.792
908,22,28,-27.24798101444452,-81.3304160702243,522.634
909,22,29,-33.6623243621248,-74.03669611218864,524.447
910,22,30,-39.58130141006073,-65.61596079015501,526.057
911,22,31,-44.7845941612898,-55.72725047585099,527.294
912,22,32,-48.97846350036645,-44.091767092640396,528.007
913,22,33,-51.813364251231505,-30.701235866343755,528.083
914,22,34,-52.96570595667187,-16.07987210821226,527.453
915,22,35,-52.276147133540306,-1.298239241866888,526.108
916,22,36,-49.839579599975806,12.491150699409577,524.096
917,22,37,-45.94947267895173,24.603835494266868,521.519
918,22,38,-40.958991546787324,34.93158866087202,518.532
919,22,39,-35.180057282498744,43.70785240467773,515.323
920,23,0,-25.538270259521727,63.699819520399636,510.552
921,23,1,-18.696686626426104,70.03315340942898,507.703
922,23,2,-11.656475115850984,75.86861431928858,505.336
923,23,3,-4.501980026309566,81.4143249441779,503.59
924,23,4,2.695909176019648,86.8530338255298,502.557
925,23,5,9.871047445110372,92.35800237202001,502.267
926,23,6,16.95421486914935,98.10855720030719,502.691
927,23,7,23.864708280781233,104.30598398523162,503.746
928,23,8,30.499974097165573,111.18944180058129,505.3
929,23,9,36.72181197818363,119.04842138413805,507.19
930,23,10,42.338918570467094,128.21883826947226,509.234
931,23,11,47.08985813824998,139.03127361241258,511.253
932,23,12,50.64233514822199,151.65887270841878,513.086
933,23,13,52.64179448056777,165.8543007472664,514.606
934,23,14,52.83202549423638,-179.23373974635095,515.73
935,23,15,51.18753450815075,-164.8123007478676,516.426
936,23,16,47.92899810420482,-151.83988638180247,516.714
937,23,17,43.404025099828054,-140.67747214579072,516.664
938,23,18,37.955675406462674,-131.21205939020362,516.383
939,23,19,31.86018236471152,-123.12827096030509,516.002
940,23,20,25.321051460895106,-116.08504819007963,515.664
941,23,21,18.484750979122484,-109.78293509574642,515.505
942,23,22,11.45875821485204,-103.9741733953524,515.636
943,23,23,4.326086433482459,-98.45202009291044,516.136
944,23,24,-2.8437309048014145,-93.03516098671341,517.035
945,23,25,-9.986058439223278,-87.55183047951381,518.316
946,23,26,-17.033267478603076,-81.82445731326966,519.911
947,23,27,-23.906635397001356,-75.6538936623509,521.707
948,23,28,-30.505912946648902,-68.80382181166424,523.555
949,23,29,-36.69585725933758,-60.988412004823,525.288
950,23,30,-42.28902062348557,-51.875792180245426,526.732
951,23,31,-47.02881673763758,-41.13798348417668,527.724
952,23,32,-50.58811369149585,-28.597998639748802,528.13
953,23,33,-52.615324082439386,-14.486986616400662,527.858
954,23,34,-52.85128662769581,0.36886743437557984,526.869
955,23,35,-51.26097270210673,14.778116599583287,525.18
956,23,36,-48.05398373582688,27.77529040138972,522.869
957,23,37,-43.57066464010344,38.98091753673285,520.066
958,23,38,-38.15141155260232,48.49303512586447,516.942
959,23,39,-32.07243390826425,56.6196966531832,513.7
960,24,0,-28.851907507049443,69.27061743011042,512.101
961,24,1,-22.148382487647286,75.9431590038901,509.078
962,24,2,-15.195707535248696,81.9993306465895,506.449
963,24,3,-8.088876067056564,87.66586048770718,504.378
964,24,4,-0.904305413443758,93.13619314491625,502.981
965,24,5,6.290485551044915,98.58635625350625,502.319
966,24,6,13.42879394602705,104.19070405242014,502.394
967,24,7,20.43679855334462,110.1375311966968,503.147
968,24,8,27.22436051274732,116.64513736239903,504.47
969,24,9,33.67306141950006,123.97682634203079,506.214
970,24,10,39.62050328080202,132.447763554464,508.204
971,24,11,44.84199848616918,142.40261400559584,510.257
972,24,12,49.03862039148134,154.12036360226466,512.202
973,24,13,51.8563227260163,167.5997965707982,513.892
974,24,14,52.971084730643256,-177.7054849195606,515.221
975,24,15,52.23011507362901,-162.8891926851588,516.131
976,24,16,49.73946268712176,-149.10812490249918,516.618
977,24,17,45.80217281931123,-137.031763053648,516.726
978,24,18,40.77619177893569,-126.75033393754119,516.545
979,24,19,34.97454372056223,-118.01935776302724,516.196
980,24,20,28.635798614162947,-110.49654643004018,515.819
981,24,21,21.93260656648283,-103.8579645568138,515.555
982,24,22,14.989849048759096,-97.83058899165518,515.528
983,24,23,7.9012046667794165,-92.18900983157555,515.837
984,24,24,0.7417529943346841,-86.74119630806003,516.535
985,24,25,-6.422392298730316,-81.3125824463014,517.631
986,24,26,-13.526113896415977,-75.73039178105503,519.08
987,24,27,-20.497307199201764,-69.80828992157382,520.792
988,24,28,-27.24798101444452,-63.3304087391395,522.634
989,24,29,-33.6623243621248,-56.036692196198416,524.447
990,24,30,-39.58130141006073,-47.61595345907021,526.057
991,24,31,-44.7845941612898,-37.727243144766184,527.294
992,24,32,-48.97846350036645,-26.09175976155559,528.007
993,24,33,-51.813364251231505,-12.701229389032598,528.083
994,24,34,-52.96570595667187,1.920134795985719,527.453
995,24,35,-52.276147133540306,16.701767662331093,526.108
996,24,36,-49.839579599975806,30.491159738041674,524.096
997,24,37,-45.94947267895173,42.60384111780438,521.519
998,24,38,-40.958991546787324,52.931595991956826,518.532
999,24,39,-35.180057282498744,61.70785632066795,515.323
1000,25,0,-25.538270259521727,81.6998131911061,510.552
1001,25,1,-18.696686626426104,88.03314708013545,507.703
1002,25,2,-11.656475115850984,93.86860798999506,505.336
1003,25,3,-4.501980026309566,99.41431861488437,503.59
1004,25,4,2.695909176019648,104.85302749623628,502.557
1005,25,5,9.871047445110372,110.35799604272647,502.267
1006,25,6,16.95421486914935,116.10854404082448,502.691
1007,25,7,23.864708280781233,122.30598448612724,503.746
1008,25,8,30.499974097165573,129.18943547128777,505.3
1009,25,9,36.72181197818363,137.0484150548445,507.19
1010,25,10,42.338918570467094,146.21883194017872,509.234
1011,25,11,47.08985813824998,157.03126728311904,511.253
1012,25,12,50.64233514822199,169.65886637912524,513.086
1013,25,13,52.64179448056777,-176.14570193956146,514.606
1014,25,14,52.83202549423638,-161.2337460756445,515.73
1015,25,15,51.18753450815075,-146.81230707716114,516.426
1016,25,16,47.92899810420482,-133.839892711096,516.714
1017,25,17,43.404025099828054,-122.67747847508424,516.664
1018,25,18,37.955675406462674,-113.21206571949718,516.383
1019,25,19,31.86018236471152,-105.12827045940945,516.002
1020,25,20,25.321051460895106,-98.085047689184,515.664
1021,25,21,18.484750979122484,-91.78294142503995,515.505
1022,25,22,11.45875821485204,-85.97417972464594,515.636
1023,25,23,4.326086433482459,-80.45202642220399,516.136
1024,25,24,-2.8437309048014145,-75.03516731600695,517.035
1025,25,25,-9.986058439223278,-69.55183680880735,518.316
1026,25,26,-17.033267478603076,-63.8244636425632,519.911
1027,25,27,-23.906635397001356,-57.65389999164443,521.707
1028,25,28,-30.505912946648902,-50.803828140957776,523.555
1029,25,29,-36.69585725933758,-42.98841833411653,525.288
1030,25,30,-42.28902062348557,-33.87579850953896,526.732
1031,25,31,-47.02881673763758,-23.137991521017508,527.724
1032,25,32,-50.58811369149585,-10.598005822815987,528.13
1033,25,33,-52.615324082439386,3.5130066274189775,527.858
1034,25,34,-52.85128662769581,18.368861451927586,526.869
1035,25,35,-51.26097270210673,32.77810856274246,525.18
1036,25,36,-48.05398373582688,45.77528236454889,522.869
1037,25,37,-43.57066464010344,56.98091120743932,520.066
1038,25,38,-38.15141155260232,66.49302538147636,516.942
1039,25,39,-32.07243390826425,74.61968690879507,513.7
1040,26,0,-28.851907507049443,87.27062476119522,512.101
1041,26,1,-22.148382487647286,93.9431663349749,509.078
1042,26,2,-15.195707535248696,99.9993379776743,506.449
1043,26,3,-8.088876067056564,105.66586781879198,504.378
1044,26,4,-0.904305413443758,111.13620047600105,502.981
1045,26,5,6.290485551044915,116.58637041478023,502.319
1046,26,6,13.42879394602705,122.19071821369411,502.394
1047,26,7,20.43679855334462,128.13754535797077,503.147
1048,26,8,27.22436051274732,134.64514469348381,504.47
1049,26,9,33.67306141950006,141.97683367311558,506.214
1050,26,10,39.62050328080202,150.4477708855488,508.204
1051,26,11,44.84199848616918,160.40262133668065,510.257
1052,26,12,49.03862039148134,172.12037093334948,512.202
1053,26,13,51.8563227260163,-174.4002061160297,513.892
1054,26,14,52.971084730643256,-159.7054775884758,515.221
1055,26,15,52.23011507362901,-144.88918535407402,516.131
1056,26,16,49.73946268712176,-131.10811757141437,516.618
1057,26,17,45.80217281931123,-119.03175572256322,516.726
1058,26,18,40.77619177893569,-108.75032660645638,516.545
1059,26,19,34.97454372056223,-100.0193572621316,516.196
1060,26,20,28.635798614162947,-92.49653909895538,515.819
1061,26,21,21.93260656648283,-85.857957225729,515.555
1062,26,22,14.989849048759096,-79.83058166057037,515.528
1063,26,23,7.9012046667794165,-74.18900250049074,515.837
1064,26,24,0.7417529943346841,-68.74118897697522,516.535
1065,26,25,-6.422392298730316,-63.312575115216596,517.631
1066,26,26,-13.526113896415977,-57.73038444997023,519.08
1067,26,27,-20.497307199201764,-51.808286005583604,520.792
1068,26,28,-27.24798101444452,-45.33040482314928,522.634
1069,26,29,-33.6623243621248,-38.036684865113614,524.447
1070,26,30,-39.58130141006073,-29.61594612798541,526.057
1071,26,31,-44.7845941612898,-19.727237521228677,527.294
1072,26,32,-48.97846350036645,-8.09175157669714,528.007
1073,26,33,-51.813364251231505,5.298778368939029,528.083
1074,26,34,-52.96570595667187,19.920142553957344,527.453
1075,26,35,-52.276147133540306,34.70177670096319,526.108
1076,26,36,-49.839579599975806,48.491167069126476,524.096
1077,26,37,-45.94947267895173,60.60385186398377,521.519
1078,26,38,-40.958991546787324,70.93160332304163,518.532
1079,26,39,-35.180057282498744,79.70786365175276,515.323
1080,27,0,-25.538270259521727,99.69980686181256,510.552
1081,27,1,-18.696686626426104,106.03314075084191,507.703
1082,27,2,-11.656475115850984,111.86860166070151,505.336
1083,27,3,-4.501980026309566,117.41431228559084,503.59
1084,27,4,2.695909176019648,122.8530279971319,502.557
1085,27,5,9.871047445110372,128.35798288324378,502.267
1086,27,6,16.95421486914935,134.10853771153094,502.691
1087,27,7,23.864708280781233,140.3059781568337,503.746
1088,27,8,30.499974097165573,147.18942914199422,505.3
1089,27,9,36.72181197818363,155.04840872555098,507.19
1090,27,10,42.338918570467094,164.2188256108852,509.234
1091,27,11,47.08985813824998,175.0312609538255,511.253
1092,27,12,50.64233514822199,-172.34114996808097,513.086
1093,27,13,52.64179448056777,-158.145708268855,514.606
1094,27,14,52.83202549423638,-143.23375240493803,515.73
1095,27,15,51.18753450815075,-128.81231340645468,516.426
1096,27,16,47.92899810420482,-115.83989904038954,516.714
1097,27,17,43.404025099828054,-104.67749163456695,516.664
1098,27,18,37.955675406462674,-95.2120720487907,516.383
1099,27,19,31.86018236471152,-87.12827678870299,516.002
1100,27,20,25.321051460895106,-80.08505401847754,515.664
1101,27,21,18.484750979122484,-73.78294775433349,515.505
1102,27,22,11.45875821485204,-67.97418605393946,515.636
1103,27,23,4.326086433482459,-62.45203275149752,516.136
1104,27,24,-2.8437309048014145,-57.03517364530049,517.035
1105,27,25,-9.986058439223278,-51.5518397230063,518.316
1106,27,26,-17.033267478603076,-45.824473386951325,519.911
1107,27,27,-23.906635397001356,-39.65390632093797,521.707
1108,27,28,-30.505912946648902,-32.80383447025131,523.555
1109,27,29,-36.69585725933758,-24.988422955862777,525.288
1110,27,30,-42.28902062348557,-15.87580654637979,526.732
1111,27,31,-47.02881673763758,-5.137997423424221,527.724
1112,27,32,-50.58811369149585,7.401987847890477,528.13
1113,27,33,-52.615324082439386,21.513000725012265,527.858
1114,27,34,-52.85128662769581,36.36885512263405,526.869
1115,27,35,-51.26097270210673,50.77810223344892,525.18
1116,27,36,-48.05398373582688,63.77527945034994,522.869
1117,27,37,-43.57066464010344,74.98090829324038,520.066
1118,27,38,-38.15141155260232,84.49301905218282,516.942
1119,27,39,-32.07243390826425,92.61968057950153,513.7
1120,28,0,-28.851907507049443,105.27060477152334,512.101
1121,28,1,-22.148382487647286,111.94314634530303,509.078
1122,28,2,-15.195707535248696,117.99931798800243,506.449
1123,28,3,-8.088876067056564,123.66584782912011,504.378
1124,28,4,-0.904305413443758,129.13617365614,502.981
1125,28,5,6.290485551044915,134.58635042510835,502.319
1126,28,6,13.42879394602705,140.19069822402224,502.394
1127,28,7,20.43679855334462,146.1375253682989,503.147
1128,28,8,27.22436051274732,152.64512470381194,504.47
1129,28,9,33.67306141950006,159.9768136834437,506.214
1130,28,10,39.62050328080202,168.44775089587694,508.204
1131,28,11,44.84199848616918,178.40260134700878,510.257
1132,28,12,49.03862039148134,-169.87964541385674,512.202
1133,28,13,51.8563227260163,-156.40022610570156,513.892
1134,28,14,52.971084730643256,-141.70549757814766,515.221
1135,28,15,52.23011507362901,-126.88920534374589,516.131
1136,28,16,49.73946268712176,-113.10813756108625,516.618
1137,28,17,45.80217281931123,-101.03177571223509,516.726
1138,28,18,40.77619177893569,-90.75034659612825,516.545
1139,28,19,34.97454372056223,-82.01937725180349,516.196
1140,28,20,28.635798614162947,-74.49655908862725,515.819
1141,28,21,21.93260656648283,-67.85797721540087,515.555
1142,28,22,14.989849048759096,-61.83060165024225,515.528
1143,28,23,7.9012046667794165,-56.18902249016263,515.837
1144,28,24,0.7417529943346841,-50.74121238174168,516.535
1145,28,25,-6.422392298730316,-45.31259510488847,517.631
1146,28,26,-13.526113896415977,-39.73040443964211,519.08
1147,28,27,-20.497307199201764,-33.80830599525548,520.792
1148,28,28,-27.24798101444452,-27.330423105273866,522.634
1149,28,29,-33.6623243621248,-20.0367031472382,524.447
1150,28,30,-39.58130141006073,-11.615966971430932,526.057
1151,28,31,-44.7845941612898,-1.727257084013729,527.294
1152,28,32,-48.97846350036645,9.908228433630983,528.007
1153,28,33,-51.813364251231505,23.298758806153977,528.083
1154,28,34,-52.96570595667187,37.92012085673818,527.453
1155,28,35,-52.276147133540306,52.70175671129131,526.108
1156,28,36,-49.839579599975806,66.4911470794546,524.096
1157,28,37,-45.94947267895173,78.6038318743119,521.519
1158,28,38,-40.958991546787324,88.93158333336976,518.532
1159,28,39,-35.180057282498744,97.70784366208088,515.323
1160,29,0,-25.538270259521727,117.69981419289736,510.552
1161,29,1,-18.696686626426104,124.03314808192671,507.703
1162,29,2,-11.656475115850984,129.86861582197548,505.336
1163,29,3,-4.501980026309566,135.41431961667564,503.59
1164,29,4,2.695909176019648,140.85303532821672,502.557
1165,29,5,9.871047445110372,146.35799021432857,502.267
1166,29,6,16.95421486914935,152.10854504261573,502.691
1167,29,7,23.864708280781233,158.30598548791852,503.746
1168,29,8,30.499974097165573,165.189436473079,505.3
1169,29,9,36.72181197818363,173.04841605663577,507.19
1170,29,10,42.338918570467094,-177.78116341556432,509.234
1171,29,11,47.08985813824998,-166.96872807262403,511.253
1172,29,12,50.64233514822199,-154.34114263699615,513.086
1173,29,13,52.64179448056777,-140.1457009377702,514.606
1174,29,14,52.83202549423638,-125.23374507385321,515.73
1175,29,15,51.18753450815075,-110.8122992451807,516.426
1176,29,16,47.92899810420482,-97.83989170930474,516.714
1177,29,17,43.404025099828054,-86.67748430348215,516.664
1178,29,18,37.955675406462674,-77.2120647177059,516.383
1179,29,19,31.86018236471152,-69.12826945761819,516.002
1180,29,20,25.321051460895106,-62.08504668739273,515.664
1181,29,21,18.484750979122484,-55.78294042324869,515.505
1182,29,22,11.45875821485204,-49.97418213794925,515.636
1183,29,23,4.326086433482459,-44.4520288355073,516.136
1184,29,24,-2.8437309048014145,-39.03516631421568,517.035
1185,29,25,-9.986058439223278,-33.5518323919215,518.316
1186,29,26,-17.033267478603076,-27.82446605586652,519.911
1187,29,27,-23.906635397001356,-21.653900697400456,521.707
1188,29,28,-30.505912946648902,-14.803825431619215,523.555
1189,29,29,-36.69585725933758,-6.988416051664797,525.288
1190,29,30,-42.28902062348557,2.1242016384786595,526.732
1191,29,31,-47.02881673763758,12.862009480773759,527.724
1192,29,32,-50.58811369149585,25.401996032748926,528.13
1193,29,33,-52.615324082439386,39.51300634854977,527.858
1194,29,34,-52.85128662769581,54.368862453718855,526.869
1195,29,35,-51.26097270210673,68.7781129796283,525.18
1196,29,36,-48.05398373582688,81.77528678143474,522.869
1197,29,37,-43.57066464010344,92.98091562432518,520.066
1198,29,38,-38.15141155260232,102.49302638326762,516.942
1199,29,39,-32.07243390826425,110.61968791058634,513.7
1200,30,0,-28.851907507049443,123.27061210260815,512.101
1201,30,1,-22.148382487647286,129.94316050657702,509.078
1202,30,2,-15.195707535248696,135.99932531908723,506.449
1203,30,3,-8.088876067056564,141.6658551602049,504.378
1204,30,4,-0.904305413443758,147.1361809872248,502.981
1205,30,5,6.290485551044915,152.58635775619317,502.319
1206,30,6,13.42879394602705,158.19070555510703,502.394
1207,30,7,20.43679855334462,164.1375326993837,503.147
1208,30,8,27.22436051274732,170.64513203489676,504.47
1209,30,9,33.67306141950006,177.97682101452853,506.214
1210,30,10,39.62050328080202,-173.5522381305726,508.204
1211,30,11,44.84199848616918,-163.59738767944074,510.257
1212,30,12,49.03862039148134,-151.87963808277195,512.202
1213,30,13,51.8563227260163,-138.40021877461675,513.892
1214,30,14,52.971084730643256,-123.70549024706285,515.221
1215,30,15,52.23011507362901,-108.88919801266108,516.131
1216,30,16,49.73946268712176,-95.10813023000145,516.618
1217,30,17,45.80217281931123,-83.03176838115029,516.726
1218,30,18,40.77619177893569,-72.75033926504345,516.545
1219,30,19,34.97454372056223,-64.01936992071869,516.196
1220,30,20,28.635798614162947,-56.49655175754245,515.819
1221,30,21,21.93260656648283,-49.85796988431607,515.555
1222,30,22,14.989849048759096,-43.83059431915745,515.528
1223,30,23,7.9012046667794165,-38.189015159077826,515.837
1224,30,24,0.7417529943346841,-32.74120505065688,516.535
1225,30,25,-6.422392298730316,-27.312587773803667,517.631
1226,30,26,-13.526113896415977,-21.7303988161046,519.08
1227,30,27,-20.497307199201764,-15.808298664170676,520.792
1228,30,28,-27.24798101444452,-9.330416627962707,522.634
1229,30,29,-33.6623243621248,-2.0366960295968064,524.447
1230,30,30,-39.58130141006073,6.3840407865406945,526.057
1231,30,31,-44.7845941612898,16.272749820184252,527.294
1232,30,32,-48.97846350036645,27.90823491094214,528.007
1233,30,33,-51.813364251231505,41.29876613723878,528.083
1234,30,34,-52.96570595667187,55.92012818782298,527.453
1235,30,35,-52.276147133540306,70.70176062728153,526.108
1236,30,36,-49.839579599975806,84.49115441053941,524.096
1237,30,37,-45.94947267895173,96.6038392053967,521.519
1238,30,38,-40.958991546787324,106.93159066445456,518.532
1239,30,39,-35.180057282498744,115.70785782335484,515.323
1240,31,0,-25.538270259521727,135.69982152398217,510.552
1241,31,1,-18.696686626426104,142.0331554130115,507.703
1242,31,2,-11.656475115850984,147.8686231530603,505.336
1243,31,3,-4.501980026309566,153.41432694776043,503.59
1244,31,4,2.695909176019648,158.8530426593015,502.557
1245,31,5,9.871047445110372,164.35799754541338,502.267
1246,31,6,16.95421486914935,170.10855237370055,502.691
1247,31,7,23.864708280781233,176.3059928190033,503.746
1248,31,8,30.499974097165573,-176.8105525533705,505.3
1249,31,9,36.72181197818363,-168.95158663019208,507.19
1250,31,10,42.338918570467094,-159.78115608447953,509.234
1251,31,11,47.08985813824998,-148.96872074153922,511.253
1252,31,12,50.64233514822199,-136.34113530591134,513.086
1253,31,13,52.64179448056777,-122.14569360668538,514.606
1254,31,14,52.83202549423638,-107.23373091257923,515.73
1255,31,15,51.18753450815075,-92.8122919140959,516.426
1256,31,16,47.92899810420482,-79.83988437821994,516.714
1257,31,17,43.404025099828054,-68.67747697239734,516.664
1258,31,18,37.955675406462674,-59.2120573866211,516.383
1259,31,19,31.86018236471152,-51.12826212653338,516.002
1260,31,20,25.321051460895106,-44.08504277140251,515.664
1261,31,21,18.484750979122484,-37.78293309216389,515.505
1262,31,22,11.45875821485204,-31.974174806864447,515.636
1263,31,23,4.326086433482459,-26.452019796875206,516.136
1264,31,24,-2.8437309048014145,-21.035157275583586,517.035
1265,31,25,-9.986058439223278,-15.551825060836698,518.316
1266,31,26,-17.033267478603076,-9.82445787100807,519.911
1267,31,27,-23.906635397001356,-3.653893366315654,521.707
1268,31,28,-30.505912946648902,3.1961812591353547,523.555
1269,31,29,-36.69585725933758,11.011590852533184,525.288
1270,31,30,-42.28902062348557,20.124208115789816,526.732
1271,31,31,-47.02881673763758,30.862018519405854,527.724
1272,31,32,-50.58811369149585,43.40200336383373,528.13
1273,31,33,-52.615324082439386,57.513013679634575,527.858
1274,31,34,-52.85128662769581,72.36886636970907,526.869
1275,31,35,-51.26097270210673,86.7781203107131,525.18
1276,31,36,-48.05398373582688,99.77529411251955,522.869
1277,31,37,-43.57066464010344,110.98092295540998,520.066
1278,31,38,-38.15141155260232,120.49303371435242,516.942
1279,31,39,-32.07243390826425,128.6197020718603,513.7
1280,32,0,-28.851907507049443,141.27061943369296,512.101
1281,32,1,-22.148382487647286,147.9431678376618,509.078
1282,32,2,-15.195707535248696,153.99933265017202,506.449
1283,32,3,-8.088876067056564,159.66586249128972,504.378
1284,32,4,-0.904305413443758,165.1361883183096,502.981
1285,32,5,6.290485551044915,170.58636508727795,502.319
1286,32,6,13.42879394602705,176.19071288619185,502.394
1287,32,7,20.43679855334462,-177.86246998744417,503.147
1288,32,8,27.22436051274732,-171.35485699155277,504.47
1289,32,9,33.67306141950006,-164.023168011921,506.214
1290,32,10,39.62050328080202,-155.5522307994878,508.204
1291,32,11,44.84199848616918,-145.59738034835595,510.257
1292,32,12,49.03862039148134,-133.87963075168713,512.202
1293,32,13,51.8563227260163,-120.40021144353194,513.892
1294,32,14,52.971084730643256,-105.70548974616723,515.221
1295,32,15,52.23011507362901,-90.88919068157628,516.131
1296,32,16,49.73946268712176,-77.10812289891665,516.618
1297,32,17,45.80217281931123,-65.03176105006548,516.726
1298,32,18,40.77619177893569,-54.750328518864066,516.545
1299,32,19,34.97454372056223,-46.01936258963388,516.196
1300,32,20,28.635798614162947,-38.496544426457646,515.819
1301,32,21,21.93260656648283,-31.857962553231264,515.555
1302,32,22,14.989849048759096,-25.830586988072643,515.528
1303,32,23,7.9012046667794165,-20.18900782799302,515.837
1304,32,24,0.7417529943346841,-14.741197719572074,516.535
1305,32,25,-6.422392298730316,-9.312580442718865,517.631
1306,32,26,-13.526113896415977,-3.7303910581329736,519.08
1307,32,27,-20.497307199201764,2.191708666914127,520.792
1308,32,28,-27.24798101444452,8.669590703122097,522.634
1309,32,29,-33.6623243621248,15.963311514931409,524.447
1310,32,30,-39.58130141006073,24.38404854451232,526.057
1311,32,31,-44.7845941612898,34.272758858816346,527.294
1312,32,32,-48.97846350036645,45.908242242026944,528.007
1313,32,33,-51.813364251231505,59.29877346832358,528.083
1314,32,34,-52.96570595667187,73.92013893400237,527.453
1315,32,35,-52.276147133540306,88.70176795836633,526.108
1316,32,36,-49.839579599975806,102.49116174162421,524.096
1317,32,37,-45.94947267895173,114.60383970629233,521.519
1318,32,38,-40.958991546787324,124.93160482572853,518.532
1319,32,39,-35.180057282498744,133.70786515443965,515.323
1320,33,0,-25.538270259521727,153.69982885506698,510.552
1321,33,1,-18.696686626426104,160.03316274409633,507.703
1322,33,2,-11.656475115850984,165.8686304841451,505.336
1323,33,3,-4.501980026309566,171.41433427884525,503.59
1324,33,4,2.695909176019648,176.85304999038632,502.557
1325,33,5,9.871047445110372,-177.64199148103614,502.267
1326,33,6,16.95421486914935,-171.89143665274898,502.691
1327,33,7,23.864708280781233,-165.69400986782455,503.746
1328,33,8,30.499974097165573,-158.8105452222857,505.3
1329,33,9,36.72181197818363,-150.9515792991073,507.19
1330,33,10,42.338918570467094,-141.78114875339472,509.234
1331,33,11,47.08985813824998,-130.96871341045443,511.253
1332,33,12,50.64233514822199,-118.34112797482655,513.086
1333,33,13,52.64179448056777,-104.14568627560058,514.606
1334,33,14,52.83202549423638,-89.23372358149443,515.73
1335,33,15,51.18753450815075,-74.81228458301109,516.426
1336,33,16,47.92899810420482,-61.839877047135126,516.714
1337,33,17,43.404025099828054,-50.677469641312534,516.664
1338,33,18,37.955675406462674,-41.212050055536295,516.383
1339,33,19,31.86018236471152,-33.128254795448576,516.002
1340,33,20,25.321051460895106,-26.08503373277042,515.664
1341,33,21,18.484750979122484,-19.782927468626376,515.505
1342,33,22,11.45875821485204,-13.97416576823235,515.636
1343,33,23,4.326086433482459,-8.452012465790402,516.136
1344,33,24,-2.8437309048014145,-3.0351507982724297,517.035
1345,33,25,-9.986058439223278,2.448182056804694,518.316
1346,33,26,-17.033267478603076,8.175549460076734,519.911
1347,33,27,-23.906635397001356,14.346113964769149,521.707
1348,33,28,-30.505912946648902,21.19618923055039,523.555
1349,33,29,-36.69585725933758,29.011597329844342,525.288
1350,33,30,-42.28902062348557,38.12421715442191,526.732
1351,33,31,-47.02881673763758,48.86202585049066,527.724
1352,33,32,-50.58811369149585,61.40200727982395,528.13
1353,33,33,-52.615324082439386,75.51302101071938,527.858
1354,33,34,-52.85128662769581,90.36887370079387,526.869
1355,33,35,-51.26097270210673,104.77812764179791,525.18
1356,33,36,-48.05398373582688,117.77530144360435,522.869
1357,33,37,-43.57066464010344,128.98092345630562,520.066
1358,33,38,-38.15141155260232,138.49304104543722,516.942
1359,33,39,-32.07243390826425,146.61970940294512,513.7
1360,34,0,-28.851907507049443,159.2705994440211,512.101
1361,34,1,-22.148382487647286,165.94314784798993,509.078
1362,34,2,-15.195707535248696,171.99931266050015,506.449
1363,34,3,-8.088876067056564,177.66584250161785,504.378
1364,34,4,-0.904305413443758,-176.8638280288966,502.981
1365,34,5,6.290485551044915,-171.4136649203066,502.319
1366,34,6,13.42879394602705,-165.8093171213927,502.394
1367,34,7,20.43679855334462,-159.86248997711604,503.147
1368,34,8,27.22436051274732,-153.35487698122466,504.47
1369,34,9,33.67306141950006,-146.02318800159287,506.214
1370,34,10,39.62050328080202,-137.55225078915967,508.204
1371,34,11,44.84199848616918,-127.59740033802782,510.257
1372,34,12,49.03862039148134,-115.87965074135901,512.202
1373,34,13,51.8563227260163,-102.40023143320383,513.892
1374,34,14,52.971084730643256,-87.7055097358391,515.221
1375,34,15,52.23011507362901,-72.88921067124815,516.131
1376,34,16,49.73946268712176,-59.108142888588524,516.618
1377,34,17,45.80217281931123,-47.03178445483195,516.726
1378,34,18,40.77619177893569,-36.75034850853594,516.545
1379,34,19,34.97454372056223,-28.01938257930576,516.196
1380,34,20,28.635798614162947,-20.496562708582232,515.819
1381,34,21,21.93260656648283,-13.857981689129495,515.555
1382,34,22,14.989849048759096,-7.830606977744519,515.528
1383,34,23,7.9012046667794165,-2.1890273907780733,515.837
1384,34,24,0.7417529943346841,3.25878250419946,516.535
1385,34,25,-6.422392298730316,8.687399567609258,517.631
1386,34,26,-13.526113896415977,14.269589379081973,519.08
1387,34,27,-20.497307199201764,20.19168867724225,520.792
1388,34,28,-27.24798101444452,26.669571567223866,522.634
1389,34,29,-33.6623243621248,33.96328981771224,524.447
1390,34,30,-39.58130141006073,42.38402855484045,526.057
1391,34,31,-44.7845941612898,52.27273886914447,527.294
1392,34,32,-48.97846350036645,63.90822225235507,528.007
1393,34,33,-51.813364251231505,77.2987534786517,528.083
1394,34,34,-52.96570595667187,91.9201189443305,527.453
1395,34,35,-52.276147133540306,106.70174796869446,526.108
1396,34,36,-49.839579599975806,120.49113492176316,524.096
1397,34,37,-45.94947267895173,132.60381971662045,521.519
1398,34,38,-40.958991546787324,142.93158483605666,518.532
1399,34,39,-35.180057282498744,151.70784516476778,515.323
1400,35,0,-25.538270259521727,171.69980886539508,510.552
1401,35,1,-18.696686626426104,178.03314275442443,507.703
1402,35,2,-11.656475115850984,-176.13139952343946,505.336
1403,35,3,-4.501980026309566,-170.58568206836097,503.59
1404,35,4,2.695909176019648,-165.14698001719822,502.557
1405,35,5,9.871047445110372,-159.64201147070804,502.267
1406,35,6,16.95421486914935,-153.89145664242085,502.691
1407,35,7,23.864708280781233,-147.69402985749642,503.746
1408,35,8,30.499974097165573,-140.81056521195757,505.3
1409,35,9,36.72181197818363,-132.95159928877916,507.19
1410,35,10,42.338918570467094,-123.7811687430666,509.234
1411,35,11,47.08985813824998,-112.9687334001263,511.253
1412,35,12,50.64233514822199,-100.34114113430925,513.086
1413,35,13,52.64179448056777,-86.14570626527247,514.606
1414,35,14,52.83202549423638,-71.23374357116631,515.73
1415,35,15,51.18753450815075,-56.81230798777756,516.426
1416,35,16,47.92899810420482,-43.839897036807,516.714
1417,35,17,43.404025099828054,-32.67748963098441,516.664
1418,35,18,37.955675406462674,-23.212071752755467,516.383
1419,35,19,31.86018236471152,-15.128274785120452,516.002
1420,35,20,25.321051460895106,-8.085054576215942,515.664
1421,35,21,18.484750979122484,-1.7829466045246047,515.505
1422,35,22,11.45875821485204,4.025814242095773,515.636
1423,35,23,4.326086433482459,9.547967544537721,516.136
1424,35,24,-2.8437309048014145,14.96483006582934,517.035
1425,35,25,-9.986058439223278,20.448162280576227,518.316
1426,35,26,-17.033267478603076,26.17552861663121,519.911
1427,35,27,-23.906635397001356,32.34609568264457,521.707
1428,35,28,-30.505912946648902,39.19616753333122,523.555
1429,35,29,-36.69585725933758,47.011577340172465,525.288
1430,35,30,-42.28902062348557,56.124197164750036,526.732
1431,35,31,-47.02881673763758,66.86200586081878,527.724
1432,35,32,-50.58811369149585,79.40198729015208,528.13
1433,35,33,-52.615324082439386,93.5130010210475,527.858
1434,35,34,-52.85128662769581,108.368853711122,526.869
1435,35,35,-51.26097270210673,122.77810082193687,525.18
1436,35,36,-48.05398373582688,135.77528145393248,522.869
1437,35,37,-43.57066464010344,146.98090346663372,520.066
1438,35,38,-38.15141155260232,156.49302105576535,516.942
1439,35,39,-32.07243390826425,164.61968941327325,513.7
1440,36,0,-28.851907507049443,177.27060677510588,512.101
1441,36,1,-22.148382487647286,-176.05685483883792,509.078
1442,36,2,-15.195707535248696,-170.00067636594937,506.449
1443,36,3,-8.088876067056564,-164.33414652483168,504.378
1444,36,4,-0.904305413443758,-158.8638206978118,502.981
1445,36,5,6.290485551044915,-153.41365758922177,502.319
1446,36,6,13.42879394602705,-147.8093097903079,502.394
1447,36,7,20.43679855334462,-141.86248264603122,503.147
1448,36,8,27.22436051274732,-135.35486965013985,504.47
1449,36,9,33.67306141950006,-128.02318067050808,506.214
1450,36,10,39.62050328080202,-119.55224345807487,508.204
1451,36,11,44.84199848616918,-109.59739983713219,510.257
1452,36,12,49.03862039148134,-97.87964341027421,512.202
1453,36,13,51.8563227260163,-84.40022410211903,513.892
1454,36,14,52.971084730643256,-69.7055024047543,515.221
1455,36,15,52.23011507362901,-54.88920675525794,516.131
1456,36,16,49.73946268712176,-41.10813555750372,516.618
1457,36,17,45.80217281931123,-29.031777123747144,516.726
1458,36,18,40.77619177893569,-18.75034117745114,516.545
1459,36,19,34.97454372056223,-10.019375248220955,516.196
1460,36,20,28.635798614162947,-2.4965562312710743,515.819
1461,36,21,21.93260656648283,4.142025215068486,515.555
1462,36,22,14.989849048759096,10.169400353340285,515.528
1463,36,23,7.9012046667794165,15.810979513419907,515.837
1464,36,24,0.7417529943346841,21.25878962184085,516.535
1465,36,25,-6.422392298730316,26.68740689869406,517.631
1466,36,26,-13.526113896415977,32.26959756394042,519.08
1467,36,27,-20.497307199201764,38.19169600832706,520.792
1468,36,28,-27.24798101444452,44.66957719076137,522.634
1469,36,29,-33.6623243621248,51.96329714879704,524.447
1470,36,30,-39.58130141006073,60.38403588592525,526.057
1471,36,31,-44.7845941612898,70.2727427851347,527.294
1472,36,32,-48.97846350036645,81.90822958343988,528.007
1473,36,33,-51.813364251231505,95.2987608097365,528.083
1474,36,34,-52.96570595667187,109.9201262754153,527.453
1475,36,35,-52.276147133540306,124.70175529977926,526.108
1476,36,36,-49.839579599975806,138.49114225284796,524.096
1477,36,37,-45.94947267895173,150.60382704770527,521.519
1478,36,38,-40.958991546787324,160.93159216714145,518.532
1479,36,39,-35.180057282498744,169.7078524958526,515.323
1480,37,0,-25.538270259521727,-170.3001801610544,510.552
1481,37,1,-18.696686626426104,-163.9668462720251,507.703
1482,37,2,-11.656475115850984,-158.13139219235464,505.336
1483,37,3,-4.501980026309566,-152.58567473727615,503.59
1484,37,4,2.695909176019648,-147.14697268611343,502.557
1485,37,5,9.871047445110372,-141.64200413962323,502.267
1486,37,6,16.95421486914935,-135.89144931133606,502.691
1487,37,7,23.864708280781233,-129.69402252641163,503.746
1488,37,8,30.499974097165573,-122.81055788087276,505.3
1489,37,9,36.72181197818363,-114.95159195769436,507.19
1490,37,10,42.338918570467094,-105.7811614119818,509.234
1491,37,11,47.08985813824998,-94.9687260690415,511.253
1492,37,12,50.64233514822199,-82.34113380322445,513.086
1493,37,13,52.64179448056777,-68.14569893418766,514.606
1494,37,14,52.83202549423638,-53.233739655176095,515.73
1495,37,15,51.18753450815075,-38.81230065669275,516.426
1496,37,16,47.92899810420482,-25.839887998174905,516.714
1497,37,17,43.404025099828054,-14.67748229989961,516.664
1498,37,18,37.955675406462674,-5.212064421670663,516.383
1499,37,19,31.86018236471152,2.8717319056341166,516.002
1500,37,20,25.321051460895106,9.91495275486886,515.664
1501,37,21,18.484750979122484,16.217059872786553,515.505
1502,37,22,11.45875821485204,22.025821573180576,515.636
1503,37,23,4.326086433482459,27.547974875622526,516.136
1504,37,24,-2.8437309048014145,32.96483568936685,517.035
1505,37,25,-9.986058439223278,38.44816961166103,518.316
1506,37,26,-17.033267478603076,44.175535947716014,519.911
1507,37,27,-23.906635397001356,50.34610301372937,521.707
1508,37,28,-30.505912946648902,57.19617486441603,523.555
1509,37,29,-36.69585725933758,65.01158467125727,525.288
1510,37,30,-42.28902062348557,74.12420449583485,526.732
1511,37,31,-47.02881673763758,84.86201319190359,527.724
1512,37,32,-50.58811369149585,97.40199462123688,528.13
1513,37,33,-52.615324082439386,111.5130083521323,527.858
1514,37,34,-52.85128662769581,126.36886787239597,526.869
1515,37,35,-51.26097270210673,140.77810815302166,525.18
1516,37,36,-48.05398373582688,153.77528878501727,522.869
1517,37,37,-43.57066464010344,164.98091079771854,520.066
1518,37,38,-38.15141155260232,174.49302838685014,516.942
1519,37,39,-32.07243390826425,-177.38031327355463,513.7
1520,38,0,-28.851907507049443,-164.72938225134365,512.101
1521,38,1,-22.148382487647286,-158.05684750775313,509.078
1522,38,2,-15.195707535248696,-152.00066903486456,506.449
1523,38,3,-8.088876067056564,-146.3341391937469,504.378
1524,38,4,-0.904305413443758,-140.863813366727,502.981
1525,38,5,6.290485551044915,-135.41365025813698,502.319
1526,38,6,13.42879394602705,-129.8093024592231,502.394
1527,38,7,20.43679855334462,-123.86247531494644,503.147
1528,38,8,27.22436051274732,-117.35486231905504,504.47
1529,38,9,33.67306141950006,-110.02317333942328,506.214
1530,38,10,39.62050328080202,-101.55224295717923,508.204
1531,38,11,44.84199848616918,-91.59739250604738,510.257
1532,38,12,49.03862039148134,-79.87963607918941,512.202
1533,38,13,51.8563227260163,-66.40021677103422,513.892
1534,38,14,52.971084730643256,-51.705495073669496,515.221
1535,38,15,52.23011507362901,-36.88919942417313,516.131
1536,38,16,49.73946268712176,-23.10812822641892,516.618
1537,38,17,45.80217281931123,-11.03176979266234,516.726
1538,38,18,40.77619177893569,-0.7503346467791291,516.545
1539,38,19,34.97454372056223,7.980632082863849,516.196
1540,38,20,28.635798614162947,15.503451953587374,515.819
1541,38,21,21.93260656648283,22.142032119266467,515.555
1542,38,22,14.989849048759096,28.16940768442509,515.528
1543,38,23,7.9012046667794165,33.81098684450471,515.837
1544,38,24,0.7417529943346841,39.25879695292566,516.535
1545,38,25,-6.422392298730316,44.68741422977887,517.631
1546,38,26,-13.526113896415977,50.269604895025225,519.08
1547,38,27,-20.497307199201764,56.19170333941186,520.792
1548,38,28,-27.24798101444452,62.669587936940765,522.634
1549,38,29,-33.6623243621248,69.96330789497644,524.447
1550,38,30,-39.58130141006073,78.38404321701005,526.057
1551,38,31,-44.7845941612898,88.2727501162195,527.294
1552,38,32,-48.97846350036645,99.90823691452468,528.007
1553,38,33,-51.813364251231505,113.29876814082131,528.083
1554,38,34,-52.96570595667187,127.92012677631092,527.453
1555,38,35,-52.276147133540306,142.70176263086407,526.108
1556,38,36,-49.839579599975806,156.49114958393275,524.096
1557,38,37,-45.94947267895173,168.60383437879005,521.519
1558,38,38,-40.958991546787324,178.93159949822626,518.532
1559,38,39,-35.180057282498744,-172.2921501909753,515.323
1560,39,0,-25.538270259521727,-152.30017282996963,510.552
1561,39,1,-18.696686626426104,-145.96683894094028,507.703
1562,39,2,-11.656475115850984,-140.13138486126985,505.336
1563,39,3,-4.501980026309566,-134.58566740619136,503.59
1564,39,4,2.695909176019648,-129.1469653550286,502.557
1565,39,5,9.871047445110372,-123.64199680853842,502.267
1566,39,6,16.95421486914935,-117.89144198025124,502.691
1567,39,7,23.864708280781233,-111.69400836513765,503.746
1568,39,8,30.499974097165573,-104.81055054978796,505.3
1569,39,9,36.72181197818363,-96.95157779642038,507.19
1570,39,10,42.338918570467094,-87.781154080897,509.234
1571,39,11,47.08985813824998,-76.96871873795669,511.253
1572,39,12,50.64233514822199,-64.34112647213965,513.086
1573,39,13,52.64179448056777,-50.145691603102854,514.606
1574,39,14,52.83202549423638,-35.23373232409129,515.73
1575,39,15,51.18753450815075,-20.812291618060655,516.426
1576,39,16,47.92899810420482,-7.83988152086375,516.714
1577,39,17,43.404025099828054,3.3225256715154274,516.664
1578,39,18,37.955675406462674,12.787942909414141,516.383
1579,39,19,31.86018236471152,20.871739877049155,516.002
1580,39,20,25.321051460895106,27.91496093972731,515.664
1581,39,21,18.484750979122484,34.21706891141865,515.505
1582,39,22,11.45875821485204,40.02582719671809,515.636
1583,39,23,4.326086433482459,45.54798049916003,516.136
1584,39,24,-2.8437309048014145,50.96484302045165,517.035
1585,39,25,-9.986058439223278,56.44817694274584,518.316
1586,39,26,-17.033267478603076,62.175546693895406,519.911
1587,39,27,-23.906635397001356,68.34611034481418,521.707
1588,39,28,-30.505912946648902,75.19618219550082,523.555
1589,39,29,-36.69585725933758,83.01159200234207,525.288
1590,39,30,-42.28902062348557,92.12421182691965,526.732
1591,39,31,-47.02881673763758,102.86202052298839,527.724
1592,39,32,-50.58811369149585,115.40200195232168,528.13
1593,39,33,-52.615324082439386,129.51302251340627,527.858
1594,39,34,-52.85128662769581,144.36887520348077,526.869
1595,39,35,-51.26097270210673,158.77811548410648,525.18
1596,39,36,-48.05398373582688,171.77529611610208,522.869
1597,39,37,-43.57066464010344,-177.019078228731,520.066
1598,39,38,-38.15141155260232,-167.50696063959938,516.942
1599,39,39,-32.07243390826425,-159.38030594246982,513.7
