0,0,0,-51.59668333000202,168.56595414965318,525.461
1,0,1,-48.602949945082905,-178.19581053969748,523.233
2,0,2,-44.28139021947287,-166.73002662151043,520.491
3,0,3,-38.97811715917315,-156.99065497831413,517.402
4,0,4,-32.979967973473016,-148.6858143061173,514.164
5,0,5,-26.50110324379821,-141.4746645049579,510.99
6,0,6,-19.69633945297083,-135.05027053391396,508.087
7,0,7,-12.679092745932586,-129.15674618592007,505.64
8,0,8,-5.5364663907345335,-123.58098955887186,503.799
9,0,9,1.6592734364402417,-118.1376019979385,502.66
10,0,10,8.841798555118334,-112.65291911328325,502.263
11,0,11,15.942805579495738,-106.94944477894497,502.59
12,0,12,22.883841889548627,-100.83004607509876,503.561
13,0,13,29.566246256489812,-94.0619501548306,505.053
14,0,14,35.857943312338755,-86.36331609222907,506.906
15,0,15,41.576454308134814,-77.40331001446626,508.939
16,0,16,46.47114203718979,-66.84417906708505,510.973
17,0,17,50.218515080033534,-54.47580614064833,512.842
18,0,18,52.46138869402022,-40.467812153004196,514.413
19,0,19,52.92010761377286,-25.586897791317636,515.597
20,0,20,51.53112375925365,-11.023594909999481,516.355
21,0,21,48.484910615846744,2.1940932567081073,516.699
22,0,22,44.12002017014215,13.618225827562767,516.691
23,0,23,38.78580976799686,23.310783354187784,516.435
24,0,24,32.76939324136152,31.571989362872,516.06
25,0,25,26.283993728198308,38.745354557542875,515.707
26,0,26,19.483116315008665,45.13777982817658,515.513
27,0,27,12.478905877775036,51.00402440062543,515.597
28,0,28,5.35709751228036,56.555851459916504,516.04
29,0,29,-1.811393702087473,61.97724581172242,516.881
30,0,30,-8.961684596751338,67.44035895897878,518.11
31,0,31,-16.027103774232035,73.1209999709217,519.665
32,0,32,-22.931053864639047,79.21421855967925,521.439
33,0,33,-29.577143823310568,85.95007598706496,523.29
34,0,34,-35.83614134850808,93.60684782024347,525.051
35,0,35,-41.52929868210505,102.51133129024325,526.546
36,0,36,-46.410688032846004,112.99823981734075,527.612
37,0,37,-50.16203283069211,125.28023134134432,528.109
38,0,38,-52.42965563513634,139.2018644171228,527.939
39,0,39,-52.9319887278341,154.0212302366511,527.053
40,1,0,-50.28823765108102,-175.60781088204462,524.42
41,1,1,-46.58562283786837,-163.23530569116005,521.917
42,1,2,-41.732783677858066,-152.65997353506756,518.978
43,1,3,-36.05091323186454,-143.68050141817022,515.789
44,1,4,-29.78977785745682,-135.96390395805153,512.556
45,1,5,-23.131598463954376,-129.18128022541876,509.492
46,1,6,-16.208363334425833,-123.05129472835904,506.796
47,1,7,-9.118701254259822,-117.34118828033668,504.636
48,1,8,-1.9410484083374748,-111.85369818793255,503.137
49,1,9,5.256319778624114,-106.41124636291548,502.369
50,1,10,12.407048872611917,-100.84020256639458,502.34
51,1,11,19.438877179754492,-94.9552637661874,503.002
52,1,12,26.264657462658,-88.54344417340543,504.252
53,1,13,32.77093003392477,-81.34866633568657,505.946
54,1,14,38.80273839185473,-73.06290921203075,507.911
55,1,15,44.14543188894918,-63.342211306025284,509.967
56,1,16,48.510715070531056,-51.88793284149512,511.937
57,1,17,51.549076911487035,-38.643567663436755,513.672
58,1,18,52.924055463113135,-24.066087870722594,515.057
59,1,19,52.4499139762146,-9.190122834863352,516.03
60,1,20,50.195674927449005,4.796236528584763,516.575
61,1,21,46.44447697867006,17.135247325553244,516.733
62,1,22,41.554334740507734,27.664829167037688,516.587
63,1,23,35.8479336701101,36.598465591962366,516.253
64,1,24,29.57454835142596,44.27423559631728,515.871
65,1,25,22.915202703122738,51.0220936660747,515.582
66,1,26,16.000612885536142,57.12258982139289,515.514
67,1,27,8.928032254710685,62.80728455060822,515.77
68,1,28,1.7745844252680993,68.27199596213036,516.41
69,1,29,-5.392849283717145,73.6928643893702,517.45
70,1,30,-12.509453898837918,79.24193546733116,518.852
71,1,31,-19.50468775995486,85.10266124693064,520.533
72,1,32,-26.293460370387944,91.48566427160432,522.365
73,1,33,-32.76483067499595,98.64389376707445,524.193
74,1,34,-38.76707455910351,106.88145024575749,525.842
75,1,35,-44.08979316797026,116.53844980756342,527.142
76,1,36,-48.44978636803995,127.91250428519719,527.939
77,1,37,-51.50232085152371,141.06785843799196,528.112
78,1,38,-52.91218459433565,155.56814514025393,527.586
79,1,39,-52.48810156386414,170.40305647033315,526.342
80,2,0,-51.59668333000202,-173.4340485371747,525.461
81,2,1,-48.602949945082905,-160.195816868991,523.233
82,2,2,-44.28139021947287,-148.73003295080395,520.491
83,2,3,-38.97811715917315,-138.99066130760767,517.402
84,2,4,-32.979967973473016,-130.68582063541083,514.164
85,2,5,-26.50110324379821,-123.47467083425146,510.99
86,2,6,-19.69633945297083,-117.0502768632075,508.087
87,2,7,-12.679092745932586,-111.15673885483527,505.64
88,2,8,-5.5364663907345335,-105.58098905797624,503.799
89,2,9,1.6592734364402417,-100.13760149704287,502.66
90,2,10,8.841798555118334,-94.65291861238761,502.263
91,2,11,15.942805579495738,-88.94944427804934,502.59
92,2,12,22.883841889548627,-82.83004557420313,503.561
93,2,13,29.566246256489812,-76.06194965393496,505.053
94,2,14,35.857943312338755,-68.36331559133343,506.906
95,2,15,41.576454308134814,-59.403309513570626,508.939
96,2,16,46.47114203718979,-48.84417856618941,510.973
97,2,17,50.218515080033534,-36.47580563975269,512.842
98,2,18,52.46138869402022,-22.467811652108566,514.413
99,2,19,52.92010761377286,-7.586896436648355,515.597
100,2,20,51.53112375925365,6.976405590896153,516.355
101,2,21,48.484910615846744,20.194094611377388,516.699
102,2,22,44.12002017014215,31.6182263284584,516.691
103,2,23,38.78580976799686,41.310783855083415,516.435
104,2,24,32.76939324136152,49.571989863767634,516.06
105,2,25,26.283993728198308,56.745355058438506,515.707
106,2,26,19.483116315008665,63.13777691397763,515.513
107,2,27,12.478905877775036,69.00402148642648,515.597
108,2,28,5.35709751228036,74.55585196081213,516.04
109,2,29,-1.811393702087473,79.97724631261805,516.881
110,2,30,-8.961684596751338,85.44035945987441,518.11
111,2,31,-16.027103774232035,91.12100047181734,519.665
112,2,32,-22.931053864639047,97.21421906057489,521.439
113,2,33,-29.577143823310568,103.95007648796059,523.29
114,2,34,-35.83614134850808,111.60684832113911,525.051
115,2,35,-41.52929868210505,120.51132496094972,526.546
116,2,36,-46.410688032846004,130.99823348804722,527.612
117,2,37,-50.16203283069211,143.28023867242914,528.109
118,2,38,-52.42965563513634,157.20185808782927,527.939
119,2,39,-52.9319887278341,172.02122390735755,527.053
120,3,0,-50.28823765108102,-157.6078035509598,524.42
121,3,1,-46.58562283786837,-145.23529836007523,521.917
122,3,2,-41.732783677858066,-134.65996620398275,518.978
123,3,3,-36.05091323186454,-125.68050774746375,515.789
124,3,4,-29.78977785745682,-117.96391028734509,512.556
125,3,5,-23.131598463954376,-111.18127972452312,509.492
126,3,6,-16.208363334425833,-105.05130105765258,506.796
127,3,7,-9.118701254259822,-99.34119460963022,504.636
128,3,8,-1.9410484083374748,-93.85369768703691,503.137
129,3,9,5.256319778624114,-88.41124586201984,502.369
130,3,10,12.407048872611917,-82.84020206549894,502.34
131,3,11,19.438877179754492,-76.95526326529176,503.002
132,3,12,26.264657462658,-70.54344367250981,504.252
133,3,13,32.77093003392477,-63.34866583479094,505.946
134,3,14,38.80273839185473,-55.0629121262297,507.911
135,3,15,44.14543188894918,-45.342210805129646,509.967
136,3,16,48.510715070531056,-33.88793234059949,511.937
137,3,17,51.549076911487035,-20.643567162541125,513.672
138,3,18,52.924055463113135,-6.066086942940139,515.057
139,3,19,52.4499139762146,8.80987766603228,516.03
140,3,20,50.195674927449005,22.796237883254044,516.575
141,3,21,46.44447697867006,35.135247826448875,516.733
142,3,22,41.554334740507734,45.66483137548062,516.587
143,3,23,35.8479336701101,54.598466092858004,516.253
144,3,24,29.57454835142596,62.27423609721291,515.871
145,3,25,22.915202703122738,69.02209416697033,515.582
146,3,26,16.000612885536142,75.12259373738311,515.514
147,3,27,8.928032254710685,80.80728505150385,515.77
148,3,28,1.7745844252680993,86.271996463026,516.41
149,3,29,-5.392849283717145,91.69286489026582,517.45
150,3,30,-12.509453898837918,97.2419359682268,518.852
151,3,31,-19.50468775995486,103.10266174782628,520.533
152,3,32,-26.293460370387944,109.48566477249996,522.365
153,3,33,-32.76483067499595,116.64389426797008,524.193
154,3,34,-38.76707455910351,124.88144391646395,525.842
155,3,35,-44.08979316797026,134.5384434782699,527.142
156,3,36,-48.44978636803995,145.91249795590366,527.939
157,3,37,-51.50232085152371,159.06785210869842,528.112
158,3,38,-52.91218459433565,173.5681388109604,527.586
159,3,39,-52.48810156386414,-171.5969462164947,526.342
160,4,0,-51.59668333000202,-155.43405486646824,525.461
161,4,1,-48.602949945082905,-142.1958095379062,523.233
162,4,2,-44.28139021947287,-130.73002561971916,520.491
163,4,3,-38.97811715917315,-120.99065397652288,517.402
164,4,4,-32.979967973473016,-112.68581330432603,514.164
165,4,5,-26.50110324379821,-105.47467033335582,510.99
166,4,6,-19.69633945297083,-99.0502695321227,508.087
167,4,7,-12.679092745932586,-93.15673835393964,505.64
168,4,8,-5.5364663907345335,-87.5809885570806,503.799
169,4,9,1.6592734364402417,-82.13760099614724,502.66
170,4,10,8.841798555118334,-76.65291811149199,502.263
171,4,11,15.942805579495738,-70.9494437771537,502.59
172,4,12,22.883841889548627,-64.8300450733075,503.561
173,4,13,29.566246256489812,-58.061949153039336,505.053
174,4,14,35.857943312338755,-50.3633150904378,506.906
175,4,15,41.576454308134814,-41.403305597580406,508.939
176,4,16,46.47114203718979,-30.844178065293782,510.973
177,4,17,50.218515080033534,-18.475803431309767,512.842
178,4,18,52.46138869402022,-4.46781115121293,514.413
179,4,19,52.92010761377286,10.413104064247278,515.597
180,4,20,51.53112375925365,24.97640523801814,516.355
181,4,21,48.484910615846744,38.19409340472573,516.699
182,4,22,44.12002017014215,49.618226829354036,516.691
183,4,23,38.78580976799686,59.31078094088446,516.435
184,4,24,32.76939324136152,67.57199036466326,516.06
185,4,25,26.283993728198308,74.74535555933414,515.707
186,4,26,19.483116315008665,81.13777741487326,515.513
187,4,27,12.478905877775036,87.00402198732212,515.597
188,4,28,5.35709751228036,92.55585246170777,516.04
189,4,29,-1.811393702087473,97.97724681351369,516.881
190,4,30,-8.961684596751338,103.44035996077005,518.11
191,4,31,-16.027103774232035,109.12100097271298,519.665
192,4,32,-22.931053864639047,115.2142263916597,521.439
193,4,33,-29.577143823310568,121.95007698885622,523.29
194,4,34,-35.83614134850808,129.60684199184558,525.051
195,4,35,-41.52929868210505,138.51133229203452,526.546
196,4,36,-46.410688032846004,148.998240819132,527.612
197,4,37,-50.16203283069211,161.2802323431356,528.109
198,4,38,-52.42965563513634,175.20186541891408,527.939
199,4,39,-52.9319887278341,-169.9787787794703,527.053
200,5,0,-50.28823765108102,-139.60780988025334,524.42
201,5,1,-46.58562283786837,-127.23530468936877,521.917
202,5,2,-41.732783677858066,-116.65997253327629,518.978
203,5,3,-36.05091323186454,-107.68050041637895,515.789
204,5,4,-29.78977785745682,-99.96390295626028,512.556
205,5,5,-23.131598463954376,-93.1812792236275,509.492
206,5,6,-16.208363334425833,-87.05130055675694,506.796
207,5,7,-9.118701254259822,-81.34119410873458,504.636
208,5,8,-1.9410484083374748,-75.85369718614128,503.137
209,5,9,5.256319778624114,-70.4112453611242,502.369
210,5,10,12.407048872611917,-64.8402015646033,502.34
211,5,11,19.438877179754492,-58.95526276439613,503.002
212,5,12,26.264657462658,-52.54344317161417,504.252
213,5,13,32.77093003392477,-45.348668748989894,505.946
214,5,14,38.80273839185473,-37.06291162533407,507.911
215,5,15,44.14543188894918,-27.342210304234015,509.967
216,5,16,48.510715070531056,-15.887933547251148,511.937
217,5,17,51.549076911487035,-2.6435664482020784,513.672
218,5,18,52.924055463113135,11.933913131068671,515.057
219,5,19,52.4499139762146,26.809879020701562,516.03
220,5,20,50.195674927449005,40.796238384149675,516.575
221,5,21,46.44447697867006,53.13524832734451,516.733
222,5,22,41.554334740507734,63.664828461281665,516.587
223,5,23,35.8479336701101,72.59846317865905,516.253
224,5,24,29.57454835142596,80.27423659810854,515.871
225,5,25,22.915202703122738,87.02209466786597,515.582
226,5,26,16.000612885536142,93.12259423827875,515.514
227,5,27,8.928032254710685,98.80728555239949,515.77
228,5,28,1.7745844252680993,104.27199696392164,516.41
229,5,29,-5.392849283717145,109.69286539116146,517.45
230,5,30,-12.509453898837918,115.24192963893326,518.852
231,5,31,-19.50468775995486,121.10266907891108,520.533
232,5,32,-26.293460370387944,127.48565844320642,522.365
233,5,33,-32.76483067499595,134.64388793867653,524.193
234,5,34,-38.76707455910351,142.88145124754877,525.842
235,5,35,-44.08979316797026,152.53845080935469,527.142
236,5,36,-48.44978636803995,163.91250528698845,527.939
237,5,37,-51.50232085152371,177.0678594397832,528.112
238,5,38,-52.91218459433565,-168.43185021548913,527.586
239,5,39,-52.48810156386414,-153.59695254578824,526.342
240,6,0,-51.59668333000202,-137.43404753538343,525.461
241,6,1,-48.602949945082905,-124.19581586719974,523.233
242,6,2,-44.28139021947287,-112.73002511882352,520.491
243,6,3,-38.97811715917315,-102.9906603058164,517.402
244,6,4,-32.979967973473016,-94.6858128034304,514.164
245,6,5,-26.50110324379821,-87.47466983246018,510.99
246,6,6,-19.69633945297083,-81.05026903122706,508.087
247,6,7,-12.679092745932586,-75.156737853044,505.64
248,6,8,-5.5364663907345335,-69.58098805618496,503.799
249,6,9,1.6592734364402417,-64.1376004952516,502.66
250,6,10,8.841798555118334,-58.65291761059635,502.263
251,6,11,15.942805579495738,-52.949443276258066,502.59
252,6,12,22.883841889548627,-46.830044572411865,503.561
253,6,13,29.566246256489812,-40.061945237049116,505.053
254,6,14,35.857943312338755,-32.36331458954217,506.906
255,6,15,41.576454308134814,-23.403305096684775,508.939
256,6,16,46.47114203718979,-12.844177564398148,510.973
257,6,17,50.218515080033534,-0.4758031972184002,512.842
258,6,18,52.46138869402022,13.532189349682703,514.413
259,6,19,52.92010761377286,28.413103711369267,515.597
260,6,20,51.53112375925365,42.97640744646107,516.355
261,6,21,48.484910615846744,56.19409390562136,516.699
262,6,22,44.12002017014215,67.61822391515508,516.691
263,6,23,38.78580976799686,77.3107814417801,516.435
264,6,24,32.76939324136152,85.5719908655589,516.06
265,6,25,26.283993728198308,92.74535606022977,515.707
266,6,26,19.483116315008665,99.1377779157689,515.513
267,6,27,12.478905877775036,105.00402248821774,515.597
268,6,28,5.35709751228036,110.5558529626034,516.04
269,6,29,-1.811393702087473,115.97724048422015,516.881
270,6,30,-8.961684596751338,121.44035363147651,518.11
271,6,31,-16.027103774232035,127.12100830379778,519.665
272,6,32,-22.931053864639047,133.21422006236614,521.439
273,6,33,-29.577143823310568,139.9500706595627,523.29
274,6,34,-35.83614134850808,147.60684932293037,525.051
275,6,35,-41.52929868210505,156.51132596274098,526.546
276,6,36,-46.410688032846004,166.9982344898385,527.612
277,6,37,-50.16203283069211,179.28023967422038,528.109
278,6,38,-52.42965563513634,-166.7981372679138,527.939
279,6,39,-52.9319887278341,-151.97877144838552,527.053
280,7,0,-50.28823765108102,-121.60781620954688,524.42
281,7,1,-46.58562283786837,-109.23530418847314,521.917
282,7,2,-41.732783677858066,-98.65997203238065,518.978
283,7,3,-36.05091323186454,-89.68050674567247,515.789
284,7,4,-29.78977785745682,-81.96390928555381,512.556
285,7,5,-23.131598463954376,-75.18127872273186,509.492
286,7,6,-16.208363334425833,-69.0513000558613,506.796
287,7,7,-9.118701254259822,-63.341193607838946,504.636
288,7,8,-1.9410484083374748,-57.853703515434816,503.137
289,7,9,5.256319778624114,-52.41124486022857,502.369
290,7,10,12.407048872611917,-46.84020447880226,502.34
291,7,11,19.438877179754492,-40.95526567859508,503.002
292,7,12,26.264657462658,-34.54344608581312,504.252
293,7,13,32.77093003392477,-27.348671663188846,505.946
294,7,14,38.80273839185473,-19.062912831985724,507.911
295,7,15,44.14543188894918,-9.342214072206612,509.967
296,7,16,48.510715070531056,2.1120635385499003,511.937
297,7,17,51.549076911487035,15.356430424155558,513.672
298,7,18,52.924055463113135,29.93391192441701,515.057
299,7,19,52.4499139762146,44.80987610650261,516.03
300,7,20,50.195674927449005,58.79623546995072,516.575
301,7,21,46.44447697867006,71.13524541314555,516.733
302,7,22,41.554334740507734,81.6648289621773,516.587
303,7,23,35.8479336701101,90.59846367955468,516.253
304,7,24,29.57454835142596,98.27423709900418,515.871
305,7,25,22.915202703122738,105.0220951687616,515.582
306,7,26,16.000612885536142,111.12258790898521,515.514
307,7,27,8.928032254710685,116.80728605329512,515.77
308,7,28,1.7745844252680993,122.27199746481726,516.41
309,7,29,-5.392849283717145,127.69285906186792,517.45
310,7,30,-12.509453898837918,133.24193697001806,518.852
311,7,31,-19.50468775995486,139.10266274961754,520.533
312,7,32,-26.293460370387944,145.48566577429122,522.365
313,7,33,-32.76483067499595,152.64389526976134,524.193
314,7,34,-38.76707455910351,160.88144491825523,525.842
315,7,35,-44.08979316797026,170.53844448006114,527.142
316,7,36,-48.44978636803995,-178.0874973998394,527.939
317,7,37,-51.50232085152371,-164.93214324704465,528.112
318,7,38,-52.91218459433565,-150.43185654478268,527.586
319,7,39,-52.48810156386414,-135.59694521470345,526.342
320,8,0,-51.59668333000202,-119.43405386467697,525.461
321,8,1,-48.602949945082905,-106.1958153663041,523.233
322,8,2,-44.28139021947287,-94.73002461792788,520.491
323,8,3,-38.97811715917315,-84.99065980492078,517.402
324,8,4,-32.979967973473016,-76.68581230253476,514.164
325,8,5,-26.50110324379821,-69.47466933156456,510.99
326,8,6,-19.69633945297083,-63.05026853033142,508.087
327,8,7,-12.679092745932586,-57.15674076724296,505.64
328,8,8,-5.5364663907345335,-51.58098755528933,503.799
329,8,9,1.6592734364402417,-46.13759999435597,502.66
330,8,10,8.841798555118334,-40.65291710970072,502.263
331,8,11,15.942805579495738,-34.949442775362435,502.59
332,8,12,22.883841889548627,-28.83004407151623,503.561
333,8,13,29.566246256489812,-22.061946443700773,505.053
334,8,14,35.857943312338755,-14.363315796193827,506.906
335,8,15,41.576454308134814,-5.403305022675966,508.939
336,8,16,46.47114203718979,5.1558229364974855,510.973
337,8,17,50.218515080033534,17.524197570481498,512.842
338,8,18,52.46138869402022,31.532189850578337,514.413
339,8,19,52.92010761377286,46.41310591981219,515.597
340,8,20,51.53112375925365,60.976404532262116,516.355
341,8,21,48.484910615846744,74.19409782161158,516.699
342,8,22,44.12002017014215,85.61822441605072,516.691
343,8,23,38.78580976799686,95.31078194267573,516.435
344,8,24,32.76939324136152,103.57199136645454,516.06
345,8,25,26.283993728198308,110.7453565611254,515.707
346,8,26,19.483116315008665,117.1377852468537,515.513
347,8,27,12.478905877775036,123.00402981930254,515.597
348,8,28,5.35709751228036,128.55585346349903,516.04
349,8,29,-1.811393702087473,133.97724781530496,516.881
350,8,30,-8.961684596751338,139.44036096256133,518.11
351,8,31,-16.027103774232035,145.12100197450425,519.665
352,8,32,-22.931053864639047,151.21422739345095,521.439
353,8,33,-29.577143823310568,157.9500779906475,523.29
354,8,34,-35.83614134850808,165.60684299363683,525.051
355,8,35,-41.52929868210505,174.5113332938258,526.546
356,8,36,-46.410688032846004,-175.00175453661103,527.612
357,8,37,-50.16203283069211,-162.71976301260747,528.109
358,8,38,-52.42965563513634,-148.79812993682899,527.939
359,8,39,-52.9319887278341,-133.97877777767903,527.053
360,9,0,-50.28823765108102,-103.60780887846208,524.42
361,9,1,-46.58562283786837,-91.2353036875775,521.917
362,9,2,-41.732783677858066,-80.65997153148503,518.978
363,9,3,-36.05091323186454,-71.68050624477685,515.789
364,9,4,-29.78977785745682,-63.96390878465818,512.556
365,9,5,-23.131598463954376,-57.18128163693081,509.492
366,9,6,-16.208363334425833,-51.051299554965674,506.796
367,9,7,-9.118701254259822,-45.341193106943315,504.636
368,9,8,-1.9410484083374748,-39.853699599444596,503.137
369,9,9,5.256319778624114,-34.41124435933294,502.369
370,9,10,12.407048872611917,-28.840203977906626,502.34
371,9,11,19.438877179754492,-22.95526517769945,503.002
372,9,12,26.264657462658,-16.54344558491749,504.252
373,9,13,32.77093003392477,-9.348671162293213,505.946
374,9,14,38.80273839185473,-1.0629130781420322,507.911
375,9,15,44.14543188894918,8.657786428689022,509.967
376,9,16,48.510715070531056,20.112064039445535,511.937
377,9,17,51.549076911487035,33.35643092505119,513.672
378,9,18,52.924055463113135,47.93391242531265,515.057
379,9,19,52.4499139762146,62.809873192303655,516.03
380,9,20,50.195674927449005,76.79623597084635,516.575
381,9,21,46.44447697867006,89.13524591404119,516.733
382,9,22,41.554334740507734,99.66482946307293,516.587
383,9,23,35.8479336701101,108.59846418045032,516.253
384,9,24,29.57454835142596,116.27423076971064,515.871
385,9,25,22.915202703122738,123.02208883946807,515.582
386,9,26,16.000612885536142,129.12259524007,515.514
387,9,27,8.928032254710685,134.80727972400157,515.77
388,9,28,1.7745844252680993,140.27199113552373,516.41
389,9,29,-5.392849283717145,145.69286639295274,517.45
390,9,30,-12.509453898837918,151.24193064072452,518.852
391,9,31,-19.50468775995486,157.102656420324,520.533
392,9,32,-26.293460370387944,163.48565944499768,522.365
393,9,33,-32.76483067499595,170.6438889404678,524.193
394,9,34,-38.76707455910351,178.88145224934001,525.842
395,9,35,-44.08979316797026,-171.4615582067667,527.142
396,9,36,-48.44978636803995,-160.08750372913295,527.939
397,9,37,-51.50232085152371,-146.9321495763382,528.112
398,9,38,-52.91218459433565,-132.43186287407622,527.586
399,9,39,-52.48810156386414,-117.59695154399698,526.342
400,10,0,-51.59668333000202,-101.43404653359217,525.461
401,10,1,-48.602949945082905,-88.19581486540847,523.233
402,10,2,-44.28139021947287,-76.73002411703226,520.491
403,10,3,-38.97811715917315,-66.99065930402514,517.402
404,10,4,-32.979967973473016,-58.685811801639126,514.164
405,10,5,-26.50110324379821,-51.47466541557433,510.99
406,10,6,-19.69633945297083,-45.05026802943579,508.087
407,10,7,-12.679092745932586,-39.15674026634733,505.64
408,10,8,-5.5364663907345335,-33.5809870543937,503.799
409,10,9,1.6592734364402417,-28.13760120100763,502.66
410,10,10,8.841798555118334,-22.652914901257788,502.263
411,10,11,15.942805579495738,-16.94944056691951,502.59
412,10,12,22.883841889548627,-10.830042716846952,503.561
413,10,13,29.566246256489812,-4.0619455159183175,505.053
414,10,14,35.857943312338755,3.6366847047018065,506.906
415,10,15,41.576454308134814,12.596695051332844,508.939
416,10,16,46.47114203718979,23.155823437393117,510.973
417,10,17,50.218515080033534,35.52419636382984,512.842
418,10,18,52.46138869402022,49.53219035147397,514.413
419,10,19,52.92010761377286,64.41310300561324,515.597
420,10,20,51.53112375925365,78.97640503315775,516.355
421,10,21,48.484910615846744,92.19409832250722,516.699
422,10,22,44.12002017014215,103.61822491694635,516.691
423,10,23,38.78580976799686,113.31078244357137,516.435
424,10,24,32.76939324136152,121.57199869753934,516.06
425,10,25,26.283993728198308,128.74535023183188,515.707
426,10,26,19.483116315008665,135.13777891756015,515.513
427,10,27,12.478905877775036,141.00402349000902,515.597
428,10,28,5.35709751228036,146.55586079458385,516.04
429,10,29,-1.811393702087473,151.97724148601142,516.881
430,10,30,-8.961684596751338,157.4403546332678,518.11
431,10,31,-16.027103774232035,163.12100930558904,519.665
432,10,32,-22.931053864639047,169.2142210641574,521.439
433,10,33,-29.577143823310568,175.95007166135395,523.29
434,10,34,-35.83614134850808,-176.39314603281267,525.051
435,10,35,-41.52929868210505,-167.48866939300208,526.546
436,10,36,-46.410688032846004,-157.00176086590457,527.612
437,10,37,-50.16203283069211,-144.719769341901,528.109
438,10,38,-52.42965563513634,-130.79813626612253,527.939
439,10,39,-52.9319887278341,-115.97877044659424,527.053
440,11,0,-50.28823765108102,-85.60780837756644,524.42
441,11,1,-46.58562283786837,-73.23530318668188,521.917
442,11,2,-41.732783677858066,-62.65997103058939,518.978
443,11,3,-36.05091323186454,-53.68050574388121,515.789
444,11,4,-29.78977785745682,-45.96390828376255,512.556
445,11,5,-23.131598463954376,-39.18128113603518,509.492
446,11,6,-16.208363334425833,-33.05129905407004,506.796
447,11,7,-9.118701254259822,-27.34119260604768,504.636
448,11,8,-1.9410484083374748,-21.853700806096256,503.137
449,11,9,5.256319778624114,-16.411243858437306,502.369
450,11,10,12.407048872611917,-10.840204330784639,502.34
451,11,11,19.438877179754492,-4.9552642499169925,503.002
452,11,12,26.264657462658,1.4565542756479095,504.252
453,11,13,32.77093003392477,8.651329338602421,505.946
454,11,14,38.80273839185473,16.93708816980554,507.911
455,11,15,44.14543188894918,26.6577877833583,509.967
456,11,16,48.510715070531056,38.11206624788846,511.937
457,11,17,51.549076911487035,51.35643142594682,513.672
458,11,18,52.924055463113135,65.93391292620828,515.057
459,11,19,52.4499139762146,80.8098736931993,516.03
460,11,20,50.195674927449005,94.79623647174199,516.575
461,11,21,46.44447697867006,107.13524641493683,516.733
462,11,22,41.554334740507734,117.66482996396856,516.587
463,11,23,35.8479336701101,126.59845785115678,516.253
464,11,24,29.57454835142596,134.27423810079546,515.871
465,11,25,22.915202703122738,141.02209617055286,515.582
466,11,26,16.000612885536142,147.12258891077647,515.514
467,11,27,8.928032254710685,152.8072870550864,515.77
468,11,28,1.7745844252680993,158.27199846660852,516.41
469,11,29,-5.392849283717145,163.6928600636592,517.45
470,11,30,-12.509453898837918,169.24193797180934,518.852
471,11,31,-19.50468775995486,175.1026637514088,520.533
472,11,32,-26.293460370387944,-178.51434324183018,522.365
473,11,33,-32.76483067499595,-171.35611374636005,524.193
474,11,34,-38.76707455910351,-163.11855043748784,525.842
475,11,35,-44.08979316797026,-153.46155087568192,527.142
476,11,36,-48.44978636803995,-142.08749639804813,527.939
477,11,37,-51.50232085152371,-128.93214224525337,528.112
478,11,38,-52.91218459433565,-114.43185554299141,527.586
479,11,39,-52.48810156386414,-99.59695104310134,526.342
480,12,0,-51.59668333000202,-83.43404603269653,525.461
481,12,1,-48.602949945082905,-70.19581436451284,523.233
482,12,2,-44.28139021947287,-58.73002361613662,520.491
483,12,3,-38.97811715917315,-48.990655388034924,517.402
484,12,4,-32.979967973473016,-40.68581471583808,514.164
485,12,5,-26.50110324379821,-33.4746649146787,510.99
486,12,6,-19.69633945297083,-27.050267528540157,508.087
487,12,7,-12.679092745932586,-21.156739765451693,505.64
488,12,8,-5.5364663907345335,-15.58098826104536,503.799
489,12,9,1.6592734364402417,-10.137600700111998,502.66
490,12,10,8.841798555118334,-4.652914400362154,502.263
491,12,11,15.942805579495738,1.050559293645889,502.59
492,12,12,22.883841889548627,7.169957784048681,503.561
493,12,13,29.566246256489812,13.938054558090492,505.053
494,12,14,35.857943312338755,21.63668520559744,506.906
495,12,15,41.576454308134814,30.596696406002124,508.939
496,12,16,46.47114203718979,41.155823938288755,510.973
497,12,17,50.218515080033534,53.524196864725475,512.842
498,12,18,52.46138869402022,67.53219085236961,514.413
499,12,19,52.92010761377286,82.41310350650888,515.597
500,12,20,51.53112375925365,96.97640553405338,516.355
501,12,21,48.484910615846744,110.19409882340284,516.699
502,12,22,44.12002017014215,121.61822541784198,516.691
503,12,23,38.78580976799686,131.310782944467,516.435
504,12,24,32.76939324136152,139.5719923682458,516.06
505,12,25,26.283993728198308,146.74535756291667,515.707
506,12,26,19.483116315008665,153.13778624864497,515.513
507,12,27,12.478905877775036,159.0040308210938,515.597
508,12,28,5.35709751228036,164.5558544652903,516.04
509,12,29,-1.811393702087473,169.9772488170962,516.881
510,12,30,-8.961684596751338,175.44036196435258,518.11
511,12,31,-16.027103774232035,-178.8789933812388,519.665
512,12,32,-22.931053864639047,-172.78578162267044,521.439
513,12,33,-29.577143823310568,-166.04991736509558,523.29
514,12,34,-35.83614134850808,-158.3931523621062,525.051
515,12,35,-41.52929868210505,-149.48866206191727,526.546
516,12,36,-46.410688032846004,-139.00175353481978,527.612
517,12,37,-50.16203283069211,-126.71976201081621,528.109
518,12,38,-52.42965563513634,-112.79813576522689,527.939
519,12,39,-52.9319887278341,-97.9787699456986,527.053
520,13,0,-50.28823765108102,-67.60780104648164,524.42
521,13,1,-46.58562283786837,-55.23529927069165,521.917
522,13,2,-41.732783677858066,-44.65996369950459,518.978
523,13,3,-36.05091323186454,-35.68049841279641,515.789
524,13,4,-29.78977785745682,-27.963900952677744,512.556
525,13,5,-23.131598463954376,-21.181273804950376,509.492
526,13,6,-16.208363334425833,-15.051293430532532,506.796
527,13,7,-9.118701254259822,-9.341186128736524,504.636
528,13,8,-1.9410484083374748,-3.8536930481246285,503.137
529,13,9,5.256319778624114,1.5887633659257903,502.369
530,13,10,12.407048872611917,7.159803000300165,502.34
531,13,11,19.438877179754492,13.044742654280988,503.002
532,13,12,26.264657462658,19.456562247062948,504.252
533,13,13,32.77093003392477,26.651336669687225,505.946
534,13,14,38.80273839185473,34.93709379334305,507.911
535,13,15,44.14543188894918,44.657795114443104,509.967
536,13,16,48.510715070531056,56.112073578973266,511.937
537,13,17,51.549076911487035,69.35643875703163,513.672
538,13,18,52.924055463113135,83.93392025729308,515.057
539,13,19,52.4499139762146,98.8098810242841,516.03
540,13,20,50.195674927449005,112.7962438028268,516.575
541,13,21,46.44447697867006,125.13525374602163,516.733
542,13,22,41.554334740507734,135.66483729505336,516.587
543,13,23,35.8479336701101,144.5984651822416,516.253
544,13,24,29.57454835142596,152.27424543188025,515.871
545,13,25,22.915202703122738,159.02210350163767,515.582
546,13,26,16.000612885536142,165.1225962418613,515.514
547,13,27,8.928032254710685,170.80729438617118,515.77
548,13,28,1.7745844252680993,176.27200579769334,516.41
549,13,29,-5.392849283717145,-178.30712896279033,517.45
550,13,30,-12.509453898837918,-172.75806471501852,518.852
551,13,31,-19.50468775995486,-166.8973252750407,520.533
552,13,32,-26.293460370387944,-160.5143359107454,522.365
553,13,33,-32.76483067499595,-153.35610641527526,524.193
554,13,34,-38.76707455910351,-145.11854310640302,525.842
555,13,35,-44.08979316797026,-135.4615435445971,527.142
556,13,36,-48.44978636803995,-124.08748906696333,527.939
557,13,37,-51.50232085152371,-110.93213491416857,528.112
558,13,38,-52.91218459433565,-96.4318482119066,527.586
559,13,39,-52.48810156386414,-81.59694371201654,526.342
560,14,0,-51.59668333000202,-65.43405236199007,525.461
561,14,1,-48.602949945082905,-52.195820693806375,523.233
562,14,2,-44.28139021947287,-40.73003336052474,520.491
563,14,3,-38.97811715917315,-30.99066171732846,517.402
564,14,4,-32.979967973473016,-22.685821045131615,514.164
565,14,5,-26.50110324379821,-15.474671243972233,510.99
566,14,6,-19.69633945297083,-9.050273857833696,508.087
567,14,7,-12.679092745932586,-3.1567454544149935,505.64
568,14,8,-5.5364663907345335,2.419006049991338,503.799
569,14,9,1.6592734364402417,7.862392970594465,502.66
570,14,10,8.841798555118334,13.34707927034431,502.263
571,14,11,15.942805579495738,19.050553604682587,502.59
572,14,12,22.883841889548627,25.169950600981498,503.561
573,14,13,29.566246256489812,31.93804993634425,505.053
574,14,14,35.857943312338755,39.636680583851195,506.906
575,14,15,41.576454308134814,48.59669007670859,508.939
576,14,16,46.47114203718979,59.155817608995214,510.973
577,14,17,50.218515080033534,71.52419053543194,512.842
578,14,18,52.46138869402022,85.53218452307607,514.413
579,14,19,52.92010761377286,100.41309717721533,515.597
580,14,20,51.53112375925365,114.97639920475984,516.355
581,14,21,48.484910615846744,128.19408566392013,516.699
582,14,22,44.12002017014215,139.61821908854844,516.691
583,14,23,38.78580976799686,149.31077661517347,516.435
584,14,24,32.76939324136152,157.57198603895228,516.06
585,14,25,26.283993728198308,164.74535123362313,515.707
586,14,26,19.483116315008665,171.13777991935143,515.513
587,14,27,12.478905877775036,177.0040244918003,515.597
588,14,28,5.35709751228036,-177.44414822153757,516.04
589,14,29,-1.811393702087473,-172.02276753010997,516.881
590,14,30,-8.961684596751338,-166.55964072247528,518.11
591,14,31,-16.027103774232035,-160.87899971053236,519.665
592,14,32,-22.931053864639047,-154.78578795196398,521.439
593,14,33,-29.577143823310568,-148.0499236943891,523.29
594,14,34,-35.83614134850808,-140.39315869139975,525.051
595,14,35,-41.52929868210505,-131.4886683912108,526.546
596,14,36,-46.410688032846004,-121.00175986411331,527.612
597,14,37,-50.16203283069211,-108.71976834010974,528.109
598,14,38,-52.42965563513634,-94.79814209452043,527.939
599,14,39,-52.9319887278341,-79.97877627499214,527.053
600,15,0,-50.28823765108102,-49.60780737577518,524.42
601,15,1,-46.58562283786837,-37.23530559998519,521.917
602,15,2,-41.732783677858066,-26.65997002879812,518.978
603,15,3,-36.05091323186454,-17.680503034542653,515.789
604,15,4,-29.78977785745682,-9.963906428197635,512.556
605,15,5,-23.131598463954376,-3.1812794939136793,509.492
606,15,6,-16.208363334425833,2.9487002401739324,506.796
607,15,7,-9.118701254259822,8.658807541969939,504.636
608,15,8,-1.9410484083374748,14.146300195695012,503.137
609,15,9,5.256319778624114,19.58875714335396,502.369
610,15,10,12.407048872611917,25.159797524780274,502.34
611,15,11,19.438877179754492,31.04473632498745,503.002
612,15,12,26.264657462658,37.456555917769414,504.252
613,15,13,32.77093003392477,44.651330340393685,505.946
614,15,14,38.80273839185473,52.93708746404952,507.911
615,15,15,44.14543188894918,62.65778537005498,509.967
616,15,16,48.510715070531056,74.11206724967973,511.937
617,15,17,51.549076911487035,87.35643242773808,513.672
618,15,18,52.924055463113135,101.93391392799954,515.057
619,15,19,52.4499139762146,116.80988152517973,516.03
620,15,20,50.195674927449005,130.79623747353327,516.575
621,15,21,46.44447697867006,143.1352474167281,516.733
622,15,22,41.554334740507734,153.66483096575982,516.587
623,15,23,35.8479336701101,162.59845885294806,516.253
624,15,24,29.57454835142596,170.2742391025867,515.871
625,15,25,22.915202703122738,177.02209717234413,515.582
626,15,26,16.000612885536142,-176.8774064449666,515.514
627,15,27,8.928032254710685,-171.192721961035,515.77
628,15,28,1.7745844252680993,-165.72799688913452,516.41
629,15,29,-5.392849283717145,-160.30713529208387,517.45
630,15,30,-12.509453898837918,-154.75807104431206,518.852
631,15,31,-19.50468775995486,-148.89733160433425,520.533
632,15,32,-26.293460370387944,-142.5143422400389,522.365
633,15,33,-32.76483067499595,-135.35611274456878,524.193
634,15,34,-38.76707455910351,-127.11854943569656,525.842
635,15,35,-44.08979316797026,-117.46154987389065,527.142
636,15,36,-48.44978636803995,-106.08749539625687,527.939
637,15,37,-51.50232085152371,-92.93214124346211,528.112
638,15,38,-52.91218459433565,-78.43185454120014,527.586
639,15,39,-52.48810156386414,-63.59695004131007,526.342
640,16,0,-51.59668333000202,-47.43404503090526,525.461
641,16,1,-48.602949945082905,-34.195813362721566,523.233
642,16,2,-44.28139021947287,-22.730024321892646,520.491
643,16,3,-38.97811715917315,-12.99065609379095,517.402
644,16,4,-32.979967973473016,-4.68581328715999,514.164
645,16,5,-26.50110324379821,2.525335873669158,510.99
646,16,6,-19.69633945297083,8.949733473251108,508.087
647,16,7,-12.679092745932586,14.843261236339576,505.64
648,16,8,-5.5364663907345335,20.419012740745906,503.799
649,16,9,1.6592734364402417,25.86240030167927,502.66
650,16,10,8.841798555118334,31.34708489388182,502.263
651,16,11,15.942805579495738,37.050559228220095,502.59
652,16,12,22.883841889548627,43.1699579320663,503.561
653,16,13,29.566246256489812,49.93805726742905,505.053
654,16,14,35.857943312338755,57.636687914936,506.906
655,16,15,41.576454308134814,66.5966939926988,508.939
656,16,16,46.47114203718979,77.15582494008002,510.973
657,16,17,50.218515080033534,89.52419786651674,512.842
658,16,18,52.46138869402022,103.53219185416087,514.413
659,16,19,52.92010761377286,118.41310450830014,515.597
660,16,20,51.53112375925365,132.97640653584466,516.355
661,16,21,48.484910615846744,146.19409299500495,516.699
662,16,22,44.12002017014215,157.61822641963326,516.691
663,16,23,38.78580976799686,167.31078394625825,516.435
664,16,24,32.76939324136152,175.57199337003706,516.06
665,16,25,26.283993728198308,-177.2546377928264,515.707
666,16,26,19.483116315008665,-170.86222276747642,515.513
667,16,27,12.478905877775036,-164.9959781950276,515.597
668,16,28,5.35709751228036,-159.44414089045276,516.04
669,16,29,-1.811393702087473,-154.02276019902519,516.881
670,16,30,-8.961684596751338,-148.5596333913905,518.11
671,16,31,-16.027103774232035,-142.87899237944757,519.665
672,16,32,-22.931053864639047,-136.78578062087917,521.439
673,16,33,-29.577143823310568,-130.0499163633043,523.29
674,16,34,-35.83614134850808,-122.39315136031495,525.051
675,16,35,-41.52929868210505,-113.48866789031517,526.546
676,16,36,-46.410688032846004,-103.00175936321767,527.612
677,16,37,-50.16203283069211,-90.71976100902494,528.109
678,16,38,-52.42965563513634,-76.79813476343563,527.939
679,16,39,-52.9319887278341,-61.97876894390733,527.053
680,17,0,-50.28823765108102,-31.60781370506872,524.42
681,17,1,-46.58562283786837,-19.235311929278726,521.917
682,17,2,-41.732783677858066,-8.659977211865304,518.978
683,17,3,-36.05091323186454,0.31949047608125025,515.789
684,17,4,-29.78977785745682,8.03608724250883,512.556
685,17,5,-23.131598463954376,14.81871353646255,509.492
686,17,6,-16.208363334425833,20.948693910880397,506.796
687,17,7,-9.118701254259822,26.658802066450047,504.636
688,17,8,-1.9410484083374748,32.14629557394877,503.137
689,17,9,5.256319778624114,37.588750814060425,502.369
690,17,10,12.407048872611917,43.15979119548674,502.34
691,17,11,19.438877179754492,49.04472999569391,503.002
692,17,12,26.264657462658,55.45654958847587,504.252
693,17,13,32.77093003392477,62.65132401110015,505.946
694,17,14,38.80273839185473,70.93708113475599,507.911
695,17,15,44.14543188894918,80.65777904076144,509.967
696,17,16,48.510715070531056,92.11206092038618,511.937
697,17,17,51.549076911487035,105.35642609844456,513.672
698,17,18,52.924055463113135,119.93390076851684,515.057
699,17,19,52.4499139762146,134.80987519588618,516.03
700,17,20,50.195674927449005,148.79623114423973,516.575
701,17,21,46.44447697867006,161.13524108743457,516.733
702,17,22,41.554334740507734,171.6648246364663,516.587
703,17,23,35.8479336701101,-179.40154383387983,516.253
704,17,24,29.57454835142596,-171.72576358424115,515.871
705,17,25,22.915202703122738,-164.97791917486208,515.582
706,17,26,16.000612885536142,-158.8774127742601,515.514
707,17,27,8.928032254710685,-153.19272829032855,515.77
708,17,28,1.7745844252680993,-147.72800321842806,516.41
709,17,29,-5.392849283717145,-142.3071416213774,517.45
710,17,30,-12.509453898837918,-136.7580773736056,518.852
711,17,31,-19.50468775995486,-130.8973379336278,520.533
712,17,32,-26.293460370387944,-124.51434856933245,522.365
713,17,33,-32.76483067499595,-117.35611907386233,524.193
714,17,34,-38.76707455910351,-109.1185557649901,525.842
715,17,35,-44.08979316797026,-99.46155620318417,527.142
716,17,36,-48.44978636803995,-88.08750172555041,527.939
717,17,37,-51.50232085152371,-74.93214757275565,528.112
718,17,38,-52.91218459433565,-60.43186087049368,527.586
719,17,39,-52.48810156386414,-45.596952955509025,526.342
720,18,0,-51.59668333000202,-29.4340513601988,525.461
721,18,1,-48.602949945082905,-16.195817984467812,523.233
722,18,2,-44.28139021947287,-4.730031078073006,520.491
723,18,3,-38.97811715917315,5.009337576915514,517.402
724,18,4,-32.979967973473016,13.31417995665965,514.164
725,18,5,-26.50110324379821,20.525329757819033,510.99
726,18,6,-19.69633945297083,26.94972714395757,508.087
727,18,7,-12.679092745932586,32.84325490704604,505.64
728,18,8,-5.5364663907345335,38.41900811899966,503.799
729,18,9,1.6592734364402417,43.86239567993302,502.66
730,18,10,8.841798555118334,49.34707856458829,502.263
731,18,11,15.942805579495738,55.05055289892656,502.59
732,18,12,22.883841889548627,61.16995160277276,503.561
733,18,13,29.566246256489812,67.93804752304094,505.053
734,18,14,35.857943312338755,75.63668158564246,506.906
735,18,15,41.576454308134814,84.59668766340528,508.939
736,18,16,46.47114203718979,95.15581861078648,510.973
737,18,17,50.218515080033534,107.5241915372232,512.842
738,18,18,52.46138869402022,121.53219235505651,514.413
739,18,19,52.92010761377286,136.4130981790066,515.597
740,18,20,51.53112375925365,150.97640020655112,516.355
741,18,21,48.484910615846744,164.1940866657114,516.699
742,18,22,44.12002017014215,175.61822009033972,516.691
743,18,23,38.78580976799686,-174.6892187405696,516.435
744,18,24,32.76939324136152,-166.4280093167908,516.06
745,18,25,26.283993728198308,-159.2546441221199,515.707
746,18,26,19.483116315008665,-152.86222909676997,515.513
747,18,27,12.478905877775036,-146.99598452432113,515.597
748,18,28,5.35709751228036,-141.4441472197463,516.04
749,18,29,-1.811393702087473,-136.02276652831873,516.881
750,18,30,-8.961684596751338,-130.559639720684,518.11
751,18,31,-16.027103774232035,-124.8789987087411,519.665
752,18,32,-22.931053864639047,-118.78578695017272,521.439
753,18,33,-29.577143823310568,-112.04992952278701,523.29
754,18,34,-35.83614134850808,-104.39315768960849,525.051
755,18,35,-41.52929868210505,-95.48867421960871,526.546
756,18,36,-46.410688032846004,-85.00176569251121,527.612
757,18,37,-50.16203283069211,-72.71976733831848,528.109
758,18,38,-52.42965563513634,-58.79814109272916,527.939
759,18,39,-52.9319887278341,-43.978775273200874,527.053
760,19,0,-50.28823765108102,-13.607806373983914,524.42
761,19,1,-46.58562283786837,-1.2353037444202748,521.917
762,19,2,-41.732783677858066,9.3400301192195,518.978
763,19,3,-36.05091323186454,18.319497967248612,515.789
764,19,4,-29.78977785745682,26.036093719819984,512.556
765,19,5,-23.131598463954376,32.818720867547356,509.492
766,19,6,-16.208363334425833,38.948702949512494,506.796
767,19,7,-9.118701254259822,44.65880939753485,504.636
768,19,8,-1.9410484083374748,50.14630290503357,503.137
769,19,9,5.256319778624114,55.58875814514523,502.369
770,19,10,12.407048872611917,61.15979511147695,502.34
771,19,11,19.438877179754492,67.0447407418733,503.002
772,19,12,26.264657462658,73.45655350446609,504.252
773,19,13,32.77093003392477,80.65133134218496,505.946
774,19,14,38.80273839185473,88.93708846584079,507.911
775,19,15,44.14543188894918,98.65778637184626,509.967
776,19,16,48.510715070531056,110.11206825147099,511.937
777,19,17,51.549076911487035,123.35644025971852,513.672
778,19,18,52.924055463113135,137.93390809960164,515.057
779,19,19,52.4499139762146,152.809882526971,516.03
780,19,20,50.195674927449005,166.79623847532451,516.575
781,19,21,46.44447697867006,179.13524841851935,516.733
782,19,22,41.554334740507734,-170.33516438998322,516.587
783,19,23,35.8479336701101,-161.401536502795,516.253
784,19,24,29.57454835142596,-153.72575625315633,515.871
785,19,25,22.915202703122738,-146.97791184377726,515.582
786,19,26,16.000612885536142,-140.87740544317532,515.514
787,19,27,8.928032254710685,-135.19272095924376,515.77
788,19,28,1.7745844252680993,-129.72799588734327,516.41
789,19,29,-5.392849283717145,-124.30713429029261,517.45
790,19,30,-12.509453898837918,-118.7580700425208,518.852
791,19,31,-19.50468775995486,-112.89733743273216,520.533
792,19,32,-26.293460370387944,-106.51433440805847,522.365
793,19,33,-32.76483067499595,-99.35610491258835,524.193
794,19,34,-38.76707455910351,-91.1185484339053,525.842
795,19,35,-44.08979316797026,-81.46154887209937,527.142
796,19,36,-48.44978636803995,-70.08749439446561,527.939
797,19,37,-51.50232085152371,-56.932143656765426,528.112
798,19,38,-52.91218459433565,-42.43185695450346,527.586
799,19,39,-52.48810156386414,-27.596945624424226,526.342
800,20,0,-51.59668333000202,-11.434045736661288,525.461
801,20,1,-48.602949945082905,1.8041889197301675,523.233
802,20,2,-44.28139021947287,13.269975826124975,520.491
803,20,3,-38.97811715917315,23.00934490800032,517.402
804,20,4,-32.979967973473016,31.314187287744453,514.164
805,20,5,-26.50110324379821,38.52533708890384,510.99
806,20,6,-19.69633945297083,44.949734475042376,508.087
807,20,7,-12.679092745932586,50.84326223813084,505.64
808,20,8,-5.5364663907345335,56.419015450084466,503.799
809,20,9,1.6592734364402417,61.862403011017825,502.66
810,20,10,8.841798555118334,67.34708589567309,502.263
811,20,11,15.942805579495738,73.05056023001137,502.59
812,20,12,22.883841889548627,79.16995893385757,503.561
813,20,13,29.566246256489812,85.93805485412574,505.053
814,20,14,35.857943312338755,93.63668891672727,506.906
815,20,15,41.576454308134814,102.59669499449008,508.939
816,20,16,46.47114203718979,113.15582594187129,510.973
817,20,17,50.218515080033534,125.52420569849717,512.842
818,20,18,52.46138869402022,139.5321996861413,514.413
819,20,19,52.92010761377286,154.4131055100914,515.597
820,20,20,51.53112375925365,168.9764075376359,516.355
821,20,21,48.484910615846744,-177.80590236073812,516.699
822,20,22,44.12002017014215,-166.3817689361098,516.691
823,20,23,38.78580976799686,-156.68921140948478,516.435
824,20,24,32.76939324136152,-148.428001985706,516.06
825,20,25,26.283993728198308,-141.25463679103513,515.707
826,20,26,19.483116315008665,-134.86222176568518,515.513
827,20,27,12.478905877775036,-128.9959771932363,515.597
828,20,28,5.35709751228036,-123.4441398886615,516.04
829,20,29,-1.811393702087473,-118.02275919723391,516.881
830,20,30,-8.961684596751338,-112.55963921978838,518.11
831,20,31,-16.027103774232035,-106.87899137765629,519.665
832,20,32,-22.931053864639047,-100.78577278889874,521.439
833,20,33,-29.577143823310568,-94.04992219170221,523.29
834,20,34,-35.83614134850808,-86.39315035852368,525.051
835,20,35,-41.52929868210505,-77.48866688852391,526.546
836,20,36,-46.410688032846004,-67.00175836142641,527.612
837,20,37,-50.16203283069211,-54.719760007233674,528.109
838,20,38,-52.42965563513634,-40.79813376164435,527.939
839,20,39,-52.9319887278341,-25.978767942116068,527.053
840,21,0,-50.28823765108102,4.3921872967225495,524.42
841,21,1,-46.58562283786837,16.764689072512542,521.917
842,21,2,-41.732783677858066,27.34002464369961,518.978
843,21,3,-36.05091323186454,36.319489930407784,515.789
844,21,4,-29.78977785745682,44.03608739052645,512.556
845,21,5,-23.131598463954376,50.818714538253815,509.492
846,21,6,-16.208363334425833,56.94869662021895,506.796
847,21,7,-9.118701254259822,62.65880306824131,504.636
848,21,8,-1.9410484083374748,68.14629316064546,503.137
849,21,9,5.256319778624114,73.5887518158517,502.369
850,21,10,12.407048872611917,79.15978878218343,502.34
851,21,11,19.438877179754492,85.04473441257977,503.002
852,21,12,26.264657462658,91.45654717517256,504.252
853,21,13,32.77093003392477,98.65132501289142,505.946
854,21,14,38.80273839185473,106.93708213654725,507.911
855,21,15,44.14543188894918,116.65778687274188,509.967
856,21,16,48.510715070531056,128.11205509198828,511.937
857,21,17,51.549076911487035,141.356433930425,513.672
858,21,18,52.924055463113135,155.9339017703081,515.057
859,21,19,52.4499139762146,170.80987619767745,516.03
860,21,20,50.195674927449005,-175.20376421150334,516.575
861,21,21,46.44447697867006,-162.8647542683085,516.733
862,21,22,41.554334740507734,-152.33517071927676,516.587
863,21,23,35.8479336701101,-143.40154283208855,516.253
864,21,24,29.57454835142596,-135.72576258244987,515.871
865,21,25,22.915202703122738,-128.9779181730708,515.582
866,21,26,16.000612885536142,-122.87741177246886,515.514
867,21,27,8.928032254710685,-117.19272728853728,515.77
868,21,28,1.7745844252680993,-111.72800904682597,516.41
869,21,29,-5.392849283717145,-106.30714061958614,517.45
870,21,30,-12.509453898837918,-100.75806954162518,518.852
871,21,31,-19.50468775995486,-94.89734376202568,520.533
872,21,32,-26.293460370387944,-88.51434073735201,522.365
873,21,33,-32.76483067499595,-81.35611124188189,524.193
874,21,34,-38.76707455910351,-73.11855476319884,525.842
875,21,35,-44.08979316797026,-63.46155520139291,527.142
876,21,36,-48.44978636803995,-52.087504138853724,527.939
877,21,37,-51.50232085152371,-38.93214998605897,528.112
878,21,38,-52.91218459433565,-24.431861576249702,527.586
879,21,39,-52.48810156386414,-9.596952807491407,526.342
880,22,0,-51.59668333000202,6.565948360931999,525.461
881,22,1,-48.602949945082905,19.804183017323453,523.233
882,22,2,-44.28139021947287,31.26996864305779,520.491
883,22,3,-38.97811715917315,41.00934028625407,517.402
884,22,4,-32.979967973473016,49.31418095845092,514.164
885,22,5,-26.50110324379821,56.5253307596103,510.99
886,22,6,-19.69633945297083,62.949728145748836,508.087
887,22,7,-12.679092745932586,68.84325932393189,505.64
888,22,8,-5.5364663907345335,74.41900912079093,503.799
889,22,9,1.6592734364402417,79.86239668172429,502.66
890,22,10,8.841798555118334,85.34707956637955,502.263
891,22,11,15.942805579495738,91.05055390071783,502.59
892,22,12,22.883841889548627,97.16995260456403,503.561
893,22,13,29.566246256489812,103.9380485248322,505.053
894,22,14,35.857943312338755,111.63668258743373,506.906
895,22,15,41.576454308134814,120.59668866519654,508.939
896,22,16,46.47114203718979,131.15581961257774,510.973
897,22,17,50.218515080033534,143.52419936920364,512.842
898,22,18,52.46138869402022,157.53219335684776,514.413
899,22,19,52.92010761377286,172.41309918079787,515.597
900,22,20,51.53112375925365,-173.02359514919195,516.355
901,22,21,48.484910615846744,-159.80590869003166,516.699
902,22,22,44.12002017014215,-148.38177526540335,516.691
903,22,23,38.78580976799686,-138.68921773877832,516.435
904,22,24,32.76939324136152,-130.42800831499952,516.06
905,22,25,26.283993728198308,-123.25464312032865,515.707
906,22,26,19.483116315008665,-116.8622280949787,515.513
907,22,27,12.478905877775036,-110.99597669234069,515.597
908,22,28,5.35709751228036,-105.44414621795502,516.04
909,22,29,-1.811393702087473,-100.02275869633827,516.881
910,22,30,-8.961684596751338,-94.55964554908192,518.11
911,22,31,-16.027103774232035,-88.87899770694982,519.665
912,22,32,-22.931053864639047,-82.78577911819228,521.439
913,22,33,-29.577143823310568,-76.04992852099575,523.29
914,22,34,-35.83614134850808,-68.39315668781722,525.051
915,22,35,-41.52929868210505,-59.48867321781745,526.546
916,22,36,-46.410688032846004,-49.00176127562536,527.612
917,22,37,-50.16203283069211,-36.71976633652721,528.109
918,22,38,-52.42965563513634,-22.798140090937892,527.939
919,22,39,-52.9319887278341,-7.9787742714096055,527.053
920,23,0,-50.28823765108102,22.392194627807353,524.42
921,23,1,-46.58562283786837,34.76469640359735,521.917
922,23,2,-41.732783677858066,45.34003197478442,518.978
923,23,3,-36.05091323186454,54.319497261492586,515.789
924,23,4,-29.78977785745682,62.03609472161125,512.556
925,23,5,-23.131598463954376,68.8187252844332,509.492
926,23,6,-16.208363334425833,74.94870395130376,506.796
927,23,7,-9.118701254259822,80.65881039932611,504.636
928,23,8,-1.9410484083374748,86.14630049173026,503.137
929,23,9,5.256319778624114,91.5887591469365,502.369
930,23,10,12.407048872611917,97.15979611326823,502.34
931,23,11,19.438877179754492,103.04474174366457,503.002
932,23,12,26.264657462658,109.45655450625736,504.252
933,23,13,32.77093003392477,116.65133917416539,505.946
934,23,14,38.80273839185473,124.93709629782121,507.911
935,23,15,44.14543188894918,134.65779420382668,509.967
936,23,16,48.510715070531056,146.1120624230731,511.937
937,23,17,51.549076911487035,159.3564412615098,513.672
938,23,18,52.924055463113135,173.9339091013929,515.057
939,23,19,52.4499139762146,-171.1901264891504,516.03
940,23,20,50.195674927449005,-157.20375688041852,516.575
941,23,21,46.44447697867006,-144.8647469372237,516.733
942,23,22,41.554334740507734,-134.33516338819197,516.587
943,23,23,35.8479336701101,-125.40153550100375,516.253
944,23,24,29.57454835142596,-117.72575525136507,515.871
945,23,25,22.915202703122738,-110.97790401179682,515.582
946,23,26,16.000612885536142,-104.87740444138404,515.514
947,23,27,8.928032254710685,-99.1927131272633,515.77
948,23,28,1.7745844252680993,-93.72800171574117,516.41
949,23,29,-5.392849283717145,-88.30713328850133,517.45
950,23,30,-12.509453898837918,-82.75806221054037,518.852
951,23,31,-19.50468775995486,-76.89733643094088,520.533
952,23,32,-26.293460370387944,-70.51433340626721,522.365
953,23,33,-32.76483067499595,-63.35610391079709,524.193
954,23,34,-38.76707455910351,-55.118550847208624,525.842
955,23,35,-44.08979316797026,-45.46154787030811,527.142
956,23,36,-48.44978636803995,-34.08749680776892,527.939
957,23,37,-51.50232085152371,-20.93214265497416,528.112
958,23,38,-52.91218459433565,-6.431855098938546,527.586
959,23,39,-52.48810156386414,8.403054523593395,526.342
960,24,0,-51.59668333000202,24.56595526512998,525.461
961,24,1,-48.602949945082905,37.804188640860964,523.233
962,24,2,-44.28139021947287,49.269975974142596,520.491
963,24,3,-38.97811715917315,59.00934420224429,517.402
964,24,4,-32.979967973473016,67.3141917046303,514.164
965,24,5,-26.50110324379821,74.52533467560052,510.99
966,24,6,-19.69633945297083,80.94973547683364,508.087
967,24,7,-12.679092745932586,86.84326665501669,505.64
968,24,8,-5.5364663907345335,92.41901645187573,503.799
969,24,9,1.6592734364402417,97.8624040128091,502.66
970,24,10,8.841798555118334,103.34708689746435,502.263
971,24,11,15.942805579495738,109.05056123180263,502.59
972,24,12,22.883841889548627,115.16996676583801,503.561
973,24,13,29.566246256489812,121.938055855917,505.053
974,24,14,35.857943312338755,129.63668991851853,506.906
975,24,15,41.576454308134814,138.59669599628134,508.939
976,24,16,46.47114203718979,149.15582694366256,510.973
977,24,17,50.218515080033534,161.52420670028843,512.842
978,24,18,52.46138869402022,175.53220068793257,514.413
979,24,19,52.92010761377286,-169.58688984565165,515.597
980,24,20,51.53112375925365,-155.02358781810716,516.355
981,24,21,48.484910615846744,-141.80590135894684,516.699
982,24,22,44.12002017014215,-130.38176793431853,516.691
983,24,23,38.78580976799686,-120.68921040769352,516.435
984,24,24,32.76939324136152,-112.42800098391473,516.06
985,24,25,26.283993728198308,-105.25464261943303,515.707
986,24,26,19.483116315008665,-98.86221393370474,515.513
987,24,27,12.478905877775036,-92.99596936125587,515.597
988,24,28,5.35709751228036,-87.44413888687022,516.04
989,24,29,-1.811393702087473,-82.02275136525347,516.881
990,24,30,-8.961684596751338,-76.55963821799712,518.11
991,24,31,-16.027103774232035,-70.87899037586502,519.665
992,24,32,-22.931053864639047,-64.78577178710748,521.439
993,24,33,-29.577143823310568,-58.04992118991094,523.29
994,24,34,-35.83614134850808,-50.39314594163783,525.051
995,24,35,-41.52929868210505,-41.48866588673264,526.546
996,24,36,-46.410688032846004,-31.00175394454056,527.612
997,24,37,-50.16203283069211,-18.719759005442405,528.109
998,24,38,-52.42965563513634,-4.798132332966264,527.939
999,24,39,-52.9319887278341,10.021233059675199,527.053
1000,25,0,-50.28823765108102,40.392188298513815,524.42
1001,25,1,-46.58562283786837,52.76469007430381,521.917
1002,25,2,-41.732783677858066,63.340025645490876,518.978
1003,25,3,-36.05091323186454,72.31949093219905,515.789
1004,25,4,-29.78977785745682,80.03608839231772,512.556
1005,25,5,-23.131598463954376,86.81871895513967,509.492
1006,25,6,-16.208363334425833,92.94869762201022,506.796
1007,25,7,-9.118701254259822,98.65880407003259,504.636
1008,25,8,-1.9410484083374748,104.14629416243672,503.137
1009,25,9,5.256319778624114,109.58875281764296,502.369
1010,25,10,12.407048872611917,115.15978978397469,502.34
1011,25,11,19.438877179754492,121.04473541437103,503.002
1012,25,12,26.264657462658,127.45654817696382,504.252
1013,25,13,32.77093003392477,134.65133284487186,505.946
1014,25,14,38.80273839185473,142.9370899685277,507.911
1015,25,15,44.14543188894918,152.65778787453314,509.967
1016,25,16,48.510715070531056,164.11205609377956,511.937
1017,25,17,51.549076911487035,177.35643493221625,513.672
1018,25,18,52.924055463113135,-168.06609358543494,515.057
1019,25,19,52.4499139762146,-153.19013281844394,516.03
1020,25,20,50.195674927449005,-139.20376320971206,516.575
1021,25,21,46.44447697867006,-126.86475326651724,516.733
1022,25,22,41.554334740507734,-116.3351697174855,516.587
1023,25,23,35.8479336701101,-107.40154183029728,516.253
1024,25,24,29.57454835142596,-99.72576841084778,515.871
1025,25,25,22.915202703122738,-92.97791034109036,515.582
1026,25,26,16.000612885536142,-86.87741077067759,515.514
1027,25,27,8.928032254710685,-81.19271945655684,515.77
1028,25,28,1.7745844252680993,-75.7280080450347,516.41
1029,25,29,-5.392849283717145,-70.30713961779487,517.45
1030,25,30,-12.509453898837918,-64.7580685398339,518.852
1031,25,31,-19.50468775995486,-58.89734276023442,520.533
1032,25,32,-26.293460370387944,-52.514339735560746,522.365
1033,25,33,-32.76483067499595,-45.35611024009062,524.193
1034,25,34,-38.76707455910351,-37.11855717650216,525.842
1035,25,35,-44.08979316797026,-27.461555907148938,527.142
1036,25,36,-48.44978636803995,-16.087501429515164,527.939
1037,25,37,-51.50232085152371,-2.932148557380876,528.112
1038,25,38,-52.91218459433565,11.568138571767918,527.586
1039,25,39,-52.48810156386414,26.403049048073505,526.342
1040,26,0,-51.59668333000202,42.56596430376207,525.461
1041,26,1,-48.602949945082905,55.80419597194577,523.233
1042,26,2,-44.28139021947287,67.26998672032198,520.491
1043,26,3,-38.97811715917315,77.0093515333291,517.402
1044,26,4,-32.979967973473016,85.3141990357151,514.164
1045,26,5,-26.50110324379821,92.52534200668532,510.99
1046,26,6,-19.69633945297083,98.94974280791844,508.087
1047,26,7,-12.679092745932586,104.8432739861015,505.64
1048,26,8,-5.5364663907345335,110.41902378296054,503.799
1049,26,9,1.6592734364402417,115.8624113438939,502.66
1050,26,10,8.841798555118334,121.34709422854915,502.263
1051,26,11,15.942805579495738,127.0505753930766,502.59
1052,26,12,22.883841889548627,133.1699740969228,503.561
1053,26,13,29.566246256489812,139.9380631870018,505.053
1054,26,14,35.857943312338755,147.63669724960334,506.906
1055,26,15,41.576454308134814,156.59670332736616,508.939
1056,26,16,46.47114203718979,167.15583427474735,510.973
1057,26,17,50.218515080033534,179.52421403137325,512.842
1058,26,18,52.46138869402022,-166.46780199889528,514.413
1059,26,19,52.92010761377286,-151.58688251456684,515.597
1060,26,20,51.53112375925365,-137.02358048702234,516.355
1061,26,21,48.484910615846744,-123.80589402786205,516.699
1062,26,22,44.12002017014215,-112.38176060323374,516.691
1063,26,23,38.78580976799686,-102.68920307660872,516.435
1064,26,24,32.76939324136152,-94.42799365282993,516.06
1065,26,25,26.283993728198308,-87.25463528834823,515.707
1066,26,26,19.483116315008665,-80.86220660261993,515.513
1067,26,27,12.478905877775036,-74.99596203017107,515.597
1068,26,28,5.35709751228036,-69.44413155578542,516.04
1069,26,29,-1.811393702087473,-64.02274403416867,516.881
1070,26,30,-8.961684596751338,-58.55963088691231,518.11
1071,26,31,-16.027103774232035,-52.87898304478022,519.665
1072,26,32,-22.931053864639047,-46.78576445602267,521.439
1073,26,33,-29.577143823310568,-40.04991385882614,523.29
1074,26,34,-35.83614134850808,-32.39313861055303,525.051
1075,26,35,-41.52929868210505,-23.48865855564784,526.546
1076,26,36,-46.410688032846004,-13.001746613455758,527.612
1077,26,37,-50.16203283069211,-0.7197518878010153,528.109
1078,26,38,-52.42965563513634,13.201875425005362,527.939
1079,26,39,-52.9319887278341,28.021240390760003,527.053
1080,27,0,-50.28823765108102,58.39218196922028,524.42
1081,27,1,-46.58562283786837,70.76468716010486,521.917
1082,27,2,-41.732783677858066,81.34001931619734,518.978
1083,27,3,-36.05091323186454,90.31948460290552,515.789
1084,27,4,-29.78977785745682,98.03608206302418,512.556
1085,27,5,-23.131598463954376,104.81871262584613,509.492
1086,27,6,-16.208363334425833,110.94869129271669,506.796
1087,27,7,-9.118701254259822,116.65879774073905,504.636
1088,27,8,-1.9410484083374748,122.14629466333236,503.137
1089,27,9,5.256319778624114,127.58873965816025,502.369
1090,27,10,12.407048872611917,133.15978345468116,502.34
1091,27,11,19.438877179754492,139.0447290850775,503.002
1092,27,12,26.264657462658,145.45654184767028,504.252
1093,27,13,32.77093003392477,152.65132651557832,505.946
1094,27,14,38.80273839185473,160.93708363923415,507.911
1095,27,15,44.14543188894918,170.6577815452396,509.967
1096,27,16,48.510715070531056,-177.8879465930483,511.937
1097,27,17,51.549076911487035,-164.64358141498994,513.672
1098,27,18,52.924055463113135,-150.06609991472848,515.057
1099,27,19,52.4499139762146,-135.19013914773748,516.03
1100,27,20,50.195674927449005,-121.2037695390056,516.575
1101,27,21,46.44447697867006,-108.86475959581078,516.733
1102,27,22,41.554334740507734,-98.3351828769682,516.587
1103,27,23,35.8479336701101,-89.40154815959082,516.253
1104,27,24,29.57454835142596,-81.72577474014132,515.871
1105,27,25,22.915202703122738,-74.9779166703839,515.582
1106,27,26,16.000612885536142,-68.87741709997113,515.514
1107,27,27,8.928032254710685,-63.192725785850385,515.77
1108,27,28,1.7745844252680993,-57.72801437432824,516.41
1109,27,29,-5.392849283717145,-52.307149362183,517.45
1110,27,30,-12.509453898837918,-46.75807486912744,518.852
1111,27,31,-19.50468775995486,-40.897345674433375,520.533
1112,27,32,-26.293460370387944,-34.51434606485428,522.365
1113,27,33,-32.76483067499595,-27.356118276931454,524.193
1114,27,34,-38.76707455910351,-19.118561798248404,525.842
1115,27,35,-44.08979316797026,-9.46156138266883,527.142
1116,27,36,-48.44978636803995,1.9124913874176517,527.939
1117,27,37,-51.50232085152371,15.067844686438765,528.112
1118,27,38,-52.91218459433565,29.568131388700735,527.586
1119,27,39,-52.48810156386414,44.40304271877997,526.342
1120,28,0,-51.59668333000202,60.565944314090196,525.461
1121,28,1,-48.602949945082905,73.80417598227389,523.233
1122,28,2,-44.28139021947287,85.26996673065011,520.491
1123,28,3,-38.97811715917315,95.00933154365723,517.402
1124,28,4,-32.979967973473016,103.31417904604324,514.164
1125,28,5,-26.50110324379821,110.52532201701345,510.99
1126,28,6,-19.69633945297083,116.94972281824657,508.087
1127,28,7,-12.679092745932586,122.84324716624045,505.64
1128,28,8,-5.5364663907345335,128.41900379328865,503.799
1129,28,9,1.6592734364402417,133.862391354222,502.66
1130,28,10,8.841798555118334,139.34707423887727,502.263
1131,28,11,15.942805579495738,145.05055540340473,502.59
1132,28,12,22.883841889548627,151.16995410725093,503.561
1133,28,13,29.566246256489812,157.93804319732993,505.053
1134,28,14,35.857943312338755,165.63667725993145,506.906
1135,28,15,41.576454308134814,174.59668333769426,508.939
1136,28,16,46.47114203718979,-174.84418207245884,510.973
1137,28,17,50.218515080033534,-162.4758159762113,512.842
1138,28,18,52.46138869402022,-148.46782198856718,514.413
1139,28,19,52.92010761377286,-133.58690250423874,515.597
1140,28,20,51.53112375925365,-119.02360047669421,516.355
1141,28,21,48.484910615846744,-105.80591401753392,516.699
1142,28,22,44.12002017014215,-94.38178059290561,516.691
1143,28,23,38.78580976799686,-84.6892230662806,516.435
1144,28,24,32.76939324136152,-76.4280136425018,516.06
1145,28,25,26.283993728198308,-69.2546552780201,515.707
1146,28,26,19.483116315008665,-62.862226592291805,515.513
1147,28,27,12.478905877775036,-56.995982019842955,515.597
1148,28,28,5.35709751228036,-51.444154960551884,516.04
1149,28,29,-1.811393702087473,-46.02276402384055,516.881
1150,28,30,-8.961684596751338,-40.559650876584186,518.11
1151,28,31,-16.027103774232035,-34.8790030344521,519.665
1152,28,32,-22.931053864639047,-28.78578444569455,521.439
1153,28,33,-29.577143823310568,-22.049933848498014,523.29
1154,28,34,-35.83614134850808,-14.393158600224904,525.051
1155,28,35,-41.52929868210505,-5.48867769154607,526.546
1156,28,36,-46.410688032846004,4.998232969985543,527.612
1157,28,37,-50.16203283069211,17.28022833597052,528.109
1158,28,38,-52.42965563513634,31.20185458155984,527.939
1159,28,39,-52.9319887278341,46.02122040108812,527.053
1160,29,0,-50.28823765108102,76.39218930030508,524.42
1161,29,1,-46.58562283786837,88.76469449118966,521.917
1162,29,2,-41.732783677858066,99.34002664728214,518.978
1163,29,3,-36.05091323186454,108.31949193399032,515.789
1164,29,4,-29.78977785745682,116.03608939410898,512.556
1165,29,5,-23.131598463954376,122.81871312674177,509.492
1166,29,6,-16.208363334425833,128.94869862380148,506.796
1167,29,7,-9.118701254259822,134.65880507182385,504.636
1168,29,8,-1.9410484083374748,140.14630199441714,503.137
1169,29,9,5.256319778624114,145.58874698924507,502.369
1170,29,10,12.407048872611917,151.15979078576595,502.34
1171,29,11,19.438877179754492,157.0447364161623,503.002
1172,29,12,26.264657462658,163.4565491787551,504.252
1173,29,13,32.77093003392477,170.65133384666314,505.946
1174,29,14,38.80273839185473,178.93709097031896,507.911
1175,29,15,44.14543188894918,-171.34222114158825,509.967
1176,29,16,48.510715070531056,-159.8879392619635,511.937
1177,29,17,51.549076911487035,-146.64357408390515,513.672
1178,29,18,52.924055463113135,-132.0660925836437,515.057
1179,29,19,52.4499139762146,-117.19013181665268,516.03
1180,29,20,50.195674927449005,-103.20376903810998,516.575
1181,29,21,46.44447697867006,-90.86475226472596,516.733
1182,29,22,41.554334740507734,-80.3351755458834,516.587
1183,29,23,35.8479336701101,-71.40154082850601,516.253
1184,29,24,29.57454835142596,-63.725767409056516,515.871
1185,29,25,22.915202703122738,-56.9779093392991,515.582
1186,29,26,16.000612885536142,-50.877413183980906,515.514
1187,29,27,8.928032254710685,-45.192721869860165,515.77
1188,29,28,1.7745844252680993,-39.72800704324344,516.41
1189,29,29,-5.392849283717145,-34.307142031098195,517.45
1190,29,30,-12.509453898837918,-28.75806753804264,518.852
1191,29,31,-19.50468775995486,-22.897340050895863,520.533
1192,29,32,-26.293460370387944,-16.51433873376948,522.365
1193,29,33,-32.76483067499595,-9.356110092073003,524.193
1194,29,34,-38.76707455910351,-1.118555320937247,525.842
1195,29,35,-44.08979316797026,8.538445948415974,527.142
1196,29,36,-48.44978636803995,19.9124995722761,527.939
1197,29,37,-51.50232085152371,33.06785201752357,528.112
1198,29,38,-52.91218459433565,47.56813871978554,527.586
1199,29,39,-52.48810156386414,62.403046634770185,526.342
1200,30,0,-51.59668333000202,78.565951645175,525.461
1201,30,1,-48.602949945082905,91.80418331335869,523.233
1202,30,2,-44.28139021947287,103.26997406173491,520.491
1203,30,3,-38.97811715917315,113.00933887474203,517.402
1204,30,4,-32.979967973473016,121.31418637712804,514.164
1205,30,5,-26.50110324379821,128.52533617828743,510.99
1206,30,6,-19.69633945297083,134.94973014933137,508.087
1207,30,7,-12.679092745932586,140.84325449732526,505.64
1208,30,8,-5.5364663907345335,146.41901112437347,503.799
1209,30,9,1.6592734364402417,151.86239868530683,502.66
1210,30,10,8.841798555118334,157.34708156996209,502.263
1211,30,11,15.942805579495738,163.05056273448952,502.59
1212,30,12,22.883841889548627,169.16996143833575,503.561
1213,30,13,29.566246256489812,175.93805052841472,505.053
1214,30,14,35.857943312338755,-176.36331176651805,506.906
1215,30,15,41.576454308134814,-167.40330568875527,508.939
1216,30,16,46.47114203718979,-156.84417474137405,510.973
1217,30,17,50.218515080033534,-144.4758086451265,512.842
1218,30,18,52.46138869402022,-130.46781465748236,514.413
1219,30,19,52.92010761377286,-115.58689517315392,515.597
1220,30,20,51.53112375925365,-101.02359314560941,516.355
1221,30,21,48.484910615846744,-87.80590668644912,516.699
1222,30,22,44.12002017014215,-76.38177326182081,516.691
1223,30,23,38.78580976799686,-66.6892157351958,516.435
1224,30,24,32.76939324136152,-58.42800631141699,516.06
1225,30,25,26.283993728198308,-51.25464794693529,515.707
1226,30,26,19.483116315008665,-44.862219261207,515.513
1227,30,27,12.478905877775036,-38.99597468875815,515.597
1228,30,28,5.35709751228036,-33.44414762946708,516.04
1229,30,29,-1.811393702087473,-28.022756692755745,516.881
1230,30,30,-8.961684596751338,-22.559641837952093,518.11
1231,30,31,-16.027103774232035,-16.878997410914582,519.665
1232,30,32,-22.931053864639047,-10.785777114609745,521.439
1233,30,33,-29.577143823310568,-4.049926090526387,523.29
1234,30,34,-35.83614134850808,3.6068483039730754,525.051
1235,30,35,-41.52929868210505,12.511329639538733,526.546
1236,30,36,-46.410688032846004,22.99824072795717,527.612
1237,30,37,-50.16203283069211,35.28023566705532,528.109
1238,30,38,-52.42965563513634,49.201861912644645,527.939
1239,30,39,-52.9319887278341,64.02122773217293,527.053
1240,31,0,-50.28823765108102,94.3921966313899,524.42
1241,31,1,-46.58562283786837,106.76470182227446,521.917
1242,31,2,-41.732783677858066,117.34002714817778,518.978
1243,31,3,-36.05091323186454,126.31949926507512,515.789
1244,31,4,-29.78977785745682,134.03609672519377,512.556
1245,31,5,-23.131598463954376,140.81872045782657,509.492
1246,31,6,-16.208363334425833,146.9487059548863,506.796
1247,31,7,-9.118701254259822,152.65881240290867,504.636
1248,31,8,-1.9410484083374748,158.14630932550196,503.137
1249,31,9,5.256319778624114,163.58875432032985,502.369
1250,31,10,12.407048872611917,169.15979811685077,502.34
1251,31,11,19.438877179754492,175.0447437472471,503.002
1252,31,12,26.264657462658,-178.54343984769443,504.252
1253,31,13,32.77093003392477,-171.34866884016475,505.946
1254,31,14,38.80273839185473,-163.06291171650892,507.911
1255,31,15,44.14543188894918,-153.34221381050344,509.967
1256,31,16,48.510715070531056,-141.8879319308787,511.937
1257,31,17,51.549076911487035,-128.64356675282033,513.672
1258,31,18,52.924055463113135,-114.06608525255888,515.057
1259,31,19,52.4499139762146,-99.1901176553787,516.03
1260,31,20,50.195674927449005,-85.20376170702518,516.575
1261,31,21,46.44447697867006,-72.86474493364116,516.733
1262,31,22,41.554334740507734,-62.3351682147986,516.587
1263,31,23,35.8479336701101,-53.40153008232663,516.253
1264,31,24,29.57454835142596,-45.725760077971714,515.871
1265,31,25,22.915202703122738,-38.97790200821429,515.582
1266,31,26,16.000612885536142,-32.8774058528961,515.514
1267,31,27,8.928032254710685,-27.19271453877536,515.77
1268,31,28,1.7745844252680993,-21.72799800461134,516.41
1269,31,29,-5.392849283717145,-16.307132992466094,517.45
1270,31,30,-12.509453898837918,-10.758060206957834,518.852
1271,31,31,-19.50468775995486,-4.897332292924237,520.533
1272,31,32,-26.293460370387944,1.4856679569850888,522.365
1273,31,33,-32.76483067499595,8.643897239011801,524.193
1274,31,34,-38.76707455910351,16.881452863921204,525.842
1275,31,35,-44.08979316797026,26.53845242572713,527.142
1276,31,36,-48.44978636803995,37.912505195813615,527.939
1277,31,37,-51.50232085152371,51.06785934860837,528.112
1278,31,38,-52.91218459433565,65.56814946596492,527.586
1279,31,39,-52.48810156386414,80.403053965855,526.342
1280,32,0,-51.59668333000202,96.56595897625981,525.461
1281,32,1,-48.602949945082905,109.8041906444435,523.233
1282,32,2,-44.28139021947287,121.26998139281972,520.491
1283,32,3,-38.97811715917315,131.009353036016,517.402
1284,32,4,-32.979967973473016,139.31419370821283,514.164
1285,32,5,-26.50110324379821,146.52534350937222,510.99
1286,32,6,-19.69633945297083,152.94973748041616,508.087
1287,32,7,-12.679092745932586,158.84326182841005,505.64
1288,32,8,-5.5364663907345335,164.41901845545826,503.799
1289,32,9,1.6592734364402417,169.86240601639162,502.66
1290,32,10,8.841798555118334,175.34708890104687,502.263
1291,32,11,15.942805579495738,-178.94943995233834,502.59
1292,32,12,22.883841889548627,-172.83004124849214,503.561
1293,32,13,29.566246256489812,-166.0619384980348,505.053
1294,32,14,35.857943312338755,-158.36330443543326,506.906
1295,32,15,41.576454308134814,-149.40329835767045,508.939
1296,32,16,46.47114203718979,-138.84416741028923,510.973
1297,32,17,50.218515080033534,-126.47580131404169,512.842
1298,32,18,52.46138869402022,-112.46780732639756,514.413
1299,32,19,52.92010761377286,-97.58688784206912,515.597
1300,32,20,51.53112375925365,-83.02358581452461,516.355
1301,32,21,48.484910615846744,-69.80589935536432,516.699
1302,32,22,44.12002017014215,-58.38176593073601,516.691
1303,32,23,38.78580976799686,-48.68920840411099,516.435
1304,32,24,32.76939324136152,-40.42800239542678,516.06
1305,32,25,26.283993728198308,-33.25464061585049,515.707
1306,32,26,19.483116315008665,-26.86221363766949,515.513
1307,32,27,12.478905877775036,-20.99596906522064,515.597
1308,32,28,5.35709751228036,-15.444140298382276,516.04
1309,32,29,-1.811393702087473,-10.022749361670941,516.881
1310,32,30,-8.961684596751338,-4.559634933754113,518.11
1311,32,31,-16.027103774232035,1.121010560500455,519.665
1312,32,32,-22.931053864639047,7.214230216475058,521.439
1313,32,33,-29.577143823310568,13.95008166744524,523.29
1314,32,34,-35.83614134850808,21.6068560619447,525.051
1315,32,35,-41.52929868210505,30.51133611684989,526.546
1316,32,36,-46.410688032846004,40.99824805904197,527.612
1317,32,37,-50.16203283069211,53.280242998140125,528.109
1318,32,38,-52.42965563513634,67.20186924372945,527.939
1319,32,39,-52.9319887278341,82.02123506325773,527.053
1320,33,0,-50.28823765108102,112.3922039624747,524.42
1321,33,1,-46.58562283786837,124.7647023231701,521.917
1322,33,2,-41.732783677858066,135.34003447926258,518.978
1323,33,3,-36.05091323186454,144.31950659615993,515.789
1324,33,4,-29.78977785745682,152.0361040562786,512.556
1325,33,5,-23.131598463954376,158.81872778891136,509.492
1326,33,6,-16.208363334425833,164.94871328597108,506.796
1327,33,7,-9.118701254259822,170.65881973399345,504.636
1328,33,8,-1.9410484083374748,176.14631665658675,503.137
1329,33,9,5.256319778624114,-178.41123470611967,502.369
1330,33,10,12.407048872611917,-172.84019090959876,502.34
1331,33,11,19.438877179754492,-166.95524527920242,503.002
1332,33,12,26.264657462658,-160.54343251660964,504.252
1333,33,13,32.77093003392477,-153.34866150907993,505.946
1334,33,14,38.80273839185473,-145.0629043854241,507.911
1335,33,15,44.14543188894918,-135.34220647941865,509.967
1336,33,16,48.510715070531056,-123.8879245997939,511.937
1337,33,17,51.549076911487035,-110.64355259154637,513.672
1338,33,18,52.924055463113135,-96.06607792147408,515.057
1339,33,19,52.4499139762146,-81.1901103242939,516.03
1340,33,20,50.195674927449005,-67.20375437594036,516.575
1341,33,21,46.44447697867006,-54.86474101765095,516.733
1342,33,22,41.554334740507734,-44.335157468619215,516.587
1343,33,23,35.8479336701101,-35.40152275124183,516.253
1344,33,24,29.57454835142596,-27.725751039339617,515.871
1345,33,25,22.915202703122738,-20.97789467712949,515.582
1346,33,26,16.000612885536142,-14.8773985218113,515.514
1347,33,27,8.928032254710685,-9.192707207690557,515.77
1348,33,28,1.7745844252680993,-3.7279915273001833,516.41
1349,33,29,-5.392849283717145,1.692874231897002,517.45
1350,33,30,-12.509453898837918,7.24194712412697,518.852
1351,33,31,-19.50468775995486,13.102675465047389,520.533
1352,33,32,-26.293460370387944,19.485675928400127,522.365
1353,33,33,-32.76483067499595,26.643903716322956,524.193
1354,33,34,-38.76707455910351,34.881458487458715,525.842
1355,33,35,-44.08979316797026,44.53846146435923,527.142
1356,33,36,-48.44978636803995,55.91251252689842,527.939
1357,33,37,-51.50232085152371,69.06787009478776,528.112
1358,33,38,-52.91218459433565,83.56815679704972,527.586
1359,33,39,-52.48810156386414,98.4030612969398,526.342
1360,34,0,-51.59668333000202,114.56593898658792,525.461
1361,34,1,-48.602949945082905,127.80417748496079,523.233
1362,34,2,-44.28139021947287,139.26996140314785,520.491
1363,34,3,-38.97811715917315,149.00933304634412,517.402
1364,34,4,-32.979967973473016,157.31417371854096,514.164
1365,34,5,-26.50110324379821,164.52532351970035,510.99
1366,34,6,-19.69633945297083,170.9497174907443,508.087
1367,34,7,-12.679092745932586,176.84324183873818,505.64
1368,34,8,-5.5364663907345335,-177.58099789174793,503.799
1369,34,9,1.6592734364402417,-172.13761033081457,502.66
1370,34,10,8.841798555118334,-166.6529274461593,502.263
1371,34,11,15.942805579495738,-160.9494599420102,502.59
1372,34,12,22.883841889548627,-154.830061238164,503.561
1373,34,13,29.566246256489812,-148.06195848770668,505.053
1374,34,14,35.857943312338755,-140.36332442510513,506.906
1375,34,15,41.576454308134814,-131.40331834734232,508.939
1376,34,16,46.47114203718979,-120.84418739996111,510.973
1377,34,17,50.218515080033534,-108.4758144735244,512.842
1378,34,18,52.46138869402022,-94.46782731606943,514.413
1379,34,19,52.92010761377286,-79.586907831741,515.597
1380,34,20,51.53112375925365,-65.02360580419649,516.355
1381,34,21,48.484910615846744,-51.805919345036195,516.699
1382,34,22,44.12002017014215,-40.381785920407886,516.691
1383,34,23,38.78580976799686,-30.689228393782873,516.435
1384,34,24,32.76939324136152,-22.428020677551363,516.06
1385,34,25,26.283993728198308,-15.254658897975077,515.707
1386,34,26,19.483116315008665,-8.86223277356772,515.513
1387,34,27,12.478905877775036,-2.995988201118869,515.597
1388,34,28,5.35709751228036,2.555839925389258,516.04
1389,34,29,-1.811393702087473,7.977230648657183,516.881
1390,34,30,-8.961684596751338,13.440345503460833,518.11
1391,34,31,-16.027103774232035,19.120989930498343,519.665
1392,34,32,-22.931053864639047,25.214210226803182,521.439
1393,34,33,-29.577143823310568,31.950060823999717,523.29
1394,34,34,-35.83614134850808,39.60683607227283,525.051
1395,34,35,-41.52929868210505,48.51131612717801,526.546
1396,34,36,-46.410688032846004,58.99822465427551,527.612
1397,34,37,-50.16203283069211,71.28022300846825,528.109
1398,34,38,-52.42965563513634,85.20184925405756,527.939
1399,34,39,-52.9319887278341,100.02121507358585,527.053
1400,35,0,-50.28823765108102,130.39217714261363,524.42
1401,35,1,-46.58562283786837,142.76468233349823,521.917
1402,35,2,-41.732783677858066,153.34001448959071,518.978
1403,35,3,-36.05091323186454,162.31948660648806,515.789
1404,35,4,-29.78977785745682,170.03608406660672,512.556
1405,35,5,-23.131598463954376,176.8187077992395,509.492
1406,35,6,-16.208363334425833,-177.0513030612351,506.796
1407,35,7,-9.118701254259822,-171.34119661321276,504.636
1408,35,8,-1.9410484083374748,-165.8537133509978,503.137
1409,35,9,5.256319778624114,-160.41125469579154,502.369
1410,35,10,12.407048872611917,-154.84021089927063,502.34
1411,35,11,19.438877179754492,-148.95526526887429,503.002
1412,35,12,26.264657462658,-142.5434525062815,504.252
1413,35,13,32.77093003392477,-135.34868149875183,505.946
1414,35,14,38.80273839185473,-127.06292437509599,507.911
1415,35,15,44.14543188894918,-117.34222646909052,509.967
1416,35,16,48.510715070531056,-105.88794458946577,511.937
1417,35,17,51.549076911487035,-92.64357258121824,513.672
1418,35,18,52.924055463113135,-78.06609791114596,515.057
1419,35,19,52.4499139762146,-63.190130313965774,516.03
1420,35,20,50.195674927449005,-49.20377095051766,516.575
1421,35,21,46.44447697867006,-36.86476100732283,516.733
1422,35,22,41.554334740507734,-26.335179165838383,516.587
1423,35,23,35.8479336701101,-17.4015427409137,516.253
1424,35,24,29.57454835142596,-9.725771882785141,515.871
1425,35,25,22.915202703122738,-2.9779146668013694,515.582
1426,35,26,16.000612885536142,3.122582128847059,515.514
1427,35,27,8.928032254710685,8.807272802637566,515.77
1428,35,28,1.7745844252680993,14.27198848302794,516.41
1429,35,29,-5.392849283717145,19.69285434894683,517.45
1430,35,30,-12.509453898837918,25.241927134455093,518.852
1431,35,31,-19.50468775995486,31.10265632914916,520.533
1432,35,32,-26.293460370387944,37.48565593872825,522.365
1433,35,33,-32.76483067499595,44.643885434198374,524.193
1434,35,34,-38.76707455910351,52.88143849778684,525.842
1435,35,35,-44.08979316797026,62.53844147468735,527.142
1436,35,36,-48.44978636803995,73.91249595232112,527.939
1437,35,37,-51.50232085152371,87.06785010511588,528.112
1438,35,38,-52.91218459433565,101.56813680737785,527.586
1439,35,39,-52.48810156386414,116.40304813745709,526.342
1440,36,0,-51.59668333000202,132.56593948748358,525.461
1441,36,1,-48.602949945082905,145.8041848160456,523.233
1442,36,2,-44.28139021947287,157.26996873423263,520.491
1443,36,3,-38.97811715917315,167.0093403774289,517.402
1444,36,4,-32.979967973473016,175.31418104962577,514.164
1445,36,5,-26.50110324379821,-177.47467916712753,510.99
1446,36,6,-19.69633945297083,-171.05027153570524,508.087
1447,36,7,-12.679092745932586,-165.15674718771135,505.64
1448,36,8,-5.5364663907345335,-159.58099056066314,503.799
1449,36,9,1.6592734364402417,-154.13760299972978,502.66
1450,36,10,8.841798555118334,-148.65292011507452,502.263
1451,36,11,15.942805579495738,-142.94945261092542,502.59
1452,36,12,22.883841889548627,-136.8300539070792,503.561
1453,36,13,29.566246256489812,-130.06195115662186,505.053
1454,36,14,35.857943312338755,-122.36331709402033,506.906
1455,36,15,41.576454308134814,-113.40331101625753,508.939
1456,36,16,46.47114203718979,-102.84418689906549,510.973
1457,36,17,50.218515080033534,-90.47580714243959,512.842
1458,36,18,52.46138869402022,-76.46781998498463,514.413
1459,36,19,52.92010761377286,-61.58690050065619,515.597
1460,36,20,51.53112375925365,-47.02359847311168,516.355
1461,36,21,48.484910615846744,-33.80591201395139,516.699
1462,36,22,44.12002017014215,-22.381778589323083,516.691
1463,36,23,38.78580976799686,-12.689221916471714,516.435
1464,36,24,32.76939324136152,-4.428014200240205,516.06
1465,36,25,26.283993728198308,2.745348219666316,515.707
1466,36,26,19.483116315008665,9.137774557517083,515.513
1467,36,27,12.478905877775036,15.004018276192287,515.597
1468,36,28,5.35709751228036,20.55584704303065,516.04
1469,36,29,-1.811393702087473,25.977237979741986,516.881
1470,36,30,-8.961684596751338,31.440351126998344,518.11
1471,36,31,-16.027103774232035,37.12099896913044,519.665
1472,36,32,-22.931053864639047,43.214217557887984,521.439
1473,36,33,-29.577143823310568,49.95006815508452,523.29
1474,36,34,-35.83614134850808,57.60683998826304,525.051
1475,36,35,-41.52929868210505,66.51132345826282,526.546
1476,36,36,-46.410688032846004,76.99823198536032,527.612
1477,36,37,-50.16203283069211,89.28023033955306,528.109
1478,36,38,-52.42965563513634,103.20185658514237,527.939
1479,36,39,-52.9319887278341,118.02121557448149,527.053
1480,37,0,-50.28823765108102,148.39218447369845,524.42
1481,37,1,-46.58562283786837,160.76468966458302,521.917
1482,37,2,-41.732783677858066,171.3400218206755,518.978
1483,37,3,-36.05091323186454,-179.68050241996147,515.789
1484,37,4,-29.78977785745682,-171.9639049598428,512.556
1485,37,5,-23.131598463954376,-165.18128122721004,509.492
1486,37,6,-16.208363334425833,-159.05129573015031,506.796
1487,37,7,-9.118701254259822,-153.34118928212794,504.636
1488,37,8,-1.9410484083374748,-147.85370601991298,503.137
1489,37,9,5.256319778624114,-142.41124736470675,502.369
1490,37,10,12.407048872611917,-136.84020356818584,502.34
1491,37,11,19.438877179754492,-130.9552579377895,503.002
1492,37,12,26.264657462658,-124.54344517519671,504.252
1493,37,13,32.77093003392477,-117.34867416766701,505.946
1494,37,14,38.80273839185473,-109.06291021382201,507.911
1495,37,15,44.14543188894918,-99.34221230781655,509.967
1496,37,16,48.510715070531056,-87.88793725838097,511.937
1497,37,17,51.549076911487035,-74.64356525013343,513.672
1498,37,18,52.924055463113135,-60.06609058006116,515.057
1499,37,19,52.4499139762146,-45.19012298288097,516.03
1500,37,20,50.195674927449005,-31.20376361943286,516.575
1501,37,21,46.44447697867006,-18.864753676238024,516.733
1502,37,22,41.554334740507734,-8.335170980979932,516.587
1503,37,23,35.8479336701101,0.5984641099234262,516.253
1504,37,24,29.57454835142596,8.274235448299663,515.871
1505,37,25,22.915202703122738,15.022092664283434,515.582
1506,37,26,16.000612885536142,21.122588819601628,515.514
1507,37,27,8.928032254710685,26.80728013372237,515.77
1508,37,28,1.7745844252680993,32.2719949603391,516.41
1509,37,29,-5.392849283717145,37.69285997248434,517.45
1510,37,30,-12.509453898837918,43.2419344655399,518.852
1511,37,31,-19.50468775995486,49.102663660233965,520.533
1512,37,32,-26.293460370387944,55.48566326981305,522.365
1513,37,33,-32.76483067499595,62.64389276528318,524.193
1514,37,34,-38.76707455910351,70.88144924396623,525.842
1515,37,35,-44.08979316797026,80.53844880577215,527.142
1516,37,36,-48.44978636803995,91.91250328340593,527.939
1517,37,37,-51.50232085152371,105.06785743620068,528.112
1518,37,38,-52.91218459433565,119.56814413846266,527.586
1519,37,39,-52.48810156386414,134.40305546854188,526.342
1520,38,0,-51.59668333000202,150.56594681856836,525.461
1521,38,1,-48.602949945082905,163.8041921471304,523.233
1522,38,2,-44.28139021947287,175.26997606531745,520.491
1523,38,3,-38.97811715917315,-174.99066230939894,517.402
1524,38,4,-32.979967973473016,-166.6858216372021,514.164
1525,38,5,-26.50110324379821,-159.47467183604272,510.99
1526,38,6,-19.69633945297083,-153.05026420462042,508.087
1527,38,7,-12.679092745932586,-147.15673985662653,505.64
1528,38,8,-5.5364663907345335,-141.58098322957832,503.799
1529,38,9,1.6592734364402417,-136.13759566864496,502.66
1530,38,10,8.841798555118334,-130.6529127839897,502.263
1531,38,11,15.942805579495738,-124.9494452798406,502.59
1532,38,12,22.883841889548627,-118.8300465759944,503.561
1533,38,13,29.566246256489812,-112.06194382553706,505.053
1534,38,14,35.857943312338755,-104.36331659312471,506.906
1535,38,15,41.576454308134814,-95.40330368517273,508.939
1536,38,16,46.47114203718979,-84.84417956798069,510.973
1537,38,17,50.218515080033534,-72.47579981135479,512.842
1538,38,18,52.46138869402022,-58.467812653899834,514.413
1539,38,19,52.92010761377286,-43.58689316957139,515.597
1540,38,20,51.53112375925365,-29.023591142026884,516.355
1541,38,21,48.484910615846744,-15.805904682866588,516.699
1542,38,22,44.12002017014215,-4.381771685125103,516.691
1543,38,23,38.78580976799686,5.310785414613088,516.435
1544,38,24,32.76939324136152,13.571993130844598,516.06
1545,38,25,26.283993728198308,20.74535576419453,515.707
1546,38,26,19.483116315008665,27.13778103482824,515.513
1547,38,27,12.478905877775036,33.004027314824384,515.597
1548,38,28,5.35709751228036,38.555854374115455,516.04
1549,38,29,-1.811393702087473,43.97724531082679,516.881
1550,38,30,-8.961684596751338,49.440358458083146,518.11
1551,38,31,-16.027103774232035,55.12100630021524,519.665
1552,38,32,-22.931053864639047,61.21422488897279,521.439
1553,38,33,-29.577143823310568,67.95007548616933,523.29
1554,38,34,-35.83614134850808,75.60684731934785,525.051
1555,38,35,-41.52929868210505,84.51133078934762,526.546
1556,38,36,-46.410688032846004,94.99823931644512,527.612
1557,38,37,-50.16203283069211,107.28023767063786,528.109
1558,38,38,-52.42965563513634,121.20187074641635,527.939
1559,38,39,-52.9319887278341,136.0212229055663,527.053
1560,39,0,-50.28823765108102,166.39219180478324,524.42
1561,39,1,-46.58562283786837,178.76469699566783,521.917
1562,39,2,-41.732783677858066,-170.65996720577402,518.978
1563,39,3,-36.05091323186454,-161.68049508887668,515.789
1564,39,4,-29.78977785745682,-153.96389762875802,512.556
1565,39,5,-23.131598463954376,-147.18127389612522,509.492
1566,39,6,-16.208363334425833,-141.0512883990655,506.796
1567,39,7,-9.118701254259822,-135.34118195104315,504.636
1568,39,8,-1.9410484083374748,-129.8536986888282,503.137
1569,39,9,5.256319778624114,-124.41124003362194,502.369
1570,39,10,12.407048872611917,-118.84019623710104,502.34
1571,39,11,19.438877179754492,-112.95525743689386,503.002
1572,39,12,26.264657462658,-106.5434378441119,504.252
1573,39,13,32.77093003392477,-99.34866683658221,505.946
1574,39,14,38.80273839185473,-91.0629028827372,507.911
1575,39,15,44.14543188894918,-81.34220497673175,509.967
1576,39,16,48.510715070531056,-69.88792992729617,511.937
1577,39,17,51.549076911487035,-56.64356133414322,513.672
1578,39,18,52.924055463113135,-42.066079833881766,515.057
1579,39,19,52.4499139762146,-27.19011565179617,516.03
1580,39,20,50.195674927449005,-13.2037571421217,516.575
1581,39,21,46.44447697867006,-0.8647459716272491,516.733
1582,39,22,41.554334740507734,9.664836350104872,516.587
1583,39,23,35.8479336701101,18.598471921255907,516.253
1584,39,24,29.57454835142596,26.27424363315811,515.871
1585,39,25,22.915202703122738,33.02209999536824,515.582
1586,39,26,16.000612885536142,39.122596150686434,515.514
1587,39,27,8.928032254710685,44.807287464807175,515.77
1588,39,28,1.7745844252680993,50.2720022914239,516.41
1589,39,29,-5.392849283717145,55.692867303569145,517.45
1590,39,30,-12.509453898837918,61.2419417966247,518.852
1591,39,31,-19.50468775995486,67.10266757622418,520.533
1592,39,32,-26.293460370387944,73.48567060089786,522.365
1593,39,33,-32.76483067499595,80.64390009636799,524.193
1594,39,34,-38.76707455910351,88.88145657505103,525.842
1595,39,35,-44.08979316797026,98.53845613685695,527.142
1596,39,36,-48.44978636803995,109.91251061449073,527.939
1597,39,37,-51.50232085152371,123.06786476728549,528.112
1598,39,38,-52.91218459433565,137.56815146954747,527.586
1599,39,39,-52.48810156386414,152.4030627996267,526.342
