0,0,0,-50.517735422288034,174.10165854740842,524.593
1,0,1,-46.91956786186322,-173.38670166584816,522.13
2,0,2,-42.14389276400114,-162.67559900943417,519.219
3,0,3,-36.51661260494894,-153.58334680896158,516.041
4,0,4,-30.293241346462214,-145.78077092757079,512.804
5,0,5,-23.66069053027295,-138.93623836030102,509.72
6,0,6,-16.754208147231157,-132.7643838036291,506.989
7,0,7,-9.674490822496685,-127.02904663681272,504.782
8,0,8,-2.501152948582493,-121.5307580153308,503.228
9,0,9,4.697033580419028,-116.0909767942792,502.402
10,0,10,11.853863313996122,-110.53633911214467,502.316
11,0,11,18.897811791820885,-104.68301725760548,502.927
12,0,12,25.74327838745966,-98.3207438570628,504.136
13,0,13,32.27933741369686,-91.19727319427888,505.801
14,0,14,38.354879472882416,-83.00856622853975,507.753
15,0,15,43.76056097450272,-73.41170648237579,509.808
16,0,16,48.213912615242734,-62.09917151859632,511.79
17,0,17,51.36852427587233,-48.98578887825129,513.548
18,0,18,52.882473271446095,-34.48102840208296,514.964
19,0,19,52.55320351193812,-19.58351838826056,515.969
20,0,20,50.42929471782013,-5.4927053687222624,516.547
21,0,21,46.78183709724991,6.987114900627909,516.733
22,0,22,41.96788903437366,17.652868089160783,516.606
23,0,23,36.31508787348771,26.6990370033033,516.283
24,0,24,30.07854118009203,34.460343174181574,515.899
25,0,25,23.4440249769691,41.2696285502395,515.598
26,0,26,16.54543829260784,47.41165567080596,515.509
27,0,27,9.482212459624364,53.12129766596476,515.737
28,0,28,2.332579610998347,58.59665734240295,516.346
29,0,29,-4.8360706187111,64.01480735435311,517.355
30,0,30,-11.959037981930564,69.54756111038692,518.732
31,0,31,-18.96652007977663,75.37692949150687,520.395
32,0,32,-25.77492265388433,81.71084394661567,522.221
33,0,33,-32.27580620589596,88.79849026720288,524.055
34,0,34,-38.32123396103093,96.94006209747974,525.725
35,0,35,-43.706018498885584,106.47453489576482,527.058
36,0,36,-48.15274485613068,117.70801041990138,527.898
37,0,37,-51.31990015917101,130.73248448782036,528.123
38,0,38,-52.86722487412404,145.15817186396745,527.653
39,0,39,-52.587190533248105,160.01122417648224,526.465
40,1,0,-48.88821621086307,-170.41846537710072,523.427
41,1,1,-44.65710185024235,-158.81140582612113,520.72
42,1,2,-39.41897171915163,-148.94654994749337,517.651
43,1,3,-33.4663286687967,-140.5424256455212,514.417
44,1,4,-27.018667658345095,-133.2578239900275,511.23
45,1,5,-20.234764972790227,-126.78202601529004,508.298
46,1,6,-13.230662964809673,-120.85529328755156,505.811
47,1,7,-6.095074692664496,-115.26172352714795,503.918
48,1,8,1.0989384840324414,-109.8143266451718,502.722
49,1,9,8.284869199063726,-104.33907625176033,502.268
50,1,10,15.394848530689588,-98.65935048516619,502.54
51,1,11,22.35154134186744,-92.58011329363966,503.465
52,1,12,29.058278257726794,-85.87192496258167,504.922
53,1,13,35.38616507089305,-78.25704267958284,506.753
54,1,14,41.15730608933865,-69.4077403078876,508.778
55,1,15,46.12684927660237,-58.983532917370816,510.818
56,1,16,49.976384873956576,-46.75657564260462,512.705
57,1,17,52.34829783683774,-32.8567479457514,514.304
58,1,18,52.9515777103737,-18.00340364264959,515.52
59,1,19,51.702445394205085,-3.372542079590373,516.311
60,1,20,48.77400178756212,9.974056089304273,516.685
61,1,21,44.498675612443904,21.54044101000279,516.702
62,1,22,39.2286075167942,31.358494724890328,516.461
63,1,23,33.2567340688311,39.718584797283405,516.09
64,1,24,26.801669133319205,46.96492031795211,515.73
65,1,25,20.020887844215032,53.40832953564538,515.52
66,1,26,13.029165554105127,59.30745463875867,515.578
67,1,27,5.913830073509507,64.87689334082462,515.991
68,1,28,-1.2533846425354738,70.30220139102495,516.801
69,1,29,-8.407413891831157,75.75590253760504,518.001
70,1,30,-15.48200174449895,81.41296573653308,519.534
71,1,31,-22.401651024713235,87.46637115261862,521.297
72,1,32,-29.07192497568848,94.14290838706276,523.147
73,1,33,-35.36672293742061,101.71685051617654,524.921
74,1,34,-41.111762387953,110.51179824245682,526.443
75,1,35,-46.066876800595075,120.86510143919969,527.548
76,1,36,-49.9188678509559,133.00644570781435,528.094
77,1,37,-52.3138907588938,146.81909628519614,527.977
78,1,38,-52.95955537132427,161.6080814232962,527.148
79,1,39,-51.76373268162761,176.216872510713,525.61
80,2,0,-50.517735422288034,-167.8983304790411,524.593
81,2,1,-46.91956786186322,-155.38669433476338,522.13
82,2,2,-42.14389276400114,-144.6756053387277,519.219
83,2,3,-36.51661260494894,-135.58335313825512,516.041
84,2,4,-30.293241346462214,-127.78077725686433,512.804
85,2,5,-23.66069053027295,-120.93624468959455,509.72
86,2,6,-16.754208147231157,-114.76439013292264,506.989
87,2,7,-9.674490822496685,-109.02904613591708,504.782
88,2,8,-2.501152948582493,-103.530750684246,503.228
89,2,9,4.697033580419028,-98.09097629338358,502.402
90,2,10,11.853863313996122,-92.53633861124904,502.316
91,2,11,18.897811791820885,-86.68301675670986,502.927
92,2,12,25.74327838745966,-80.32074335616717,504.136
93,2,13,32.27933741369686,-73.19727269338324,505.801
94,2,14,38.354879472882416,-65.00856572764413,507.753
95,2,15,43.76056097450272,-55.411705981480154,509.808
96,2,16,48.213912615242734,-44.0991676026061,511.79
97,2,17,51.36852427587233,-30.985788377355657,513.548
98,2,18,52.882473271446095,-16.48102790118733,514.964
99,2,19,52.55320351193812,-1.5835185276951609,515.969
100,2,20,50.42929471782013,12.507295559060195,516.547
101,2,21,46.78183709724991,24.987114974636718,516.733
102,2,22,41.96788903437366,35.652870297603705,516.606
103,2,23,36.31508787348771,44.699039211746225,516.283
104,2,24,30.07854118009203,52.46034367507721,515.899
105,2,25,23.4440249769691,59.26962905113514,515.598
106,2,26,16.54543829260784,65.4116561717016,515.509
107,2,27,9.482212459624364,71.1212981668604,515.737
108,2,28,2.332579610998347,76.59665784329859,516.346
109,2,29,-4.8360706187111,82.01480785524875,517.355
110,2,30,-11.959037981930564,87.54756161128256,518.732
111,2,31,-18.96652007977663,93.37692999240251,520.395
112,2,32,-25.77492265388433,99.7108444475113,522.221
113,2,33,-32.27580620589596,106.79849076809852,524.055
114,2,34,-38.32123396103093,114.94006259837538,525.725
115,2,35,-43.706018498885584,124.47452856647128,527.058
116,2,36,-48.15274485613068,135.70800409060786,527.898
117,2,37,-51.31990015917101,148.73247815852682,528.123
118,2,38,-52.86722487412404,163.1581655346739,527.653
119,2,39,-52.587190533248105,178.0112178471887,526.465
120,3,0,-48.88821621086307,-152.4184580460159,523.427
121,3,1,-44.65710185024235,-140.81139849503631,520.72
122,3,2,-39.41897171915163,-130.94654261640855,517.651
123,3,3,-33.4663286687967,-122.54243197481475,514.417
124,3,4,-27.018667658345095,-115.25783031932104,511.23
125,3,5,-20.234764972790227,-108.7820255143944,508.298
126,3,6,-13.230662964809673,-102.85529278665592,505.811
127,3,7,-6.095074692664496,-97.26172985644149,503.918
128,3,8,1.0989384840324414,-91.81432614427617,502.722
129,3,9,8.284869199063726,-86.3390757508647,502.268
130,3,10,15.394848530689588,-80.65934998427055,502.54
131,3,11,22.35154134186744,-74.58011279274402,503.465
132,3,12,29.058278257726794,-67.87192446168604,504.922
133,3,13,35.38616507089305,-60.2570421786872,506.753
134,3,14,41.15730608933865,-51.40773980699196,508.778
135,3,15,46.12684927660237,-40.98353583156977,510.818
136,3,16,49.976384873956576,-28.75657514170899,512.705
137,3,17,52.34829783683774,-14.856747444855765,514.304
138,3,18,52.9515777103737,-0.0034030846411709937,515.52
139,3,19,51.702445394205085,14.627457994418437,516.311
140,3,20,48.77400178756212,27.974055736426262,516.685
141,3,21,44.498675612443904,39.540443218445716,516.702
142,3,22,39.2286075167942,49.35849522578596,516.461
143,3,23,33.2567340688311,57.718581883084454,516.09
144,3,24,26.801669133319205,64.96492081884774,515.73
145,3,25,20.020887844215032,71.408330036541,515.52
146,3,26,13.029165554105127,77.30745513965431,515.578
147,3,27,5.913830073509507,82.87689384172025,515.991
148,3,28,-1.2533846425354738,88.30220189192059,516.801
149,3,29,-8.407413891831157,93.75590303850066,518.001
150,3,30,-15.48200174449895,99.4129662374287,519.534
151,3,31,-22.401651024713235,105.46637165351424,521.297
152,3,32,-29.07192497568848,112.1429088879584,523.147
153,3,33,-35.36672293742061,119.71685101707217,524.921
154,3,34,-41.111762387953,128.51179874335244,526.443
155,3,35,-46.066876800595075,138.8651087702845,527.548
156,3,36,-49.9188678509559,151.00643937852084,528.094
157,3,37,-52.3138907588938,164.81910361628093,527.977
158,3,38,-52.95955537132427,179.60807509400266,527.148
159,3,39,-51.76373268162761,-165.78313017611487,525.61
160,4,0,-50.517735422288034,-149.89833680833465,524.593
161,4,1,-46.91956786186322,-137.3867006640569,522.13
162,4,2,-42.14389276400114,-126.6755980076429,519.219
163,4,3,-36.51661260494894,-117.58334580717032,516.041
164,4,4,-30.293241346462214,-109.78076992577952,512.804
165,4,5,-23.66069053027295,-102.93623735850974,509.72
166,4,6,-16.754208147231157,-96.76438963202702,506.989
167,4,7,-9.674490822496685,-91.02904563502146,504.782
168,4,8,-2.501152948582493,-85.53075018335036,503.228
169,4,9,4.697033580419028,-80.09097579248794,502.402
170,4,10,11.853863313996122,-74.53633811035341,502.316
171,4,11,18.897811791820885,-68.68301625581422,502.927
172,4,12,25.74327838745966,-62.32074285527153,504.136
173,4,13,32.27933741369686,-55.19726877739302,505.801
174,4,14,38.354879472882416,-47.00856522674849,507.753
175,4,15,43.76056097450272,-37.41170548058452,509.808
176,4,16,48.213912615242734,-26.099167101710467,511.79
177,4,17,51.36852427587233,-12.985787022686376,513.548
178,4,18,52.882473271446095,1.5189721728214827,514.964
179,4,19,52.55320351193812,16.416482613530707,515.969
180,4,20,50.42929471782013,30.507296059955827,516.547
181,4,21,46.78183709724991,42.98711718307965,516.733
182,4,22,41.96788903437366,53.65287079849934,516.606
183,4,23,36.31508787348771,62.69903971264186,516.283
184,4,24,30.07854118009203,70.46034076087825,515.899
185,4,25,23.4440249769691,77.26962955203076,515.598
186,4,26,16.54543829260784,83.41165667259723,515.509
187,4,27,9.482212459624364,89.12129866775602,515.737
188,4,28,2.332579610998347,94.59665834419422,516.346
189,4,29,-4.8360706187111,100.01480835614439,517.355
190,4,30,-11.959037981930564,105.5475621121782,518.732
191,4,31,-18.96652007977663,111.37693049329815,520.395
192,4,32,-25.77492265388433,117.71083811821777,522.221
193,4,33,-32.27580620589596,124.79849809918332,524.055
194,4,34,-38.32123396103093,132.94005626908185,525.725
195,4,35,-43.706018498885584,142.47453589755608,527.058
196,4,36,-48.15274485613068,153.70801142169265,527.898
197,4,37,-51.31990015917101,166.73248548961163,528.123
198,4,38,-52.86722487412404,-178.8418234917756,527.653
199,4,39,-52.587190533248105,-163.98877117926082,526.465
200,5,0,-48.88821621086307,-134.41846437530944,523.427
201,5,1,-44.65710185024235,-122.81140482432986,520.72
202,5,2,-39.41897171915163,-112.94654211551293,517.651
203,5,3,-33.4663286687967,-104.54242464372994,514.417
204,5,4,-27.018667658345095,-97.25782981842542,511.23
205,5,5,-20.234764972790227,-90.78202501349878,508.298
206,5,6,-13.230662964809673,-84.8552922857603,505.811
207,5,7,-6.095074692664496,-79.26172935554585,503.918
208,5,8,1.0989384840324414,-73.81432564338053,502.722
209,5,9,8.284869199063726,-68.33907524996906,502.268
210,5,10,15.394848530689588,-62.65934948337492,502.54
211,5,11,22.35154134186744,-56.58011229184839,503.465
212,5,12,29.058278257726794,-49.871923960790404,504.922
213,5,13,35.38616507089305,-42.25704167779157,506.753
214,5,14,41.15730608933865,-33.407739306096325,508.778
215,5,15,46.12684927660237,-22.98353362312684,510.818
216,5,16,49.976384873956576,-10.756574640813357,512.705
217,5,17,52.34829783683774,3.1432532694832798,514.304
218,5,18,52.9515777103737,17.996597359141674,515.52
219,5,19,51.702445394205085,32.62745849531407,516.311
220,5,20,48.77400178756212,45.97405794486919,516.685
221,5,21,44.498675612443904,57.54044371934135,516.702
222,5,22,39.2286075167942,67.35849231158701,516.461
223,5,23,33.2567340688311,75.71858238398009,516.09
224,5,24,26.801669133319205,82.96492131974337,515.73
225,5,25,20.020887844215032,89.40833053743664,515.52
226,5,26,13.029165554105127,95.30745564054993,515.578
227,5,27,5.913830073509507,100.87689434261588,515.991
228,5,28,-1.2533846425354738,106.30220239281623,516.801
229,5,29,-8.407413891831157,111.7559035393963,518.001
230,5,30,-15.48200174449895,117.41297356851351,519.534
231,5,31,-22.401651024713235,123.46637898459906,521.297
232,5,32,-29.07192497568848,130.1429162190432,523.147
233,5,33,-35.36672293742061,137.71684468777863,524.921
234,5,34,-41.111762387953,146.51180607443726,526.443
235,5,35,-46.066876800595075,156.86510244099097,527.548
236,5,36,-49.9188678509559,169.00644670960563,528.094
237,5,37,-52.3138907588938,-177.18089907054693,527.977
238,5,38,-52.95955537132427,-162.3919275928252,527.148
239,5,39,-51.76373268162761,-147.78312284503008,525.61
240,6,0,-50.517735422288034,-131.89832947724983,524.593
241,6,1,-46.91956786186322,-119.3866933329721,522.13
242,6,2,-42.14389276400114,-108.67560433693644,519.219
243,6,3,-36.51661260494894,-99.58335213646384,516.041
244,6,4,-30.293241346462214,-91.78076942488389,512.804
245,6,5,-23.66069053027295,-84.93623685761412,509.72
246,6,6,-16.754208147231157,-78.76438913113138,506.989
247,6,7,-9.674490822496685,-73.02904513412582,504.782
248,6,8,-2.501152948582493,-67.53074968245473,503.228
249,6,9,4.697033580419028,-62.09097529159231,502.402
250,6,10,11.853863313996122,-56.53634102455236,502.316
251,6,11,18.897811791820885,-50.683015754918586,502.927
252,6,12,25.74327838745966,-44.3207423543759,504.136
253,6,13,32.27933741369686,-37.19726827649739,505.801
254,6,14,38.354879472882416,-29.008564725852853,507.753
255,6,15,43.76056097450272,-19.41170497968889,509.808
256,6,16,48.213912615242734,-8.099167454588482,511.79
257,6,17,51.36852427587233,5.014213051322434,513.548
258,6,18,52.882473271446095,19.51897310060394,514.964
259,6,19,52.55320351193812,34.41648311442634,515.969
260,6,20,50.42929471782013,48.50729656085146,516.547
261,6,21,46.78183709724991,60.987114268880696,516.733
262,6,22,41.96788903437366,71.65287129939497,516.606
263,6,23,36.31508787348771,80.69904021353749,516.283
264,6,24,30.07854118009203,88.46034126177389,515.899
265,6,25,23.4440249769691,95.2696300529264,515.598
266,6,26,16.54543829260784,101.41165717349286,515.509
267,6,27,9.482212459624364,107.12129916865166,515.737
268,6,28,2.332579610998347,112.59665884508985,516.346
269,6,29,-4.8360706187111,118.01480885704002,517.355
270,6,30,-11.959037981930564,123.54756261307382,518.732
271,6,31,-18.96652007977663,129.3769241640046,520.395
272,6,32,-25.77492265388433,135.71084544930258,522.221
273,6,33,-32.27580620589596,142.79849176988978,524.055
274,6,34,-38.32123396103093,150.94006360016664,525.725
275,6,35,-43.706018498885584,160.47452956826254,527.058
276,6,36,-48.15274485613068,171.7080050923991,527.898
277,6,37,-51.31990015917101,-175.26751719721625,528.123
278,6,38,-52.86722487412404,-160.84182982106915,527.653
279,6,39,-52.587190533248105,-145.98877750855436,526.465
280,7,0,-48.88821621086307,-116.41845704422464,523.427
281,7,1,-44.65710185024235,-104.81140432343422,520.72
282,7,2,-39.41897171915163,-94.94654844480647,517.651
283,7,3,-33.4663286687967,-86.54243097302349,514.417
284,7,4,-27.018667658345095,-79.25782931752978,511.23
285,7,5,-20.234764972790227,-72.78203134279231,508.298
286,7,6,-13.230662964809673,-66.85529861505383,505.811
287,7,7,-6.095074692664496,-61.26172885465023,503.918
288,7,8,1.0989384840324414,-55.81432855757948,502.722
289,7,9,8.284869199063726,-50.33907816416801,502.268
290,7,10,15.394848530689588,-44.65935239757387,502.54
291,7,11,22.35154134186744,-38.58011520604734,503.465
292,7,12,29.058278257726794,-31.871926874989356,504.922
293,7,13,35.38616507089305,-24.257042884443226,506.753
294,7,14,41.15730608933865,-15.407740512747987,508.778
295,7,15,46.12684927660237,-4.983536537325791,510.818
296,7,16,49.976384873956576,7.243422444987693,512.705
297,7,17,52.34829783683774,21.143250141840916,514.304
298,7,18,52.9515777103737,35.996596152490014,515.52
299,7,19,51.702445394205085,50.62745558111512,516.311
300,7,20,48.77400178756212,63.97405161557565,516.685
301,7,21,44.498675612443904,75.54043739004781,516.702
302,7,22,39.2286075167942,85.35849281248264,516.461
303,7,23,33.2567340688311,93.71858288487572,516.09
304,7,24,26.801669133319205,100.96491499044984,515.73
305,7,25,20.020887844215032,107.4083242081431,515.52
306,7,26,13.029165554105127,113.30745614144557,515.578
307,7,27,5.913830073509507,118.87688801332234,515.991
308,7,28,-1.2533846425354738,124.30220289371185,516.801
309,7,29,-8.407413891831157,129.75590404029194,518.001
310,7,30,-15.48200174449895,135.41296723921997,519.534
311,7,31,-22.401651024713235,141.46637265530552,521.297
312,7,32,-29.07192497568848,148.14290988974966,523.147
313,7,33,-35.36672293742061,155.71685201886345,524.921
314,7,34,-41.111762387953,164.51179974514372,526.443
315,7,35,-46.066876800595075,174.86510977207575,527.548
316,7,36,-49.9188678509559,-172.99355597722223,528.094
317,7,37,-52.3138907588938,-159.18090539984047,527.977
318,7,38,-52.95955537132427,-144.3919202617404,527.148
319,7,39,-51.76373268162761,-129.78312917432362,525.61
320,8,0,-50.517735422288034,-113.89833580654337,524.593
321,8,1,-46.91956786186322,-101.38669966226563,522.13
322,8,2,-42.14389276400114,-90.6756038360408,519.219
323,8,3,-36.51661260494894,-81.58335163556822,516.041
324,8,4,-30.293241346462214,-73.78076892398826,512.804
325,8,5,-23.66069053027295,-66.93623635671848,509.72
326,8,6,-16.754208147231157,-60.76438863023575,506.989
327,8,7,-9.674490822496685,-55.02904463323019,504.782
328,8,8,-2.501152948582493,-49.530749181559095,503.228
329,8,9,4.697033580419028,-44.09097820579126,502.402
330,8,10,11.853863313996122,-38.536340523656726,502.316
331,8,11,18.897811791820885,-32.683015254022955,502.927
332,8,12,25.74327838745966,-26.320741853480268,504.136
333,8,13,32.27933741369686,-19.197269483149046,505.801
334,8,14,38.354879472882416,-11.008565078730868,507.753
335,8,15,43.76056097450272,-1.4117050124017843,509.808
336,8,16,48.213912615242734,9.900833046307152,511.79
337,8,17,51.36852427587233,23.014213125331246,513.548
338,8,18,52.882473271446095,37.518973601499574,514.964
339,8,19,52.55320351193812,52.41648361532197,515.969
340,8,20,50.42929471782013,66.50729364665251,516.547
341,8,21,46.78183709724991,78.98711476977633,516.733
342,8,22,41.96788903437366,89.65287180029061,516.606
343,8,23,36.31508787348771,98.69904071443312,516.283
344,8,24,30.07854118009203,106.46034176266953,515.899
345,8,25,23.4440249769691,113.26963055382204,515.598
346,8,26,16.54543829260784,119.41166450457766,515.509
347,8,27,9.482212459624364,125.12130649973646,515.737
348,8,28,2.332579610998347,130.59665934598547,516.346
349,8,29,-4.8360706187111,136.01480252774647,517.355
350,8,30,-11.959037981930564,141.54756994415862,518.732
351,8,31,-18.96652007977663,147.37693149508942,520.395
352,8,32,-25.77492265388433,153.71083912000904,522.221
353,8,33,-32.27580620589596,160.7984991009746,524.055
354,8,34,-38.32123396103093,168.9400572708731,525.725
355,8,35,-43.706018498885584,178.47453689934736,527.058
356,8,36,-48.15274485613068,-170.29198393405042,527.898
357,8,37,-51.31990015917101,-157.26752352650976,528.123
358,8,38,-52.86722487412404,-142.84182248998434,527.653
359,8,39,-52.587190533248105,-127.98877017746956,526.465
360,9,0,-48.88821621086307,-98.41846337351818,523.427
361,9,1,-44.65710185024235,-86.81140382253858,520.72
362,9,2,-39.41897171915163,-76.94654794391083,517.651
363,9,3,-33.4663286687967,-68.54243047212785,514.417
364,9,4,-27.018667658345095,-61.25782881663415,511.23
365,9,5,-20.234764972790227,-54.78203084189668,508.298
366,9,6,-13.230662964809673,-48.85529469906361,505.811
367,9,7,-6.095074692664496,-43.26173176884918,503.918
368,9,8,1.0989384840324414,-37.81432805668385,502.722
369,9,9,8.284869199063726,-32.33907766327238,502.268
370,9,10,15.394848530689588,-26.659351896678235,502.54
371,9,11,22.35154134186744,-20.580114705151704,503.465
372,9,12,29.058278257726794,-13.871927227867369,504.922
373,9,13,35.38616507089305,-6.257042810434417,506.753
374,9,14,41.15730608933865,2.5922591343740007,508.778
375,9,15,46.12684927660237,13.016463963569842,510.818
376,9,16,49.976384873956576,25.243422945883324,512.705
377,9,17,52.34829783683774,39.14325064273655,514.304
378,9,18,52.9515777103737,53.99659665338565,515.52
379,9,19,51.702445394205085,68.62745949710533,516.311
380,9,20,48.77400178756212,81.97405211647128,516.685
381,9,21,44.498675612443904,93.54043789094345,516.702
382,9,22,39.2286075167942,103.35849331337828,516.461
383,9,23,33.2567340688311,111.71858338577135,516.09
384,9,24,26.801669133319205,118.96491549134547,515.73
385,9,25,20.020887844215032,125.40832470903874,515.52
386,9,26,13.029165554105127,131.30744981215204,515.578
387,9,27,5.913830073509507,136.87689534440716,515.991
388,9,28,-1.2533846425354738,142.30219656441832,516.801
389,9,29,-8.407413891831157,147.7558977109984,518.001
390,9,30,-15.48200174449895,153.41296090992643,519.534
391,9,31,-22.401651024713235,159.46636632601198,521.297
392,9,32,-29.07192497568848,166.14290356045612,523.147
393,9,33,-35.36672293742061,173.7168456895699,524.921
394,9,34,-41.111762387953,-177.48820294168414,526.443
395,9,35,-46.066876800595075,-167.1348929147521,527.548
396,9,36,-49.9188678509559,-154.99356230651577,528.094
397,9,37,-52.3138907588938,-141.18089806875565,527.977
398,9,38,-52.95955537132427,-126.39192659103394,527.148
399,9,39,-51.76373268162761,-111.78312867342797,525.61
400,10,0,-50.517735422288034,-95.89833530564773,524.593
401,10,1,-46.91956786186322,-83.38669916137,522.13
402,10,2,-42.14389276400114,-72.67560333514517,519.219
403,10,3,-36.51661260494894,-63.58335113467258,516.041
404,10,4,-30.293241346462214,-55.780768423092624,512.804
405,10,5,-23.66069053027295,-48.936235855822844,509.72
406,10,6,-16.754208147231157,-42.76438471424553,506.989
407,10,7,-9.674490822496685,-37.029044132334555,504.782
408,10,8,-2.501152948582493,-31.530748680663464,503.228
409,10,9,4.697033580419028,-26.09097599734833,502.402
410,10,10,11.853863313996122,-20.53634002276109,502.316
411,10,11,18.897811791820885,-14.683016460674613,502.927
412,10,12,25.74327838745966,-8.320740498810988,504.136
413,10,13,32.27933741369686,-1.1972686620882953,505.801
414,10,14,38.354879472882416,6.991434995277943,507.753
415,10,15,43.76056097450272,16.588296022102377,509.808
416,10,16,48.213912615242734,27.900834400976432,511.79
417,10,17,51.36852427587233,41.014213626226876,513.548
418,10,18,52.882473271446095,55.518974102395205,514.964
419,10,19,52.55320351193812,70.4164841162176,515.969
420,10,20,50.42929471782013,84.50729414754814,516.547
421,10,21,46.78183709724991,96.98711527067196,516.733
422,10,22,41.96788903437366,107.65287230118624,516.606
423,10,23,36.31508787348771,116.69904121532876,516.283
424,10,24,30.07854118009203,124.46034909375433,515.899
425,10,25,23.4440249769691,131.2696242245285,515.598
426,10,26,16.54543829260784,137.41165817528412,515.509
427,10,27,9.482212459624364,143.12130017044294,515.737
428,10,28,2.332579610998347,148.59665301669196,516.346
429,10,29,-4.8360706187111,154.01480985883128,517.355
430,10,30,-11.959037981930564,159.54756361486508,518.732
431,10,31,-18.96652007977663,165.37692516579588,520.395
432,10,32,-25.77492265388433,171.71084645109383,522.221
433,10,33,-32.27580620589596,178.79849277168105,524.055
434,10,34,-38.32123396103093,-173.05993175557643,525.725
435,10,35,-43.706018498885584,-163.52546578748053,527.058
436,10,36,-48.15274485613068,-152.29199026334393,527.898
437,10,37,-51.31990015917101,-139.26751619542497,528.123
438,10,38,-52.86722487412404,-124.84182881927788,527.653
439,10,39,-52.587190533248105,-109.98877650676309,526.465
440,11,0,-48.88821621086307,-80.41846287262254,523.427
441,11,1,-44.65710185024235,-68.81140332164296,520.72
442,11,2,-39.41897171915163,-58.94654744301519,517.651
443,11,3,-33.4663286687967,-50.54242655613763,514.417
444,11,4,-27.018667658345095,-43.257828315738514,511.23
445,11,5,-20.234764972790227,-36.78203034100105,508.298
446,11,6,-13.230662964809673,-30.85529419816798,505.811
447,11,7,-6.095074692664496,-25.261729560406252,503.918
448,11,8,1.0989384840324414,-19.814327555788214,502.722
449,11,9,8.284869199063726,-14.339078869924036,502.268
450,11,10,15.394848530689588,-8.659350542008955,502.54
451,11,11,22.35154134186744,-2.5801144176994835,503.465
452,11,12,29.058278257726794,4.128073699915088,504.922
453,11,13,35.38616507089305,11.74295811734804,506.753
454,11,14,41.15730608933865,20.59226048904328,508.778
455,11,15,46.12684927660237,31.016462756918184,510.818
456,11,16,49.976384873956576,43.24342344677896,512.705
457,11,17,52.34829783683774,57.143251143632185,514.304
458,11,18,52.9515777103737,71.9965937391867,515.52
459,11,19,51.702445394205085,86.62745999800097,516.311
460,11,20,48.77400178756212,99.97405261736692,516.685
461,11,21,44.498675612443904,111.54043839183907,516.702
462,11,22,39.2286075167942,121.35848698408473,516.461
463,11,23,33.2567340688311,129.71858388666698,516.09
464,11,24,26.801669133319205,136.96492282243028,515.73
465,11,25,20.020887844215032,143.40833204012355,515.52
466,11,26,13.029165554105127,149.30745714323683,515.578
467,11,27,5.913830073509507,154.87688901511362,515.991
468,11,28,-1.2533846425354738,160.3022038955031,516.801
469,11,29,-8.407413891831157,165.7559050420832,518.001
470,11,30,-15.48200174449895,171.41296824101124,519.534
471,11,31,-22.401651024713235,177.4663736570968,521.297
472,11,32,-29.07192497568848,-175.8570854659934,523.147
473,11,33,-35.36672293742061,-168.28315699725795,524.921
474,11,34,-41.111762387953,-159.48819561059935,526.443
475,11,35,-46.066876800595075,-149.13489924404564,527.548
476,11,36,-49.9188678509559,-136.99355497543095,528.094
477,11,37,-52.3138907588938,-123.18090439804921,527.977
478,11,38,-52.95955537132427,-108.3919260901383,527.148
479,11,39,-51.76373268162761,-93.78312817253234,525.61
480,12,0,-50.517735422288034,-77.89833480475211,524.593
481,12,1,-46.91956786186322,-65.38669866047437,522.13
482,12,2,-42.14389276400114,-54.67560283424954,519.219
483,12,3,-36.51661260494894,-45.583350633776945,516.041
484,12,4,-30.293241346462214,-37.78076792219699,512.804
485,12,5,-23.66069053027295,-30.936235354927213,509.72
486,12,6,-16.754208147231157,-24.764384213349896,506.989
487,12,7,-9.674490822496685,-19.029041923891633,504.782
488,12,8,-2.501152948582493,-13.53074817976783,503.228
489,12,9,4.697033580419028,-8.090975496452698,502.402
490,12,10,11.853863313996122,-2.5363388815352255,502.316
491,12,11,18.897811791820885,3.3169846805512546,502.927
492,12,12,25.74327838745966,9.679260002084646,504.136
493,12,13,32.27933741369686,16.802731518642222,505.801
494,12,14,38.354879472882416,24.99143506928675,507.753
495,12,15,43.76056097450272,34.588296522998014,509.808
496,12,16,48.213912615242734,45.90083490187207,511.79
497,12,17,51.36852427587233,59.014214127122514,513.548
498,12,18,52.882473271446095,73.51897460329084,514.964
499,12,19,52.55320351193812,88.41648461711324,515.969
500,12,20,50.42929471782013,102.50729464844378,516.547
501,12,21,46.78183709724991,114.98712260175677,516.733
502,12,22,41.96788903437366,125.65287280208187,516.606
503,12,23,36.31508787348771,134.69903488603524,516.283
504,12,24,30.07854118009203,142.4603427644608,515.899
505,12,25,23.4440249769691,149.2696315556133,515.598
506,12,26,16.54543829260784,155.41166550636893,515.509
507,12,27,9.482212459624364,161.12130750152772,515.737
508,12,28,2.332579610998347,166.59666034777675,516.346
509,12,29,-4.8360706187111,172.01480352953774,517.355
510,12,30,-11.959037981930564,177.5475709459499,518.732
511,12,31,-18.96652007977663,-176.62306386065364,520.395
512,12,32,-25.77492265388433,-170.28915623573403,522.221
513,12,33,-32.27580620589596,-163.2015099151468,524.055
514,12,34,-38.32123396103093,-155.05993808486994,525.725
515,12,35,-43.706018498885584,-145.5254584563957,527.058
516,12,36,-48.15274485613068,-134.29198293225915,527.898
517,12,37,-51.31990015917101,-121.26752252471852,528.123
518,12,38,-52.86722487412404,-106.84182831838224,527.653
519,12,39,-52.587190533248105,-91.98877600586746,526.465
520,13,0,-48.88821621086307,-62.41845554153774,523.427
521,13,1,-44.65710185024235,-50.81139599055815,520.72
522,13,2,-39.41897171915163,-40.94654011193039,517.651
523,13,3,-33.4663286687967,-32.542419225052825,514.417
524,13,4,-27.018667658345095,-25.257822692201007,511.23
525,13,5,-20.234764972790227,-18.782023009916244,508.298
526,13,6,-13.230662964809673,-12.855288574630466,505.811
527,13,7,-6.095074692664496,-7.261722229321449,503.918
528,13,8,1.0989384840324414,-1.8143206515902353,502.722
529,13,9,8.284869199063726,3.66092888804759,502.268
530,13,10,15.394848530689588,9.34065678907585,502.54
531,13,11,22.35154134186744,15.419893126828732,503.465
532,13,12,29.058278257726794,22.128081457886715,504.922
533,13,13,35.38616507089305,29.74296374088555,506.753
534,13,14,41.15730608933865,38.59226611258079,508.778
535,13,15,46.12684927660237,49.01647008800299,510.818
536,13,16,49.976384873956576,61.243430777863765,512.705
537,13,17,52.34829783683774,75.14326188981157,514.304
538,13,18,52.9515777103737,89.9966010702715,515.52
539,13,19,51.702445394205085,104.62746732908577,516.311
540,13,20,48.77400178756212,117.97405994845172,516.685
541,13,21,44.498675612443904,129.54045255311306,516.702
542,13,22,39.2286075167942,139.35849431516954,516.461
543,13,23,33.2567340688311,147.7185912177518,516.09
544,13,24,26.801669133319205,154.96493015351507,515.73
545,13,25,20.020887844215032,161.40833937120834,515.52
546,13,26,13.029165554105127,167.30746447432165,515.578
547,13,27,5.913830073509507,172.8768963461984,515.991
548,13,28,-1.2533846425354738,178.30221122658793,516.801
549,13,29,-8.407413891831157,-176.2440839843663,518.001
550,13,30,-15.48200174449895,-170.58702078543828,519.534
551,13,31,-22.401651024713235,-164.53361536935273,521.297
552,13,32,-29.07192497568848,-157.8570781349086,523.147
553,13,33,-35.36672293742061,-150.28314966617316,524.921
554,13,34,-41.111762387953,-141.48818827951453,526.443
555,13,35,-46.066876800595075,-131.13489191296082,527.548
556,13,36,-49.9188678509559,-118.99354764434617,528.094
557,13,37,-52.3138907588938,-105.18089706696439,527.977
558,13,38,-52.95955537132427,-90.3919187590535,527.148
559,13,39,-51.76373268162761,-75.78312084144754,525.61
560,14,0,-50.517735422288034,-59.898341134045644,524.593
561,14,1,-46.91956786186322,-47.38670157467332,522.13
562,14,2,-42.14389276400114,-36.67560916354308,519.219
563,14,3,-36.51661260494894,-27.583356963070486,516.041
564,14,4,-30.293241346462214,-19.780775959037822,512.804
565,14,5,-23.66069053027295,-12.936243391768043,509.72
566,14,6,-16.754208147231157,-6.764390969530257,506.989
567,14,7,-9.674490822496685,-1.0290487867936975,504.782
568,14,8,-2.501152948582493,4.46924506405181,503.228
569,14,9,4.697033580419028,9.909018174253767,502.402
570,14,10,11.853863313996122,15.463654148841004,502.316
571,14,11,18.897811791820885,21.316977710927482,502.927
572,14,12,25.74327838745966,27.679252819017464,504.136
573,14,13,32.27933741369686,34.802726896895976,505.801
574,14,14,38.354879472882416,42.99143044754051,507.753
575,14,15,43.76056097450272,52.58829019370447,509.808
576,14,16,48.213912615242734,63.90082515748394,511.79
577,14,17,51.36852427587233,77.01420779782897,513.548
578,14,18,52.882473271446095,91.5189682739973,514.964
579,14,19,52.55320351193812,106.4164782878197,515.969
580,14,20,50.42929471782013,120.50729514933941,516.547
581,14,21,46.78183709724991,132.98711627246323,516.733
582,14,22,41.96788903437366,143.65286647278833,516.606
583,14,23,36.31508787348771,152.6990285567417,516.283
584,14,24,30.07854118009203,160.46033643516725,515.899
585,14,25,23.4440249769691,167.26962522631976,515.598
586,14,26,16.54543829260784,173.4116591770754,515.509
587,14,27,9.482212459624364,179.12130117223418,515.737
588,14,28,2.332579610998347,-175.4033423390511,516.346
589,14,29,-4.8360706187111,-169.9851991572901,517.355
590,14,30,-11.959037981930564,-164.4524454012563,518.732
591,14,31,-18.96652007977663,-158.62307018994719,520.395
592,14,32,-25.77492265388433,-152.28916256502757,522.221
593,14,33,-32.27580620589596,-145.20151624444034,524.055
594,14,34,-38.32123396103093,-137.05994441416348,525.725
595,14,35,-43.706018498885584,-127.52546478568925,527.058
596,14,36,-48.15274485613068,-116.29198926155269,527.898
597,14,37,-51.31990015917101,-103.26752202382288,528.123
598,14,38,-52.86722487412404,-88.84183464767578,527.653
599,14,39,-52.587190533248105,-73.98878233516099,526.465
600,15,0,-48.88821621086307,-44.41846187083127,523.427
601,15,1,-44.65710185024235,-32.81140231985169,520.72
602,15,2,-39.41897171915163,-22.946546441223926,517.651
603,15,3,-33.4663286687967,-14.542425554346364,514.417
604,15,4,-27.018667658345095,-7.257829021494542,511.23
605,15,5,-20.234764972790227,-0.7820291791272213,508.298
606,15,6,-13.230662964809673,5.14470552296282,505.811
607,15,7,-6.095074692664496,10.738271441385015,503.918
608,15,8,1.0989384840324414,16.18567344600305,502.722
609,15,9,8.284869199063726,21.66092213186723,502.268
610,15,10,15.394848530689588,27.340649606008665,502.54
611,15,11,22.35154134186744,33.41988679753519,503.465
612,15,12,29.058278257726794,40.12807512859318,504.922
613,15,13,35.38616507089305,47.742957411592016,506.753
614,15,14,41.15730608933865,56.592259783287254,508.778
615,15,15,46.12684927660237,67.01646375870945,510.818
616,15,16,49.976384873956576,79.24342444857022,512.705
617,15,17,52.34829783683774,93.14325556051803,514.304
618,15,18,52.9515777103737,107.99659474097797,515.52
619,15,19,51.702445394205085,122.62745416960307,516.311
620,15,20,48.77400178756212,135.97405361915818,516.685
621,15,21,44.498675612443904,147.54044622381952,516.702
622,15,22,39.2286075167942,157.358487985876,516.461
623,15,23,33.2567340688311,165.71858488845825,516.09
624,15,24,26.801669133319205,172.96492382422153,515.73
625,15,25,20.020887844215032,179.4083330419148,515.52
626,15,26,13.029165554105127,-174.69253821250624,515.578
627,15,27,5.913830073509507,-169.12310634062945,515.991
628,15,28,-1.2533846425354738,-163.69780512061828,516.801
629,15,29,-8.407413891831157,-158.24409031365985,518.001
630,15,30,-15.48200174449895,-152.58702711473182,519.534
631,15,31,-22.401651024713235,-146.53362169864627,521.297
632,15,32,-29.07192497568848,-139.85708446420213,523.147
633,15,33,-35.36672293742061,-132.2831559954667,524.921
634,15,34,-41.111762387953,-123.48819460880807,526.443
635,15,35,-46.066876800595075,-113.1348914120652,527.548
636,15,36,-49.9188678509559,-100.99356080382887,528.094
637,15,37,-52.3138907588938,-87.18090339625793,527.977
638,15,38,-52.95955537132427,-72.39192508834704,527.148
639,15,39,-51.76373268162761,-57.783127170741075,525.61
640,16,0,-50.517735422288034,-41.898333802960835,524.593
641,16,1,-46.91956786186322,-29.386694243588515,522.13
642,16,2,-42.14389276400114,-18.675601832458273,519.219
643,16,3,-36.51661260494894,-9.583348778212034,516.041
644,16,4,-30.293241346462214,-1.7807682010661938,512.804
645,16,5,-23.66069053027295,5.063764366203584,509.72
646,16,6,-16.754208147231157,11.235616788441371,506.989
647,16,7,-9.674490822496685,16.970959077899636,504.782
648,16,8,-2.501152948582493,22.469252822023435,503.228
649,16,9,4.697033580419028,27.90902550533857,502.402
650,16,10,11.853863313996122,33.463661479925804,502.316
651,16,11,18.897811791820885,39.31698674955958,502.927
652,16,12,25.74327838745966,45.679260150102266,504.136
653,16,13,32.27933741369686,52.80273422798078,505.801
654,16,14,38.354879472882416,60.99143777862531,507.753
655,16,15,43.76056097450272,70.58829752478928,509.808
656,16,16,48.213912615242734,81.90083248856875,511.79
657,16,17,51.36852427587233,95.01421512891378,513.548
658,16,18,52.882473271446095,109.5189756050821,514.964
659,16,19,52.55320351193812,124.4164856189045,515.969
660,16,20,50.42929471782013,138.50730248042422,516.547
661,16,21,46.78183709724991,150.98712360354804,516.733
662,16,22,41.96788903437366,161.65287380387315,516.606
663,16,23,36.31508787348771,170.69903588782648,516.283
664,16,24,30.07854118009203,178.46034376625207,515.899
665,16,25,23.4440249769691,-174.73036380012977,515.598
666,16,26,16.54543829260784,-168.58834350975246,515.509
667,16,27,9.482212459624364,-162.87870151459367,515.737
668,16,28,2.332579610998347,-157.40333500796632,516.346
669,16,29,-4.8360706187111,-151.98519182620532,517.355
670,16,30,-11.959037981930564,-146.4524380701715,518.732
671,16,31,-18.96652007977663,-140.62306285886237,520.395
672,16,32,-25.77492265388433,-134.28915523394275,522.221
673,16,33,-32.27580620589596,-127.20150891335555,524.055
674,16,34,-38.32123396103093,-119.0599370830787,525.725
675,16,35,-43.706018498885584,-109.52546428479361,527.058
676,16,36,-48.15274485613068,-98.29198876065705,527.898
677,16,37,-51.31990015917101,-85.26751469273808,528.123
678,16,38,-52.86722487412404,-70.84182731659098,527.653
679,16,39,-52.587190533248105,-55.988775004076196,526.465
680,17,0,-48.88821621086307,-26.41846820012481,523.427
681,17,1,-44.65710185024235,-14.811406941597928,520.72
682,17,2,-39.41897171915163,-4.946552343630642,517.651
683,17,3,-33.4663286687967,3.4575676894732768,514.417
684,17,4,-27.018667658345095,10.742164649211922,511.23
685,17,5,-20.234764972790227,17.217964331496685,508.298
686,17,6,-13.230662964809673,23.14469876678246,505.811
687,17,7,-6.095074692664496,28.738263404544185,503.918
688,17,8,1.0989384840324414,34.18566711670952,502.722
689,17,9,8.284869199063726,39.66091751012099,502.268
690,17,10,15.394848530689588,45.34064327671513,502.54
691,17,11,22.35154134186744,51.41988046824166,503.465
692,17,12,29.058278257726794,58.12806538420506,504.922
693,17,13,35.38616507089305,65.74295449739306,506.753
694,17,14,41.15730608933865,74.5922568690883,508.778
695,17,15,46.12684927660237,85.01645742941591,510.818
696,17,16,49.976384873956576,97.24341811927668,512.705
697,17,17,52.34829783683774,111.1432492312245,514.304
698,17,18,52.9515777103737,125.99659524187359,515.52
699,17,19,51.702445394205085,140.62744784030954,516.311
700,17,20,48.77400178756212,153.97404728986464,516.685
701,17,21,44.498675612443904,165.54043989452597,516.702
702,17,22,39.2286075167942,175.35848165658246,516.461
703,17,23,33.2567340688311,-176.2814177983696,516.09
704,17,24,26.801669133319205,-169.03509252298466,515.73
705,17,25,20.020887844215032,-162.59168330529138,515.52
706,17,26,13.029165554105127,-156.69254454179975,515.578
707,17,27,5.913830073509507,-151.123112669923,515.991
708,17,28,-1.2533846425354738,-145.69781144991182,516.801
709,17,29,-8.407413891831157,-140.2440966429534,518.001
710,17,30,-15.48200174449895,-134.58703344402537,519.534
711,17,31,-22.401651024713235,-128.5336280279398,521.297
712,17,32,-29.07192497568848,-121.85709079349567,523.147
713,17,33,-35.36672293742061,-114.28315549457106,524.921
714,17,34,-41.111762387953,-105.48820776829078,526.443
715,17,35,-46.066876800595075,-95.13489774135873,527.548
716,17,36,-49.9188678509559,-82.99356713312241,528.094
717,17,37,-52.3138907588938,-69.18090972555147,527.977
718,17,38,-52.95955537132427,-54.39192800254599,527.148
719,17,39,-51.76373268162761,-39.78313350003461,525.61
720,18,0,-50.517735422288034,-23.898340132254376,524.593
721,18,1,-46.91956786186322,-11.386701426655698,522.13
722,18,2,-42.14389276400114,-0.6756074680607237,519.219
723,18,3,-36.51661260494894,8.416644892494428,516.041
724,18,4,-30.293241346462214,16.219225042753447,512.804
725,18,5,-23.66069053027295,23.063757610023224,509.72
726,18,6,-16.754208147231157,29.235610459147832,506.989
727,18,7,-9.674490822496685,34.970951041058804,504.782
728,18,8,-2.501152948582493,40.4692464927299,503.228
729,18,9,4.697033580419028,45.90901746849774,502.402
730,18,10,11.853863313996122,51.46365515063227,502.316
731,18,11,18.897811791820885,57.31698042026604,502.927
732,18,12,25.74327838745966,63.67925382080873,504.136
733,18,13,32.27933741369686,70.80272448359266,505.801
734,18,14,38.354879472882416,78.99143144933177,507.753
735,18,15,43.76056097450272,88.58829119549574,509.808
736,18,16,48.213912615242734,99.90082615927521,511.79
737,18,17,51.36852427587233,113.01420879962023,513.548
738,18,18,52.882473271446095,127.5189624455994,514.964
739,18,19,52.55320351193812,142.41647928961098,515.969
740,18,20,50.42929471782013,156.50729615113067,516.547
741,18,21,46.78183709724991,168.9871172742545,516.733
742,18,22,41.96788903437366,179.6528674745796,516.606
743,18,23,36.31508787348771,-171.30096679900137,516.283
744,18,24,30.07854118009203,-163.53965892057582,515.899
745,18,25,23.4440249769691,-156.7303701294233,515.598
746,18,26,16.54543829260784,-150.588349839046,515.509
747,18,27,9.482212459624364,-144.8787078438872,515.737
748,18,28,2.332579610998347,-139.40334133725983,516.346
749,18,29,-4.8360706187111,-133.98519815549886,517.355
750,18,30,-11.959037981930564,-128.45244439946504,518.732
751,18,31,-18.96652007977663,-122.62306918815592,520.395
752,18,32,-25.77492265388433,-116.28916156323629,522.221
753,18,33,-32.27580620589596,-109.20150841245992,524.055
754,18,34,-38.32123396103093,-101.05994341237222,525.725
755,18,35,-43.706018498885584,-91.52547061408715,527.058
756,18,36,-48.15274485613068,-80.29199508995059,527.898
757,18,37,-51.31990015917101,-67.2675210220316,528.123
758,18,38,-52.86722487412404,-52.84183023078993,527.653
759,18,39,-52.587190533248105,-37.98878133336973,526.465
760,19,0,-48.88821621086307,-8.41846001526636,523.427
761,19,1,-44.65710185024235,3.188599535713229,520.72
762,19,2,-39.41897171915163,13.053455414340986,517.651
763,19,3,-33.4663286687967,21.457575447444903,514.417
764,19,4,-27.018667658345095,28.742173687844016,511.23
765,19,5,-20.234764972790227,35.21797166258148,508.298
766,19,6,-13.230662964809673,41.144707805414555,505.811
767,19,7,-6.095074692664496,46.73827073562899,503.918
768,19,8,1.0989384840324414,52.18567444779432,502.722
769,19,9,8.284869199063726,57.6609214261112,502.268
770,19,10,15.394848530689588,63.34065402289452,502.54
771,19,11,22.35154134186744,69.41988438423188,503.465
772,19,12,29.058278257726794,76.12807271528986,504.922
773,19,13,35.38616507089305,83.74296182847786,506.753
774,19,14,41.15730608933865,92.5922642001731,508.778
775,19,15,46.12684927660237,103.01646476050071,510.818
776,19,16,49.976384873956576,115.24341862017232,512.705
777,19,17,52.34829783683774,129.14324973212013,514.304
778,19,18,52.9515777103737,143.9966025729584,515.52
779,19,19,51.702445394205085,158.62745517139433,516.311
780,19,20,48.77400178756212,171.97405462094946,516.685
781,19,21,44.498675612443904,-176.45956279230188,516.702
782,19,22,39.2286075167942,-166.64150736986704,516.461
783,19,23,33.2567340688311,-158.28141046728481,516.09
784,19,24,26.801669133319205,-151.03508519189987,515.73
785,19,25,20.020887844215032,-144.5916759742066,515.52
786,19,26,13.029165554105127,-138.69253721071496,515.578
787,19,27,5.913830073509507,-133.12310533883817,515.991
788,19,28,-1.2533846425354738,-127.69780411882701,516.801
789,19,29,-8.407413891831157,-122.24408931186859,518.001
790,19,30,-15.48200174449895,-116.58702611294055,519.534
791,19,31,-22.401651024713235,-110.53362752704417,521.297
792,19,32,-29.07192497568848,-103.85709029260003,523.147
793,19,33,-35.36672293742061,-96.28314816348626,524.921
794,19,34,-41.111762387953,-87.48820043720598,526.443
795,19,35,-46.066876800595075,-77.13489041027393,527.548
796,19,36,-49.9188678509559,-64.99355980203761,528.094
797,19,37,-52.3138907588938,-51.18090239446667,527.977
798,19,38,-52.95955537132427,-36.391920671461186,527.148
799,19,39,-51.76373268162761,-21.783126168949806,525.61
800,20,0,-50.517735422288034,-5.8983328011695715,524.593
801,20,1,-46.91956786186322,6.613306331315928,522.13
802,20,2,-42.14389276400114,17.32439916933299,519.219
803,20,3,-36.51661260494894,26.416651369805585,516.041
804,20,4,-30.293241346462214,34.219234081385544,512.804
805,20,5,-23.66069053027295,41.06376664865532,509.72
806,20,6,-16.754208147231157,47.23561779023264,506.989
807,20,7,-9.674490822496685,52.970958372143606,504.782
808,20,8,-2.501152948582493,58.469253823814704,503.228
809,20,9,4.697033580419028,63.90902821467713,502.402
810,20,10,11.853863313996122,69.46366589681166,502.316
811,20,11,18.897811791820885,75.31698775135085,502.927
812,20,12,25.74327838745966,81.67926115189353,504.136
813,20,13,32.27933741369686,88.80273181467746,505.801
814,20,14,38.354879472882416,96.99143878041657,507.753
815,20,15,43.76056097450272,106.58829852658054,509.808
816,20,16,48.213912615242734,117.90084032054918,511.79
817,20,17,51.36852427587233,131.01421613070505,513.548
818,20,18,52.882473271446095,145.5189697766842,514.964
819,20,19,52.55320351193812,160.41648662069576,515.969
820,20,20,50.42929471782013,174.5073034822155,516.547
821,20,21,46.78183709724991,-173.01288541257338,516.733
822,20,22,41.96788903437366,-162.34712155186992,516.606
823,20,23,36.31508787348771,-153.30095946791658,516.283
824,20,24,30.07854118009203,-145.539651589491,515.899
825,20,25,23.4440249769691,-138.7303627983385,515.598
826,20,26,16.54543829260784,-132.58834250796122,515.509
827,20,27,9.482212459624364,-126.87870051280241,515.737
828,20,28,2.332579610998347,-121.40333400617504,516.346
829,20,29,-4.8360706187111,-115.98519082441405,517.355
830,20,30,-11.959037981930564,-110.45243706838023,518.732
831,20,31,-18.96652007977663,-104.62306868726029,520.395
832,20,32,-25.77492265388433,-98.28915423215149,522.221
833,20,33,-32.27580620589596,-91.20150108137511,524.055
834,20,34,-38.32123396103093,-83.05993608128742,525.725
835,20,35,-43.706018498885584,-73.52546328300235,527.058
836,20,36,-48.15274485613068,-62.29198775886578,527.898
837,20,37,-51.31990015917101,-49.26751710604139,528.123
838,20,38,-52.86722487412404,-34.84182289970513,527.653
839,20,39,-52.587190533248105,-19.988774002284927,526.465
840,21,0,-48.88821621086307,9.581533655440104,523.427
841,21,1,-44.65710185024235,21.18859406019334,520.72
842,21,2,-39.41897171915163,31.0534482312738,517.651
843,21,3,-33.4663286687967,39.45756911815137,514.417
844,21,4,-27.018667658345095,46.74216735855048,511.23
845,21,5,-20.234764972790227,53.21796533328795,508.298
846,21,6,-13.230662964809673,59.14469806102643,505.811
847,21,7,-6.095074692664496,64.73826782143004,503.918
848,21,8,1.0989384840324414,70.18566470340619,502.722
849,21,9,8.284869199063726,75.66091509681767,502.268
850,21,10,15.394848530689588,81.34064769360099,502.54
851,21,11,22.35154134186744,87.41987805493834,503.465
852,21,12,29.058278257726794,94.12806638599632,504.922
853,21,13,35.38616507089305,101.74295549918433,506.753
854,21,14,41.15730608933865,110.59225787087956,508.778
855,21,15,46.12684927660237,121.01645843120718,510.818
856,21,16,49.976384873956576,133.24341229087878,512.705
857,21,17,52.34829783683774,147.14324340282658,514.304
858,21,18,52.9515777103737,161.99659624366487,515.52
859,21,19,51.702445394205085,176.6274488421008,516.311
860,21,20,48.77400178756212,-170.02594806587842,516.685
861,21,21,44.498675612443904,-158.45956912159542,516.702
862,21,22,39.2286075167942,-148.64151369916058,516.461
863,21,23,33.2567340688311,-140.28141679657836,516.09
864,21,24,26.801669133319205,-133.0350915211934,515.73
865,21,25,20.020887844215032,-126.59168230350012,515.52
866,21,26,13.029165554105127,-120.6925435400085,515.578
867,21,27,5.913830073509507,-115.12311166813171,515.991
868,21,28,-1.2533846425354738,-109.69780361793138,516.801
869,21,29,-8.407413891831157,-104.2441024713513,518.001
870,21,30,-15.48200174449895,-98.58703927242325,519.534
871,21,31,-22.401651024713235,-92.53363385633772,521.297
872,21,32,-29.07192497568848,-85.85709662189358,523.147
873,21,33,-35.36672293742061,-78.28315449277979,524.921
874,21,34,-41.111762387953,-69.48820676649952,526.443
875,21,35,-46.066876800595075,-59.134896739567466,527.548
876,21,36,-49.9188678509559,-46.99356613133114,528.094
877,21,37,-52.3138907588938,-33.180908723760204,527.977
878,21,38,-52.95955537132427,-18.39192700075472,527.148
879,21,39,-51.76373268162761,-3.7831320713565195,525.61
880,22,0,-50.517735422288034,12.101660869536891,524.593
881,22,1,-46.91956786186322,24.613300428909213,522.13
882,22,2,-42.14389276400114,35.32439284003946,519.219
883,22,3,-36.51661260494894,44.41664504051205,516.041
884,22,4,-30.293241346462214,52.219227752092,512.804
885,22,5,-23.66069053027295,59.06376031936178,509.72
886,22,6,-16.754208147231157,65.23560804584451,506.989
887,22,7,-9.674490822496685,70.97095204285007,504.782
888,22,8,-2.501152948582493,76.46924749452117,503.228
889,22,9,4.697033580419028,81.9090218853836,502.402
890,22,10,11.853863313996122,87.46365956751812,502.316
891,22,11,18.897811791820885,93.31698142205731,502.927
892,22,12,25.74327838745966,99.6792548226,504.136
893,22,13,32.27933741369686,106.80272548538393,505.801
894,22,14,38.354879472882416,114.99142562093387,507.753
895,22,15,43.76056097450272,124.588292197287,509.808
896,22,16,48.213912615242734,135.90083399125564,511.79
897,22,17,51.36852427587233,149.0142098014115,513.548
898,22,18,52.882473271446095,163.51896344739066,514.964
899,22,19,52.55320351193812,178.41648029140225,515.969
900,22,20,50.42929471782013,-167.49271286499072,516.547
901,22,21,46.78183709724991,-155.0128917418669,516.733
902,22,22,41.96788903437366,-144.34712788116346,516.606
903,22,23,36.31508787348771,-135.3009657972101,516.283
904,22,24,30.07854118009203,-127.53965791878454,515.899
905,22,25,23.4440249769691,-120.73036912763203,515.598
906,22,26,16.54543829260784,-114.58834200706556,515.509
907,22,27,9.482212459624364,-108.87870001190677,515.737
908,22,28,2.332579610998347,-103.40334716565775,516.346
909,22,29,-4.8360706187111,-97.98519715370759,517.355
910,22,30,-11.959037981930564,-92.45244339767378,518.732
911,22,31,-18.96652007977663,-86.62307501655383,520.395
912,22,32,-25.77492265388433,-80.28916056144503,522.221
913,22,33,-32.27580620589596,-73.20150741066864,524.055
914,22,34,-38.32123396103093,-65.05994241058096,525.725
915,22,35,-43.706018498885584,-55.525469612295886,527.058
916,22,36,-48.15274485613068,-44.29199067306473,527.898
917,22,37,-51.31990015917101,-31.267523435334926,528.123
918,22,38,-52.86722487412404,-16.841829228998666,527.653
919,22,39,-52.587190533248105,-1.9887799046916397,526.465
920,23,0,-48.88821621086307,27.58154013275126,523.427
921,23,1,-44.65710185024235,39.18859968373085,520.72
922,23,2,-39.41897171915163,49.05345556235861,517.651
923,23,3,-33.4663286687967,57.45757303414158,514.417
924,23,4,-27.018667658345095,64.74217468963528,511.23
925,23,5,-20.234764972790227,71.21797266437275,508.298
926,23,6,-13.230662964809673,77.14470539211123,505.811
927,23,7,-6.095074692664496,82.73827515251484,503.918
928,23,8,1.0989384840324414,88.185672034491,502.722
929,23,9,8.284869199063726,93.66092242790248,502.268
930,23,10,15.394848530689588,99.34065502468579,502.54
931,23,11,22.35154134186744,105.41988538602314,503.465
932,23,12,29.058278257726794,112.12807371708112,504.922
933,23,13,35.38616507089305,119.74295600007996,506.753
934,23,14,41.15730608933865,128.59225837177522,508.778
935,23,15,46.12684927660237,139.01646576229197,510.818
936,23,16,49.976384873956576,151.2434196219636,512.705
937,23,17,52.34829783683774,165.1432507339114,514.304
938,23,18,52.9515777103737,179.99660357474966,515.52
939,23,19,51.702445394205085,-165.37254018434874,516.311
940,23,20,48.77400178756212,-152.0259407347936,516.685
941,23,21,44.498675612443904,-140.4595617905106,516.702
942,23,22,39.2286075167942,-130.6415063680758,516.461
943,23,23,33.2567340688311,-122.28140946549354,516.09
944,23,24,26.801669133319205,-115.03508419010859,515.73
945,23,25,20.020887844215032,-108.59166814222615,515.52
946,23,26,13.029165554105127,-102.69254303911286,515.578
947,23,27,5.913830073509507,-97.12310433704691,515.991
948,23,28,-1.2533846425354738,-91.69779628684658,516.801
949,23,29,-8.407413891831157,-86.2440951402665,518.001
950,23,30,-15.48200174449895,-80.58703194133845,519.534
951,23,31,-22.401651024713235,-74.53362652525291,521.297
952,23,32,-29.07192497568848,-67.85708929080877,523.147
953,23,33,-35.36672293742061,-60.28314716169499,524.921
954,23,34,-41.111762387953,-51.488196020320125,526.443
955,23,35,-46.066876800595075,-41.134889408482664,527.548
956,23,36,-49.9188678509559,-28.993558800246337,528.094
957,23,37,-52.3138907588938,-15.180899685128107,527.977
958,23,38,-52.95955537132427,-0.39192014991759266,527.148
959,23,39,-51.76373268162761,14.216875686615108,525.61
960,24,0,-50.517735422288034,30.101668200621695,524.593
961,24,1,-46.91956786186322,42.613307759994015,522.13
962,24,2,-42.14389276400114,53.32440017112426,519.219
963,24,3,-36.51661260494894,62.416652371596854,516.041
964,24,4,-30.293241346462214,70.21923508317681,512.804
965,24,5,-23.66069053027295,77.0637676504466,509.72
966,24,6,-16.754208147231157,83.23561537692932,506.989
967,24,7,-9.674490822496685,88.97095937393487,504.782
968,24,8,-2.501152948582493,94.46925482560597,503.228
969,24,9,4.697033580419028,99.9090292164684,502.402
970,24,10,11.853863313996122,105.46366689860292,502.316
971,24,11,18.897811791820885,111.31698875314211,502.927
972,24,12,25.74327838745966,117.67926898387397,504.136
973,24,13,32.27933741369686,124.80273281646873,505.801
974,24,14,38.354879472882416,132.99143295201867,507.753
975,24,15,43.76056097450272,142.5882995283718,509.808
976,24,16,48.213912615242734,153.90084132234045,511.79
977,24,17,51.36852427587233,167.0142171324963,513.548
978,24,18,52.882473271446095,-178.48102557905887,514.964
979,24,19,52.55320351193812,-163.58350873504727,515.969
980,24,20,50.42929471782013,-149.49270553390593,516.547
981,24,21,46.78183709724991,-137.0128844107821,516.733
982,24,22,41.96788903437366,-126.34712055007866,516.606
983,24,23,36.31508787348771,-117.30095846612531,516.283
984,24,24,30.07854118009203,-109.53965058769974,515.899
985,24,25,23.4440249769691,-102.7303686267364,515.598
986,24,26,16.54543829260784,-96.58833467598076,515.509
987,24,27,9.482212459624364,-90.87869268082197,515.737
988,24,28,2.332579610998347,-85.40333983457295,516.346
989,24,29,-4.8360706187111,-79.98518982262279,517.355
990,24,30,-11.959037981930564,-74.45243606658897,518.732
991,24,31,-18.96652007977663,-68.62306768546902,520.395
992,24,32,-25.77492265388433,-62.28915323036023,522.221
993,24,33,-32.27580620589596,-55.201500079583845,524.055
994,24,34,-38.32123396103093,-47.05993507949616,525.725
995,24,35,-43.706018498885584,-37.525462281211084,527.058
996,24,36,-48.15274485613068,-26.29198504952722,527.898
997,24,37,-51.31990015917101,-13.267515250476476,528.123
998,24,38,-52.86722487412404,1.1581773550341967,527.653
999,24,39,-52.587190533248105,16.01122699950634,526.465
1000,25,0,-48.88821621086307,45.581533803457724,523.427
1001,25,1,-44.65710185024235,57.188593354437316,520.72
1002,25,2,-39.41897171915163,67.05344923306507,517.651
1003,25,3,-33.4663286687967,75.45756670484805,514.417
1004,25,4,-27.018667658345095,82.74216836034175,511.23
1005,25,5,-20.234764972790227,89.21796633507921,508.298
1006,25,6,-13.230662964809673,95.14469906281771,505.811
1007,25,7,-6.095074692664496,100.7382688232213,503.918
1008,25,8,1.0989384840324414,106.18566570519747,502.722
1009,25,9,8.284869199063726,111.66091609860894,502.268
1010,25,10,15.394848530689588,117.34064186520308,502.54
1011,25,11,22.35154134186744,123.41987905672961,503.465
1012,25,12,29.058278257726794,130.12806738778758,504.922
1013,25,13,35.38616507089305,137.74294967078643,506.753
1014,25,14,41.15730608933865,146.59225204248168,508.778
1015,25,15,46.12684927660237,157.01645943299846,510.818
1016,25,16,49.976384873956576,169.24341329267006,512.705
1017,25,17,52.34829783683774,-176.85675195291645,514.304
1018,25,18,52.9515777103737,-162.00341277245653,515.52
1019,25,19,51.702445394205085,-147.37254651364228,516.311
1020,25,20,48.77400178756212,-134.02594706408715,516.685
1021,25,21,44.498675612443904,-122.45956811980416,516.702
1022,25,22,39.2286075167942,-112.64151269736932,516.461
1023,25,23,33.2567340688311,-104.28142262497624,516.09
1024,25,24,26.801669133319205,-97.03508368921295,515.73
1025,25,25,20.020887844215032,-90.5916744715197,515.52
1026,25,26,13.029165554105127,-84.6925493684064,515.578
1027,25,27,5.913830073509507,-79.12311066634045,515.991
1028,25,28,-1.2533846425354738,-73.69780261614011,516.801
1029,25,29,-8.407413891831157,-68.24410146956004,518.001
1030,25,30,-15.48200174449895,-62.58703827063199,519.534
1031,25,31,-22.401651024713235,-56.533629439451865,521.297
1032,25,32,-29.07192497568848,-49.85709562010231,523.147
1033,25,33,-35.36672293742061,-42.283156906083114,524.921
1034,25,34,-41.111762387953,-33.488202349613665,526.443
1035,25,35,-46.066876800595075,-23.1348957377762,527.548
1036,25,36,-49.9188678509559,-10.993563421992581,528.094
1037,25,37,-52.3138907588938,2.8190937721349436,527.977
1038,25,38,-52.95955537132427,17.608074001036545,527.148
1039,25,39,-51.76373268162761,32.21686850354792,525.61
1040,26,0,-50.517735422288034,48.1016755317065,524.593
1041,26,1,-46.91956786186322,60.613311675984235,522.13
1042,26,2,-42.14389276400114,71.32440750220906,519.219
1043,26,3,-36.51661260494894,80.41665970268166,516.041
1044,26,4,-30.293241346462214,88.21924241426161,512.804
1045,26,5,-23.66069053027295,95.0637749815314,509.72
1046,26,6,-16.754208147231157,101.23562270801412,506.989
1047,26,7,-9.674490822496685,106.97096670501968,504.782
1048,26,8,-2.501152948582493,112.46926215669077,503.228
1049,26,9,4.697033580419028,117.9090365475532,502.402
1050,26,10,11.853863313996122,123.46367422968773,502.316
1051,26,11,18.897811791820885,129.31699608422693,502.927
1052,26,12,25.74327838745966,135.67927631495877,504.136
1053,26,13,32.27933741369686,142.80274014755352,505.801
1054,26,14,38.354879472882416,150.9914402831035,507.753
1055,26,15,43.76056097450272,160.58830685945662,509.808
1056,26,16,48.213912615242734,171.90084865342524,511.79
1057,26,17,51.36852427587233,-174.9857718939532,513.548
1058,26,18,52.882473271446095,-160.48101824797405,514.964
1059,26,19,52.55320351193812,-145.5835014039625,515.969
1060,26,20,50.42929471782013,-131.49269820282112,516.547
1061,26,21,46.78183709724991,-119.0128770796973,516.733
1062,26,22,41.96788903437366,-108.34712004918302,516.606
1063,26,23,36.31508787348771,-99.3009511350405,516.283
1064,26,24,30.07854118009203,-91.53964325661494,515.899
1065,26,25,23.4440249769691,-84.73036129565159,515.598
1066,26,26,16.54543829260784,-78.58832734489596,515.509
1067,26,27,9.482212459624364,-72.87868534973717,515.737
1068,26,28,2.332579610998347,-67.40333250348814,516.346
1069,26,29,-4.8360706187111,-61.98518249153798,517.355
1070,26,30,-11.959037981930564,-56.45242532040958,518.732
1071,26,31,-18.96652007977663,-50.62305693928963,520.395
1072,26,32,-25.77492265388433,-44.28914589927542,522.221
1073,26,33,-32.27580620589596,-37.20149274849904,524.055
1074,26,34,-38.32123396103093,-29.05992774841135,525.725
1075,26,35,-43.706018498885584,-19.52545495012628,527.058
1076,26,36,-48.15274485613068,-8.29197686466877,527.898
1077,26,37,-51.31990015917101,4.732491653721503,528.123
1078,26,38,-52.86722487412404,19.158185433170942,527.653
1079,26,39,-52.587190533248105,34.011234330591144,526.465
1080,27,0,-48.88821621086307,63.58152747416419,523.427
1081,27,1,-44.65710185024235,75.18858702514378,520.72
1082,27,2,-39.41897171915163,85.05344290377153,517.651
1083,27,3,-33.4663286687967,93.45756037555451,514.417
1084,27,4,-27.018667658345095,100.74216203104821,511.23
1085,27,5,-20.234764972790227,107.21796000578568,508.298
1086,27,6,-13.230662964809673,113.14469273352417,505.811
1087,27,7,-6.095074692664496,118.73826249392776,503.918
1088,27,8,1.0989384840324414,124.1856662060931,502.722
1089,27,9,8.284869199063726,129.6609097693154,502.268
1090,27,10,15.394848530689588,135.34063553590954,502.54
1091,27,11,22.35154134186744,141.41987272743606,503.465
1092,27,12,29.058278257726794,148.12806105849404,504.922
1093,27,13,35.38616507089305,155.7429433414929,506.753
1094,27,14,41.15730608933865,164.59224571318813,508.778
1095,27,15,46.12684927660237,175.01645310370492,510.818
1096,27,16,49.976384873956576,-172.7565893941578,512.705
1097,27,17,52.34829783683774,-158.85675828221,514.304
1098,27,18,52.9515777103737,-144.00341910175007,515.52
1099,27,19,51.702445394205085,-129.3725528429358,516.311
1100,27,20,48.77400178756212,-116.02595339338069,516.685
1101,27,21,44.498675612443904,-104.45956761890852,516.702
1102,27,22,39.2286075167942,-94.64151902666286,516.461
1103,27,23,33.2567340688311,-86.28142895426978,516.09
1104,27,24,26.801669133319205,-79.0350900185065,515.73
1105,27,25,20.020887844215032,-72.59168080081322,515.52
1106,27,26,13.029165554105127,-66.69255569769993,515.578
1107,27,27,5.913830073509507,-61.123116995633985,515.991
1108,27,28,-1.2533846425354738,-55.69780894543365,516.801
1109,27,29,-8.407413891831157,-50.24410779885357,518.001
1110,27,30,-15.48200174449895,-44.587041184830944,519.534
1111,27,31,-22.401651024713235,-38.5336357687454,521.297
1112,27,32,-29.07192497568848,-31.857101949395844,523.147
1113,27,33,-35.36672293742061,-24.283161527829357,524.921
1114,27,34,-41.111762387953,-15.488208678907199,526.443
1115,27,35,-46.066876800595075,-5.1349024939565595,527.548
1116,27,36,-49.9188678509559,7.0064298218270595,528.094
1117,27,37,-52.3138907588938,20.819087656284818,527.977
1118,27,38,-52.95955537132427,35.60806767174301,527.148
1119,27,39,-51.76373268162761,50.21686217425439,525.61
1120,28,0,-50.517735422288034,66.10165554203462,524.593
1121,28,1,-46.91956786186322,78.61329168631237,522.13
1122,28,2,-42.14389276400114,89.32438751253719,519.219
1123,28,3,-36.51661260494894,98.41663971300979,516.041
1124,28,4,-30.293241346462214,106.21922242458973,512.804
1125,28,5,-23.66069053027295,113.06375499185951,509.72
1126,28,6,-16.754208147231157,119.23560954853141,506.989
1127,28,7,-9.674490822496685,124.97094671534781,504.782
1128,28,8,-2.501152948582493,130.46923533682974,503.228
1129,28,9,4.697033580419028,135.90901655788133,502.402
1130,28,10,11.853863313996122,141.46365424001584,502.316
1131,28,11,18.897811791820885,147.31697609455503,502.927
1132,28,12,25.74327838745966,153.6792563252869,504.136
1133,28,13,32.27933741369686,160.80272015788165,505.801
1134,28,14,38.354879472882416,168.99142029343162,507.753
1135,28,15,43.76056097450272,178.58828686978472,509.808
1136,28,16,48.213912615242734,-170.0991813541593,511.79
1137,28,17,51.36852427587233,-156.9857918836251,513.548
1138,28,18,52.882473271446095,-142.48103823764592,514.964
1139,28,19,52.55320351193812,-127.58352139363436,515.969
1140,28,20,50.42929471782013,-113.49271136230382,516.547
1141,28,21,46.78183709724991,-101.01289023918001,516.733
1142,28,22,41.96788903437366,-90.34714003885489,516.606
1143,28,23,36.31508787348771,-81.30097112471238,516.283
1144,28,24,30.07854118009203,-73.5396632462868,515.899
1145,28,25,23.4440249769691,-66.73038128532346,515.598
1146,28,26,16.54543829260784,-60.58834733456784,515.509
1147,28,27,9.482212459624364,-54.87870875450363,515.737
1148,28,28,2.332579610998347,-49.40334907806543,516.346
1149,28,29,-4.8360706187111,-43.98520248120985,517.355
1150,28,30,-11.959037981930564,-38.45244531008146,518.732
1151,28,31,-18.96652007977663,-32.62307692896151,520.395
1152,28,32,-25.77492265388433,-26.2891658889473,522.221
1153,28,33,-32.27580620589596,-19.20151444571821,524.055
1154,28,34,-38.32123396103093,-11.05994688430958,525.725
1155,28,35,-43.706018498885584,-1.525474833076452,527.058
1156,28,36,-48.15274485613068,9.708003145659353,527.898
1157,28,37,-51.31990015917101,22.7324712371628,528.123
1158,28,38,-52.86722487412404,37.158165443499065,527.653
1159,28,39,-52.587190533248105,52.01121434091927,526.465
1160,29,0,-48.88821621086307,81.58153480524899,523.427
1161,29,1,-44.65710185024235,93.18859435622858,520.72
1162,29,2,-39.41897171915163,103.05345023485634,517.651
1163,29,3,-33.4663286687967,111.45756770663931,514.417
1164,29,4,-27.018667658345095,118.74216936213301,511.23
1165,29,5,-20.234764972790227,125.21796733687049,508.298
1166,29,6,-13.230662964809673,131.14470006460897,505.811
1167,29,7,-6.095074692664496,136.73826982501257,503.918
1168,29,8,1.0989384840324414,142.1856735371779,502.722
1169,29,9,8.284869199063726,147.6609171004002,502.268
1170,29,10,15.394848530689588,153.34064286699436,502.54
1171,29,11,22.35154134186744,159.41988005852087,503.465
1172,29,12,29.058278257726794,166.12806838957886,504.922
1173,29,13,35.38616507089305,173.7429506725777,506.753
1174,29,14,41.15730608933865,-177.4077433132614,508.778
1175,29,15,46.12684927660237,-166.9835359227446,510.818
1176,29,16,49.976384873956576,-154.756582063073,512.705
1177,29,17,52.34829783683774,-140.8567509511252,514.304
1178,29,18,52.9515777103737,-126.00341177066527,515.52
1179,29,19,51.702445394205085,-111.372545511851,516.311
1180,29,20,48.77400178756212,-98.02594606229589,516.685
1181,29,21,44.498675612443904,-86.45956028782372,516.702
1182,29,22,39.2286075167942,-76.64151169557806,516.461
1183,29,23,33.2567340688311,-68.28142162318498,516.09
1184,29,24,26.801669133319205,-61.03508268742169,515.73
1185,29,25,20.020887844215032,-54.59167346972843,515.52
1186,29,26,13.029165554105127,-48.692548366615135,515.578
1187,29,27,5.913830073509507,-43.12310966454918,515.991
1188,29,28,-1.2533846425354738,-37.69780161434885,516.801
1189,29,29,-8.407413891831157,-32.24410046776877,518.001
1190,29,30,-15.48200174449895,-26.587035561293433,519.534
1191,29,31,-22.401651024713235,-20.5336284376606,521.297
1192,29,32,-29.07192497568848,-13.857093764537392,523.147
1193,29,33,-35.36672293742061,-6.283154623631376,524.921
1194,29,34,-41.111762387953,2.511798225290781,526.443
1195,29,35,-46.066876800595075,12.865104410241422,527.548
1196,29,36,-49.9188678509559,25.006437579798686,528.094
1197,29,37,-52.3138907588938,38.81909327982233,527.977
1198,29,38,-52.95955537132427,53.60807500282781,527.148
1199,29,39,-51.76373268162761,68.21686950533919,525.61
1200,30,0,-50.517735422288034,84.10166287311942,524.593
1201,30,1,-46.91956786186322,96.61329901739717,522.13
1202,30,2,-42.14389276400114,107.32439484362199,519.219
1203,30,3,-36.51661260494894,116.41665387428375,516.041
1204,30,4,-30.293241346462214,124.21922975567453,512.804
1205,30,5,-23.66069053027295,131.0637623229443,509.72
1206,30,6,-16.754208147231157,137.23561687961623,506.989
1207,30,7,-9.674490822496685,142.9709540464326,504.782
1208,30,8,-2.501152948582493,148.46924266791453,503.228
1209,30,9,4.697033580419028,153.90902388896612,502.402
1210,30,10,11.853863313996122,159.46366157110066,502.316
1211,30,11,18.897811791820885,165.31698342563985,502.927
1212,30,12,25.74327838745966,171.6792636563717,504.136
1213,30,13,32.27933741369686,178.80272748896647,505.801
1214,30,14,38.354879472882416,-173.0085687330179,507.753
1215,30,15,43.76056097450272,-163.41170215666477,509.808
1216,30,16,48.213912615242734,-152.09917402307448,511.79
1217,30,17,51.36852427587233,-138.98578455254028,513.548
1218,30,18,52.882473271446095,-124.48103090656113,514.964
1219,30,19,52.55320351193812,-109.58352089273873,515.969
1220,30,20,50.42929471782013,-95.49270403121902,516.547
1221,30,21,46.78183709724991,-83.01288290809521,516.733
1222,30,22,41.96788903437366,-72.34713270777009,516.606
1223,30,23,36.31508787348771,-63.300963793627574,516.283
1224,30,24,30.07854118009203,-55.539655915202005,515.899
1225,30,25,23.4440249769691,-48.730370539144076,515.598
1226,30,26,16.54543829260784,-42.58834341857762,515.509
1227,30,27,9.482212459624364,-36.878701423418825,515.737
1228,30,28,2.332579610998347,-31.40334174698063,516.346
1229,30,29,-4.8360706187111,-25.98519515012505,517.355
1230,30,30,-11.959037981930564,-20.452437978996656,518.732
1231,30,31,-18.96652007977663,-14.623069597876704,520.395
1232,30,32,-25.77492265388433,-8.289158557862494,522.221
1233,30,33,-32.27580620589596,-1.2015066877465823,524.055
1234,30,34,-38.32123396103093,6.940060873662046,525.725
1235,30,35,-43.706018498885584,16.474532391286644,527.058
1236,30,36,-48.15274485613068,27.708009622970508,527.898
1237,30,37,-51.31990015917101,40.73247856824761,528.123
1238,30,38,-52.86722487412404,55.15817277458387,527.653
1239,30,39,-52.587190533248105,70.01122167200407,526.465
1240,31,0,-48.88821621086307,99.5815421363338,523.427
1241,31,1,-44.65710185024235,111.18860168731338,520.72
1242,31,2,-39.41897171915163,121.05346439613031,517.651
1243,31,3,-33.4663286687967,129.45757503772413,514.417
1244,31,4,-27.018667658345095,136.74217669321783,511.23
1245,31,5,-20.234764972790227,143.21797466795527,508.298
1246,31,6,-13.230662964809673,149.14470739569376,505.811
1247,31,7,-6.095074692664496,154.73827715609738,503.918
1248,31,8,1.0989384840324414,160.1856808682627,502.722
1249,31,9,8.284869199063726,165.660924431485,502.268
1250,31,10,15.394848530689588,171.34065019807915,502.54
1251,31,11,22.35154134186744,177.4198873896057,503.465
1252,31,12,29.058278257726794,-175.87192063687067,504.922
1253,31,13,35.38616507089305,-168.25703835387182,506.753
1254,31,14,41.15730608933865,-159.4077359821766,508.778
1255,31,15,46.12684927660237,-148.98352859165982,510.818
1256,31,16,49.976384873956576,-136.7565747319882,512.705
1257,31,17,52.34829783683774,-122.85674362004039,514.304
1258,31,18,52.9515777103737,-108.0033976093913,515.52
1259,31,19,51.702445394205085,-93.3725381807662,516.311
1260,31,20,48.77400178756212,-80.02593873121107,516.685
1261,31,21,44.498675612443904,-68.45955295673892,516.702
1262,31,22,39.2286075167942,-58.64150436449326,516.461
1263,31,23,33.2567340688311,-50.28141087700559,516.09
1264,31,24,26.801669133319205,-43.03507535633689,515.73
1265,31,25,20.020887844215032,-36.591666138643625,515.52
1266,31,26,13.029165554105127,-30.69254103553033,515.578
1267,31,27,5.913830073509507,-25.12310233346438,515.991
1268,31,28,-1.2533846425354738,-19.697795990811336,516.801
1269,31,29,-8.407413891831157,-14.244093136683961,518.001
1270,31,30,-15.48200174449895,-8.587027376434982,519.534
1271,31,31,-22.401651024713235,-2.533621960349441,521.297
1272,31,32,-29.07192497568848,4.142913566547411,523.147
1273,31,33,-35.36672293742061,11.716852280566606,524.921
1274,31,34,-41.111762387953,20.51180598326241,526.443
1275,31,35,-46.066876800595075,30.86511259509987,527.548
1276,31,36,-49.9188678509559,43.0064432033362,528.094
1277,31,37,-52.3138907588938,56.819100610907135,527.977
1278,31,38,-52.95955537132427,71.60807891881804,527.148
1279,31,39,-51.76373268162761,86.21687683642399,525.61
1280,32,0,-50.517735422288034,102.10167020420423,524.593
1281,32,1,-46.91956786186322,114.61330634848197,522.13
1282,32,2,-42.14389276400114,125.32440900489597,519.219
1283,32,3,-36.51661260494894,134.41666120536857,516.041
1284,32,4,-30.293241346462214,142.21923708675934,512.804
1285,32,5,-23.66069053027295,149.06376965402913,509.72
1286,32,6,-16.754208147231157,155.23562421070102,506.989
1287,32,7,-9.674490822496685,160.9709613775174,504.782
1288,32,8,-2.501152948582493,166.46924999899935,503.228
1289,32,9,4.697033580419028,171.90903122005093,502.402
1290,32,10,11.853863313996122,177.46366890218545,502.316
1291,32,11,18.897811791820885,-176.68300560080968,502.927
1292,32,12,25.74327838745966,-170.32073903045617,504.136
1293,32,13,32.27933741369686,-163.19726153748306,505.801
1294,32,14,38.354879472882416,-155.00856140193312,507.753
1295,32,15,43.76056097450272,-145.41169482557999,509.808
1296,32,16,48.213912615242734,-134.0991666919897,511.79
1297,32,17,51.36852427587233,-120.98577722145548,513.548
1298,32,18,52.882473271446095,-106.48102357547633,514.964
1299,32,19,52.55320351193812,-91.58351356165392,515.969
1300,32,20,50.42929471782013,-77.49269670013422,516.547
1301,32,21,46.78183709724991,-65.0128755770104,516.733
1302,32,22,41.96788903437366,-54.3471219615907,516.606
1303,32,23,36.31508787348771,-45.30095304744818,516.283
1304,32,24,30.07854118009203,-37.5396485841172,515.899
1305,32,25,23.4440249769691,-30.730363208059273,515.598
1306,32,26,16.54543829260784,-24.588336087492817,515.509
1307,32,27,9.482212459624364,-18.878692384786728,515.737
1308,32,28,2.332579610998347,-13.403334415895827,516.346
1309,32,29,-4.8360706187111,-7.985187819040247,517.355
1310,32,30,-11.959037981930564,-2.452430647911853,518.732
1311,32,31,-18.96652007977663,3.3769370928778644,520.395
1312,32,32,-25.77492265388433,9.710848773222308,522.221
1313,32,33,-32.27580620589596,16.798500216451398,524.055
1314,32,34,-38.32123396103093,24.94006863163367,525.725
1315,32,35,-43.706018498885584,34.474539722371446,527.058
1316,32,36,-48.15274485613068,45.70801866160261,527.898
1317,32,37,-51.31990015917101,58.73248931442699,528.123
1318,32,38,-52.86722487412404,73.15817669057408,527.653
1319,32,39,-52.587190533248105,88.01122900308887,526.465
1320,33,0,-48.88821621086307,117.58155629760776,523.427
1321,33,1,-44.65710185024235,129.18861584858735,520.72
1322,33,2,-39.41897171915163,139.0534717272151,517.651
1323,33,3,-33.4663286687967,147.45758236880891,514.417
1324,33,4,-27.018667658345095,154.74218402430262,511.23
1325,33,5,-20.234764972790227,161.2179819990401,508.298
1326,33,6,-13.230662964809673,167.14471472677857,505.811
1327,33,7,-6.095074692664496,172.73828448718217,503.918
1328,33,8,1.0989384840324414,178.1856881993475,502.722
1329,33,9,8.284869199063726,-176.33906459496453,502.268
1330,33,10,15.394848530689588,-170.65933882837038,502.54
1331,33,11,22.35154134186744,-164.58010163684384,503.465
1332,33,12,29.058278257726794,-157.87191330578585,504.922
1333,33,13,35.38616507089305,-150.25703102278703,506.753
1334,33,14,41.15730608933865,-141.4077286510918,508.778
1335,33,15,46.12684927660237,-130.983521260575,510.818
1336,33,16,49.976384873956576,-118.7565674009034,512.705
1337,33,17,52.34829783683774,-104.85673628895559,514.304
1338,33,18,52.9515777103737,-90.0033902783065,515.52
1339,33,19,51.702445394205085,-75.3725308496814,516.311
1340,33,20,48.77400178756212,-62.025931400126275,516.685
1341,33,21,44.498675612443904,-50.4595490407487,516.702
1342,33,22,39.2286075167942,-40.64149703340845,516.461
1343,33,23,33.2567340688311,-32.28140354592079,516.09
1344,33,24,26.801669133319205,-25.03506973279938,515.73
1345,33,25,20.020887844215032,-18.59165880755882,515.52
1346,33,26,13.029165554105127,-12.69253285067188,515.578
1347,33,27,5.913830073509507,-7.123095429266401,515.991
1348,33,28,-1.2533846425354738,-1.6977878059528857,516.801
1349,33,29,-8.407413891831157,3.755914194400842,518.001
1350,33,30,-15.48200174449895,9.412979954649822,519.534
1351,33,31,-22.401651024713235,15.466386224509009,521.297
1352,33,32,-29.07192497568848,22.14292175140586,523.147
1353,33,33,-35.36672293742061,29.716858757877763,524.921
1354,33,34,-41.111762387953,38.51181331434721,526.443
1355,33,35,-46.066876800595075,48.865119926184676,527.548
1356,33,36,-49.9188678509559,61.006450534421,528.094
1357,33,37,-52.3138907588938,74.81910794199193,527.977
1358,33,38,-52.95955537132427,89.60808624990284,527.148
1359,33,39,-51.76373268162761,104.2168841675088,525.61
1360,34,0,-50.517735422288034,120.10165021453236,524.593
1361,34,1,-46.91956786186322,132.6132863588101,522.13
1362,34,2,-42.14389276400114,143.32438901522409,519.219
1363,34,3,-36.51661260494894,152.41664121569667,516.041
1364,34,4,-30.293241346462214,160.21921709708747,512.804
1365,34,5,-23.66069053027295,167.06374966435723,509.72
1366,34,6,-16.754208147231157,173.23560422102915,506.989
1367,34,7,-9.674490822496685,178.97094138784553,504.782
1368,34,8,-2.501152948582493,-175.53076634820687,503.228
1369,34,9,4.697033580419028,-170.09098512715528,502.402
1370,34,10,11.853863313996122,-164.53634744502074,502.316
1371,34,11,18.897811791820885,-158.68302559048155,502.927
1372,34,12,25.74327838745966,-152.32075902012804,504.136
1373,34,13,32.27933741369686,-145.19728152715493,505.801
1374,34,14,38.354879472882416,-137.008581391605,507.753
1375,34,15,43.76056097450272,-127.41171481525186,509.808
1376,34,16,48.213912615242734,-116.09918668166156,511.79
1377,34,17,51.36852427587233,-102.98579721112736,513.548
1378,34,18,52.882473271446095,-88.4810435651482,514.964
1379,34,19,52.55320351193812,-73.5835335513258,515.969
1380,34,20,50.42929471782013,-59.492716689806095,516.547
1381,34,21,46.78183709724991,-47.012895566682275,516.733
1382,34,22,41.96788903437366,-36.34714195126258,516.606
1383,34,23,36.31508787348771,-27.300974744667354,516.283
1384,34,24,30.07854118009203,-19.53966857378908,515.899
1385,34,25,23.4440249769691,-12.730384051504798,515.598
1386,34,26,16.54543829260784,-6.588356077164694,515.509
1387,34,27,9.482212459624364,-0.8787131215105434,515.737
1388,34,28,2.332579610998347,4.596645167545473,516.346
1389,34,29,-4.8360706187111,10.014792191287876,517.355
1390,34,30,-11.959037981930564,15.54754936241627,518.732
1391,34,31,-18.96652007977663,21.37691774353622,520.395
1392,34,32,-25.77492265388433,27.710828783550433,522.221
1393,34,33,-32.27580620589596,34.798481934326816,524.055
1394,34,34,-38.32123396103093,42.940046934414504,525.725
1395,34,35,-43.706018498885584,52.47451973269957,527.058
1396,34,36,-48.15274485613068,63.70799525683614,527.898
1397,34,37,-51.31990015917101,76.73246932475512,528.123
1398,34,38,-52.86722487412404,91.15815670090221,527.653
1399,34,39,-52.587190533248105,106.011209013417,526.465
1400,35,0,-48.88821621086307,135.5815363079359,523.427
1401,35,1,-44.65710185024235,147.18859585891548,520.72
1402,35,2,-39.41897171915163,157.05345173754324,517.651
1403,35,3,-33.4663286687967,165.45756237913704,514.417
1404,35,4,-27.018667658345095,172.74216403463075,511.23
1405,35,5,-20.234764972790227,179.21796200936822,508.298
1406,35,6,-13.230662964809673,-174.85530162042764,505.811
1407,35,7,-6.095074692664496,-169.261731860024,503.918
1408,35,8,1.0989384840324414,-163.81434180823703,502.722
1409,35,9,8.284869199063726,-158.3390845846364,502.268
1410,35,10,15.394848530689588,-152.65935881804225,502.54
1411,35,11,22.35154134186744,-146.58012162651573,503.465
1412,35,12,29.058278257726794,-139.87193329545775,504.922
1413,35,13,35.38616507089305,-132.2570510124589,506.753
1414,35,14,41.15730608933865,-123.40774864076367,508.778
1415,35,15,46.12684927660237,-112.98354125024689,510.818
1416,35,16,49.976384873956576,-100.75658739057528,512.705
1417,35,17,52.34829783683774,-86.85675627862747,514.304
1418,35,18,52.9515777103737,-72.00341026797837,515.52
1419,35,19,51.702445394205085,-57.372550839353266,516.311
1420,35,20,48.77400178756212,-44.02595138979815,516.685
1421,35,21,44.498675612443904,-32.459569030420575,516.702
1422,35,22,39.2286075167942,-22.641515315533034,516.461
1423,35,23,33.2567340688311,-14.281424389366313,516.09
1424,35,24,26.801669133319205,-7.035089295584433,515.73
1425,35,25,20.020887844215032,-0.591679544282635,515.52
1426,35,26,13.029165554105127,5.3074471596562445,515.578
1427,35,27,5.913830073509507,10.876884154174899,515.991
1428,35,28,-1.2533846425354738,16.302191350601593,516.801
1429,35,29,-8.407413891831157,21.755894204728964,518.001
1430,35,30,-15.48200174449895,27.412959111204298,519.534
1431,35,31,-22.401651024713235,33.46636623483713,521.297
1432,35,32,-29.07192497568848,40.14290005418669,523.147
1433,35,33,-35.36672293742061,47.71683876820588,524.921
1434,35,34,-41.111762387953,56.51179332467533,526.443
1435,35,35,-46.066876800595075,66.86509993651279,527.548
1436,35,36,-49.9188678509559,79.00643054474912,528.094
1437,35,37,-52.3138907588938,92.81908795232006,527.977
1438,35,38,-52.95955537132427,107.60806626023096,527.148
1439,35,39,-51.76373268162761,122.21686417783692,525.61
1440,36,0,-50.517735422288034,138.10165754561714,524.593
1441,36,1,-46.91956786186322,150.6132936898949,522.13
1442,36,2,-42.14389276400114,161.3243963463089,519.219
1443,36,3,-36.51661260494894,170.4166485467815,516.041
1444,36,4,-30.293241346462214,178.21922442817228,512.804
1445,36,5,-23.66069053027295,-174.9362393620923,509.72
1446,36,6,-16.754208147231157,-168.7643984657987,506.989
1447,36,7,-9.674490822496685,-163.029047638604,504.782
1448,36,8,-2.501152948582493,-157.53075901712208,503.228
1449,36,9,4.697033580419028,-152.09097779607046,502.402
1450,36,10,11.853863313996122,-146.53634011393595,502.316
1451,36,11,18.897811791820885,-140.68301825939676,502.927
1452,36,12,25.74327838745966,-134.32075168904325,504.136
1453,36,13,32.27933741369686,-127.19727419607014,505.801
1454,36,14,38.354879472882416,-119.00857406052019,507.753
1455,36,15,43.76056097450272,-109.41171431435623,509.808
1456,36,16,48.213912615242734,-98.09917252038758,511.79
1457,36,17,51.36852427587233,-84.98578988004256,513.548
1458,36,18,52.882473271446095,-70.4810362340634,514.964
1459,36,19,52.55320351193812,-55.58352280514641,515.969
1460,36,20,50.42929471782013,-41.49270935872129,516.547
1461,36,21,46.78183709724991,-29.012888235597472,516.733
1462,36,22,41.96788903437366,-18.347136327725067,516.606
1463,36,23,36.31508787348771,-9.300967413582551,516.283
1464,36,24,30.07854118009203,-1.5396617763128033,515.899
1465,36,25,23.4440249769691,5.269623279580006,515.598
1466,36,26,16.54543829260784,11.411651253920109,515.509
1467,36,27,9.482212459624364,17.1212949566262,515.737
1468,36,28,2.332579610998347,22.5966529255171,516.346
1469,36,29,-4.8360706187111,28.01479952237268,517.355
1470,36,30,-11.959037981930564,33.54755669350107,518.732
1471,36,31,-18.96652007977663,39.37692507462103,520.395
1472,36,32,-25.77492265388433,45.710836114635235,522.221
1473,36,33,-32.27580620589596,52.79848926541162,524.055
1474,36,34,-38.32123396103093,60.940054265499306,525.725
1475,36,35,-43.706018498885584,70.47452706378438,527.058
1476,36,36,-48.15274485613068,81.70800258792094,527.898
1477,36,37,-51.31990015917101,94.73247665583992,528.123
1478,36,38,-52.86722487412404,109.15816403198701,527.653
1479,36,39,-52.587190533248105,124.01122317469097,526.465
1480,37,0,-48.88821621086307,153.5815436390207,523.427
1481,37,1,-44.65710185024235,165.1886031900003,520.72
1482,37,2,-39.41897171915163,175.05345906862803,517.651
1483,37,3,-33.4663286687967,-176.54242664731248,514.417
1484,37,4,-27.018667658345095,-169.25782499181878,511.23
1485,37,5,-20.234764972790227,-162.7820270170813,508.298
1486,37,6,-13.230662964809673,-156.85529428934282,505.811
1487,37,7,-6.095074692664496,-151.26172452893923,503.918
1488,37,8,1.0989384840324414,-145.81433447715224,502.722
1489,37,9,8.284869199063726,-140.33907725355158,502.268
1490,37,10,15.394848530689588,-134.65935148695746,502.54
1491,37,11,22.35154134186744,-128.58011429543092,503.465
1492,37,12,29.058278257726794,-121.87192596437293,504.922
1493,37,13,35.38616507089305,-114.2570436813741,506.753
1494,37,14,41.15730608933865,-105.40774130967885,508.778
1495,37,15,46.12684927660237,-94.98353391916208,510.818
1496,37,16,49.976384873956576,-82.75658005949047,512.705
1497,37,17,52.34829783683774,-68.85674894754267,514.304
1498,37,18,52.9515777103737,-54.003406351988154,515.52
1499,37,19,51.702445394205085,-39.372543508268464,516.311
1500,37,20,48.77400178756212,-26.02594576626064,516.685
1501,37,21,44.498675612443904,-14.459559991788476,516.702
1502,37,22,39.2286075167942,-4.641507984448232,516.461
1503,37,23,33.2567340688311,3.718582941718491,516.09
1504,37,24,26.801669133319205,10.964917608613547,515.73
1505,37,25,20.020887844215032,17.40832853385411,515.52
1506,37,26,13.029165554105127,23.307455344514693,515.578
1507,37,27,5.913830073509507,28.87689233903335,515.991
1508,37,28,-1.2533846425354738,34.30220038923369,516.801
1509,37,29,-8.407413891831157,39.75590153581377,518.001
1510,37,30,-15.48200174449895,45.412968149836395,519.534
1511,37,31,-22.401651024713235,51.466373565921934,521.297
1512,37,32,-29.07192497568848,58.14290738527149,523.147
1513,37,33,-35.36672293742061,65.71684951438527,524.921
1514,37,34,-41.111762387953,74.51179724066556,526.443
1515,37,35,-46.066876800595075,84.8651072675976,527.548
1516,37,36,-49.9188678509559,97.00643787583392,528.094
1517,37,37,-52.3138907588938,110.81909528340486,527.977
1518,37,38,-52.95955537132427,125.60808042150494,527.148
1519,37,39,-51.76373268162761,140.2168715089217,525.61
1520,38,0,-50.517735422288034,156.10166487670196,524.593
1521,38,1,-46.91956786186322,168.6133010209797,522.13
1522,38,2,-42.14389276400114,179.3244036773937,519.219
1523,38,3,-36.51661260494894,-171.58335414004637,516.041
1524,38,4,-30.293241346462214,-163.78076459827724,512.804
1525,38,5,-23.66069053027295,-156.93623203100748,509.72
1526,38,6,-16.754208147231157,-150.76439113471392,506.989
1527,38,7,-9.674490822496685,-145.02904030751918,504.782
1528,38,8,-2.501152948582493,-139.53075168603726,503.228
1529,38,9,4.697033580419028,-134.09097046498567,502.402
1530,38,10,11.853863313996122,-128.53633278285113,502.316
1531,38,11,18.897811791820885,-122.68301092831196,502.927
1532,38,12,25.74327838745966,-116.32074435795843,504.136
1533,38,13,32.27933741369686,-109.19726686498534,505.801
1534,38,14,38.354879472882416,-101.00856672943539,507.753
1535,38,15,43.76056097450272,-91.41170698327143,509.808
1536,38,16,48.213912615242734,-80.09916518930278,511.79
1537,38,17,51.36852427587233,-66.98578254895776,513.548
1538,38,18,52.882473271446095,-52.48102548788401,514.964
1539,38,19,52.55320351193812,-37.583515474061606,515.969
1540,38,20,50.42929471782013,-23.492702027636486,516.547
1541,38,21,46.78183709724991,-11.012882612059961,516.733
1542,38,22,41.96788903437366,-0.3471285163925895,516.606
1543,38,23,36.31508787348771,8.699039917502253,516.283
1544,38,24,30.07854118009203,16.46034608838053,515.899
1545,38,25,23.4440249769691,23.269631464438454,515.598
1546,38,26,16.54543829260784,29.41165858500491,515.509
1547,38,27,9.482212459624364,35.12130058016371,515.737
1548,38,28,2.332579610998347,40.5966602566019,516.346
1549,38,29,-4.8360706187111,46.014806853457486,517.355
1550,38,30,-11.959037981930564,51.547564024585874,518.732
1551,38,31,-18.96652007977663,57.37692899061125,520.395
1552,38,32,-25.77492265388433,63.71084344572004,522.221
1553,38,33,-32.27580620589596,70.79849659649642,524.055
1554,38,34,-38.32123396103093,78.94006159658412,525.725
1555,38,35,-43.706018498885584,88.47453439486918,527.058
1556,38,36,-48.15274485613068,99.70800991900575,527.898
1557,38,37,-51.31990015917101,112.73248398692472,528.123
1558,38,38,-52.86722487412404,127.15817819326098,527.653
1559,38,39,-52.587190533248105,142.01123050577579,526.465
1560,39,0,-48.88821621086307,171.5815509701055,523.427
1561,39,1,-44.65710185024235,-176.8113994968276,520.72
1562,39,2,-39.41897171915163,-166.94654361819983,517.651
1563,39,3,-33.4663286687967,-158.54241931622767,514.417
1564,39,4,-27.018667658345095,-151.25781766073396,511.23
1565,39,5,-20.234764972790227,-144.78201968599652,508.298
1566,39,6,-13.230662964809673,-138.85528695825803,505.811
1567,39,7,-6.095074692664496,-133.2617171978544,503.918
1568,39,8,1.0989384840324414,-127.81432714606743,502.722
1569,39,9,8.284869199063726,-122.33906992246679,502.268
1570,39,10,15.394848530689588,-116.65934415587265,502.54
1571,39,11,22.35154134186744,-110.58010696434611,503.465
1572,39,12,29.058278257726794,-103.87191863328813,504.922
1573,39,13,35.38616507089305,-96.2570363502893,506.753
1574,39,14,41.15730608933865,-87.40773397859405,508.778
1575,39,15,46.12684927660237,-76.98352658807728,510.818
1576,39,16,49.976384873956576,-64.75657272840567,512.705
1577,39,17,52.34829783683774,-50.85674161645786,514.304
1578,39,18,52.9515777103737,-36.003399020903345,515.52
1579,39,19,51.702445394205085,-21.372536177183658,516.311
1580,39,20,48.77400178756212,-8.02593758140219,516.685
1581,39,21,44.498675612443904,3.540447339296327,516.702
1582,39,22,39.2286075167942,13.35849934663657,516.461
1583,39,23,33.2567340688311,21.718589419029648,516.09
1584,39,24,26.801669133319205,28.964926647245644,515.73
1585,39,25,20.020887844215032,35.40833586493891,515.52
1586,39,26,13.029165554105127,41.307460968052204,515.578
1587,39,27,5.913830073509507,46.87689967011815,515.991
1588,39,28,-1.2533846425354738,52.30220772031849,516.801
1589,39,29,-8.407413891831157,57.75590886689857,518.001
1590,39,30,-15.48200174449895,63.412972065826615,519.534
1591,39,31,-22.401651024713235,69.46637748191215,521.297
1592,39,32,-29.07192497568848,76.1429147163563,523.147
1593,39,33,-35.36672293742061,83.71685684547008,524.921
1594,39,34,-41.111762387953,92.51180457175036,526.443
1595,39,35,-46.066876800595075,102.86511459868241,527.548
1596,39,36,-49.9188678509559,115.0064520371079,528.094
1597,39,37,-52.3138907588938,128.81910261448968,527.977
1598,39,38,-52.95955537132427,143.60808775258974,527.148
1599,39,39,-51.76373268162761,158.21687884000653,525.61
