0,0,0,10.105866787454472,60.50274457370007,515.704
1,0,1,2.961020193889343,65.99136847750643,516.277
2,0,2,-4.208532901451015,71.40768799875903,517.25
3,0,3,-11.338166102413588,76.92337311205698,518.596
4,0,4,-18.358850102151642,82.71891156621786,520.238
5,0,5,-25.18859530986834,88.99933197974711,522.054
6,0,6,-31.72166612834366,96.00966738911895,523.893
7,0,7,-37.814287075548826,104.04563766463824,525.583
8,0,8,-43.26698418432092,113.44444241543934,526.952
9,0,9,-47.808902888028484,124.5204410980721,527.84
10,0,10,-51.102614766199984,137.39481492879088,528.122
11,0,11,-52.80317819027683,151.72920999649156,527.715
12,0,12,-52.68566820070134,166.59368238529862,526.589
13,0,13,-50.765063402323364,-179.20779868788324,524.774
14,0,14,-47.28714473733121,-166.5409123437711,522.359
15,0,15,-42.60075045720495,-155.67542009135815,519.48
16,0,16,-37.03678956685335,-146.4536675042221,516.319
17,0,17,-30.857292028500208,-138.55182165343436,513.08
18,0,18,-24.25456011067993,-131.6354901376094,509.975
19,0,19,-17.3676513422521,-125.41475874723689,507.206
20,0,20,-10.299695603268386,-119.64955999336921,504.949
21,0,21,-3.131724977381356,-114.1378295596007,503.336
22,0,22,4.066918747407733,-108.69982418773331,502.445
23,0,23,11.230096288044708,-103.16233711060468,502.297
24,0,24,18.28708701208961,-97.34310473021303,502.851
25,0,25,25.15390648662114,-91.03482397505928,504.014
26,0,26,31.72241744915236,-83.98944286505612,505.647
27,0,27,37.84569570044713,-75.90753273717932,507.581
28,0,28,43.320256244752436,-66.44781635936003,509.635
29,0,29,47.87023457168062,-55.2941208598238,511.631
30,0,30,51.15319914719309,-42.33113215481328,513.414
31,0,31,52.82210805956152,-27.915795930353344,514.863
32,0,32,52.656376934445746,-13.003181806955107,515.906
33,0,33,50.68133552838277,1.1992614765003522,516.521
34,0,34,47.15339255790944,13.83633340455514,516.738
35,0,35,42.42768370892058,24.657020469786467,516.634
36,0,36,36.837112401562614,33.83244046868772,516.322
37,0,37,30.643425145208766,41.69250946741709,515.937
38,0,38,24.03781601020062,48.57308152784244,515.622
39,0,39,17.158024298887945,54.76354151981346,515.508
40,1,0,6.540610493545366,72.26689847558995,515.94
41,1,1,-0.6246952913483015,77.69786192242306,516.714
42,1,2,-7.782457559190513,83.14221937021857,517.88
43,1,3,-14.866833926712582,88.77410649186594,519.387
44,1,4,-21.803493793054784,94.78430413126198,521.133
45,1,5,-28.500113491206058,101.39600921010437,522.981
46,1,6,-34.83397842744337,108.87898687985191,524.768
47,1,7,-40.6357699197894,117.55314271066051,526.318
48,1,8,-45.67165131936687,127.75778684011806,527.465
49,1,9,-49.63438705693029,139.74005600296314,528.064
50,1,10,-52.17069242784989,153.42491374097395,528.008
51,1,11,-52.97708505182911,168.17093698919464,527.241
52,1,12,-51.939592977282516,-177.15613280461648,525.764
53,1,13,-49.19964893135356,-163.65271221171787,523.634
54,1,14,-45.07296816314233,-151.88623604551017,520.967
55,1,15,-39.91031845256941,-141.8778642320421,517.923
56,1,16,-34.01048983997161,-133.35940256336394,514.696
57,1,17,-27.599109086843825,-125.98981969421695,511.497
58,1,18,-20.839521874734203,-119.45424390386353,508.537
59,1,19,-13.850858655598817,-113.48855860728845,506.004
60,1,20,-6.723715912362361,-107.87358303402604,504.056
61,1,21,0.4678819920501837,-102.42040098182288,502.797
62,1,22,7.657159446413922,-96.95450794757431,502.279
63,1,23,14.776689090046753,-91.30012218280092,502.491
64,1,24,21.750303694893308,-85.26447525855741,503.364
65,1,25,28.48353320699585,-78.62172696993733,504.782
66,1,26,34.85086948526081,-71.09879952373437,506.587
67,1,27,40.679500205950404,-62.37164825515564,508.604
68,1,28,45.73101590853804,-52.09760940373076,510.65
69,1,29,49.6929422686848,-40.030724442352984,512.557
70,1,30,52.20797501543441,-26.257968999913263,514.186
71,1,31,52.973417240244814,-11.444639360063977,515.438
72,1,32,51.88312438831943,3.2542621996293812,516.266
73,1,33,49.08983656497268,16.74248925016271,516.675
74,1,34,44.91801507653683,28.46945277202187,516.72
75,1,35,39.72234140132691,38.43107364816849,516.496
76,1,36,33.80223395708334,46.90507761553904,516.129
77,1,37,27.382470854296653,54.23587867057871,515.762
78,1,38,20.625168340464402,60.7385705151731,515.533
79,1,39,13.648124980654499,66.6762998474753,515.562
80,2,0,10.105866787454472,78.50274507459571,515.704
81,2,1,2.961020193889343,83.99136897840206,516.277
82,2,2,-4.208532901451015,89.40768849965467,517.25
83,2,3,-11.338166102413588,94.9233736129526,518.596
84,2,4,-18.358850102151642,100.7189120671135,520.238
85,2,5,-25.18859530986834,106.99933248064274,522.054
86,2,6,-31.72166612834366,114.00966789001458,523.893
87,2,7,-37.814287075548826,122.04564499572304,525.583
88,2,8,-43.26698418432092,131.4444360861458,526.952
89,2,9,-47.808902888028484,142.52044842915691,527.84
90,2,10,-51.102614766199984,155.39480859949734,528.122
91,2,11,-52.80317819027683,169.72921732757638,527.715
92,2,12,-52.68566820070134,-175.40632030152923,526.589
93,2,13,-50.765063402323364,-161.20780501717678,524.774
94,2,14,-47.28714473733121,-148.54091867306465,522.359
95,2,15,-42.60075045720495,-137.6754264206517,519.48
96,2,16,-37.03678956685335,-128.4536601731373,516.319
97,2,17,-30.857292028500208,-120.55181432234956,513.08
98,2,18,-24.25456011067993,-113.63548963671377,509.975
99,2,19,-17.3676513422521,-107.41476507653043,507.206
100,2,20,-10.299695603268386,-101.64955949247357,504.949
101,2,21,-3.131724977381356,-96.13782905870507,503.336
102,2,22,4.066918747407733,-90.69982368683768,502.445
103,2,23,11.230096288044708,-85.16233660970904,502.297
104,2,24,18.28708701208961,-79.34310422931739,502.851
105,2,25,25.15390648662114,-73.03482347416366,504.014
106,2,26,31.72241744915236,-65.98944236416048,505.647
107,2,27,37.84569570044713,-57.907532236283686,507.581
108,2,28,43.320256244752436,-48.44781244336982,509.635
109,2,29,47.87023457168062,-37.29412035892817,511.631
110,2,30,51.15319914719309,-24.331131653917648,513.414
111,2,31,52.82210805956152,-9.915795429457711,514.863
112,2,32,52.656376934445746,4.9968186939405275,515.906
113,2,33,50.68133552838277,19.1992621908394,516.521
114,2,34,47.15339255790944,31.836334759224417,516.738
115,2,35,42.42768370892058,42.6570209706821,516.634
116,2,36,36.837112401562614,51.83244096958335,516.322
117,2,37,30.643425145208766,59.69250655321814,515.937
118,2,38,24.03781601020062,66.57308202873807,515.622
119,2,39,17.158024298887945,72.7635420207091,515.508
120,3,0,6.540610493545366,90.26689897648558,515.94
121,3,1,-0.6246952913483015,95.6978624233187,516.714
122,3,2,-7.782457559190513,101.1422198711142,517.88
123,3,3,-14.866833926712582,106.77410699276157,519.387
124,3,4,-21.803493793054784,112.78430463215761,521.133
125,3,5,-28.500113491206058,119.39600971099999,522.981
126,3,6,-34.83397842744337,126.87898738074755,524.768
127,3,7,-40.6357699197894,135.55313638136698,526.318
128,3,8,-45.67165131936687,145.75779417120287,527.465
129,3,9,-49.63438705693029,157.7400496736696,528.064
130,3,10,-52.17069242784989,171.42492107205877,528.008
131,3,11,-52.97708505182911,-173.8290656976332,527.241
132,3,12,-51.939592977282516,-159.15613913391,525.764
133,3,13,-49.19964893135356,-145.65271854101138,523.634
134,3,14,-45.07296816314233,-133.88622871442536,520.967
135,3,15,-39.91031845256941,-123.87787056133564,517.923
136,3,16,-34.01048983997161,-115.35939523227914,514.696
137,3,17,-27.599109086843825,-107.98981919332131,511.497
138,3,18,-20.839521874734203,-101.45424340296789,508.537
139,3,19,-13.850858655598817,-95.48855810639283,506.004
140,3,20,-6.723715912362361,-89.8735825331304,504.056
141,3,21,0.4678819920501837,-84.42040048092724,502.797
142,3,22,7.657159446413922,-78.95450744667869,502.279
143,3,23,14.776689090046753,-73.3001216819053,502.491
144,3,24,21.750303694893308,-67.26447475766179,503.364
145,3,25,28.48353320699585,-60.62172646904169,504.782
146,3,26,34.85086948526081,-53.09879902283874,506.587
147,3,27,40.679500205950404,-44.37165116935459,508.604
148,3,28,45.73101590853804,-34.09760890283513,510.65
149,3,29,49.6929422686848,-22.030722233910062,512.557
150,3,30,52.20797501543441,-8.257969352791278,514.186
151,3,31,52.973417240244814,6.555361140831655,515.438
152,3,32,51.88312438831943,21.254262913968425,516.266
153,3,33,49.08983656497268,34.742491458605635,516.675
154,3,34,44.91801507653683,46.469454980464796,516.72
155,3,35,39.72234140132691,56.43107414906412,516.496
156,3,36,33.80223395708334,64.90508153152926,516.129
157,3,37,27.382470854296653,72.23587575637976,515.762
158,3,38,20.625168340464402,78.73857101606873,515.533
159,3,39,13.648124980654499,84.67630034837094,515.562
160,4,0,10.105866787454472,96.50274557549133,515.704
161,4,1,2.961020193889343,101.99136947929769,516.277
162,4,2,-4.208532901451015,107.40768900055029,517.25
163,4,3,-11.338166102413588,112.92337411384824,518.596
164,4,4,-18.358850102151642,118.7189193981983,520.238
165,4,5,-25.18859530986834,124.99933298153837,522.054
166,4,6,-31.72166612834366,132.00967522109937,523.893
167,4,7,-37.814287075548826,140.0456386664295,525.583
168,4,8,-43.26698418432092,149.44444341723062,526.952
169,4,9,-47.808902888028484,160.52044209986337,527.84
170,4,10,-51.102614766199984,173.39481593058215,528.122
171,4,11,-52.80317819027683,-172.27078535925148,527.715
172,4,12,-52.68566820070134,-157.40631297044445,526.589
173,4,13,-50.765063402323364,-143.20779768609196,524.774
174,4,14,-47.28714473733121,-130.54091134197984,522.359
175,4,15,-42.60075045720495,-119.67541908956687,519.48
176,4,16,-37.03678956685335,-110.45366650243083,516.319
177,4,17,-30.857292028500208,-102.55181382145392,513.08
178,4,18,-24.25456011067993,-95.63548913581813,509.975
179,4,19,-17.3676513422521,-89.41476457563479,507.206
180,4,20,-10.299695603268386,-83.64955899157795,504.949
181,4,21,-3.131724977381356,-78.13782855780943,503.336
182,4,22,4.066918747407733,-72.69982318594204,502.445
183,4,23,11.230096288044708,-67.1623361088134,502.297
184,4,24,18.28708701208961,-61.34310372842176,502.851
185,4,25,25.15390648662114,-55.03481955817344,504.014
186,4,26,31.72241744915236,-47.98944527835943,505.647
187,4,27,37.84569570044713,-39.907528320293466,507.581
188,4,28,43.320256244752436,-30.447811942474186,509.635
189,4,29,47.87023457168062,-19.294118150485243,511.631
190,4,30,51.15319914719309,-6.3311315799088375,513.414
191,4,31,52.82210805956152,8.084205071437921,514.863
192,4,32,52.656376934445746,22.996820048609806,515.906
193,4,33,50.68133552838277,37.19926269173503,516.521
194,4,34,47.15339255790944,49.83633526012005,516.738
195,4,35,42.42768370892058,60.65702488667232,516.634
196,4,36,36.837112401562614,69.83244147047898,516.322
197,4,37,30.643425145208766,77.69250705411378,515.937
198,4,38,24.03781601020062,84.57308252963371,515.622
199,4,39,17.158024298887945,90.76354252160472,515.508
200,5,0,6.540610493545366,108.26689947738122,515.94
201,5,1,-0.6246952913483015,113.69786292421433,516.714
202,5,2,-7.782457559190513,119.14221354182067,517.88
203,5,3,-14.866833926712582,124.77411432384638,519.387
204,5,4,-21.803493793054784,130.78429830286407,521.133
205,5,5,-28.500113491206058,137.3960170420848,522.981
206,5,6,-34.83397842744337,144.87898105145402,524.768
207,5,7,-40.6357699197894,153.55314371245177,526.318
208,5,8,-45.67165131936687,163.75778784190933,527.465
209,5,9,-49.63438705693029,175.7400570047544,528.064
210,5,10,-52.17069242784989,-170.5750816147691,528.008
211,5,11,-52.97708505182911,-155.82907202692675,527.241
212,5,12,-51.939592977282516,-141.1561318028252,525.764
213,5,13,-49.19964893135356,-127.6527112099266,523.634
214,5,14,-45.07296816314233,-115.8862350437189,520.967
215,5,15,-39.91031845256941,-105.87786323025084,517.923
216,5,16,-34.01048983997161,-97.3593947313835,514.696
217,5,17,-27.599109086843825,-89.98981869242567,511.497
218,5,18,-20.839521874734203,-83.45424290207225,508.537
219,5,19,-13.850858655598817,-77.48855760549719,506.004
220,5,20,-6.723715912362361,-71.87358203223476,504.056
221,5,21,0.4678819920501837,-66.4203999800316,502.797
222,5,22,7.657159446413922,-60.95450694578305,502.279
223,5,23,14.776689090046753,-55.300117765915076,502.491
224,5,24,21.750303694893308,-49.26447084167157,503.364
225,5,25,28.48353320699585,-42.62172596814606,504.782
226,5,26,34.85086948526081,-35.0987985219431,506.587
227,5,27,40.679500205950404,-26.371650668458958,508.604
228,5,28,45.73101590853804,-16.097608401939492,510.65
229,5,29,49.6929422686848,-4.030722586788073,512.557
230,5,30,52.20797501543441,9.742031148104356,514.186
231,5,31,52.973417240244814,24.555361641727288,515.438
232,5,32,51.88312438831943,39.254261707316765,516.266
233,5,33,49.08983656497268,52.742491959501265,516.675
234,5,34,44.91801507653683,64.46945206626584,516.72
235,5,35,39.72234140132691,74.43107123486517,516.496
236,5,36,33.80223395708334,82.90508203242489,516.129
237,5,37,27.382470854296653,90.2358762572754,515.762
238,5,38,20.625168340464402,96.73857151696437,515.533
239,5,39,13.648124980654499,102.67630084926657,515.562
240,6,0,10.105866787454472,114.50274607638697,515.704
241,6,1,2.961020193889343,119.99136998019333,516.277
242,6,2,-4.208532901451015,125.40768267125675,517.25
243,6,3,-11.338166102413588,130.92337461474386,518.596
244,6,4,-18.358850102151642,136.71891306890475,520.238
245,6,5,-25.18859530986834,142.99932665224483,522.054
246,6,6,-31.72166612834366,150.00966889180586,523.893
247,6,7,-37.814287075548826,158.0456459975143,525.583
248,6,8,-43.26698418432092,167.44443708793708,526.952
249,6,9,-47.808902888028484,178.52044943094816,527.84
250,6,10,-51.102614766199984,-168.60518675624573,528.122
251,6,11,-52.80317819027683,-154.2707780281667,527.715
252,6,12,-52.68566820070134,-139.40631929973796,526.589
253,6,13,-50.765063402323364,-125.2078040153855,524.774
254,6,14,-47.28714473733121,-112.54091767127338,522.359
255,6,15,-42.60075045720495,-101.67541858867125,519.48
256,6,16,-37.03678956685335,-92.45366600153521,516.319
257,6,17,-30.857292028500208,-84.55181332055828,513.08
258,6,18,-24.25456011067993,-77.63548863492251,509.975
259,6,19,-17.3676513422521,-71.41476407473917,507.206
260,6,20,-10.299695603268386,-65.64955849068231,504.949
261,6,21,-3.131724977381356,-60.1378280569138,503.336
262,6,22,4.066918747407733,-54.699819269951824,502.445
263,6,23,11.230096288044708,-49.162339023012365,502.297
264,6,24,18.28708701208961,-43.34309981243154,502.851
265,6,25,25.15390648662114,-37.0348190572778,504.014
266,6,26,31.72241744915236,-29.989444777463802,505.647
267,6,27,37.84569570044713,-21.907529526945126,507.581
268,6,28,43.320256244752436,-12.4478122953522,509.635
269,6,29,47.87023457168062,-1.2941177563113142,511.631
270,6,30,51.15319914719309,11.668869347873619,513.414
271,6,31,52.82210805956152,26.084205572333556,514.863
272,6,32,52.656376934445746,40.99682054950544,515.906
273,6,33,50.68133552838277,55.19926319263067,516.521
274,6,34,47.15339255790944,67.83633234592111,516.738
275,6,35,42.42768370892058,78.65702538756796,516.634
276,6,36,36.837112401562614,87.83244197137462,516.322
277,6,37,30.643425145208766,95.6925075550094,515.937
278,6,38,24.03781601020062,102.57308303052933,515.622
279,6,39,17.158024298887945,108.76354302250036,515.508
280,7,0,6.540610493545366,126.26689314808768,515.94
281,7,1,-0.6246952913483015,131.69786342510997,516.714
282,7,2,-7.782457559190513,137.14222087290545,517.88
283,7,3,-14.866833926712582,142.77410799455285,519.387
284,7,4,-21.803493793054784,148.7843056339489,521.133
285,7,5,-28.500113491206058,155.39601071279125,522.981
286,7,6,-34.83397842744337,162.8789883825388,524.768
287,7,7,-40.6357699197894,171.55313738315826,526.318
288,7,8,-45.67165131936687,-178.24221484491852,527.465
289,7,9,-49.63438705693029,-166.25994568207346,528.064
290,7,10,-52.17069242784989,-152.57508794406263,528.008
291,7,11,-52.97708505182911,-137.82906469584194,527.241
292,7,12,-51.939592977282516,-123.15613813211874,525.764
293,7,13,-49.19964893135356,-109.65271753922012,523.634
294,7,14,-45.07296816314233,-97.88623454282327,520.967
295,7,15,-39.91031845256941,-87.87786955954438,517.923
296,7,16,-34.01048983997161,-79.35940106067704,514.696
297,7,17,-27.599109086843825,-71.98982502171921,511.497
298,7,18,-20.839521874734203,-65.4542492313658,508.537
299,7,19,-13.850858655598817,-59.488563934790726,506.004
300,7,20,-6.723715912362361,-53.873584946433716,504.056
301,7,21,0.4678819920501837,-48.420406309325145,502.797
302,7,22,7.657159446413922,-42.95451327507659,502.279
303,7,23,14.776689090046753,-37.30012068011403,502.491
304,7,24,21.750303694893308,-31.264473755870515,503.364
305,7,25,28.48353320699585,-24.6217305898923,504.782
306,7,26,34.85086948526081,-17.098799728594763,506.587
307,7,27,40.679500205950404,-8.371653582657908,508.604
308,7,28,45.73101590853804,1.902389324191791,510.65
309,7,29,49.6929422686848,13.969274499012975,512.557
310,7,30,52.20797501543441,27.74202908767905,514.186
311,7,31,52.973417240244814,42.55536043507563,515.438
312,7,32,51.88312438831943,57.25425879311781,516.266
313,7,33,49.08983656497268,70.74248904530232,516.675
314,7,34,44.91801507653683,82.46945256716148,516.72
315,7,35,39.72234140132691,92.43107173576081,516.496
316,7,36,33.80223395708334,100.90507570313136,516.129
317,7,37,27.382470854296653,108.23587675817102,515.762
318,7,38,20.625168340464402,114.73857201786,515.533
319,7,39,13.648124980654499,120.6763013501622,515.562
320,8,0,10.105866787454472,132.5027465772826,515.704
321,8,1,2.961020193889343,137.99136365089979,516.277
322,8,2,-4.208532901451015,143.40769000234155,517.25
323,8,3,-11.338166102413588,148.92338194582868,518.596
324,8,4,-18.358850102151642,154.71892039998957,520.238
325,8,5,-25.18859530986834,160.99933398332965,522.054
326,8,6,-31.72166612834366,168.00967622289065,523.893
327,8,7,-37.814287075548826,176.04563966822076,525.583
328,8,8,-43.26698418432092,-174.55555193851245,526.952
329,8,9,-47.808902888028484,-163.4795532558797,527.84
330,8,10,-51.102614766199984,-150.60519308553927,528.122
331,8,11,-52.80317819027683,-136.27078435746023,527.715
332,8,12,-52.68566820070134,-121.40631196865317,526.589
333,8,13,-50.765063402323364,-107.20780351448987,524.774
334,8,14,-47.28714473733121,-94.54091717037774,522.359
335,8,15,-42.60075045720495,-83.67541808777561,519.48
336,8,16,-37.03678956685335,-74.45366550063957,516.319
337,8,17,-30.857292028500208,-66.55181281966266,513.08
338,8,18,-24.25456011067993,-59.63548813402687,509.975
339,8,19,-17.3676513422521,-53.41476015874894,507.206
340,8,20,-10.299695603268386,-47.64955798978667,504.949
341,8,21,-3.131724977381356,-42.137827556018166,503.336
342,8,22,4.066918747407733,-36.699818769056186,502.445
343,8,23,11.230096288044708,-31.16233852211673,502.297
344,8,24,18.28708701208961,-25.343099311535905,502.851
345,8,25,25.15390648662114,-19.03481855638217,504.014
346,8,26,31.72241744915236,-11.989444276568168,505.647
347,8,27,37.84569570044713,-3.9075285991626694,507.581
348,8,28,43.320256244752436,5.552188632430257,509.635
349,8,29,47.87023457168062,16.705882851306026,511.631
350,8,30,51.15319914719309,29.66886984876925,513.414
351,8,31,52.82210805956152,44.08420607322919,514.863
352,8,32,52.656376934445746,58.99681763530649,515.906
353,8,33,50.68133552838277,73.19926027843171,516.521
354,8,34,47.15339255790944,85.83633284681673,516.738
355,8,35,42.42768370892058,96.65702588846358,516.634
356,8,36,36.837112401562614,105.83244247227026,516.322
357,8,37,30.643425145208766,113.69250805590504,515.937
358,8,38,24.03781601020062,120.57308353142497,515.622
359,8,39,17.158024298887945,126.763543523396,515.508
360,9,0,6.540610493545366,144.26690047917248,515.94
361,9,1,-0.6246952913483015,149.69785709581643,516.714
362,9,2,-7.782457559190513,155.1422145436119,517.88
363,9,3,-14.866833926712582,160.7741016652593,519.387
364,9,4,-21.803493793054784,166.78429930465535,521.133
365,9,5,-28.500113491206058,173.3960043834977,522.981
366,9,6,-34.83397842744337,-179.12101430428905,524.768
367,9,7,-40.6357699197894,-170.44686530366963,526.318
368,9,8,-45.67165131936687,-160.24220751383373,527.465
369,9,9,-49.63438705693029,-148.259952011367,528.064
370,9,10,-52.17069242784989,-134.57508061297784,528.008
371,9,11,-52.97708505182911,-119.82907102513548,527.241
372,9,12,-51.939592977282516,-105.1561376312231,525.764
373,9,13,-49.19964893135356,-91.6527170383245,523.634
374,9,14,-45.07296816314233,-79.88623404192764,520.967
375,9,15,-39.91031845256941,-69.87786905864874,517.923
376,9,16,-34.01048983997161,-61.359400559781406,514.696
377,9,17,-27.599109086843825,-53.98982452082358,511.497
378,9,18,-20.839521874734203,-47.45424873047016,508.537
379,9,19,-13.850858655598817,-41.488563433895095,506.004
380,9,20,-6.723715912362361,-35.873584445538086,504.056
381,9,21,0.4678819920501837,-30.42040580842951,502.797
382,9,22,7.657159446413922,-24.954511066633664,502.279
383,9,23,14.776689090046753,-19.300121886765684,502.491
384,9,24,21.750303694893308,-13.264473254974883,503.364
385,9,25,28.48353320699585,-6.621729662109846,504.782
386,9,26,34.85086948526081,0.9012007723008699,506.587
387,9,27,40.679500205950404,9.628346918237725,508.604
388,9,28,45.73101590853804,19.90238918475719,510.65
389,9,29,49.6929422686848,31.96927414613496,512.557
390,9,30,52.20797501543441,45.74202958857468,514.186
391,9,31,52.973417240244814,60.555357520876676,515.438
392,9,32,51.88312438831943,75.25425929401345,516.266
393,9,33,49.08983656497268,88.74248954619794,516.675
394,9,34,44.91801507653683,100.4694530680571,516.72
395,9,35,39.72234140132691,110.43107223665643,516.496
396,9,36,33.80223395708334,118.90508303421616,516.129
397,9,37,27.382470854296653,126.23587042887749,515.762
398,9,38,20.625168340464402,132.73856568856647,515.533
399,9,39,13.648124980654499,138.67629502086868,515.562
400,10,0,10.105866787454472,150.5027539083674,515.704
401,10,1,2.961020193889343,155.9913709819846,516.277
402,10,2,-4.208532901451015,161.407683673048,517.25
403,10,3,-11.338166102413588,166.92337561653514,518.596
404,10,4,-18.358850102151642,172.71891407069603,520.238
405,10,5,-25.18859530986834,178.9993276540361,522.054
406,10,6,-31.72166612834366,-173.9903264639372,523.893
407,10,7,-37.814287075548826,-165.9543630186071,525.583
408,10,8,-43.26698418432092,-156.555558267806,526.952
409,10,9,-47.808902888028484,-145.47954592479488,527.84
410,10,10,-51.102614766199984,-132.60518575445445,528.122
411,10,11,-52.80317819027683,-118.27077702637541,527.715
412,10,12,-52.68566820070134,-103.40631829794671,526.589
413,10,13,-50.765063402323364,-89.20780301359424,524.774
414,10,14,-47.28714473733121,-76.54091666948212,522.359
415,10,15,-42.60075045720495,-65.67541758687997,519.48
416,10,16,-37.03678956685335,-56.45366158464935,516.319
417,10,17,-30.857292028500208,-48.55181231876702,513.08
418,10,18,-24.25456011067993,-41.63548421803665,509.975
419,10,19,-17.3676513422521,-35.41475965785331,507.206
420,10,20,-10.299695603268386,-29.64955748889104,504.949
421,10,21,-3.131724977381356,-24.13782534757524,503.336
422,10,22,4.066918747407733,-18.699818268160556,502.445
423,10,23,11.230096288044708,-13.16233716744745,502.297
424,10,24,18.28708701208961,-7.3430988106402735,502.851
425,10,25,25.15390648662114,-1.0348186958167715,504.014
426,10,26,31.72241744915236,6.010556224327466,505.647
427,10,27,37.84569570044713,14.092472328619788,507.581
428,10,28,43.320256244752436,23.552189560212714,509.635
429,10,29,47.87023457168062,34.70588164465437,511.631
430,10,30,51.15319914719309,47.668870349664886,513.414
431,10,31,52.82210805956152,62.08420657412482,514.863
432,10,32,52.656376934445746,76.99681813620212,515.906
433,10,33,50.68133552838277,91.19926077932735,516.521
434,10,34,47.15339255790944,103.83633334771237,516.738
435,10,35,42.42768370892058,114.65701955917005,516.634
436,10,36,36.837112401562614,123.83243614297672,516.322
437,10,37,30.643425145208766,131.69250855680068,515.937
438,10,38,24.03781601020062,138.57307720213143,515.622
439,10,39,17.158024298887945,144.7635508544808,515.508
440,11,0,6.540610493545366,162.26689414987894,515.94
441,11,1,-0.6246952913483015,167.69786442690122,516.714
442,11,2,-7.782457559190513,173.14222187469673,517.88
443,11,3,-14.866833926712582,178.7741089963441,519.387
444,11,4,-21.803493793054784,-175.21570338217253,521.133
445,11,5,-28.500113491206058,-168.6039846429518,522.981
446,11,6,-34.83397842744337,-161.1210206335826,524.768
447,11,7,-40.6357699197894,-152.4468579725848,526.318
448,11,8,-45.67165131936687,-142.24221384312727,527.465
449,11,9,-49.63438705693029,-130.2599446802822,528.064
450,11,10,-52.17069242784989,-116.57508694227137,528.008
451,11,11,-52.97708505182911,-101.82907052423985,527.241
452,11,12,-51.939592977282516,-87.15613713032747,525.764
453,11,13,-49.19964893135356,-73.65271653742886,523.634
454,11,14,-45.07296816314233,-61.886233541032006,520.967
455,11,15,-39.91031845256941,-51.87786855775311,517.923
456,11,16,-34.01048983997161,-43.359400058885775,514.696
457,11,17,-27.599109086843825,-35.989824019927944,511.497
458,11,18,-20.839521874734203,-29.454248229574528,508.537
459,11,19,-13.850858655598817,-23.488561225452166,506.004
460,11,20,-6.723715912362361,-17.87358394464245,504.056
461,11,21,0.4678819920501837,-12.42040445376023,502.797
462,11,22,7.657159446413922,-6.954511419511677,502.279
463,11,23,14.776689090046753,-1.300120745539815,502.491
464,11,24,21.750303694893308,4.735526819033927,503.364
465,11,25,28.48353320699585,11.378270411898963,504.782
466,11,26,34.85086948526081,18.901201273196502,506.587
467,11,27,40.679500205950404,27.62834741913336,508.604
468,11,28,45.73101590853804,37.90238968565282,510.65
469,11,29,49.6929422686848,49.969274647030595,512.557
470,11,30,52.20797501543441,63.74203008947032,514.186
471,11,31,52.973417240244814,78.5553580217723,515.438
472,11,32,51.88312438831943,93.25425979490909,516.266
473,11,33,49.08983656497268,106.74249004709358,516.675
474,11,34,44.91801507653683,118.46945356895274,516.72
475,11,35,39.72234140132691,128.4310659073629,516.496
476,11,36,33.80223395708334,136.90507670492264,516.129
477,11,37,27.382470854296653,144.23587775996228,515.762
478,11,38,20.625168340464402,150.73857301965126,515.533
479,11,39,13.648124980654499,156.67630235195347,515.562
480,12,0,10.105866787454472,168.50274757907388,515.704
481,12,1,2.961020193889343,173.99136465269106,516.277
482,12,2,-4.208532901451015,179.40769100413283,517.25
483,12,3,-11.338166102413588,-175.07662707029272,518.596
484,12,4,-18.358850102151642,-169.28108861613185,520.238
485,12,5,-25.18859530986834,-163.00066137241342,522.054
486,12,6,-31.72166612834366,-155.99033279323075,523.893
487,12,7,-37.814287075548826,-147.95435568752228,525.583
488,12,8,-43.26698418432092,-138.55555093672118,526.952
489,12,9,-47.808902888028484,-127.47955225408843,527.84
490,12,10,-51.102614766199984,-114.605192083748,528.122
491,12,11,-52.80317819027683,-100.27078335566895,527.715
492,12,12,-52.68566820070134,-85.40631779705107,526.589
493,12,13,-50.765063402323364,-71.2078025126986,524.774
494,12,14,-47.28714473733121,-58.54091616858648,522.359
495,12,15,-42.60075045720495,-47.675420501078925,519.48
496,12,16,-37.03678956685335,-38.45366108375372,516.319
497,12,17,-30.857292028500208,-30.551811817871386,513.08
498,12,18,-24.25456011067993,-23.635483717141017,509.975
499,12,19,-17.3676513422521,-17.41476086450497,507.206
500,12,20,-10.299695603268386,-11.649556134221761,504.949
501,12,21,-3.131724977381356,-6.137824846679606,503.336
502,12,22,4.066918747407733,-0.6998181407908917,502.445
503,12,23,11.230096288044708,4.837662906561359,502.297
504,12,24,18.28708701208961,10.65690169025536,502.851
505,12,25,25.15390648662114,16.965182445409095,504.014
506,12,26,31.72241744915236,24.0105567252231,505.647
507,12,27,37.84569570044713,32.092473683289064,507.581
508,12,28,43.320256244752436,41.55219006110835,509.635
509,12,29,47.87023457168062,52.70588214555,511.631
510,12,30,51.15319914719309,65.66886743546594,513.414
511,12,31,52.82210805956152,80.08420707502046,514.863
512,12,32,52.656376934445746,94.99681863709776,515.906
513,12,33,50.68133552838277,109.19926128022298,516.521
514,12,34,47.15339255790944,121.83634067879717,516.738
515,12,35,42.42768370892058,132.65702689025485,516.634
516,12,36,36.837112401562614,141.83244347406153,516.322
517,12,37,30.643425145208766,149.69251588788546,515.937
518,12,38,24.03781601020062,156.57308453321625,515.622
519,12,39,17.158024298887945,162.76354452518726,515.508
520,13,0,6.540610493545366,-179.73309487657056,515.94
521,13,1,-0.6246952913483015,-174.30213825992664,516.714
522,13,2,-7.782457559190513,-168.85778081213113,517.88
523,13,3,-14.866833926712582,-163.22588003010543,519.387
524,13,4,-21.803493793054784,-157.21569605108772,521.133
525,13,5,-28.500113491206058,-150.603977311867,522.981
526,13,6,-34.83397842744337,-143.12101330249777,524.768
527,13,7,-40.6357699197894,-134.44685064150002,526.318
528,13,8,-45.67165131936687,-124.24220651204246,527.465
529,13,9,-49.63438705693029,-112.25994417938657,528.064
530,13,10,-52.17069242784989,-98.57507961118657,528.008
531,13,11,-52.97708505182911,-83.82906319315505,527.241
532,13,12,-51.939592977282516,-69.15612979924266,525.764
533,13,13,-49.19964893135356,-55.65271262143864,523.634
534,13,14,-45.07296816314233,-43.886226209947196,520.967
535,13,15,-39.91031845256941,-33.87786122666831,517.923
536,13,16,-34.01048983997161,-25.359392727800973,514.696
537,13,17,-27.599109086843825,-17.98981498129585,511.497
538,13,18,-20.839521874734203,-11.454240044716077,508.537
539,13,19,-13.850858655598817,-5.4885543212541865,506.004
540,13,20,-6.723715912362361,0.126423146318513,504.056
541,13,21,0.4678819920501837,5.5796028773245725,502.797
542,13,22,7.657159446413922,11.045495911573127,502.279
543,13,23,14.776689090046753,16.699885945214753,502.491
544,13,24,21.750303694893308,22.735534577005556,503.364
545,13,25,28.48353320699585,29.37827945053106,504.782
546,13,26,34.85086948526081,36.90120689673402,506.587
547,13,27,40.679500205950404,45.628354750218165,508.604
548,13,28,45.73101590853804,55.90239701673762,510.65
549,13,29,49.6929422686848,67.9692819781154,512.557
550,13,30,52.20797501543441,81.74203742055512,514.186
551,13,31,52.973417240244814,96.55536535285711,515.438
552,13,32,51.88312438831943,111.25426712599389,516.266
553,13,33,49.08983656497268,124.74249054798922,516.675
554,13,34,44.91801507653683,136.46946090003755,516.72
555,13,35,39.72234140132691,146.4310732384477,516.496
556,13,36,33.80223395708334,154.90508403600742,516.129
557,13,37,27.382470854296653,162.2358850910471,515.762
558,13,38,20.625168340464402,168.73858035073607,515.533
559,13,39,13.648124980654499,174.67630968303828,515.562
560,14,0,10.105866787454472,-173.497255107754,515.704
561,14,1,2.961020193889343,-168.0086380341368,516.277
562,14,2,-4.208532901451015,-162.59231168269503,517.25
563,14,3,-11.338166102413588,-157.07663339958626,518.596
564,14,4,-18.358850102151642,-151.28109494542537,520.238
565,14,5,-25.18859530986834,-145.00066770170696,522.054
566,14,6,-31.72166612834366,-137.9903391225243,523.893
567,14,7,-37.814287075548826,-129.95436201681582,525.583
568,14,8,-43.26698418432092,-120.55555726601472,526.952
569,14,9,-47.808902888028484,-109.47955858338196,527.84
570,14,10,-51.102614766199984,-96.60519158285236,528.122
571,14,11,-52.80317819027683,-82.2707896849625,527.715
572,14,12,-52.68566820070134,-67.40632412634461,526.589
573,14,13,-50.765063402323364,-53.20780542689756,524.774
574,14,14,-47.28714473733121,-40.54091908278543,522.359
575,14,15,-42.60075045720495,-29.675426830372466,519.48
576,14,16,-37.03678956685335,-20.45366741304726,516.319
577,14,17,-30.857292028500208,-12.551819854712216,513.08
578,14,18,-24.25456011067993,-5.635490046434556,509.975
579,14,19,-17.3676513422521,0.5852330196449066,507.206
580,14,20,-10.299695603268386,6.350437963371525,504.949
581,14,21,-3.131724977381356,11.862168824026858,503.336
582,14,22,4.066918747407733,17.30017590344154,502.445
583,14,23,11.230096288044708,22.837656150381,502.297
584,14,24,18.28708701208961,28.656895360961823,502.851
585,14,25,25.15390648662114,34.96517611611556,504.014
586,14,26,31.72241744915236,42.01055039592956,505.647
587,14,27,37.84569570044713,50.09246735399553,507.581
588,14,28,43.320256244752436,59.552180316720225,509.635
589,14,29,47.87023457168062,70.70587923135105,511.631
590,14,30,51.15319914719309,83.6688611061724,513.414
591,14,31,52.82210805956152,98.08420074572692,514.863
592,14,32,52.656376934445746,112.99681230780422,515.906
593,14,33,50.68133552838277,127.19925495092944,516.521
594,14,34,47.15339255790944,139.83633434950363,516.738
595,14,35,42.42768370892058,150.6570205609613,516.634
596,14,36,36.837112401562614,159.832437144768,516.322
597,14,37,30.643425145208766,167.69250955859195,515.937
598,14,38,24.03781601020062,174.5730782039227,515.622
599,14,39,17.158024298887945,-179.2364581616406,515.508
600,15,0,6.540610493545366,-161.7331012058641,515.94
601,15,1,-0.6246952913483015,-156.30214458922018,516.714
602,15,2,-7.782457559190513,-150.85778714142467,517.88
603,15,3,-14.866833926712582,-145.22588635939894,519.387
604,15,4,-21.803493793054784,-139.21570238038126,521.133
605,15,5,-28.500113491206058,-132.60398364116054,522.981
606,15,6,-34.83397842744337,-125.12101963179133,524.768
607,15,7,-40.6357699197894,-116.44685697079355,526.318
608,15,8,-45.67165131936687,-106.24220601114683,527.465
609,15,9,-49.63438705693029,-94.2599505086801,528.064
610,15,10,-52.17069242784989,-80.57508594048011,528.008
611,15,11,-52.97708505182911,-65.82906952244858,527.241
612,15,12,-51.939592977282516,-51.156139543630786,525.764
613,15,13,-49.19964893135356,-37.65271895073218,523.634
614,15,14,-45.07296816314233,-25.886234246788028,520.967
615,15,15,-39.91031845256941,-15.877867555961842,517.923
616,15,16,-34.01048983997161,-7.359398203320863,514.696
617,15,17,-27.599109086843825,0.01017822917325532,511.497
618,15,18,-20.839521874734203,6.545753625990386,508.537
619,15,19,-13.850858655598817,12.511439776339099,506.004
620,15,20,-6.723715912362361,18.126417057148814,504.056
621,15,21,0.4678819920501837,23.57959569425739,502.797
622,15,22,7.657159446413922,29.045488728505944,502.279
623,15,23,14.776689090046753,34.69988132346851,502.491
624,15,24,21.750303694893308,40.73552824771202,503.364
625,15,25,28.48353320699585,47.37827312123753,504.782
626,15,26,34.85086948526081,54.901200567440476,506.587
627,15,27,40.679500205950404,63.628348420924624,508.604
628,15,28,45.73101590853804,73.90239410253868,510.65
629,15,29,49.6929422686848,85.96927564882186,512.557
630,15,30,52.20797501543441,99.74203109126158,514.186
631,15,31,52.973417240244814,114.55535902356358,515.438
632,15,32,51.88312438831943,129.25426762688951,516.266
633,15,33,49.08983656497268,142.74248421869567,516.675
634,15,34,44.91801507653683,154.469454570744,516.72
635,15,35,39.72234140132691,164.43106690915417,516.496
636,15,36,33.80223395708334,172.90507770671388,516.129
637,15,37,27.382470854296653,-179.76411759578076,515.762
638,15,38,20.625168340464402,-173.26142233609178,515.533
639,15,39,13.648124980654499,-167.3236930037896,515.562
640,16,0,10.105866787454472,-155.49724777666918,515.704
641,16,1,2.961020193889343,-150.008630703052,516.277
642,16,2,-4.208532901451015,-144.59230435161024,517.25
643,16,3,-11.338166102413588,-139.07662606850147,518.596
644,16,4,-18.358850102151642,-133.28108761434058,520.238
645,16,5,-25.18859530986834,-127.00066037062216,522.054
646,16,6,-31.72166612834366,-119.99033179143949,523.893
647,16,7,-37.814287075548826,-111.95435468573102,525.583
648,16,8,-43.26698418432092,-102.55555676511909,526.952
649,16,9,-47.808902888028484,-91.47955125229716,527.84
650,16,10,-51.102614766199984,-78.60518425176755,528.122
651,16,11,-52.80317819027683,-64.27078235387768,527.715
652,16,12,-52.68566820070134,-49.406316795259805,526.589
653,16,13,-50.765063402323364,-35.207798095812755,524.774
654,16,14,-47.28714473733121,-22.540911751700627,522.359
655,16,15,-42.60075045720495,-11.675418645514014,519.48
656,16,16,-37.03678956685335,-2.453660508849279,516.319
657,16,17,-30.857292028500208,5.448187903259411,513.08
658,16,18,-24.25456011067993,12.364517284650248,509.975
659,16,19,-17.3676513422521,18.5852401372863,507.206
660,16,20,-10.299695603268386,24.350445721343153,504.949
661,16,21,-3.131724977381356,29.862174447564367,503.336
662,16,22,4.066918747407733,35.300183234526344,502.445
663,16,23,11.230096288044708,40.8376634814658,502.297
664,16,24,18.28708701208961,46.65690269204663,502.851
665,16,25,25.15390648662114,52.96518344720036,504.014
666,16,26,31.72241744915236,60.01056114210895,505.647
667,16,27,37.84569570044713,68.09247126998575,507.581
668,16,28,43.320256244752436,77.55218764780503,509.635
669,16,29,47.87023457168062,88.70588656243585,511.631
670,16,30,51.15319914719309,101.6688684372572,513.414
671,16,31,52.82210805956152,116.0842149070009,514.863
672,16,32,52.656376934445746,130.9968264690782,515.906
673,16,33,50.68133552838277,145.19926228201425,516.521
674,16,34,47.15339255790944,157.83634168058845,516.738
675,16,35,42.42768370892058,168.65702789204613,516.634
676,16,36,36.837112401562614,177.83244447585278,516.322
677,16,37,30.643425145208766,-174.30749312823593,515.937
678,16,38,24.03781601020062,-167.42691082252682,515.622
679,16,39,17.158024298887945,-161.2364508305558,515.508
680,17,0,6.540610493545366,-143.73310753515764,515.94
681,17,1,-0.6246952913483015,-138.30215091851372,516.714
682,17,2,-7.782457559190513,-132.8577934707182,517.88
683,17,3,-14.866833926712582,-127.2258926886925,519.387
684,17,4,-21.803493793054784,-121.21570870967479,521.133
685,17,5,-28.500113491206058,-114.60398997045407,522.981
686,17,6,-34.83397842744337,-107.12101913089569,524.768
687,17,7,-40.6357699197894,-98.44686330008709,526.318
688,17,8,-45.67165131936687,-88.24221234044036,527.465
689,17,9,-49.63438705693029,-76.25995683797363,528.064
690,17,10,-52.17069242784989,-62.57509226977364,528.008
691,17,11,-52.97708505182911,-47.829072436647536,527.241
692,17,12,-51.939592977282516,-33.15614587292432,525.764
693,17,13,-49.19964893135356,-19.652723572478422,523.634
694,17,14,-45.07296816314233,-7.886240576081565,520.967
695,17,15,-39.91031845256941,2.1221267550748566,517.923
696,17,16,-34.01048983997161,10.6405954673856,514.696
697,17,17,-27.599109086843825,18.010172360117075,511.497
698,17,18,-20.839521874734203,24.545748150470494,508.537
699,17,19,-13.850858655598817,30.51143173949827,506.004
700,17,20,-6.723715912362361,36.12641072785528,504.056
701,17,21,0.4678819920501837,41.57958936496385,502.797
702,17,22,7.657159446413922,47.04548239921241,502.279
703,17,23,14.776689090046753,52.69987499417498,502.491
704,17,24,21.750303694893308,58.73552191841848,503.364
705,17,25,28.48353320699585,65.3782633768494,504.782
706,17,26,34.85086948526081,72.90119765324152,506.587
707,17,27,40.679500205950404,81.62834209163108,508.604
708,17,28,45.73101590853804,91.90238777324514,510.65
709,17,29,49.6929422686848,103.96926931952832,512.557
710,17,30,52.20797501543441,117.74202476196805,514.186
711,17,31,52.973417240244814,132.55535269427003,515.438
712,17,32,51.88312438831943,147.25426129759597,516.266
713,17,33,49.08983656497268,160.74247788940215,516.675
714,17,34,44.91801507653683,172.46944824145046,516.72
715,17,35,39.72234140132691,-177.5689357776737,516.496
716,17,36,33.80223395708334,-169.09492498011397,516.129
717,17,37,27.382470854296653,-161.7641239250743,515.762
718,17,38,20.625168340464402,-155.26142866538532,515.533
719,17,39,13.648124980654499,-149.3236993330831,515.562
720,18,0,10.105866787454472,-137.49725410596272,515.704
721,18,1,2.961020193889343,-132.00863703234555,516.277
722,18,2,-4.208532901451015,-126.59231068090376,517.25
723,18,3,-11.338166102413588,-121.076632397795,518.596
724,18,4,-18.358850102151642,-115.28109394363412,520.238
725,18,5,-25.18859530986834,-109.00067353010486,522.054
726,18,6,-31.72166612834366,-101.99033129054385,523.893
727,18,7,-37.814287075548826,-93.95436101502456,525.583
728,18,8,-43.26698418432092,-84.55556309441262,526.952
729,18,9,-47.808902888028484,-73.4795575815907,527.84
730,18,10,-51.102614766199984,-60.60519058106109,528.122
731,18,11,-52.80317819027683,-46.27078868317122,527.715
732,18,12,-52.68566820070134,-31.406323124553342,526.589
733,18,13,-50.765063402323364,-17.20780442510629,524.774
734,18,14,-47.28714473733121,-4.5409189347678085,522.359
735,18,15,-42.60075045720495,6.324575452079271,519.48
736,18,16,-37.03678956685335,15.546333588744007,516.319
737,18,17,-30.857292028500208,23.44818114707905,513.08
738,18,18,-24.25456011067993,30.36451095535671,509.975
739,18,19,-17.3676513422521,36.585235515540056,507.206
740,18,20,-10.299695603268386,42.350437684502324,504.949
741,18,21,-3.131724977381356,47.86216811827083,503.336
742,18,22,4.066918747407733,53.30017690523281,502.445
743,18,23,11.230096288044708,58.83766056726685,502.297
744,18,24,18.28708701208961,64.6568929476585,502.851
745,18,25,25.15390648662114,70.96517370281224,504.014
746,18,26,31.72241744915236,78.01055481281541,505.647
747,18,27,37.84569570044713,86.09246494069221,507.581
748,18,28,43.320256244752436,95.55218131851149,509.635
749,18,29,47.87023457168062,106.70588023314231,511.631
750,18,30,51.15319914719309,119.66886210796366,513.414
751,18,31,52.82210805956152,134.08420857770736,514.863
752,18,32,52.656376934445746,148.99682013978466,515.906
753,18,33,50.68133552838277,163.1992559527207,516.521
754,18,34,47.15339255790944,175.8363353512949,516.738
755,18,35,42.42768370892058,-173.34298845516008,516.634
756,18,36,36.837112401562614,-164.16755821097507,516.322
757,18,37,30.643425145208766,-156.30749945752947,515.937
758,18,38,24.03781601020062,-149.42691715182036,515.622
759,18,39,17.158024298887945,-143.23645715984935,515.508
760,19,0,6.540610493545366,-125.73310020407284,515.94
761,19,1,-0.6246952913483015,-120.3021435874289,516.714
762,19,2,-7.782457559190513,-114.8577861396334,517.88
763,19,3,-14.866833926712582,-109.22589218779686,519.387
764,19,4,-21.803493793054784,-103.21569454840082,521.133
765,19,5,-28.500113491206058,-96.60398946955844,522.981
766,19,6,-34.83397842744337,-89.12101179981089,524.768
767,19,7,-40.6357699197894,-80.44685596900229,526.318
768,19,8,-45.67165131936687,-70.24220500935556,527.465
769,19,9,-49.63438705693029,-58.25994950688883,528.064
770,19,10,-52.17069242784989,-44.57508493868883,528.008
771,19,11,-52.97708505182911,-29.82906510556273,527.241
772,19,12,-51.939592977282516,-15.15613854183952,525.764
773,19,13,-49.19964893135356,-1.6527163481153238,523.634
774,19,14,-45.07296816314233,10.113766755003239,520.967
775,19,15,-39.91031845256941,20.122133445829427,517.923
776,19,16,-34.01048983997161,28.64060194469676,514.696
777,19,17,-27.599109086843825,36.010177983654586,511.497
778,19,18,-20.839521874734203,42.545753774008006,508.537
779,19,19,-13.850858655598817,48.51143907058307,506.004
780,19,20,-6.723715912362361,54.12641805894008,504.056
781,19,21,0.4678819920501837,59.579596696048654,502.797
782,19,22,7.657159446413922,65.0454897302972,502.279
783,19,23,14.776689090046753,70.69988232525978,502.491
784,19,24,21.750303694893308,76.73552924950329,503.364
785,19,25,28.48353320699585,83.3782707079342,504.782
786,19,26,34.85086948526081,90.90120498432633,506.587
787,19,27,40.679500205950404,99.62834942271589,508.604
788,19,28,45.73101590853804,109.90239510432994,510.65
789,19,29,49.6929422686848,121.9692834808023,512.557
790,19,30,52.20797501543441,135.74203209305284,514.186
791,19,31,52.973417240244814,150.55536002535484,515.438
792,19,32,51.88312438831943,165.2542686286808,516.266
793,19,33,49.08983656497268,178.74248522048694,516.675
794,19,34,44.91801507653683,-169.53054078499906,516.72
795,19,35,39.72234140132691,-159.5689284465889,516.496
796,19,36,33.80223395708334,-151.09491764902918,516.129
797,19,37,27.382470854296653,-143.7641165939895,515.762
798,19,38,20.625168340464402,-137.26142133430054,515.533
799,19,39,13.648124980654499,-131.32369200199832,515.562
800,20,0,10.105866787454472,-119.49724677487792,515.704
801,20,1,2.961020193889343,-114.00862970126074,516.277
802,20,2,-4.208532901451015,-108.59231018000814,517.25
803,20,3,-11.338166102413588,-103.07661823652101,518.596
804,20,4,-18.358850102151642,-97.28107978236014,520.238
805,20,5,-25.18859530986834,-91.00066619902006,522.054
806,20,6,-31.72166612834366,-83.99032395945905,523.893
807,20,7,-37.814287075548826,-75.95435368393976,525.583
808,20,8,-43.26698418432092,-66.55555576332782,526.952
809,20,9,-47.808902888028484,-55.479546835411305,527.84
810,20,10,-51.102614766199984,-42.605186665070875,528.122
811,20,11,-52.80317819027683,-28.270779644539125,527.715
812,20,12,-52.68566820070134,-13.406315793468538,526.589
813,20,13,-50.765063402323364,0.7922026391742495,524.774
814,20,14,-47.28714473733121,13.459088396316995,522.359
815,20,15,-42.60075045720495,24.324583210050896,519.48
816,20,16,-37.03678956685335,33.54634091982881,516.319
817,20,17,-30.857292028500208,41.44819018571115,513.08
818,20,18,-24.25456011067993,48.364518286441516,509.975
819,20,19,-17.3676513422521,54.58524284662486,507.206
820,20,20,-10.299695603268386,60.35044501558713,504.949
821,20,21,-3.131724977381356,65.86217544935563,503.336
822,20,22,4.066918747407733,71.30018082122302,502.445
823,20,23,11.230096288044708,76.83766789835165,502.297
824,20,24,18.28708701208961,82.65690027874331,502.851
825,20,25,25.15390648662114,88.96518103389704,504.014
826,20,26,31.72241744915236,96.01056214390022,505.647
827,20,27,37.84569570044713,104.09247227177701,507.581
828,20,28,43.320256244752436,113.55218864959629,509.635
829,20,29,47.87023457168062,124.70588073403795,511.631
830,20,30,51.15319914719309,137.66886943904848,513.414
831,20,31,52.82210805956152,152.08421590879215,514.863
832,20,32,52.656376934445746,166.99682747086945,515.906
833,20,33,50.68133552838277,-178.80073307372882,516.521
834,20,34,47.15339255790944,-166.16366733553295,516.738
835,20,35,42.42768370892058,-155.3429811240753,516.634
836,20,36,36.837112401562614,-146.16755087989029,516.322
837,20,37,30.643425145208766,-138.30749212644466,515.937
838,20,38,24.03781601020062,-131.42690982073555,515.622
839,20,39,17.158024298887945,-125.23644982876453,515.508
840,21,0,6.540610493545366,-107.73310653336638,515.94
841,21,1,-0.6246952913483015,-102.30214308653328,516.714
842,21,2,-7.782457559190513,-96.85778563873777,517.88
843,21,3,-14.866833926712582,-91.2258985170904,519.387
844,21,4,-21.803493793054784,-85.21570087769436,521.133
845,21,5,-28.500113491206058,-78.60399579885197,522.981
846,21,6,-34.83397842744337,-71.12101812910443,524.768
847,21,7,-40.6357699197894,-62.44686229829582,526.318
848,21,8,-45.67165131936687,-52.24221475374368,527.465
849,21,9,-49.63438705693029,-40.25995583618237,528.064
850,21,10,-52.17069242784989,-26.575091267982373,528.008
851,21,11,-52.97708505182911,-11.829072288629915,527.241
852,21,12,-51.939592977282516,2.8438551288669442,525.764
853,21,13,-49.19964893135356,16.347277429312847,523.634
854,21,14,-45.07296816314233,28.113760425709703,520.967
855,21,15,-39.91031845256941,38.122127116535886,517.923
856,21,16,-34.01048983997161,46.64059561540322,514.696
857,21,17,-27.599109086843825,54.01017165436105,511.497
858,21,18,-20.839521874734203,60.54574744471447,508.537
859,21,19,-13.850858655598817,66.51143274128954,506.004
860,21,20,-6.723715912362361,72.12640831455197,504.056
861,21,21,0.4678819920501837,77.57959036675511,502.797
862,21,22,7.657159446413922,83.04548340100368,502.279
863,21,23,14.776689090046753,88.69987599596624,502.491
864,21,24,21.750303694893308,94.73552292020975,503.364
865,21,25,28.48353320699585,101.37826437864067,504.782
866,21,26,34.85086948526081,108.90119865503279,506.587
867,21,27,40.679500205950404,117.62834309342236,508.604
868,21,28,45.73101590853804,127.90238194484724,510.65
869,21,29,49.6929422686848,139.96927715150875,512.557
870,21,30,52.20797501543441,153.7420257637593,514.186
871,21,31,52.973417240244814,168.5553536960613,515.438
872,21,32,51.88312438831943,-176.74574771852542,516.266
873,21,33,49.08983656497268,-163.25751746634091,516.675
874,21,34,44.91801507653683,-151.53054711429257,516.72
875,21,35,39.72234140132691,-141.56893477588244,516.496
876,21,36,33.80223395708334,-133.0949239783227,516.129
877,21,37,27.382470854296653,-125.76412292328304,515.762
878,21,38,20.625168340464402,-119.26142766359406,515.533
879,21,39,13.648124980654499,-113.32370516148103,515.562
880,22,0,10.105866787454472,-101.49725310417146,515.704
881,22,1,2.961020193889343,-96.00863603055427,516.277
882,22,2,-4.208532901451015,-90.59231650930167,517.25
883,22,3,-11.338166102413588,-85.07662456581456,518.596
884,22,4,-18.358850102151642,-79.28108611165368,520.238
885,22,5,-25.18859530986834,-73.00067252831359,522.054
886,22,6,-31.72166612834366,-65.99033028875259,523.893
887,22,7,-37.814287075548826,-57.95436001323329,525.583
888,22,8,-43.26698418432092,-48.55556209262136,526.952
889,22,9,-47.808902888028484,-37.479553164704846,527.84
890,22,10,-51.102614766199984,-24.60519299436441,528.122
891,22,11,-52.80317819027683,-10.270786827606308,527.715
892,22,12,-52.68566820070134,4.593678304124749,526.589
893,22,13,-50.765063402323364,18.792196576684976,524.774
894,22,14,-47.28714473733121,31.459082920797105,522.359
895,22,15,-42.60075045720495,42.32457517321007,519.48
896,22,16,-37.03678956685335,51.546334590535274,516.319
897,22,17,-30.857292028500208,59.448183856417614,513.08
898,22,18,-24.25456011067993,66.36450854205339,509.975
899,22,19,-17.3676513422521,72.58523310223674,507.206
900,22,20,-10.299695603268386,78.35043868629359,504.949
901,22,21,-3.131724977381356,83.86216912006209,503.336
902,22,22,4.066918747407733,89.3001744919295,502.445
903,22,23,11.230096288044708,94.83766156905811,502.297
904,22,24,18.28708701208961,100.65689394944977,502.851
905,22,25,25.15390648662114,106.96517470460351,504.014
906,22,26,31.72241744915236,114.01055581460668,505.647
907,22,27,37.84569570044713,122.09247277267265,507.581
908,22,28,43.320256244752436,131.55218915049193,509.635
909,22,29,47.87023457168062,142.7058744047444,511.631
910,22,30,51.15319914719309,155.66886310975494,513.414
911,22,31,52.82210805956152,170.08420957949863,514.863
912,22,32,52.656376934445746,-175.00318887633674,515.906
913,22,33,50.68133552838277,-160.80073940302236,516.521
914,22,34,47.15339255790944,-148.1636736648265,516.738
915,22,35,42.42768370892058,-137.3429874533688,516.634
916,22,36,36.837112401562614,-128.1675572091838,516.322
917,22,37,30.643425145208766,-120.3074984557382,515.937
918,22,38,24.03781601020062,-113.42692298021827,515.622
919,22,39,17.158024298887945,-107.23645615805808,515.508
920,23,0,6.540610493545366,-89.73309920228158,515.94
921,23,1,-0.6246952913483015,-84.30213575544848,516.714
922,23,2,-7.782457559190513,-78.85777830765296,517.88
923,23,3,-14.866833926712582,-73.2258911860056,519.387
924,23,4,-21.803493793054784,-67.21569354660956,521.133
925,23,5,-28.500113491206058,-60.60398846776717,522.981
926,23,6,-34.83397842744337,-53.12101079801962,524.768
927,23,7,-40.6357699197894,-44.44685496721102,526.318
928,23,8,-45.67165131936687,-34.24220742265888,527.465
929,23,9,-49.63438705693029,-22.259948505097565,528.064
930,23,10,-52.17069242784989,-8.575083936897569,528.008
931,23,11,-52.97708505182911,6.170935469341712,527.241
932,23,12,-51.939592977282516,20.843862459951747,525.764
933,23,13,-49.19964893135356,34.34728305285036,523.634
934,23,14,-45.07296816314233,46.1137694643418,520.967
935,23,15,-39.91031845256941,56.122134447620695,517.923
936,23,16,-34.01048983997161,64.64060294648803,514.696
937,23,17,-27.599109086843825,72.01017898544585,511.497
938,23,18,-20.839521874734203,78.54575477579927,508.537
939,23,19,-13.850858655598817,84.51144007237434,506.004
940,23,20,-6.723715912362361,90.12641564563677,504.056
941,23,21,0.4678819920501837,95.57959769783993,502.797
942,23,22,7.657159446413922,101.04549073208848,502.279
943,23,23,14.776689090046753,106.69988332705104,502.491
944,23,24,21.750303694893308,112.73553025129455,503.364
945,23,25,28.48353320699585,119.37827853991465,504.782
946,23,26,34.85086948526081,126.90119915592842,506.587
947,23,27,40.679500205950404,135.62835042450715,508.604
948,23,28,45.73101590853804,145.90238927593205,510.65
949,23,29,49.6929422686848,157.96928448259357,512.557
950,23,30,52.20797501543441,171.74203309484412,514.186
951,23,31,52.973417240244814,-173.44463533038822,515.438
952,23,32,51.88312438831943,-158.7457403874406,516.266
953,23,33,49.08983656497268,-145.25751013525613,516.675
954,23,34,44.91801507653683,-133.5305397832078,516.72
955,23,35,39.72234140132691,-123.56892744479762,516.496
956,23,36,33.80223395708334,-115.09491664723791,516.129
957,23,37,27.382470854296653,-107.76412242238742,515.762
958,23,38,20.625168340464402,-101.26142716269842,515.533
959,23,39,13.648124980654499,-95.32369783039623,515.562
960,24,0,10.105866787454472,-83.49724577308666,515.704
961,24,1,2.961020193889343,-78.00862869946947,516.277
962,24,2,-4.208532901451015,-72.59230917821687,517.25
963,24,3,-11.338166102413588,-67.07661723472975,518.596
964,24,4,-18.358850102151642,-61.281078780568876,520.238
965,24,5,-25.18859530986834,-55.0006617821342,522.054
966,24,6,-31.72166612834366,-47.99032637276237,523.893
967,24,7,-37.814287075548826,-39.95435609724307,525.583
968,24,8,-43.26698418432092,-30.555554761536552,526.952
969,24,9,-47.808902888028484,-19.47954583362004,527.84
970,24,10,-51.102614766199984,-6.6051848095059595,528.122
971,24,11,-52.80317819027683,7.729220503478496,527.715
972,24,12,-52.68566820070134,22.59368520832273,526.589
973,24,13,-50.765063402323364,36.79220390776978,524.774
974,24,14,-47.28714473733121,49.45909025188191,522.359
975,24,15,-42.60075045720495,60.324585919389456,519.48
976,24,16,-37.03678956685335,69.54633850652549,516.319
977,24,17,-30.857292028500208,77.44819118750242,513.08
978,24,18,-24.25456011067993,84.3645158731382,509.975
979,24,19,-17.3676513422521,90.58524043332154,507.206
980,24,20,-10.299695603268386,96.35044601737839,504.949
981,24,21,-3.131724977381356,101.86217645114691,503.336
982,24,22,4.066918747407733,107.3001818230143,502.445
983,24,23,11.230096288044708,112.83766890014292,502.297
984,24,24,18.28708701208961,118.65690128053457,502.851
985,24,25,25.15390648662114,124.96518203568831,504.014
986,24,26,31.72241744915236,132.0105631456915,505.647
987,24,27,37.84569570044713,140.09248010375745,507.581
988,24,28,43.320256244752436,149.55219648157674,509.635
989,24,29,47.87023457168062,160.70588173582922,511.631
990,24,30,51.15319914719309,173.66887044083973,513.414
991,24,31,52.82210805956152,-171.91579310732925,514.863
992,24,32,52.656376934445746,-157.00318154525195,515.906
993,24,33,50.68133552838277,-142.80073207193755,516.521
994,24,34,47.15339255790944,-130.1636663337417,516.738
995,24,35,42.42768370892058,-119.34298012228402,516.634
996,24,36,36.837112401562614,-110.16755670828817,516.322
997,24,37,30.643425145208766,-102.30748429446422,515.937
998,24,38,24.03781601020062,-95.42691564913346,515.622
999,24,39,17.158024298887945,-89.23644882697327,515.508
1000,25,0,6.540610493545366,-71.73310553157512,515.94
1001,25,1,-0.6246952913483015,-66.302142084742,516.714
1002,25,2,-7.782457559190513,-60.857784636946505,517.88
1003,25,3,-14.866833926712582,-55.22589410020454,519.387
1004,25,4,-21.803493793054784,-49.21569987590309,521.133
1005,25,5,-28.500113491206058,-42.60399138196612,522.981
1006,25,6,-34.83397842744337,-35.12101712731316,524.768
1007,25,7,-40.6357699197894,-26.446863004051846,526.318
1008,25,8,-45.67165131936687,-16.242213751952416,527.465
1009,25,9,-49.63438705693029,-4.259953980617457,528.064
1010,25,10,-52.17069242784989,9.424909733808894,528.008
1011,25,11,-52.97708505182911,24.170929566934998,527.241
1012,25,12,-51.939592977282516,38.84385613065821,525.764
1013,25,13,-49.19964893135356,52.34727672355682,523.634
1014,25,14,-45.07296816314233,64.11376313504826,520.967
1015,25,15,-39.91031845256941,74.12212811832715,517.923
1016,25,16,-34.01048983997161,82.64059661719449,514.696
1017,25,17,-27.599109086843825,90.01017265615232,511.497
1018,25,18,-20.839521874734203,96.54574844650574,508.537
1019,25,19,-13.850858655598817,102.5114337430808,506.004
1020,25,20,-6.723715912362361,108.12640931634323,504.056
1021,25,21,0.4678819920501837,113.57959136854639,502.797
1022,25,22,7.657159446413922,119.04548440279494,502.279
1023,25,23,14.776689090046753,124.69987016756833,502.491
1024,25,24,21.750303694893308,130.73551709181186,503.364
1025,25,25,28.48353320699585,137.3782722106211,504.782
1026,25,26,34.85086948526081,144.90119282663488,506.587
1027,25,27,40.679500205950404,153.62834409521363,508.604
1028,25,28,45.73101590853804,163.9023829466385,510.65
1029,25,29,49.6929422686848,175.96927815330002,512.557
1030,25,30,52.20797501543441,-170.25796959198374,514.186
1031,25,31,52.973417240244814,-155.44464165968176,515.438
1032,25,32,51.88312438831943,-140.74574671673415,516.266
1033,25,33,49.08983656497268,-127.25751646454965,516.675
1034,25,34,44.91801507653683,-115.53054611250131,516.72
1035,25,35,39.72234140132691,-105.56893377409116,516.496
1036,25,36,33.80223395708334,-97.09492297653144,516.129
1037,25,37,27.382470854296653,-89.76412875168094,515.762
1038,25,38,20.625168340464402,-83.26143349199197,515.533
1039,25,39,13.648124980654499,-77.32370415968977,515.562
1040,26,0,10.105866787454472,-65.49723844200186,515.704
1041,26,1,2.961020193889343,-60.00862136838467,516.277
1042,26,2,-4.208532901451015,-54.59230184713206,517.25
1043,26,3,-11.338166102413588,-49.07661331873953,518.596
1044,26,4,-18.358850102151642,-43.28107144948407,520.238
1045,26,5,-25.18859530986834,-37.0006544510494,522.054
1046,26,6,-31.72166612834366,-29.990319041677562,523.893
1047,26,7,-37.814287075548826,-21.95434876615827,525.583
1048,26,8,-43.26698418432092,-12.555545722904457,526.952
1049,26,9,-47.808902888028484,-1.4795389294220602,527.84
1050,26,10,-51.102614766199984,11.394822521578844,528.122
1051,26,11,-52.80317819027683,25.729228688336946,527.715
1052,26,12,-52.68566820070134,40.593692539407535,526.589
1053,26,13,-50.765063402323364,54.792211238854584,524.774
1054,26,14,-47.28714473733121,67.45909416787212,522.359
1055,26,15,-42.60075045720495,78.32459325047427,519.48
1056,26,16,-37.03678956685335,87.54634583761029,516.319
1057,26,17,-30.857292028500208,95.44819851858722,513.08
1058,26,18,-24.25456011067993,102.364523204223,509.975
1059,26,19,-17.3676513422521,108.58524776440635,507.206
1060,26,20,-10.299695603268386,114.35045334846319,504.949
1061,26,21,-3.131724977381356,119.86218378223171,503.336
1062,26,22,4.066918747407733,125.3001891540991,502.445
1063,26,23,11.230096288044708,130.83766940103857,502.297
1064,26,24,18.28708701208961,136.65690861161937,502.851
1065,26,25,25.15390648662114,142.9651893667731,504.014
1066,26,26,31.72241744915236,150.01057047677628,505.647
1067,26,27,37.84569570044713,158.09248743484227,507.581
1068,26,28,43.320256244752436,167.55220381266153,509.635
1069,26,29,47.87023457168062,178.705889066914,511.631
1070,26,30,51.15319914719309,-168.3311185856098,513.414
1071,26,31,52.82210805956152,-153.91578577624443,514.863
1072,26,32,52.656376934445746,-139.00317421416713,515.906
1073,26,33,50.68133552838277,-124.80072474085274,516.521
1074,26,34,47.15339255790944,-112.16365217246772,516.738
1075,26,35,42.42768370892058,-101.34296596101004,516.634
1076,26,36,36.837112401562614,-92.16754937720337,516.322
1077,26,37,30.643425145208766,-84.30747696337941,515.937
1078,26,38,24.03781601020062,-77.42690831804866,515.622
1079,26,39,17.158024298887945,-71.23644149588847,515.508
1080,27,0,6.540610493545366,-53.733108445774064,515.94
1081,27,1,-0.6246952913483015,-48.302151829130125,516.714
1082,27,2,-7.782457559190513,-42.85779438133462,517.88
1083,27,3,-14.866833926712582,-37.22590042949808,519.387
1084,27,4,-21.803493793054784,-31.215706205196625,521.133
1085,27,5,-28.500113491206058,-24.60399771125966,522.981
1086,27,6,-34.83397842744337,-17.121023456606693,524.768
1087,27,7,-40.6357699197894,-8.446868479571735,526.318
1088,27,8,-45.67165131936687,1.757780132197458,527.465
1089,27,9,-49.63438705693029,13.740039690089008,528.064
1090,27,10,-52.17069242784989,27.42490340451536,528.008
1091,27,11,-52.97708505182911,42.17092323764146,527.241
1092,27,12,-51.939592977282516,56.84384980136468,525.764
1093,27,13,-49.19964893135356,70.34727380935787,523.634
1094,27,14,-45.07296816314233,82.11375680575472,520.967
1095,27,15,-39.91031845256941,92.12212178903361,517.923
1096,27,16,-34.01048983997161,100.64059028790095,514.696
1097,27,17,-27.599109086843825,108.01016632685878,511.497
1098,27,18,-20.839521874734203,114.5457421172122,508.537
1099,27,19,-13.850858655598817,120.51143424397644,506.004
1100,27,20,-6.723715912362361,126.12640981723887,504.056
1101,27,21,0.4678819920501837,131.57959186944203,502.797
1102,27,22,7.657159446413922,137.0454780735014,502.279
1103,27,23,14.776689090046753,142.6998638382748,502.491
1104,27,24,21.750303694893308,148.73551076251832,503.364
1105,27,25,28.48353320699585,155.37826588132756,504.782
1106,27,26,34.85086948526081,162.90118649734134,506.587
1107,27,27,40.679500205950404,171.6283377659201,508.604
1108,27,28,45.73101590853804,-178.09761974018937,510.65
1109,27,29,49.6929422686848,-166.0307381939062,512.557
1110,27,30,52.20797501543441,-152.25797592127728,514.186
1111,27,31,52.973417240244814,-137.44464798897528,515.438
1112,27,32,51.88312438831943,-122.74575304602769,516.266
1113,27,33,49.08983656497268,-109.2575227938432,516.675
1114,27,34,44.91801507653683,-97.53055927198403,516.72
1115,27,35,39.72234140132691,-87.5689401033847,516.496
1116,27,36,33.80223395708334,-79.09492930582498,516.129
1117,27,37,27.382470854296653,-71.76413508097448,515.762
1118,27,38,20.625168340464402,-65.2614398212855,515.533
1119,27,39,13.648124980654499,-59.3237104889833,515.562
1120,28,0,10.105866787454472,-47.49725843167373,515.704
1121,28,1,2.961020193889343,-42.00864135805654,516.277
1122,28,2,-4.208532901451015,-36.59232183680394,517.25
1123,28,3,-11.338166102413588,-31.07663330841141,518.596
1124,28,4,-18.358850102151642,-25.28109314670324,520.238
1125,28,5,-25.18859530986834,-19.000676148268568,522.054
1126,28,6,-31.72166612834366,-11.99033903134944,523.893
1127,28,7,-37.814287075548826,-3.954368755830147,525.583
1128,28,8,-43.26698418432092,5.444433860536844,526.952
1129,28,9,-47.808902888028484,16.520441507792885,527.84
1130,28,10,-51.102614766199984,29.39480167813332,528.122
1131,28,11,-52.80317819027683,43.72920699111778,527.715
1132,28,12,-52.68566820070134,58.59367254973566,526.589
1133,28,13,-50.765063402323364,72.79218783408812,524.774
1134,28,14,-47.28714473733121,85.45907417820025,522.359
1135,28,15,-42.60075045720495,96.32457326080238,519.48
1136,28,16,-37.03678956685335,105.54632584793842,516.319
1137,28,17,-30.857292028500208,113.44817852891534,513.08
1138,28,18,-24.25456011067993,120.36450321455112,509.975
1139,28,19,-17.3676513422521,126.58523460492364,507.206
1140,28,20,-10.299695603268386,132.35043335879132,504.949
1141,28,21,-3.131724977381356,137.86216379255984,503.336
1142,28,22,4.066918747407733,143.30016916442722,502.445
1143,28,23,11.230096288044708,148.83764941136667,502.297
1144,28,24,18.28708701208961,154.6568886219475,502.851
1145,28,25,25.15390648662114,160.96516937710123,504.014
1146,28,26,31.72241744915236,168.0105504871044,505.647
1147,28,27,37.84569570044713,176.09246744517037,507.581
1148,28,28,43.320256244752436,-174.447826194923,509.635
1149,28,29,47.87023457168062,-163.29412728029217,511.631
1150,28,30,51.15319914719309,-150.33113857528167,513.414
1151,28,31,52.82210805956152,-135.9158057659163,514.863
1152,28,32,52.656376934445746,-121.00319420383902,515.906
1153,28,33,50.68133552838277,-106.80074473052463,516.521
1154,28,34,47.15339255790944,-94.1636721621396,516.738
1155,28,35,42.42768370892058,-83.34298595068192,516.634
1156,28,36,36.837112401562614,-74.16756936687526,516.322
1157,28,37,30.643425145208766,-66.3074969530513,515.937
1158,28,38,24.03781601020062,-59.42692830772053,515.622
1159,28,39,17.158024298887945,-53.23646490065493,515.508
1160,29,0,6.540610493545366,-35.73310111468926,515.94
1161,29,1,-0.6246952913483015,-30.302144498045326,516.714
1162,29,2,-7.782457559190513,-24.857785342702527,517.88
1163,29,3,-14.866833926712582,-19.225893098413277,519.387
1164,29,4,-21.803493793054784,-13.215698874111823,521.133
1165,29,5,-28.500113491206058,-6.603990807061677,522.981
1166,29,6,-34.83397842744337,0.8789832341478763,524.768
1167,29,7,-40.6357699197894,9.553138851513069,526.318
1168,29,8,-45.67165131936687,19.75778724983885,527.465
1169,29,9,-49.63438705693029,31.740046167400163,528.064
1170,29,10,-52.17069242784989,45.424910735600164,528.008
1171,29,11,-52.97708505182911,60.17092715363168,527.241
1172,29,12,-51.939592977282516,74.84386054754407,525.764
1173,29,13,-49.19964893135356,88.34728114044267,523.634
1174,29,14,-45.07296816314233,100.11376413683952,520.967
1175,29,15,-39.91031845256941,110.12212912011842,517.923
1176,29,16,-34.01048983997161,118.64060444917493,514.696
1177,29,17,-27.599109086843825,126.01017365794358,511.497
1178,29,18,-20.839521874734203,132.54574944829702,508.537
1179,29,19,-13.850858655598817,138.51144157506124,506.004
1180,29,20,-6.723715912362361,144.12641714832367,504.056
1181,29,21,0.4678819920501837,149.57959920052681,502.797
1182,29,22,7.657159446413922,155.0454854045862,502.279
1183,29,23,14.776689090046753,160.6998711693596,502.491
1184,29,24,21.750303694893308,166.7355180936031,503.364
1185,29,25,28.48353320699585,173.37827321241238,504.782
1186,29,26,34.85086948526081,-179.09880252910818,506.587
1187,29,27,40.679500205950404,-170.37165126052943,508.604
1188,29,28,45.73101590853804,-160.09761240910456,510.65
1189,29,29,49.6929422686848,-148.03073086282137,512.557
1190,29,30,52.20797501543441,-134.2579685901925,514.186
1191,29,31,52.973417240244814,-119.44464065789049,515.438
1192,29,32,51.88312438831943,-104.74573888475372,516.266
1193,29,33,49.08983656497268,-91.25751546275839,516.675
1194,29,34,44.91801507653683,-79.53055194089922,516.72
1195,29,35,39.72234140132691,-69.56893277229989,516.496
1196,29,36,33.80223395708334,-61.094921974740174,516.129
1197,29,37,27.382470854296653,-53.76412433479509,515.762
1198,29,38,20.625168340464402,-47.261429075106115,515.533
1199,29,39,13.648124980654499,-41.32370315789849,515.562
1200,30,0,10.105866787454472,-29.497251100588926,515.704
1201,30,1,2.961020193889343,-24.00863402697174,516.277
1202,30,2,-4.208532901451015,-18.592312798171847,517.25
1203,30,3,-11.338166102413588,-13.076625977326607,518.596
1204,30,4,-18.358850102151642,-7.281084961844789,520.238
1205,30,5,-25.18859530986834,-1.0006680701318251,522.054
1206,30,6,-31.72166612834366,6.009668726622187,523.893
1207,30,7,-37.814287075548826,14.045638575254657,525.583
1208,30,8,-43.26698418432092,23.44444161850847,526.952
1209,30,9,-47.808902888028484,34.52044883887769,527.84
1210,30,10,-51.102614766199984,47.39480900921812,528.122
1211,30,11,-52.80317819027683,61.72921432220258,527.715
1212,30,12,-52.68566820070134,76.59367988082046,526.589
1213,30,13,-50.765063402323364,90.79219516517293,524.774
1214,30,14,-47.28714473733121,103.45908150928506,522.359
1215,30,15,-42.60075045720495,114.32458059188718,519.48
1216,30,16,-37.03678956685335,123.54633317902322,516.319
1217,30,17,-30.857292028500208,131.44817902981097,513.08
1218,30,18,-24.25456011067993,138.36451054563594,509.975
1219,30,19,-17.3676513422521,144.58524193600843,507.206
1220,30,20,-10.299695603268386,150.3504406898761,504.949
1221,30,21,-3.131724977381356,155.86217112364463,503.336
1222,30,22,4.066918747407733,161.30017649551203,502.445
1223,30,23,11.230096288044708,166.8376567424515,502.297
1224,30,24,18.28708701208961,172.65689595303232,502.851
1225,30,25,25.15390648662114,178.96517670818605,504.014
1226,30,26,31.72241744915236,-173.98945219972344,505.647
1227,30,27,37.84569570044713,-165.90753524165748,507.581
1228,30,28,43.320256244752436,-156.4478188638382,509.635
1229,30,29,47.87023457168062,-145.29411994920738,511.631
1230,30,30,51.15319914719309,-132.33113124419685,513.414
1231,30,31,52.82210805956152,-117.91579843483152,514.863
1232,30,32,52.656376934445746,-103.00318004256505,515.906
1233,30,33,50.68133552838277,-88.80073739943983,516.521
1234,30,34,47.15339255790944,-76.1636648310548,516.738
1235,30,35,42.42768370892058,-65.34297861959712,516.634
1236,30,36,36.837112401562614,-56.167558620695864,516.322
1237,30,37,30.643425145208766,-48.307489621966496,515.937
1238,30,38,24.03781601020062,-41.426917561541146,515.622
1239,30,39,17.158024298887945,-35.23645756957013,515.508
1240,31,0,6.540610493545366,-17.73309549115175,515.94
1241,31,1,-0.6246952913483015,-12.302136313186875,516.714
1242,31,2,-7.782457559190513,-6.857778438504548,517.88
1243,31,3,-14.866833926712582,-1.2258863009370025,519.387
1244,31,4,-21.803493793054784,4.784308030086159,521.133
1245,31,5,-28.500113491206058,11.396016097136304,522.981
1246,31,6,-34.83397842744337,18.878991205562915,524.768
1247,31,7,-40.6357699197894,27.553145328824225,526.318
1248,31,8,-45.67165131936687,37.75779458092365,527.465
1249,31,9,-49.63438705693029,49.74005349848497,528.064
1250,31,10,-52.17069242784989,63.42491806668497,528.008
1251,31,11,-52.97708505182911,78.17093448471648,527.241
1252,31,12,-51.939592977282516,92.84386787862887,525.764
1253,31,13,-49.19964893135356,106.34728847152748,523.634
1254,31,14,-45.07296816314233,118.11376463773516,520.967
1255,31,15,-39.91031845256941,128.12213645120323,517.923
1256,31,16,-34.01048983997161,136.64061178025972,514.696
1257,31,17,-27.599109086843825,144.01018098902838,511.497
1258,31,18,-20.839521874734203,150.5457567793818,508.537
1259,31,19,-13.850858655598817,156.51144890614606,506.004
1260,31,20,-6.723715912362361,162.12642447940846,504.056
1261,31,21,0.4678819920501837,167.57960653161163,502.797
1262,31,22,7.657159446413922,173.04549273567102,502.279
1263,31,23,14.776689090046753,178.6998785004444,502.491
1264,31,24,21.750303694893308,-175.26447093284642,503.364
1265,31,25,28.48353320699585,-168.6217294744155,504.782
1266,31,26,34.85086948526081,-161.09879519802337,506.587
1267,31,27,40.679500205950404,-152.37164392944464,508.604
1268,31,28,45.73101590853804,-142.09760507801977,510.65
1269,31,29,49.6929422686848,-130.03072353173656,512.557
1270,31,30,52.20797501543441,-116.25796125910767,514.186
1271,31,31,52.973417240244814,-101.44463332680569,515.438
1272,31,32,51.88312438831943,-86.74573155366892,516.266
1273,31,33,49.08983656497268,-73.25750813167357,516.675
1274,31,34,44.91801507653683,-61.53054460981442,516.72
1275,31,35,39.72234140132691,-51.568922026120504,516.496
1276,31,36,33.80223395708334,-43.094918058749954,516.129
1277,31,37,27.382470854296653,-35.76411700371029,515.762
1278,31,38,20.625168340464402,-29.261421744021312,515.533
1279,31,39,13.648124980654499,-23.3236941192664,515.562
1280,32,0,10.105866787454472,-11.49724462327777,515.704
1281,32,1,2.961020193889343,-6.008626269000114,516.277
1282,32,2,-4.208532901451015,-0.5923060006955722,517.25
1283,32,3,-11.338166102413588,4.92338178064502,518.596
1284,32,4,-18.358850102151642,10.718922369240014,520.238
1285,32,5,-25.18859530986834,16.999338513901037,522.054
1286,32,6,-31.72166612834366,24.00967563082017,523.893
1287,32,7,-37.814287075548826,32.04564590633946,525.583
1288,32,8,-43.26698418432092,41.44444724204598,526.952
1289,32,9,-47.808902888028484,52.52045616996249,527.84
1290,32,10,-51.102614766199984,65.3948197553975,528.122
1291,32,11,-52.80317819027683,79.72922165328738,527.715
1292,32,12,-52.68566820070134,94.59368721190526,526.589
1293,32,13,-50.765063402323364,108.79220249625773,524.774
1294,32,14,-47.28714473733121,121.45909567055902,522.359
1295,32,15,-42.60075045720495,132.324587922972,519.48
1296,32,16,-37.03678956685335,141.54634051010802,516.319
1297,32,17,-30.857292028500208,149.4481863608958,513.08
1298,32,18,-24.25456011067993,156.36451787672073,509.975
1299,32,19,-17.3676513422521,162.58524926709325,507.206
1300,32,20,-10.299695603268386,168.35044802096093,504.949
1301,32,21,-3.131724977381356,173.86217845472945,503.336
1302,32,22,4.066918747407733,179.30018382659682,502.445
1303,32,23,11.230096288044708,-175.16233228399804,502.297
1304,32,24,18.28708701208961,-169.3430930734172,502.851
1305,32,25,25.15390648662114,-163.03481231826348,504.014
1306,32,26,31.72241744915236,-155.98944486863866,505.647
1307,32,27,37.84569570044713,-147.90752791057267,507.581
1308,32,28,43.320256244752436,-138.4478115327534,509.635
1309,32,29,47.87023457168062,-127.29411261812258,511.631
1310,32,30,51.15319914719309,-114.33112391311207,513.414
1311,32,31,52.82210805956152,-99.91579110374671,514.863
1312,32,32,52.656376934445746,-85.00317271148023,515.906
1313,32,33,50.68133552838277,-70.80073006835501,516.521
1314,32,34,47.15339255790944,-58.16365749996999,516.738
1315,32,35,42.42768370892058,-47.34297128851231,516.634
1316,32,36,36.837112401562614,-38.16755128961106,516.322
1317,32,37,30.643425145208766,-30.30748229088169,515.937
1318,32,38,24.03781601020062,-23.42691193800363,515.622
1319,32,39,17.158024298887945,-17.23645023848532,515.508
1320,33,0,6.540610493545366,0.26691200001560944,515.94
1321,33,1,-0.6246952913483015,5.697871444784751,516.714
1322,33,2,-7.782457559190513,11.142228465693432,517.88
1323,33,3,-14.866833926712582,16.77412156375633,519.387
1324,33,4,-21.803493793054784,22.784315788057786,521.133
1325,33,5,-28.500113491206058,29.39602428199475,522.981
1326,33,6,-34.83397842744337,36.87899853664772,524.768
1327,33,7,-40.6357699197894,45.55315436745632,526.318
1328,33,8,-45.67165131936687,55.75780191200845,527.465
1329,33,9,-49.63438705693029,67.74006082956977,528.064
1330,33,10,-52.17069242784989,81.42492539776977,528.008
1331,33,11,-52.97708505182911,96.17094181580129,527.241
1332,33,12,-51.939592977282516,110.84387520971367,525.764
1333,33,13,-49.19964893135356,124.34729580261228,523.634
1334,33,14,-45.07296816314233,136.11377196881998,520.967
1335,33,15,-39.91031845256941,146.12214378228802,517.923
1336,33,16,-34.01048983997161,154.64061911134453,514.696
1337,33,17,-27.599109086843825,162.0101883201132,511.497
1338,33,18,-20.839521874734203,168.54576411046662,508.537
1339,33,19,-13.850858655598817,174.51145623723085,506.004
1340,33,20,-6.723715912362361,-179.8735782074194,504.056
1341,33,21,0.4678819920501837,-174.42039615521622,502.797
1342,33,22,7.657159446413922,-168.9544962907785,502.279
1343,33,23,14.776689090046753,-163.3001105260051,502.491
1344,33,24,21.750303694893308,-157.2644636017616,503.364
1345,33,25,28.48353320699585,-150.6217221433307,504.782
1346,33,26,34.85086948526081,-143.09878786693855,506.587
1347,33,27,40.679500205950404,-134.37163659835983,508.604
1348,33,28,45.73101590853804,-124.09759774693495,510.65
1349,33,29,49.6929422686848,-112.03070937046259,512.557
1350,33,30,52.20797501543441,-98.25796075821205,514.186
1351,33,31,52.973417240244814,-83.44462599572088,515.438
1352,33,32,51.88312438831943,-68.7457242225841,516.266
1353,33,33,49.08983656497268,-55.25749738549419,516.675
1354,33,34,44.91801507653683,-43.53053386363503,516.72
1355,33,35,39.72234140132691,-33.5689146950357,516.496
1356,33,36,33.80223395708334,-25.09490902011786,516.129
1357,33,37,27.382470854296653,-17.764111380172782,515.762
1358,33,38,20.625168340464402,-11.261416120483801,515.533
1359,33,39,13.648124980654499,-5.323687641955242,515.562
1360,34,0,10.105866787454472,6.502735387050353,515.704
1361,34,1,2.961020193889343,11.991354168214832,516.277
1362,34,2,-4.208532901451015,17.40767454324108,517.25
1363,34,3,-11.338166102413588,22.92336136408632,518.596
1364,34,4,-18.358850102151642,28.718903233341784,520.238
1365,34,5,-25.18859530986834,34.99932023177645,522.054
1366,34,6,-31.72166612834366,42.00965564114829,523.893
1367,34,7,-37.814287075548826,50.04562591666758,525.583
1368,34,8,-43.26698418432092,59.444427252374105,526.952
1369,34,9,-47.808902888028484,70.52043276519603,527.84
1370,34,10,-51.102614766199984,83.39479976572564,528.122
1371,34,11,-52.80317819027683,97.72920166361551,527.715
1372,34,12,-52.68566820070134,112.59366722223339,526.589
1373,34,13,-50.765063402323364,126.79218933677502,524.774
1374,34,14,-47.28714473733121,139.45907568088714,522.359
1375,34,15,-42.60075045720495,150.3245679333001,519.48
1376,34,16,-37.03678956685335,159.54632052043615,516.319
1377,34,17,-30.857292028500208,167.4481663712239,513.08
1378,34,18,-24.25456011067993,174.36449788704886,509.975
1379,34,19,-17.3676513422521,-179.4147807404913,507.206
1380,34,20,-10.299695603268386,-173.6495683262453,504.949
1381,34,21,-3.131724977381356,-168.13783789247677,503.336
1382,34,22,4.066918747407733,-162.6998325206094,502.445
1383,34,23,11.230096288044708,-157.1623522736699,502.297
1384,34,24,18.28708701208961,-151.3431130630891,502.851
1385,34,25,25.15390648662114,-145.03483230793535,504.014
1386,34,26,31.72241744915236,-137.98946485831053,505.647
1387,34,27,37.84569570044713,-129.90754790024457,507.581
1388,34,28,43.320256244752436,-120.44783152242528,509.635
1389,34,29,47.87023457168062,-109.29413260779445,511.631
1390,34,30,51.15319914719309,-96.33114390278394,513.414
1391,34,31,52.82210805956152,-81.91581109341858,514.863
1392,34,32,52.656376934445746,-67.00319270115212,515.906
1393,34,33,50.68133552838277,-52.80075005802689,516.521
1394,34,34,47.15339255790944,-40.16367748964187,516.738
1395,34,35,42.42768370892058,-29.34299127818419,516.634
1396,34,36,36.837112401562614,-20.167571279282935,516.322
1397,34,37,30.643425145208766,-12.307502280553566,515.937
1398,34,38,24.03781601020062,-5.426931073901862,515.622
1399,34,39,17.158024298887945,0.7635301987296236,515.508
1400,35,0,6.540610493545366,18.266891850261175,515.94
1401,35,1,-0.6246952913483015,23.697851881999696,516.714
1402,35,2,-7.782457559190513,29.14220762224791,517.88
1403,35,3,-14.866833926712582,34.774101574084455,519.387
1404,35,4,-21.803493793054784,40.784295798385905,521.133
1405,35,5,-28.500113491206058,47.39600429232288,522.981
1406,35,6,-34.83397842744337,54.878978546975844,524.768
1407,35,7,-40.6357699197894,63.553134377784446,526.318
1408,35,8,-45.67165131936687,73.75778533743116,527.465
1409,35,9,-49.63438705693029,85.7400408398979,528.064
1410,35,10,-52.17069242784989,99.42490540809789,528.008
1411,35,11,-52.97708505182911,114.17092182612942,527.241
1412,35,12,-51.939592977282516,128.8438552200418,525.764
1413,35,13,-49.19964893135356,142.3472758129404,523.634
1414,35,14,-45.07296816314233,154.11375197914808,520.967
1415,35,15,-39.91031845256941,164.12212379261615,517.923
1416,35,16,-34.01048983997161,172.64059912167266,514.696
1417,35,17,-27.599109086843825,-179.989828027093,511.497
1418,35,18,-20.839521874734203,-173.4542522367396,508.537
1419,35,19,-13.850858655598817,-167.4885737703537,506.004
1420,35,20,-6.723715912362361,-161.87359819709127,504.056
1421,35,21,0.4678819920501837,-156.42041614488812,502.797
1422,35,22,7.657159446413922,-150.95451628045038,502.279
1423,35,23,14.776689090046753,-145.30013051567698,502.491
1424,35,24,21.750303694893308,-139.26448359143347,503.364
1425,35,25,28.48353320699585,-132.62174213300256,504.782
1426,35,26,34.85086948526081,-125.09880785661043,506.587
1427,35,27,40.679500205950404,-116.37165658803171,508.604
1428,35,28,45.73101590853804,-106.09761773660684,510.65
1429,35,29,49.6929422686848,-94.03072936013447,512.557
1430,35,30,52.20797501543441,-80.25798074788392,514.186
1431,35,31,52.973417240244814,-65.44464598539275,515.438
1432,35,32,51.88312438831943,-50.74574762735057,516.266
1433,35,33,49.08983656497268,-37.25751737516607,516.675
1434,35,34,44.91801507653683,-25.5305555608542,516.72
1435,35,35,39.72234140132691,-15.568936392254873,516.496
1436,35,36,33.80223395708334,-7.094929863563384,516.129
1437,35,37,27.382470854296653,0.2358690303617395,515.762
1438,35,38,20.625168340464402,6.7385643167311455,515.533
1439,35,39,13.648124980654499,12.67629236837288,515.562
1440,36,0,10.105866787454472,24.502743571908802,515.704
1441,36,1,2.961020193889343,29.99136064552599,516.277
1442,36,2,-4.208532901451015,35.40768016677859,517.25
1443,36,3,-11.338166102413588,40.92336869517112,518.596
1444,36,4,-18.358850102151642,46.71891056442659,520.238
1445,36,5,-25.18859530986834,52.999327562861254,522.054
1446,36,6,-31.72166612834366,60.00966638732768,523.893
1447,36,7,-37.814287075548826,68.04563666284697,525.583
1448,36,8,-43.26698418432092,77.44443458345891,526.952
1449,36,9,-47.808902888028484,88.52044009628084,527.84
1450,36,10,-51.102614766199984,101.39480709681044,528.122
1451,36,11,-52.80317819027683,115.72920899470031,527.715
1452,36,12,-52.68566820070134,130.59368138350737,526.589
1453,36,13,-50.765063402323364,144.79219666785983,524.774
1454,36,14,-47.28714473733121,157.45908301197196,522.359
1455,36,15,-42.60075045720495,168.32457526438492,519.48
1456,36,16,-37.03678956685335,177.54632785152094,516.319
1457,36,17,-30.857292028500208,-174.55182265522564,513.08
1458,36,18,-24.25456011067993,-167.63549113940067,509.975
1459,36,19,-17.3676513422521,-161.4147734094065,507.206
1460,36,20,-10.299695603268386,-155.64956099516047,504.949
1461,36,21,-3.131724977381356,-150.13783056139198,503.336
1462,36,22,4.066918747407733,-144.69982518952457,502.445
1463,36,23,11.230096288044708,-139.16234494258512,502.297
1464,36,24,18.28708701208961,-133.3431057320043,502.851
1465,36,25,25.15390648662114,-127.03482497685056,504.014
1466,36,26,31.72241744915236,-119.98945752722572,505.647
1467,36,27,37.84569570044713,-111.90753373897059,507.581
1468,36,28,43.320256244752436,-102.44781736115131,509.635
1469,36,29,47.87023457168062,-91.29412527670965,511.631
1470,36,30,51.15319914719309,-78.33113657169913,513.414
1471,36,31,52.82210805956152,-63.91580376233378,514.863
1472,36,32,52.656376934445746,-49.003185370067314,515.906
1473,36,33,50.68133552838277,-34.80074272694209,516.521
1474,36,34,47.15339255790944,-22.163670158557068,516.738
1475,36,35,42.42768370892058,-11.342983947099386,516.634
1476,36,36,36.837112401562614,-2.1675643750849547,516.322
1477,36,37,30.643425145208766,5.692504623644414,515.937
1478,36,38,24.03781601020062,12.57307625718294,515.622
1479,36,39,17.158024298887945,18.763537102927604,515.508
1480,37,0,6.540610493545366,36.26690088889327,515.94
1481,37,1,-0.6246952913483015,41.69785750553721,516.714
1482,37,2,-7.782457559190513,47.14221495333271,517.88
1483,37,3,-14.866833926712582,52.77410890516926,519.387
1484,37,4,-21.803493793054784,58.784303129470715,521.133
1485,37,5,-28.500113491206058,65.39600820831309,522.981
1486,37,6,-34.83397842744337,72.87898587806065,524.768
1487,37,7,-40.6357699197894,81.55314170886925,526.318
1488,37,8,-45.67165131936687,91.75779266851598,527.465
1489,37,9,-49.63438705693029,103.7400481709827,528.064
1490,37,10,-52.17069242784989,117.4249127391827,528.008
1491,37,11,-52.97708505182911,132.1709359874034,527.241
1492,37,12,-51.939592977282516,146.8438625511266,525.764
1493,37,13,-49.19964893135356,160.3472831440252,523.634
1494,37,14,-45.07296816314233,172.1137593102329,520.967
1495,37,15,-39.91031845256941,-177.87786523383338,517.923
1496,37,16,-34.01048983997161,-169.35940356515522,514.696
1497,37,17,-27.599109086843825,-161.98982069600822,511.497
1498,37,18,-20.839521874734203,-155.4542449056548,508.537
1499,37,19,-13.850858655598817,-149.48856643926888,506.004
1500,37,20,-6.723715912362361,-143.87359086600648,504.056
1501,37,21,0.4678819920501837,-138.4204088138033,502.797
1502,37,22,7.657159446413922,-132.9545089493656,502.279
1503,37,23,14.776689090046753,-127.3001231845922,502.491
1504,37,24,21.750303694893308,-121.26447626034869,503.364
1505,37,25,28.48353320699585,-114.62173480191777,504.782
1506,37,26,34.85086948526081,-107.09880052552563,506.587
1507,37,27,40.679500205950404,-98.37165608713607,508.604
1508,37,28,45.73101590853804,-88.09761040552202,510.65
1509,37,29,49.6929422686848,-76.03072202904967,512.557
1510,37,30,52.20797501543441,-62.25797341679912,514.186
1511,37,31,52.973417240244814,-47.44464206940254,515.438
1512,37,32,51.88312438831943,-32.745740296265765,516.266
1513,37,33,49.08983656497268,-19.25751175162856,516.675
1514,37,34,44.91801507653683,-7.5305473759957495,516.72
1515,37,35,39.72234140132691,2.4310709388299307,516.496
1516,37,36,33.80223395708334,10.90507746752142,516.129
1517,37,37,27.382470854296653,18.235875961240147,515.762
1518,37,38,20.625168340464402,24.738571220929124,515.533
1519,37,39,13.648124980654499,30.676298845684038,515.562
1520,38,0,10.105866787454472,42.502750902993604,515.704
1521,38,1,2.961020193889343,47.991367976610796,516.277
1522,38,2,-4.208532901451015,53.40768749786339,517.25
1523,38,3,-11.338166102413588,58.92337944135051,518.596
1524,38,4,-18.358850102151642,64.7189178955114,520.238
1525,38,5,-25.18859530986834,70.99933147885147,522.054
1526,38,6,-31.72166612834366,78.00967371841249,523.893
1527,38,7,-37.814287075548826,86.04564399393178,525.583
1528,38,8,-43.26698418432092,95.44444191454372,526.952
1529,38,9,-47.808902888028484,106.52044742736564,527.84
1530,38,10,-51.102614766199984,119.39480759770608,528.122
1531,38,11,-52.80317819027683,133.7292163257851,527.715
1532,38,12,-52.68566820070134,148.59368871459216,526.589
1533,38,13,-50.765063402323364,162.79220399894464,524.774
1534,38,14,-47.28714473733121,175.45909034305674,522.359
1535,38,15,-42.60075045720495,-173.6754137620646,519.48
1536,38,16,-37.03678956685335,-164.45366117492858,516.319
1537,38,17,-30.857292028500208,-156.55181532414082,513.08
1538,38,18,-24.25456011067993,-149.63548380831585,509.975
1539,38,19,-17.3676513422521,-143.4147660783217,507.206
1540,38,20,-10.299695603268386,-137.64955366407568,504.949
1541,38,21,-3.131724977381356,-132.13782323030716,503.336
1542,38,22,4.066918747407733,-126.69981785843977,502.445
1543,38,23,11.230096288044708,-121.1623376115003,502.297
1544,38,24,18.28708701208961,-115.34309840091949,502.851
1545,38,25,25.15390648662114,-109.03481764576576,504.014
1546,38,26,31.72241744915236,-101.98944336595174,505.647
1547,38,27,37.84569570044713,-93.90752640788578,507.581
1548,38,28,43.320256244752436,-84.4478100300665,509.635
1549,38,29,47.87023457168062,-73.29411794562485,511.631
1550,38,30,51.15319914719309,-60.33112924061433,513.414
1551,38,31,52.82210805956152,-45.915793016154396,514.863
1552,38,32,52.656376934445746,-31.003178038982508,515.906
1553,38,33,50.68133552838277,-16.800735395857284,516.521
1554,38,34,47.15339255790944,-4.163663681245909,516.738
1555,38,35,42.42768370892058,6.657023383985417,516.634
1556,38,36,36.837112401562614,15.832443382886671,516.322
1557,38,37,30.643425145208766,23.69251238161604,515.937
1558,38,38,24.03781601020062,30.57308444204139,515.622
1559,38,39,17.158024298887945,36.76354443401241,515.508
1560,39,0,6.540610493545366,54.26690821997807,515.94
1561,39,1,-0.6246952913483015,59.6978682517166,516.714
1562,39,2,-7.782457559190513,65.1422256995121,517.88
1563,39,3,-14.866833926712582,70.77411282115948,519.387
1564,39,4,-21.803493793054784,76.78431046055552,521.133
1565,39,5,-28.500113491206058,83.3960155393979,522.981
1566,39,6,-34.83397842744337,90.87899320914545,524.768
1567,39,7,-40.6357699197894,99.55314903995405,526.318
1568,39,8,-45.67165131936687,109.75779999960078,527.465
1569,39,9,-49.63438705693029,121.74006233225667,528.064
1570,39,10,-52.17069242784989,135.4249200702675,528.008
1571,39,11,-52.97708505182911,150.17094331848818,527.241
1572,39,12,-51.939592977282516,164.8438698822114,525.764
1573,39,13,-49.19964893135356,178.34729047511001,523.634
1574,39,14,-45.07296816314233,-169.88622971621663,520.967
1575,39,15,-39.91031845256941,-159.87785790274856,517.923
1576,39,16,-34.01048983997161,-151.3593962340704,514.696
1577,39,17,-27.599109086843825,-143.9898133649234,511.497
1578,39,18,-20.839521874734203,-137.45423757457,508.537
1579,39,19,-13.850858655598817,-131.4885591081841,506.004
1580,39,20,-6.723715912362361,-125.87358353492166,504.056
1581,39,21,0.4678819920501837,-120.4204014827185,502.797
1582,39,22,7.657159446413922,-114.95450161828079,502.279
1583,39,23,14.776689090046753,-109.30011585350739,502.491
1584,39,24,21.750303694893308,-103.26446892926388,503.364
1585,39,25,28.48353320699585,-96.62172064064379,504.782
1586,39,26,34.85086948526081,-89.09879319444083,506.587
1587,39,27,40.679500205950404,-80.37164875605127,508.604
1588,39,28,45.73101590853804,-70.09760307443722,510.65
1589,39,29,49.6929422686848,-58.03071469796487,512.557
1590,39,30,52.20797501543441,-44.257962670619726,514.186
1591,39,31,52.973417240244814,-29.444634738317735,515.438
1592,39,32,51.88312438831943,-14.74573125763367,516.266
1593,39,33,49.08983656497268,-1.2575041003786378,516.675
1594,39,34,44.91801507653683,10.469459955089054,516.72
1595,39,35,39.72234140132691,20.431078269914735,516.496
1596,39,36,33.80223395708334,28.905083944832576,516.129
1597,39,37,27.382470854296653,36.23588499987224,515.762
1598,39,38,20.625168340464402,42.738580259561225,515.533
1599,39,39,13.648124980654499,48.67630617676884,515.562
