0,0,0,48.378578230847985,-71.21956409844937,511.862
1,0,1,51.46935152840006,-58.0335765472271,513.607
2,0,2,52.90680923545885,-43.4878793322683,515.006
3,0,3,52.49758186643212,-28.601278838097702,515.993
4,0,4,50.301556519962546,-14.567442829728828,516.554
5,0,5,46.59658187639166,-2.1651454209017125,516.724
6,0,6,41.74034128217469,8.42533630821327,516.587
7,0,7,36.05777415688582,17.409172062216605,516.259
8,0,8,29.800750556358444,25.123056229687485,515.878
9,0,9,23.152428833375623,31.89824017876683,515.584
10,0,10,16.244925337052912,38.0171915052224,515.508
11,0,11,9.17646843293885,43.71292723523105,515.753
12,0,12,2.0246780983087573,49.182283175388804,516.38
13,0,13,-5.14334802286528,54.60180264026755,517.408
14,0,14,-12.262841381118145,60.14341515165487,518.801
15,0,15,-19.263621355841135,65.98992730759156,520.475
16,0,16,-26.061264674458776,72.35072538727351,522.306
17,0,17,-32.54595384794831,79.47707155969802,524.138
18,0,18,-38.56771499760918,87.6713451296107,525.797
19,0,19,-43.918454457545906,97.27315676292292,527.113
20,0,20,-48.31758122646519,108.58408663224743,527.931
21,0,21,-51.42175877026341,121.6809948563144,528.127
22,0,22,-52.89341181940187,136.148564952452,527.626
23,0,23,-52.533887736965326,150.992505792614,526.407
24,0,24,-50.39230241327534,165.0276566123981,524.508
25,0,25,-46.73627632039135,177.46264437380995,522.022
26,0,26,-41.91780325718996,-171.90129944591047,519.094
27,0,27,-36.26026194502002,-162.87152981596515,515.909
28,0,28,-30.01593908125428,-155.11662865498107,512.673
29,0,29,-23.369167811213053,-148.30645193923644,509.599
30,0,30,-16.45338100297441,-142.1578610068776,506.885
31,0,31,-9.368122687275763,-136.4365803693731,504.703
32,0,32,-2.192354973564339,-130.94437061625248,503.178
33,0,33,5.005432416257559,-125.50325067812358,502.382
34,0,34,12.158937128369326,-119.93972008968969,502.326
35,0,35,19.1962773981721,-114.06911785655036,502.964
36,0,36,26.030984738320814,-107.67970128424605,504.194
37,0,37,32.55074522565107,-100.5171277884638,505.874
38,0,38,38.60234747179573,-92.27514534719859,507.832
39,0,39,43.97352285772913,-82.6102091055771,509.887
40,1,0,50.11104205344338,-55.83849718195757,512.771
41,1,1,52.41201667160479,-41.87840672605733,514.355
42,1,2,52.935622388472545,-27.008886827453637,515.553
43,1,3,51.60920306675066,-12.414445113709395,516.326
44,1,4,48.61552090825031,0.8614390928519051,516.683
45,1,5,44.29050510692026,12.349317552426031,516.688
46,1,6,38.98482098984352,22.097922757606522,516.439
47,1,7,32.98820176651746,30.403207392099418,516.066
48,1,8,26.51626797130293,37.60906379665204,515.711
49,1,9,19.724315907811203,44.02415163495185,515.512
50,1,10,12.725614871916836,49.90499573675161,515.585
51,1,11,5.606650853324646,55.46458189093981,516.016
52,1,12,-1.5613121953212743,60.88759841267361,516.845
53,1,13,-8.713320135509456,66.3463538992395,518.063
54,1,14,-15.782898898194691,72.01628517456385,519.61
55,1,15,-22.69394897024393,78.09147889410173,521.38
56,1,16,-29.35096552404018,84.80052782899513,523.232
57,1,17,-35.62613010700311,92.419911206657,525
58,1,18,-41.3427218196424,101.27502606933592,526.509
59,1,19,-46.257387852019654,111.70183576192647,527.593
60,1,20,-50.05410901161674,123.92080513045835,528.112
61,1,21,-52.3790780843324,137.7940668065348,527.966
62,1,22,-52.945744728822504,152.60068749307183,527.106
63,1,23,-51.672860429815174,167.17491782328838,525.538
64,1,24,-48.73190050151816,-179.529828446871,523.33
65,1,25,-44.45064572220037,-168.00072867507794,520.602
66,1,26,-39.176400965873206,-158.20534948068754,517.522
67,1,27,-33.198513536345914,-149.8562355222907,514.284
68,1,28,-26.733543118990205,-142.61238277538527,511.103
69,1,29,-19.93805984769758,-136.1651213310001,508.185
70,1,30,-12.926649537305114,-130.25685743477734,505.719
71,1,31,-5.787128783745302,-124.67325975056197,503.853
72,1,32,1.4078902450286264,-119.22819196309278,502.687
73,1,33,8.59199548528252,-113.74787356931716,502.263
74,1,34,15.69707586372619,-108.05521142443502,502.563
75,1,35,22.645217278063182,-101.95399468415938,503.513
76,1,36,29.33864727787206,-95.21296680357197,504.988
77,1,37,35.64672995753987,-87.5521310078373,506.83
78,1,38,41.389047577688004,-78.6420262921506,508.859
79,1,39,46.31756864879664,-68.14356791516661,510.895
80,2,0,48.378578230847985,-53.21956359755373,511.862
81,2,1,51.46935152840006,-40.03357263123688,513.607
82,2,2,52.90680923545885,-25.48787883137267,515.006
83,2,3,52.49758186643212,-10.601278337202068,515.993
84,2,4,50.301556519962546,3.4325570308365707,516.554
85,2,5,46.59658187639166,15.834854439663687,516.724
86,2,6,41.74034128217469,26.425335955335257,516.587
87,2,7,36.05777415688582,35.409172563112236,516.259
88,2,8,29.800750556358444,43.12305843813041,515.878
89,2,9,23.152428833375623,49.898240679662464,515.584
90,2,10,16.244925337052912,56.01719200611803,515.508
91,2,11,9.17646843293885,61.71293115122127,515.753
92,2,12,2.0246780983087573,67.18228709137902,516.38
93,2,13,-5.14334802286528,72.60180314116319,517.408
94,2,14,-12.262841381118145,78.1434156525505,518.801
95,2,15,-19.263621355841135,83.98992780848718,520.475
96,2,16,-26.061264674458776,90.35072588816915,522.306
97,2,17,-32.54595384794831,97.47707206059366,524.138
98,2,18,-38.56771499760918,105.67134563050634,525.797
99,2,19,-43.918454457545906,115.27315726381856,527.113
100,2,20,-48.31758122646519,126.58408713314307,527.931
101,2,21,-51.42175877026341,139.6810021873992,528.127
102,2,22,-52.89341181940187,154.14857228353682,527.626
103,2,23,-52.533887736965326,168.99249946332046,526.407
104,2,24,-50.39230241327534,-176.97234607442977,524.508
105,2,25,-46.73627632039135,-164.5373583130179,522.022
106,2,26,-41.91780325718996,-153.90129211482568,519.094
107,2,27,-36.26026194502002,-144.8715361452587,515.909
108,2,28,-30.01593908125428,-137.11662132389625,512.673
109,2,29,-23.369167811213053,-130.30644460815165,509.599
110,2,30,-16.45338100297441,-124.15786733617115,506.885
111,2,31,-9.368122687275763,-118.43658669866664,504.703
112,2,32,-2.192354973564339,-112.94437694554603,503.178
113,2,33,5.005432416257559,-107.50325017722794,502.382
114,2,34,12.158937128369326,-101.93971958879406,502.326
115,2,35,19.1962773981721,-96.06911735565474,502.964
116,2,36,26.030984738320814,-89.67970078335041,504.194
117,2,37,32.55074522565107,-82.51712728756817,505.874
118,2,38,38.60234747179573,-74.27514484630295,507.832
119,2,39,43.97352285772913,-64.61020860468147,509.887
120,3,0,50.11104205344338,-37.83849668106194,512.771
121,3,1,52.41201667160479,-23.8784045176144,514.355
122,3,2,52.935622388472545,-9.00888718033165,515.553
123,3,3,51.60920306675066,5.585554960299415,516.326
124,3,4,48.61552090825031,18.861439326943273,516.683
125,3,5,44.29050510692026,30.349317199548018,516.688
126,3,6,38.98482098984352,40.097923258502156,516.439
127,3,7,32.98820176651746,48.40320789299505,516.066
128,3,8,26.51626797130293,55.609064297547675,515.711
129,3,9,19.724315907811203,62.0241487207529,515.512
130,3,10,12.725614871916836,67.90499623764724,515.585
131,3,11,5.606650853324646,73.46457897674085,516.016
132,3,12,-1.5613121953212743,78.88759891356924,516.845
133,3,13,-8.713320135509456,84.34635440013513,518.063
134,3,14,-15.782898898194691,90.01628567545947,519.61
135,3,15,-22.69394897024393,96.09147939499736,521.38
136,3,16,-29.35096552404018,102.80052832989077,523.232
137,3,17,-35.62613010700311,110.41991170755264,525
138,3,18,-41.3427218196424,119.27503340042072,526.509
139,3,19,-46.257387852019654,129.70183626282213,527.593
140,3,20,-50.05410901161674,141.9207988011648,528.112
141,3,21,-52.3790780843324,155.79407413761962,527.966
142,3,22,-52.945744728822504,170.60068116377832,527.106
143,3,23,-51.672860429815174,-174.82507120316114,525.538
144,3,24,-48.73190050151816,-161.5298211157862,523.33
145,3,25,-44.45064572220037,-150.00072134399312,520.602
146,3,26,-39.176400965873206,-140.20534214960276,517.522
147,3,27,-33.198513536345914,-131.85624185158423,514.284
148,3,28,-26.733543118990205,-124.61238910467881,511.103
149,3,29,-19.93805984769758,-118.16512766029366,508.185
150,3,30,-12.926649537305114,-112.25686376407089,505.719
151,3,31,-5.787128783745302,-106.67325924966633,503.853
152,3,32,1.4078902450286264,-101.22819829238632,502.687
153,3,33,8.59199548528252,-95.74787306842153,502.263
154,3,34,15.69707586372619,-90.05521092353938,502.563
155,3,35,22.645217278063182,-83.95399418326375,503.513
156,3,36,29.33864727787206,-77.21296630267635,504.988
157,3,37,35.64672995753987,-69.55213050694167,506.83
158,3,38,41.389047577688004,-60.64202579125497,508.859
159,3,39,46.31756864879664,-50.14356741427098,510.895
160,4,0,48.378578230847985,-35.2195630966581,511.862
161,4,1,51.46935152840006,-22.03357383788854,513.607
162,4,2,52.90680923545885,-7.48787918425068,515.006
163,4,3,52.49758186643212,7.398722163693565,515.993
164,4,4,50.301556519962546,21.43255817206244,516.554
165,4,5,46.59658187639166,33.83485494055932,516.724
166,4,6,41.74034128217469,44.42533645623089,516.587
167,4,7,36.05777415688582,53.409173064007874,516.259
168,4,8,29.800750556358444,61.123055523931455,515.878
169,4,9,23.152428833375623,67.8982411805581,515.584
170,4,10,16.244925337052912,74.01719592210824,515.508
171,4,11,9.17646843293885,79.71293165211691,515.753
172,4,12,2.0246780983087573,85.18228759227465,516.38
173,4,13,-5.14334802286528,90.60180364205883,517.408
174,4,14,-12.262841381118145,96.14341615344614,518.801
175,4,15,-19.263621355841135,101.98992830938282,520.475
176,4,16,-26.061264674458776,108.35072638906479,522.306
177,4,17,-32.54595384794831,115.47706573130012,524.138
178,4,18,-38.56771499760918,123.67135296159114,525.797
179,4,19,-43.918454457545906,133.27316459490336,527.113
180,4,20,-48.31758122646519,144.58408080384953,527.931
181,4,21,-51.42175877026341,157.68099585810566,528.127
182,4,22,-52.89341181940187,172.14856595424328,527.626
183,4,23,-52.533887736965326,-173.0075032235074,526.407
184,4,24,-50.39230241327534,-158.97233874334495,524.508
185,4,25,-46.73627632039135,-146.53735098193312,522.022
186,4,26,-41.91780325718996,-135.90129844411922,519.094
187,4,27,-36.26026194502002,-126.87152881417389,515.909
188,4,28,-30.01593908125428,-119.1166276531898,512.673
189,4,29,-23.369167811213053,-112.30645093744518,509.599
190,4,30,-16.45338100297441,-106.15786683527551,506.885
191,4,31,-9.368122687275763,-100.436586197771,504.703
192,4,32,-2.192354973564339,-94.9443764446504,503.178
193,4,33,5.005432416257559,-89.5032496763323,502.382
194,4,34,12.158937128369326,-83.93971908789842,502.326
195,4,35,19.1962773981721,-78.0691168547591,502.964
196,4,36,26.030984738320814,-71.67970028245479,504.194
197,4,37,32.55074522565107,-64.51712678667253,505.874
198,4,38,38.60234747179573,-56.27514434540732,507.832
199,4,39,43.97352285772913,-46.61020810378584,509.887
200,5,0,50.11104205344338,-19.838496180166306,512.771
201,5,1,52.41201667160479,-5.878404016718767,514.355
202,5,2,52.935622388472545,8.991113320563985,515.553
203,5,3,51.60920306675066,23.585555034308225,516.326
204,5,4,48.61552090825031,36.8614415353862,516.683
205,5,5,44.29050510692026,48.34931770044365,516.688
206,5,6,38.98482098984352,58.09792375939779,516.439
207,5,7,32.98820176651746,66.40320839389068,516.066
208,5,8,26.51626797130293,73.60906479844331,515.711
209,5,9,19.724315907811203,80.02414922164853,515.512
210,5,10,12.725614871916836,85.90499673854288,515.585
211,5,11,5.606650853324646,91.46457947763649,516.016
212,5,12,-1.5613121953212743,96.88759941446487,516.845
213,5,13,-8.713320135509456,102.34635490103076,518.063
214,5,14,-15.782898898194691,108.01628617635511,519.61
215,5,15,-22.69394897024393,114.09147989589299,521.38
216,5,16,-29.35096552404018,120.80052883078639,523.232
217,5,17,-35.62613010700311,128.41991903863743,525
218,5,18,-41.3427218196424,137.2750270711272,526.509
219,5,19,-46.257387852019654,147.7018299335286,527.593
220,5,20,-50.05410901161674,159.9208061322496,528.112
221,5,21,-52.3790780843324,173.79406780832608,527.966
222,5,22,-52.945744728822504,-171.39932152304957,527.106
223,5,23,-51.672860429815174,-156.82507753245469,525.538
224,5,24,-48.73190050151816,-143.52982744507972,523.33
225,5,25,-44.45064572220037,-132.00072767328666,520.602
226,5,26,-39.176400965873206,-122.20534847889628,517.522
227,5,27,-33.198513536345914,-113.85624135068858,514.284
228,5,28,-26.733543118990205,-106.61238177359401,511.103
229,5,29,-19.93805984769758,-100.16512715939803,508.185
230,5,30,-12.926649537305114,-94.25686326317525,505.719
231,5,31,-5.787128783745302,-88.6732587487707,503.853
232,5,32,1.4078902450286264,-83.22819779149069,502.687
233,5,33,8.59199548528252,-77.74787256752589,502.263
234,5,34,15.69707586372619,-72.05521042264375,502.563
235,5,35,22.645217278063182,-65.95399368236812,503.513
236,5,36,29.33864727787206,-59.21296580178071,504.988
237,5,37,35.64672995753987,-51.55213342114062,506.83
238,5,38,41.389047577688004,-42.64202187526475,508.859
239,5,39,46.31756864879664,-32.143566913375345,510.895
240,6,0,48.378578230847985,-17.219560888215174,511.862
241,6,1,51.46935152840006,-4.033572910106084,513.607
242,6,2,52.90680923545885,10.512121316644953,515.006
243,6,3,52.49758186643212,25.398722664589197,515.993
244,6,4,50.301556519962546,39.43255696541078,516.554
245,6,5,46.59658187639166,51.834855441454955,516.724
246,6,6,41.74034128217469,62.42534037222111,516.587
247,6,7,36.05777415688582,71.4091769799981,516.259
248,6,8,29.800750556358444,79.1230560248271,515.878
249,6,9,23.152428833375623,85.89824168145373,515.584
250,6,10,16.244925337052912,92.01719642300388,515.508
251,6,11,9.17646843293885,97.71293215301253,515.753
252,6,12,2.0246780983087573,103.18228809317029,516.38
253,6,13,-5.14334802286528,108.60180414295445,517.408
254,6,14,-12.262841381118145,114.14341665434176,518.801
255,6,15,-19.263621355841135,119.98992198008928,520.475
256,6,16,-26.061264674458776,126.35072688996041,522.306
257,6,17,-32.54595384794831,133.47707306238493,524.138
258,6,18,-38.56771499760918,141.6713466322976,525.797
259,6,19,-43.918454457545906,151.27315826560982,527.113
260,6,20,-48.31758122646519,162.58408813493435,527.931
261,6,21,-51.42175877026341,175.68100318919048,528.127
262,6,22,-52.89341181940187,-169.85143673258457,527.626
263,6,23,-52.533887736965326,-155.00749589242258,526.407
264,6,24,-50.39230241327534,-140.9723450726385,524.508
265,6,25,-46.73627632039135,-128.53735731122663,522.022
266,6,26,-41.91780325718996,-117.9012911130344,519.094
267,6,27,-36.26026194502002,-108.87153514346743,515.909
268,6,28,-30.01593908125428,-101.11662715229416,512.673
269,6,29,-23.369167811213053,-94.30645043654954,509.599
270,6,30,-16.45338100297441,-88.15786633437988,506.885
271,6,31,-9.368122687275763,-82.43658569687538,504.703
272,6,32,-2.192354973564339,-76.94437594375476,503.178
273,6,33,5.005432416257559,-71.50324917543668,502.382
274,6,34,12.158937128369326,-65.93971858700279,502.326
275,6,35,19.1962773981721,-60.06911635386347,502.964
276,6,36,26.030984738320814,-53.67969978155915,504.194
277,6,37,32.55074522565107,-46.517126285776904,505.874
278,6,38,38.60234747179573,-38.27514384451168,507.832
279,6,39,43.97352285772913,-28.610209310437494,509.887
280,7,0,50.11104205344338,-1.8384995212520803,512.771
281,7,1,52.41201667160479,12.121593069082282,514.355
282,7,2,52.935622388472545,26.991111260138677,515.553
283,7,3,51.60920306675066,41.58555212010928,516.326
284,7,4,48.61552090825031,54.86143862118725,516.683
285,7,5,44.29050510692026,66.34931820133929,516.688
286,7,6,38.98482098984352,76.09792426029342,516.439
287,7,7,32.98820176651746,84.40320206459715,516.066
288,7,8,26.51626797130293,91.60906529933894,515.711
289,7,9,19.724315907811203,98.02414972254417,515.512
290,7,10,12.725614871916836,103.90499040924934,515.585
291,7,11,5.606650853324646,109.46457997853213,516.016
292,7,12,-1.5613121953212743,114.88759308517133,516.845
293,7,13,-8.713320135509456,120.34634857173722,518.063
294,7,14,-15.782898898194691,126.01627984706157,519.61
295,7,15,-22.69394897024393,132.09147356659946,521.38
296,7,16,-29.35096552404018,138.80052250149285,523.232
297,7,17,-35.62613010700311,146.41991270934392,525
298,7,18,-41.3427218196424,155.27502074183366,526.509
299,7,19,-46.257387852019654,165.70183726461337,527.593
300,7,20,-50.05410901161674,177.92079980295608,528.112
301,7,21,-52.3790780843324,-168.2059348785018,527.966
302,7,22,-52.945744728822504,-153.39931419196475,527.106
303,7,23,-51.672860429815174,-138.82508386174823,525.538
304,7,24,-48.73190050151816,-125.52982011399493,523.33
305,7,25,-44.45064572220037,-114.00072717239104,520.602
306,7,26,-39.176400965873206,-104.20534797800065,517.522
307,7,27,-33.198513536345914,-95.85624084979295,514.284
308,7,28,-26.733543118990205,-88.61238810288755,511.103
309,7,29,-19.93805984769758,-82.16512665850239,508.185
310,7,30,-12.926649537305114,-76.25686276227962,505.719
311,7,31,-5.787128783745302,-70.67325824787507,503.853
312,7,32,1.4078902450286264,-65.22819729059505,502.687
313,7,33,8.59199548528252,-59.74787206663026,502.263
314,7,34,15.69707586372619,-54.055209921748116,502.563
315,7,35,22.645217278063182,-47.953996596567066,503.513
316,7,36,29.33864727787206,-41.212972131074245,504.988
317,7,37,35.64672995753987,-33.55213633533957,506.83
318,7,38,41.389047577688004,-24.642026497010995,508.859
319,7,39,46.31756864879664,-14.143569827574298,510.895
320,8,0,48.378578230847985,0.7804394525979008,511.862
321,8,1,51.46935152840006,13.966427163902726,513.607
322,8,2,52.90680923545885,28.512122671314234,515.006
323,8,3,52.49758186643212,43.39872145793754,515.993
324,8,4,50.301556519962546,57.432560881400995,516.554
325,8,5,46.59658187639166,69.83485935744517,516.724
326,8,6,41.74034128217469,80.42534087311674,516.587
327,8,7,36.05777415688582,89.40917748089372,516.259
328,8,8,29.800750556358444,97.12305652572273,515.878
329,8,9,23.152428833375623,103.89824218234936,515.584
330,8,10,16.244925337052912,110.01719692389952,515.508
331,8,11,9.17646843293885,115.712925823719,515.753
332,8,12,2.0246780983087573,121.18228176387674,516.38
333,8,13,-5.14334802286528,126.60180464385009,517.408
334,8,14,-12.262841381118145,132.14342398542658,518.801
335,8,15,-19.263621355841135,137.98992931117408,520.475
336,8,16,-26.061264674458776,144.35073422104523,522.306
337,8,17,-32.54595384794831,151.4770667330914,524.138
338,8,18,-38.56771499760918,159.67135396338242,525.797
339,8,19,-43.918454457545906,169.27316559669464,527.113
340,8,20,-48.31758122646519,-179.41591455189354,527.931
341,8,21,-51.42175877026341,-166.3189994976374,528.127
342,8,22,-52.89341181940187,-151.8514294014998,527.626
343,8,23,-52.533887736965326,-137.00750222171612,526.407
344,8,24,-50.39230241327534,-122.97233774155369,524.508
345,8,25,-46.73627632039135,-110.53734998014184,522.022
346,8,26,-41.91780325718996,-99.90129061213877,519.094
347,8,27,-36.26026194502002,-90.87153464257179,515.909
348,8,28,-30.01593908125428,-83.11662665139853,512.673
349,8,29,-23.369167811213053,-76.30644993565392,509.599
350,8,30,-16.45338100297441,-70.15786583348425,506.885
351,8,31,-9.368122687275763,-64.43658519597975,504.703
352,8,32,-2.192354973564339,-58.94437544285913,503.178
353,8,33,5.005432416257559,-53.50324867454104,502.382
354,8,34,12.158937128369326,-47.939718086107156,502.326
355,8,35,19.1962773981721,-42.06911243787325,502.964
356,8,36,26.030984738320814,-35.67969928066352,504.194
357,8,37,32.55074522565107,-28.517125784881266,505.874
358,8,38,38.60234747179573,-20.27514334361605,507.832
359,8,39,43.97352285772913,-10.61020880954186,509.887
360,9,0,50.11104205344338,16.161501406530377,512.771
361,9,1,52.41201667160479,30.121591862430623,514.355
362,9,2,52.935622388472545,44.99111176103431,515.553
363,9,3,51.60920306675066,59.58555262100491,516.326
364,9,4,48.61552090825031,72.86143912208288,516.683
365,9,5,44.29050510692026,84.34931870223492,516.688
366,9,6,38.98482098984352,94.09792476118906,516.439
367,9,7,32.98820176651746,102.40320256549278,516.066
368,9,8,26.51626797130293,109.60906580023457,515.711
369,9,9,19.724315907811203,116.0241502234398,515.512
370,9,10,12.725614871916836,121.90499774033414,515.585
371,9,11,5.606650853324646,127.46458047942775,516.016
372,9,12,-1.5613121953212743,132.88760041625613,516.845
373,9,13,-8.713320135509456,138.34635590282204,518.063
374,9,14,-15.782898898194691,144.01628717814637,519.61
375,9,15,-22.69394897024393,150.09148089768425,521.38
376,9,16,-29.35096552404018,156.80052983257767,523.232
377,9,17,-35.62613010700311,164.41990638005038,525
378,9,18,-41.3427218196424,173.27502807291845,526.509
379,9,19,-46.257387852019654,-176.29816542221448,527.593
380,9,20,-50.05410901161674,-164.0792028838718,528.112
381,9,21,-52.3790780843324,-150.205927547417,527.966
382,9,22,-52.945744728822504,-135.3993205212583,527.106
383,9,23,-51.672860429815174,-120.82507653066342,525.538
384,9,24,-48.73190050151816,-107.52982644328846,523.33
385,9,25,-44.45064572220037,-96.0007266714954,520.602
386,9,26,-39.176400965873206,-86.20534747710501,517.522
387,9,27,-33.198513536345914,-77.85624034889732,514.284
388,9,28,-26.733543118990205,-70.61238760199191,511.103
389,9,29,-19.93805984769758,-64.16512615760676,508.185
390,9,30,-12.926649537305114,-58.256862261383986,505.719
391,9,31,-5.787128783745302,-52.67326116207402,503.853
392,9,32,1.4078902450286264,-47.22819678969942,502.687
393,9,33,8.59199548528252,-41.74787498082921,502.263
394,9,34,15.69707586372619,-36.05520942085248,502.563
395,9,35,22.645217278063182,-29.953996095671435,503.513
396,9,36,29.33864727787206,-23.212971630178615,504.988
397,9,37,35.64672995753987,-15.552134126896641,506.83
398,9,38,41.389047577688004,-6.642025569228539,508.859
399,9,39,46.31756864879664,3.8564306733213343,510.895
400,10,0,48.378578230847985,18.78044011357609,511.862
401,10,1,51.46935152840006,31.96642937234565,513.607
402,10,2,52.90680923545885,46.51212317220987,515.006
403,10,3,52.49758186643212,61.39872195883317,515.993
404,10,4,50.301556519962546,75.43256138229663,516.554
405,10,5,46.59658187639166,87.8348598583408,516.724
406,10,6,41.74034128217469,98.42534137401238,516.587
407,10,7,36.05777415688582,107.40917798178936,516.259
408,10,8,29.800750556358444,115.12305702661835,515.878
409,10,9,23.152428833375623,121.89824951343417,515.584
410,10,10,16.244925337052912,128.01719742479514,515.508
411,10,11,9.17646843293885,133.7129331548038,515.753
412,10,12,2.0246780983087573,139.18228909496156,516.38
413,10,13,-5.14334802286528,144.6018119749349,517.408
414,10,14,-12.262841381118145,150.14341765613304,518.801
415,10,15,-19.263621355841135,155.98992298188054,520.475
416,10,16,-26.061264674458776,162.3507278917517,522.306
417,10,17,-32.54595384794831,169.47707406417618,524.138
418,10,18,-38.56771499760918,177.67134763408887,525.797
419,10,19,-43.918454457545906,-172.72683709013324,527.113
420,10,20,-48.31758122646519,-161.41590722080872,527.931
421,10,21,-51.42175877026341,-148.3189921665526,528.127
422,10,22,-52.89341181940187,-133.85143573079333,527.626
423,10,23,-52.533887736965326,-119.00749489063134,526.407
424,10,24,-50.39230241327534,-104.97234407084723,524.508
425,10,25,-46.73627632039135,-92.5373494792462,522.022
426,10,26,-41.91780325718996,-81.90129011124314,519.094
427,10,27,-36.26026194502002,-72.87153414167616,515.909
428,10,28,-30.01593908125428,-65.1166261505029,512.673
429,10,29,-23.369167811213053,-58.30644943475828,509.599
430,10,30,-16.45338100297441,-52.157861917494024,506.885
431,10,31,-9.368122687275763,-46.436581279989525,504.703
432,10,32,-2.192354973564339,-40.944374941963495,503.178
433,10,33,5.005432416257559,-35.50324817364541,502.382
434,10,34,12.158937128369326,-29.939717585211522,502.326
435,10,35,19.1962773981721,-24.069111936977617,502.964
436,10,36,26.030984738320814,-17.679698779767886,504.194
437,10,37,32.55074522565107,-10.51712613775928,505.874
438,10,38,38.60234747179573,-2.275143483050652,507.832
439,10,39,43.97352285772913,7.389791691353773,509.887
440,11,0,50.11104205344338,34.16150190742601,512.771
441,11,1,52.41201667160479,48.12159236332626,514.355
442,11,2,52.935622388472545,62.99111226192994,515.553
443,11,3,51.60920306675066,77.58555312190055,516.326
444,11,4,48.61552090825031,90.86143962297851,516.683
445,11,5,44.29050510692026,102.34931920313055,516.688
446,11,6,38.98482098984352,112.09792526208469,516.439
447,11,7,32.98820176651746,120.40320306638841,516.066
448,11,8,26.51626797130293,127.60906630113021,515.711
449,11,9,19.724315907811203,134.02414389414628,515.512
450,11,10,12.725614871916836,139.9049914110406,515.585
451,11,11,5.606650853324646,145.4645741501342,516.016
452,11,12,-1.5613121953212743,150.8875940869626,516.845
453,11,13,-8.713320135509456,156.3463495735285,518.063
454,11,14,-15.782898898194691,162.01628084885283,519.61
455,11,15,-22.69394897024393,168.0914745683907,521.38
456,11,16,-29.35096552404018,174.80052350328413,523.232
457,11,17,-35.62613010700311,-177.5800963067775,525
458,11,18,-41.3427218196424,-168.7249746139094,526.509
459,11,19,-46.257387852019654,-158.29817175150802,527.593
460,11,20,-50.05410901161674,-146.07919555278698,528.112
461,11,21,-52.3790780843324,-132.20593387671053,527.966
462,11,22,-52.945744728822504,-117.39931319017349,527.106
463,11,23,-51.672860429815174,-102.82507602976779,525.538
464,11,24,-48.73190050151816,-89.52982594239283,523.33
465,11,25,-44.45064572220037,-78.00072617059976,520.602
466,11,26,-39.176400965873206,-68.20534697620938,517.522
467,11,27,-33.198513536345914,-59.856239848001685,514.284
468,11,28,-26.733543118990205,-52.61238710109628,511.103
469,11,29,-19.93805984769758,-46.165125656711126,508.185
470,11,30,-12.926649537305114,-40.256861760488356,505.719
471,11,31,-5.787128783745302,-34.67326066117838,503.853
472,11,32,1.4078902450286264,-29.228196288803783,502.687
473,11,33,8.59199548528252,-23.74787447993358,502.263
474,11,34,15.69707586372619,-18.055208919956847,502.563
475,11,35,22.645217278063182,-11.953993887228508,503.513
476,11,36,29.33864727787206,-5.2129707023961585,504.988
477,11,37,35.64672995753987,2.447866373998992,506.83
478,11,38,41.389047577688004,11.357975358553917,508.859
479,11,39,46.31756864879664,21.85643117421697,510.895
480,12,0,48.378578230847985,36.78043890692443,511.862
481,12,1,51.46935152840006,49.96642987324128,513.607
482,12,2,52.90680923545885,64.51212025801091,515.006
483,12,3,52.49758186643212,79.3987224597288,515.993
484,12,4,50.301556519962546,93.43256188319226,516.554
485,12,5,46.59658187639166,105.83486035923644,516.724
486,12,6,41.74034128217469,116.42534187490801,516.587
487,12,7,36.05777415688582,125.40917165249581,516.259
488,12,8,29.800750556358444,133.12306435770316,515.878
489,12,9,23.152428833375623,139.89824318414063,515.584
490,12,10,16.244925337052912,146.0171910955016,515.508
491,12,11,9.17646843293885,151.71292682551027,515.753
492,12,12,2.0246780983087573,157.18228276566802,516.38
493,12,13,-5.14334802286528,162.60180564564135,517.408
494,12,14,-12.262841381118145,168.14342498721783,518.801
495,12,15,-19.263621355841135,173.98993031296536,520.475
496,12,16,-26.061264674458776,-179.64927479507617,522.306
497,12,17,-32.54595384794831,-172.52292862265168,524.138
498,12,18,-38.56771499760918,-164.328655052739,525.797
499,12,19,-43.918454457545906,-154.72684341942679,527.113
500,12,20,-48.31758122646519,-143.41591355010226,527.931
501,12,21,-51.42175877026341,-130.31899849584613,528.127
502,12,22,-52.89341181940187,-115.85142839970852,527.626
503,12,23,-52.533887736965326,-101.0074943897357,526.407
504,12,24,-50.39230241327534,-86.97234356995159,524.508
505,12,25,-46.73627632039135,-74.53734897835056,522.022
506,12,26,-41.91780325718996,-63.901289610347504,519.094
507,12,27,-36.26026194502002,-54.87153364078053,515.909
508,12,28,-30.01593908125428,-47.11662564960726,512.673
509,12,29,-23.369167811213053,-40.30644551876806,509.599
510,12,30,-16.45338100297441,-34.157861416598394,506.885
511,12,31,-9.368122687275763,-28.43658077909389,504.703
512,12,32,-2.192354973564339,-22.944374441067865,503.178
513,12,33,5.005432416257559,-17.503247672749776,502.382
514,12,34,12.158937128369326,-11.93971708431589,502.326
515,12,35,19.1962773981721,-6.069111862968808,502.964
516,12,36,26.030984738320814,0.3203013742822042,504.194
517,12,37,32.55074522565107,7.482874363136353,505.874
518,12,38,38.60234747179573,15.724857658175216,507.832
519,12,39,43.97352285772913,25.389792192249406,509.887
520,13,0,50.11104205344338,52.16150923851081,512.771
521,13,1,52.41201667160479,66.12159969441106,514.355
522,13,2,52.935622388472545,80.99111959301474,515.553
523,13,3,51.60920306675066,95.58556045298535,516.326
524,13,4,48.61552090825031,108.86144695406333,516.683
525,13,5,44.29050510692026,120.34932653421535,516.688
526,13,6,38.98482098984352,130.0979325931695,516.439
527,13,7,32.98820176651746,138.40321039747323,516.066
528,13,8,26.51626797130293,145.609073632215,515.711
529,13,9,19.724315907811203,152.02415122523107,515.512
530,13,10,12.725614871916836,157.9049987421254,515.585
531,13,11,5.606650853324646,163.46458148121903,516.016
532,13,12,-1.5613121953212743,168.8876014180474,516.845
533,13,13,-8.713320135509456,174.3463569046133,518.063
534,13,14,-15.782898898194691,-179.9837081775967,519.61
535,13,15,-22.69394897024393,-173.9085144580588,521.38
536,13,16,-29.35096552404018,-167.1994655231654,523.232
537,13,17,-35.62613010700311,-159.5800889756927,525
538,13,18,-41.3427218196424,-150.7249672828246,526.509
539,13,19,-46.257387852019654,-140.2981644204232,527.593
540,13,20,-50.05410901161674,-128.0791882217022,528.112
541,13,21,-52.3790780843324,-114.20591971543655,527.966
542,13,22,-52.945744728822504,-99.39931268927785,527.106
543,13,23,-51.672860429815174,-84.82506869868298,525.538
544,13,24,-48.73190050151816,-71.52981861130803,523.33
545,13,25,-44.45064572220037,-60.00071883951496,520.602
546,13,26,-39.176400965873206,-50.205339645124575,517.522
547,13,27,-33.198513536345914,-41.856235932011465,514.284
548,13,28,-26.733543118990205,-34.61237977001148,511.103
549,13,29,-19.93805984769758,-28.16512003317361,508.185
550,13,30,-12.926649537305114,-22.256856136950844,505.719
551,13,31,-5.787128783745302,-16.67325162254629,503.853
552,13,32,1.4078902450286264,-11.228189811492628,502.687
553,13,33,8.59199548528252,-5.747867148848775,502.263
554,13,34,15.69707586372619,-0.05520162555762942,502.563
555,13,35,22.645217278063182,6.0460130169694715,503.513
556,13,36,29.33864727787206,12.787036201801822,504.988
557,13,37,35.64672995753987,20.447873705083797,506.83
558,13,38,41.389047577688004,29.357983543412367,508.859
559,13,39,46.31756864879664,39.856438505301774,510.895
560,14,0,48.378578230847985,54.7804325776309,511.862
561,14,1,51.46935152840006,67.96642012885316,513.607
562,14,2,52.90680923545885,82.51211392871738,515.006
563,14,3,52.49758186643212,97.39871613043528,515.993
564,14,4,50.301556519962546,111.43255555389872,516.554
565,14,5,46.59658187639166,123.8348540299429,516.724
566,14,6,41.74034128217469,134.42533554561447,516.587
567,14,7,36.05777415688582,143.40916532320227,516.259
568,14,8,29.800750556358444,151.12305802840962,515.878
569,14,9,23.152428833375623,157.89823685484708,515.584
570,14,10,16.244925337052912,164.0171847662081,515.508
571,14,11,9.17646843293885,169.71292049621673,515.753
572,14,12,2.0246780983087573,175.18227643637448,516.38
573,14,13,-5.14334802286528,-179.3981970411865,517.408
574,14,14,-12.262841381118145,-173.85659135998836,518.801
575,14,15,-19.263621355841135,-168.0100723738625,520.475
576,14,16,-26.061264674458776,-161.6492811243697,522.306
577,14,17,-32.54595384794831,-154.52293495194522,524.138
578,14,18,-38.56771499760918,-146.32866138203252,525.797
579,14,19,-43.918454457545906,-136.7268497487203,527.113
580,14,20,-48.31758122646519,-125.41591987939579,527.931
581,14,21,-51.42175877026341,-112.31900482513966,528.127
582,14,22,-52.89341181940187,-97.85143472900205,527.626
583,14,23,-52.533887736965326,-83.00750071902924,526.407
584,14,24,-50.39230241327534,-68.97234989924513,524.508
585,14,25,-46.73627632039135,-56.537358722738695,522.022
586,14,26,-41.91780325718996,-45.90129935473563,519.094
587,14,27,-36.26026194502002,-36.87153997007406,515.909
588,14,28,-30.01593908125428,-29.116631978900795,512.673
589,14,29,-23.369167811213053,-22.3064518480616,509.599
590,14,30,-16.45338100297441,-16.15786774589193,506.885
591,14,31,-9.368122687275763,-10.436587108387428,504.703
592,14,32,-2.192354973564339,-4.944380343474577,503.178
593,14,33,5.005432416257559,0.496745197543894,502.382
594,14,34,12.158937128369326,6.060277013277397,502.326
595,14,35,19.1962773981721,11.930882234624478,502.964
596,14,36,26.030984738320814,18.32029539183421,504.194
597,14,37,32.55074522565107,25.482868887616462,505.874
598,14,38,38.60234747179573,33.72485132888168,507.832
599,14,39,43.97352285772913,43.38978757050316,509.887
600,15,0,50.11104205344338,70.1614994941227,512.771
601,15,1,52.41201667160479,84.12159336511752,514.355
602,15,2,52.935622388472545,98.99111326372122,515.553
603,15,3,51.60920306675066,113.58555412369181,516.326
604,15,4,48.61552090825031,126.8614337945806,516.683
605,15,5,44.29050510692026,138.3493202049218,516.688
606,15,6,38.98482098984352,148.09792626387596,516.439
607,15,7,32.98820176651746,156.4032040681797,516.066
608,15,8,26.51626797130293,163.6090673029215,515.711
609,15,9,19.724315907811203,170.02414489593752,515.512
610,15,10,12.725614871916836,175.90499241283186,515.585
611,15,11,5.606650853324646,-178.53542120560883,516.016
612,15,12,-1.5613121953212743,-173.11240126878045,516.845
613,15,13,-8.713320135509456,-167.65364578221457,518.063
614,15,14,-15.782898898194691,-161.9837145068902,519.61
615,15,15,-22.69394897024393,-155.90852078735233,521.38
616,15,16,-29.35096552404018,-149.19947185245894,523.232
617,15,17,-35.62613010700311,-141.58009530498623,525
618,15,18,-41.3427218196424,-132.72497361211813,526.509
619,15,19,-46.257387852019654,-122.29817074971675,527.593
620,15,20,-50.05410901161674,-110.07920138118489,528.112
621,15,21,-52.3790780843324,-96.20592604473009,527.966
622,15,22,-52.945744728822504,-81.39931901857139,527.106
623,15,23,-51.672860429815174,-66.82507502797652,525.538
624,15,24,-48.73190050151816,-53.529824940601564,523.33
625,15,25,-44.45064572220037,-42.0007251688085,520.602
626,15,26,-39.176400965873206,-32.205345974418115,517.522
627,15,27,-33.198513536345914,-23.856242261305002,514.284
628,15,28,-26.733543118990205,-16.612384391757722,511.103
629,15,29,-19.93805984769758,-10.165125508693503,508.185
630,15,30,-12.926649537305114,-4.256862466244379,505.719
631,15,31,-5.787128783745302,1.3267418347167628,503.853
632,15,32,1.4078902450286264,6.771804286100659,502.687
633,15,33,8.59199548528252,12.252126521857688,502.263
634,15,34,15.69707586372619,17.94479208183442,502.563
635,15,35,22.645217278063182,24.04600711456276,503.513
636,15,36,29.33864727787206,30.787029872508285,504.988
637,15,37,35.64672995753987,38.44786566824297,506.83
638,15,38,41.389047577688004,47.35797721411883,508.859
639,15,39,46.31756864879664,57.85642876091365,510.895
640,16,0,48.378578230847985,72.7804399087157,511.862
641,16,1,51.46935152840006,85.96642745993796,513.607
642,16,2,52.90680923545885,100.51212125980219,515.006
643,16,3,52.49758186643212,115.39872346152008,515.993
644,16,4,50.301556519962546,129.43256288498353,516.554
645,16,5,46.59658187639166,141.8348613610277,516.724
646,16,6,41.74034128217469,152.4253428766993,516.587
647,16,7,36.05777415688582,161.4091726542871,516.259
648,16,8,29.800750556358444,169.12306535949443,515.878
649,16,9,23.152428833375623,175.8982441859319,515.584
650,16,10,16.244925337052912,-177.98280426024144,515.508
651,16,11,9.17646843293885,-172.2870685302328,515.753
652,16,12,2.0246780983087573,-166.81771259007505,516.38
653,16,13,-5.14334802286528,-161.39818971010172,517.408
654,16,14,-12.262841381118145,-155.85658402890357,518.801
655,16,15,-19.263621355841135,-150.0100650427777,520.475
656,16,16,-26.061264674458776,-143.64927379328492,522.306
657,16,17,-32.54595384794831,-136.5229276208604,524.138
658,16,18,-38.56771499760918,-128.32865405094773,525.797
659,16,19,-43.918454457545906,-118.72684241763551,527.113
660,16,20,-48.31758122646519,-107.41591254831098,527.931
661,16,21,-51.42175877026341,-94.31899749405486,528.127
662,16,22,-52.89341181940187,-79.85142739791725,527.626
663,16,23,-52.533887736965326,-65.00749338794444,526.407
664,16,24,-50.39230241327534,-50.97234256816033,524.508
665,16,25,-46.73627632039135,-38.537351391653885,522.022
666,16,26,-41.91780325718996,-27.90129031610353,519.094
667,16,27,-36.26026194502002,-18.87153263898926,515.909
668,16,28,-30.01593908125428,-11.116624647815993,512.673
669,16,29,-23.369167811213053,-4.306445370750441,509.599
670,16,30,-16.45338100297441,1.842139158306051,506.885
671,16,31,-9.368122687275763,7.563420222697375,504.703
672,16,32,-2.192354973564339,13.055626560723402,503.178
673,16,33,5.005432416257559,18.49675332904149,502.382
674,16,34,12.158937128369326,24.060283917475378,502.326
675,16,35,19.1962773981721,29.930889565709283,502.964
676,16,36,26.030984738320814,36.32030272291902,504.194
677,16,37,32.55074522565107,43.482876218701264,505.874
678,16,38,38.60234747179573,51.724858659966486,507.832
679,16,39,43.97352285772913,61.38979490158797,509.887
680,17,0,50.11104205344338,88.16149316482915,512.771
681,17,1,52.41201667160479,102.12158703582399,514.355
682,17,2,52.935622388472545,116.99110010423851,515.553
683,17,3,51.60920306675066,131.58554779439828,516.326
684,17,4,48.61552090825031,144.86142746528708,516.683
685,17,5,44.29050510692026,156.34931387562827,516.688
686,17,6,38.98482098984352,166.09791993458242,516.439
687,17,7,32.98820176651746,174.40319773888615,516.066
688,17,8,26.51626797130293,-178.3909353839064,515.711
689,17,9,19.724315907811203,-171.97585779089033,515.512
690,17,10,12.725614871916836,-166.095010273996,515.585
691,17,11,5.606650853324646,-160.53542753490237,516.016
692,17,12,-1.5613121953212743,-155.112407598074,516.845
693,17,13,-8.713320135509456,-149.6536521115081,518.063
694,17,14,-15.782898898194691,-143.98372083618375,519.61
695,17,15,-22.69394897024393,-137.90852711664587,521.38
696,17,16,-29.35096552404018,-131.19947818175248,523.232
697,17,17,-35.62613010700311,-123.58010163427977,525
698,17,18,-41.3427218196424,-114.72497994141168,526.509
699,17,19,-46.257387852019654,-104.29817024882112,527.593
700,17,20,-50.05410901161674,-92.07920771047843,528.112
701,17,21,-52.3790780843324,-78.20593237402363,527.966
702,17,22,-52.945744728822504,-63.39932534786493,527.106
703,17,23,-51.672860429815174,-48.82508135727006,525.538
704,17,24,-48.73190050151816,-35.5298312698951,523.33
705,17,25,-44.45064572220037,-24.000731498102034,520.602
706,17,26,-39.176400965873206,-14.205351449938004,517.522
707,17,27,-33.198513536345914,-5.8562477368248915,514.284
708,17,28,-26.733543118990205,1.3876090655053315,511.103
709,17,29,-19.93805984769758,7.8348681620129605,508.185
710,17,30,-12.926649537305114,13.743131204462085,505.719
711,17,31,-5.787128783745302,19.326735718866637,503.853
712,17,32,1.4078902450286264,24.771798383693945,502.687
713,17,33,8.59199548528252,30.252120192564153,502.263
714,17,34,15.69707586372619,35.94478575254088,502.563
715,17,35,22.645217278063182,42.04599907772193,503.513
716,17,36,29.33864727787206,48.78702354321475,504.988
717,17,37,35.64672995753987,56.44785933894943,506.83
718,17,38,41.389047577688004,65.35797088482529,508.859
719,17,39,46.31756864879664,75.85642243162012,510.895
720,18,0,48.378578230847985,90.78043357942217,511.862
721,18,1,51.46935152840006,103.96642113064443,513.607
722,18,2,52.90680923545885,118.51211493050864,515.006
723,18,3,52.49758186643212,133.39871713222652,515.993
724,18,4,50.301556519962546,147.43255655568998,516.554
725,18,5,46.59658187639166,159.83485503173418,516.724
726,18,6,41.74034128217469,170.42533654740575,516.587
727,18,7,36.05777415688582,179.40916632499355,516.259
728,18,8,29.800750556358444,-172.87695098771178,515.878
729,18,9,23.152428833375623,-166.10175850089595,515.584
730,18,10,16.244925337052912,-159.98281058953498,515.508
731,18,11,9.17646843293885,-154.28707485952634,515.753
732,18,12,2.0246780983087573,-148.8177189193686,516.38
733,18,13,-5.14334802286528,-143.39819603939523,517.408
734,18,14,-12.262841381118145,-137.8565903581971,518.801
735,18,15,-19.263621355841135,-132.01007137207125,520.475
736,18,16,-26.061264674458776,-125.64928012257845,522.306
737,18,17,-32.54595384794831,-118.52293395015394,524.138
738,18,18,-38.56771499760918,-110.3286535500521,525.797
739,18,19,-43.918454457545906,-100.72684191673987,527.113
740,18,20,-48.31758122646519,-89.41591887760453,527.931
741,18,21,-51.42175877026341,-76.3190038233484,528.127
742,18,22,-52.89341181940187,-61.85143372721079,527.626
743,18,23,-52.533887736965326,-47.00750313233255,526.407
744,18,24,-50.39230241327534,-32.97234889745386,524.508
745,18,25,-46.73627632039135,-20.53735601340013,522.022
746,18,26,-41.91780325718996,-9.901296645397068,519.094
747,18,27,-36.26026194502002,-0.8715381145091508,515.909
748,18,28,-30.01593908125428,6.883369449777294,512.673
749,18,29,-23.369167811213053,13.693548299956023,509.599
750,18,30,-16.45338100297441,19.842133255899338,506.885
751,18,31,-9.368122687275763,25.563413893403837,504.703
752,18,32,-2.192354973564339,31.055620231429867,503.178
753,18,33,5.005432416257559,36.496746999747955,502.382
754,18,34,12.158937128369326,42.06027758818184,502.326
755,18,35,19.1962773981721,47.930883236415745,502.964
756,18,36,26.030984738320814,54.320296393625476,504.194
757,18,37,32.55074522565107,61.48286988940773,505.874
758,18,38,38.60234747179573,69.72485233067295,507.832
759,18,39,43.97352285772913,79.38978857229444,509.887
760,19,0,50.11104205344338,106.16150049591396,512.771
761,19,1,52.41201667160479,120.1215943669088,514.355
762,19,2,52.935622388472545,134.9911074353233,515.553
763,19,3,51.60920306675066,149.58555512548307,516.326
764,19,4,48.61552090825031,162.86143479637187,516.683
765,19,5,44.29050510692026,174.34932120671309,516.688
766,19,6,38.98482098984352,-175.9020690918671,516.439
767,19,7,32.98820176651746,-167.59679128756338,516.066
768,19,8,26.51626797130293,-160.39092805282158,515.711
769,19,9,19.724315907811203,-153.97585045980554,515.512
770,19,10,12.725614871916836,-148.09500294291118,515.585
771,19,11,5.606650853324646,-142.53542020381758,516.016
772,19,12,-1.5613121953212743,-137.1124002669892,516.845
773,19,13,-8.713320135509456,-131.6536447804233,518.063
774,19,14,-15.782898898194691,-125.98371350509895,519.61
775,19,15,-22.69394897024393,-119.90851978556107,521.38
776,19,16,-29.35096552404018,-113.19947085066767,523.232
777,19,17,-35.62613010700311,-105.58008747300579,525
778,19,18,-41.3427218196424,-96.72497261032687,526.509
779,19,19,-46.257387852019654,-86.29816291773632,527.593
780,19,20,-50.05410901161674,-74.07920037939363,528.112
781,19,21,-52.3790780843324,-60.20592504293882,527.966
782,19,22,-52.945744728822504,-45.39931460168554,527.106
783,19,23,-51.672860429815174,-30.825074026185256,525.538
784,19,24,-48.73190050151816,-17.529822231263005,523.33
785,19,25,-44.45064572220037,-6.000723740130409,520.602
786,19,26,-39.176400965873206,3.7946558811468005,517.522
787,19,27,-33.198513536345914,12.143759594259912,514.284
788,19,28,-26.733543118990205,19.387616610033547,511.103
789,19,29,-19.93805984769758,25.834874639324116,508.185
790,19,30,-12.926649537305114,31.74314024309418,505.719
791,19,31,-5.787128783745302,37.32674134240415,503.853
792,19,32,1.4078902450286264,42.77180571477875,502.687
793,19,33,8.59199548528252,48.25212752364895,502.263
794,19,34,15.69707586372619,53.94479308362569,502.563
795,19,35,22.645217278063182,60.046009823901315,503.513
796,19,36,29.33864727787206,66.78703087429955,504.988
797,19,37,35.64672995753987,74.44786667003423,506.83
798,19,38,41.389047577688004,83.3579782159101,508.859
799,19,39,46.31756864879664,93.85642976270492,510.895
800,20,0,48.378578230847985,108.78044091050697,511.862
801,20,1,51.46935152840006,121.96642846172924,513.607
802,20,2,52.90680923545885,136.51212226159345,515.006
803,20,3,52.49758186643212,151.39872446331134,515.993
804,20,4,50.301556519962546,165.4325638867748,516.554
805,20,5,46.59658187639166,177.83486236281897,516.724
806,20,6,41.74034128217469,-171.57465247904378,516.587
807,20,7,36.05777415688582,-162.59082270145598,516.259
808,20,8,29.800750556358444,-154.87694365662696,515.878
809,20,9,23.152428833375623,-148.10175116981117,515.584
810,20,10,16.244925337052912,-141.9828032584502,515.508
811,20,11,9.17646843293885,-136.28706752844153,515.753
812,20,12,2.0246780983087573,-130.81771158828377,516.38
813,20,13,-5.14334802286528,-125.39818870831044,517.408
814,20,14,-12.262841381118145,-119.8565830271123,518.801
815,20,15,-19.263621355841135,-114.01007087117561,520.475
816,20,16,-26.061264674458776,-107.64926596130448,522.306
817,20,17,-32.54595384794831,-100.52292661906914,524.138
818,20,18,-38.56771499760918,-92.3286462189673,525.797
819,20,19,-43.918454457545906,-82.72683458565507,527.113
820,20,20,-48.31758122646519,-71.41591154651972,527.931
821,20,21,-51.42175877026341,-58.318996492263594,528.127
822,20,22,-52.89341181940187,-43.85142639612599,527.626
823,20,23,-52.533887736965326,-29.00749580124775,526.407
824,20,24,-50.39230241327534,-14.972339858821769,524.508
825,20,25,-46.73627632039135,-2.537348895758741,522.022
826,20,26,-41.91780325718996,8.098710685687736,519.094
827,20,27,-36.26026194502002,17.128468362802007,515.909
828,20,28,-30.01593908125428,24.883376353975272,512.673
829,20,29,-23.369167811213053,31.693556484814472,509.599
830,20,30,-16.45338100297441,37.842140586984144,506.885
831,20,31,-9.368122687275763,43.56342122448864,504.703
832,20,32,-2.192354973564339,49.05562756251467,503.178
833,20,33,5.005432416257559,54.49675433083276,502.382
834,20,34,12.158937128369326,60.06028491926664,502.326
835,20,35,19.1962773981721,65.93088715240596,502.964
836,20,36,26.030984738320814,72.32030372471029,504.194
837,20,37,32.55074522565107,79.48287722049254,505.874
838,20,38,38.60234747179573,87.72485966175775,507.832
839,20,39,43.97352285772913,97.38979590337924,509.887
840,21,0,50.11104205344338,124.1615009968096,512.771
841,21,1,52.41201667160479,138.12158803761525,514.355
842,21,2,52.935622388472545,152.99110110602976,515.553
843,21,3,51.60920306675066,167.58554879618953,516.326
844,21,4,48.61552090825031,-179.138567890456,516.683
845,21,5,44.29050510692026,-167.65068148011477,516.688
846,21,6,38.98482098984352,-157.90207542116065,516.439
847,21,7,32.98820176651746,-149.59679761685692,516.066
848,21,8,26.51626797130293,-142.39093438211512,515.711
849,21,9,19.724315907811203,-135.97585678909905,515.512
850,21,10,12.725614871916836,-130.09500927220472,515.585
851,21,11,5.606650853324646,-124.5354265331111,516.016
852,21,12,-1.5613121953212743,-119.11240659628272,516.845
853,21,13,-8.713320135509456,-113.65365110971683,518.063
854,21,14,-15.782898898194691,-107.98371983439249,519.61
855,21,15,-22.69394897024393,-101.90852611485461,521.38
856,21,16,-29.35096552404018,-95.1994771799612,523.232
857,21,17,-35.62613010700311,-87.58009380229933,525
858,21,18,-41.3427218196424,-78.72497893962041,526.509
859,21,19,-46.257387852019654,-68.29816924702985,527.593
860,21,20,-50.05410901161674,-56.07920670868716,528.112
861,21,21,-52.3790780843324,-42.205931372232364,527.966
862,21,22,-52.945744728822504,-27.399320930979076,527.106
863,21,23,-51.672860429815174,-12.825081209252438,525.538
864,21,24,-48.73190050151816,0.47017074575237267,523.33
865,21,25,-44.45064572220037,11.999270357462876,520.602
866,21,26,-39.176400965873206,21.794648698079616,517.522
867,21,27,-33.198513536345914,30.14375241119273,514.284
868,21,28,-26.733543118990205,37.387608573192715,511.103
869,21,29,-19.93805984769758,43.83487001757787,508.185
870,21,30,-12.926649537305114,49.74313391380064,505.719
871,21,31,-5.787128783745302,55.326735013110614,503.853
872,21,32,1.4078902450286264,60.77179938548521,502.687
873,21,33,8.59199548528252,66.25212460945001,502.263
874,21,34,15.69707586372619,71.94478675433216,502.563
875,21,35,22.645217278063182,78.04600349460777,503.513
876,21,36,29.33864727787206,84.78702454500602,504.988
877,21,37,35.64672995753987,92.4478603407407,506.83
878,21,38,41.389047577688004,101.35797188661655,508.859
879,21,39,46.31756864879664,111.85642343341138,510.895
880,22,0,48.378578230847985,126.7804414114026,511.862
881,22,1,51.46935152840006,139.9664221324357,513.607
882,22,2,52.90680923545885,154.5121159322999,515.006
883,22,3,52.49758186643212,169.3987181340178,515.993
884,22,4,50.301556519962546,-176.56743880005305,516.554
885,22,5,46.59658187639166,-164.1651403240089,516.724
886,22,6,41.74034128217469,-153.57465880833732,516.587
887,22,7,36.05777415688582,-144.59082903074952,516.259
888,22,8,29.800750556358444,-136.8769499859205,515.878
889,22,9,23.152428833375623,-130.1017574991047,515.584
890,22,10,16.244925337052912,-123.98280958774372,515.508
891,22,11,9.17646843293885,-118.28707385773507,515.753
892,22,12,2.0246780983087573,-112.81771791757731,516.38
893,22,13,-5.14334802286528,-107.39819503760398,517.408
894,22,14,-12.262841381118145,-101.85658252621666,518.801
895,22,15,-19.263621355841135,-96.01007720046914,520.475
896,22,16,-26.061264674458776,-89.649272290598,522.306
897,22,17,-32.54595384794831,-82.52293294836268,524.138
898,22,18,-38.56771499760918,-74.32865254826083,525.797
899,22,19,-43.918454457545906,-64.72684091494861,527.113
900,22,20,-48.31758122646519,-53.41591787581326,527.931
901,22,21,-51.42175877026341,-40.31900282155713,528.127
902,22,22,-52.89341181940187,-25.851434432966812,527.626
903,22,23,-52.533887736965326,-11.007501276767638,526.407
904,22,24,-50.39230241327534,3.02765317155446,524.508
905,22,25,-46.73627632039135,15.462644988391133,522.022
906,22,26,-41.91780325718996,26.0987043563942,519.094
907,22,27,-36.26026194502002,35.12846203350847,515.909
908,22,28,-30.01593908125428,42.88337002468174,512.673
909,22,29,-23.369167811213053,49.69355015552094,509.599
910,22,30,-16.45338100297441,55.8421342576906,506.885
911,22,31,-9.368122687275763,61.56341148010052,504.703
912,22,32,-2.192354973564339,67.05562123322113,503.178
913,22,33,5.005432416257559,72.49674800153922,502.382
914,22,34,12.158937128369326,78.06027858997311,502.326
915,22,35,19.1962773981721,83.93088082311243,502.964
916,22,36,26.030984738320814,90.32029739541674,504.194
917,22,37,32.55074522565107,97.482870891199,505.874
918,22,38,38.60234747179573,105.7248533324642,507.832
919,22,39,43.97352285772913,115.3897895740857,509.887
920,23,0,50.11104205344338,142.16150832789438,512.771
921,23,1,52.41201667160479,156.12159536870004,514.355
922,23,2,52.935622388472545,170.99110843711458,515.553
923,23,3,51.60920306675066,-174.41444023026,516.326
924,23,4,48.61552090825031,-161.13856055937117,516.683
925,23,5,44.29050510692026,-149.65067414902998,516.688
926,23,6,38.98482098984352,-139.90206809007583,516.439
927,23,7,32.98820176651746,-131.5967902857721,516.066
928,23,8,26.51626797130293,-124.39092705103032,515.711
929,23,9,19.724315907811203,-117.97584945801427,515.512
930,23,10,12.725614871916836,-112.09500194111993,515.585
931,23,11,5.606650853324646,-106.5354192020263,516.016
932,23,12,-1.5613121953212743,-101.11239926519792,516.845
933,23,13,-8.713320135509456,-95.65364377863203,518.063
934,23,14,-15.782898898194691,-89.98371250330769,519.61
935,23,15,-22.69394897024393,-83.90851878376981,521.38
936,23,16,-29.35096552404018,-77.1994698488764,523.232
937,23,17,-35.62613010700311,-69.58008647121453,525
938,23,18,-41.3427218196424,-60.724971608535604,526.509
939,23,19,-46.257387852019654,-50.29816191594505,527.593
940,23,20,-50.05410901161674,-38.07919937760236,528.112
941,23,21,-52.3790780843324,-24.205925748694852,527.966
942,23,22,-52.945744728822504,-9.399313599894272,527.106
943,23,23,-51.672860429815174,5.174926548719188,525.538
944,23,24,-48.73190050151816,18.470178770528264,523.33
945,23,25,-44.45064572220037,29.999276834774033,520.602
946,23,26,-39.176400965873206,39.79465602916442,517.522
947,23,27,-33.198513536345914,48.14375974227753,514.284
948,23,28,-26.733543118990205,55.38761590427752,511.103
949,23,29,-19.93805984769758,61.83487734866268,508.185
950,23,30,-12.926649537305114,67.74314124488545,505.719
951,23,31,-5.787128783745302,73.32674575929,503.853
952,23,32,1.4078902450286264,78.77180671657001,502.687
953,23,33,8.59199548528252,84.25213194053481,502.263
954,23,34,15.69707586372619,89.94479408541696,502.563
955,23,35,22.645217278063182,96.04601082569259,503.513
956,23,36,29.33864727787206,102.78703187609082,504.988
957,23,37,35.64672995753987,110.4478676718255,506.83
958,23,38,41.389047577688004,119.35797921770137,508.859
959,23,39,46.31756864879664,129.8564307644962,510.895
960,24,0,48.378578230847985,144.7804487424874,511.862
961,24,1,51.46935152840006,157.9664294635205,513.607
962,24,2,52.90680923545885,172.51212326338472,515.006
963,24,3,52.49758186643212,-172.60127089243173,515.993
964,24,4,50.301556519962546,-158.56743146896827,516.554
965,24,5,46.59658187639166,-146.1651329929241,516.724
966,24,6,41.74034128217469,-135.57465147725253,516.587
967,24,7,36.05777415688582,-126.5908216996647,516.259
968,24,8,29.800750556358444,-118.8769426548357,515.878
969,24,9,23.152428833375623,-112.1017501680199,515.584
970,24,10,16.244925337052912,-105.98280225665891,515.508
971,24,11,9.17646843293885,-100.28706652665026,515.753
972,24,12,2.0246780983087573,-94.81771058649251,516.38
973,24,13,-5.14334802286528,-89.39818770651917,517.408
974,24,14,-12.262841381118145,-83.85657519513185,518.801
975,24,15,-19.263621355841135,-78.01006986938434,520.475
976,24,16,-26.061264674458776,-71.6492649595132,522.306
977,24,17,-32.54595384794831,-64.52292561727788,524.138
978,24,18,-38.56771499760918,-56.328648632270614,525.797
979,24,19,-43.918454457545906,-46.7268335838638,527.113
980,24,20,-48.31758122646519,-35.415910544728455,527.931
981,24,21,-51.42175877026341,-22.318995490472325,528.127
982,24,22,-52.89341181940187,-7.85142710188201,527.626
983,24,23,-52.533887736965326,6.992506481203988,526.407
984,24,24,-50.39230241327534,21.0276611429695,524.508
985,24,25,-46.73627632039135,33.462650611928645,522.022
986,24,26,-41.91780325718996,44.09870997993171,519.094
987,24,27,-36.26026194502002,53.12846936459327,515.909
988,24,28,-30.01593908125428,60.88337735576654,512.673
989,24,29,-23.369167811213053,67.69355407151116,509.599
990,24,30,-16.45338100297441,73.84213817368082,506.885
991,24,31,-9.368122687275763,79.56341881118533,504.703
992,24,32,-2.192354973564339,85.05562856430593,503.178
993,24,33,5.005432416257559,90.49675533262402,502.382
994,24,34,12.158937128369326,96.06028592105791,502.326
995,24,35,19.1962773981721,101.93088815419723,502.964
996,24,36,26.030984738320814,108.32030472650155,504.194
997,24,37,32.55074522565107,115.48287139209462,505.874
998,24,38,38.60234747179573,123.72486066354902,507.832
999,24,39,43.97352285772913,133.3897969051705,509.887
1000,25,0,50.11104205344338,160.16150199860087,512.771
1001,25,1,52.41201667160479,174.12158903940653,514.355
1002,25,2,52.935622388472545,-171.00889424971328,515.553
1003,25,3,51.60920306675066,-156.4144465595535,516.326
1004,25,4,48.61552090825031,-143.1385668886647,516.683
1005,25,5,44.29050510692026,-131.65068047832352,516.688
1006,25,6,38.98482098984352,-121.90207441936937,516.439
1007,25,7,32.98820176651746,-113.59679661506564,516.066
1008,25,8,26.51626797130293,-106.39094021051302,515.711
1009,25,9,19.724315907811203,-99.9758557873078,515.512
1010,25,10,12.725614871916836,-94.09500827041346,515.585
1011,25,11,5.606650853324646,-88.53542553131985,516.016
1012,25,12,-1.5613121953212743,-83.11240559449146,516.845
1013,25,13,-8.713320135509456,-77.65365010792557,518.063
1014,25,14,-15.782898898194691,-71.98371883260123,519.61
1015,25,15,-22.69394897024393,-65.90852511306335,521.38
1016,25,16,-29.35096552404018,-59.19947617816994,523.232
1017,25,17,-35.62613010700311,-51.58009280050806,525
1018,25,18,-41.3427218196424,-42.72497793782914,526.509
1019,25,19,-46.257387852019654,-32.298168245238585,527.593
1020,25,20,-50.05410901161674,-20.079205706895895,528.112
1021,25,21,-52.3790780843324,-6.205931651101565,527.966
1022,25,22,-52.945744728822504,8.60068007081219,527.106
1023,25,23,-51.672860429815174,23.174920646312476,525.538
1024,25,24,-48.73190050151816,36.47017073368743,523.33
1025,25,25,-44.45064572220037,47.999270505480496,520.602
1026,25,26,-39.176400965873206,57.79464969987088,517.522
1027,25,27,-33.198513536345914,66.14375682807858,514.284
1028,25,28,-26.733543118990205,73.38760957498398,511.103
1029,25,29,-19.93805984769758,79.83487101936915,508.185
1030,25,30,-12.926649537305114,85.74313491559191,505.719
1031,25,31,-5.787128783745302,91.32673942999646,503.853
1032,25,32,1.4078902450286264,96.77180038727649,502.687
1033,25,33,8.59199548528252,102.25212561124127,502.263
1034,25,34,15.69707586372619,107.94478775612342,502.563
1035,25,35,22.645217278063182,114.04600449639905,503.513
1036,25,36,29.33864727787206,120.78703237698645,504.988
1037,25,37,35.64672995753987,128.44786817272114,506.83
1038,25,38,41.389047577688004,137.35797288840783,508.859
1039,25,39,46.31756864879664,147.85642443520265,510.895
1040,26,0,48.378578230847985,162.7804560735722,511.862
1041,26,1,51.46935152840006,175.9664367946053,513.607
1042,26,2,52.90680923545885,-169.4878657630648,515.006
1043,26,3,52.49758186643212,-154.6012635613469,515.993
1044,26,4,50.301556519962546,-140.56742413788345,516.554
1045,26,5,46.59658187639166,-128.16512566183928,516.724
1046,26,6,41.74034128217469,-117.57464414616771,516.587
1047,26,7,36.05777415688582,-108.5908143685799,516.259
1048,26,8,29.800750556358444,-100.87692849356173,515.878
1049,26,9,23.152428833375623,-94.10174283693509,515.584
1050,26,10,16.244925337052912,-87.98279492557411,515.508
1051,26,11,9.17646843293885,-82.28705919556546,515.753
1052,26,12,2.0246780983087573,-76.81770325540771,516.38
1053,26,13,-5.14334802286528,-71.39818037543436,517.408
1054,26,14,-12.262841381118145,-65.85656786404705,518.801
1055,26,15,-19.263621355841135,-60.01006253829954,520.475
1056,26,16,-26.061264674458776,-53.64925762842841,522.306
1057,26,17,-32.54595384794831,-46.522914871098486,524.138
1058,26,18,-38.56771499760918,-38.32864130118581,525.797
1059,26,19,-43.918454457545906,-28.726826252779,527.113
1060,26,20,-48.31758122646519,-17.415903213643652,527.931
1061,26,21,-51.42175877026341,-4.3189877325007,528.127
1062,26,22,-52.89341181940187,10.148580229202793,527.626
1063,26,23,-52.533887736965326,24.992514239175616,526.407
1064,26,24,-50.39230241327534,39.02766676650701,524.508
1065,26,25,-46.73627632039135,51.46265794301345,522.022
1066,26,26,-41.91780325718996,62.0987207261111,519.094
1067,26,27,-36.26026194502002,71.12847669567807,515.909
1068,26,28,-30.01593908125428,78.88338468685134,512.673
1069,26,29,-23.369167811213053,85.69356140259596,509.599
1070,26,30,-16.45338100297441,91.84214550476563,506.885
1071,26,31,-9.368122687275763,97.56342614227013,504.703
1072,26,32,-2.192354973564339,103.05563589539074,503.178
1073,26,33,5.005432416257559,108.49676266370882,502.382
1074,26,34,12.158937128369326,114.06029325214271,502.326
1075,26,35,19.1962773981721,119.93089548528204,502.964
1076,26,36,26.030984738320814,126.32030522739718,504.194
1077,26,37,32.55074522565107,133.48287872317943,505.874
1078,26,38,38.60234747179573,141.72486799463383,507.832
1079,26,39,43.97352285772913,151.38980423625532,509.887
1080,27,0,50.11104205344338,178.16149566930733,512.771
1081,27,1,52.41201667160479,-167.87841364742135,514.355
1082,27,2,52.935622388472545,-153.00890057900682,515.553
1083,27,3,51.60920306675066,-138.41445288884705,516.326
1084,27,4,48.61552090825031,-125.13857321795825,516.683
1085,27,5,44.29050510692026,-113.65069363780621,516.688
1086,27,6,38.98482098984352,-103.90208757885208,516.439
1087,27,7,32.98820176651746,-95.59680294435918,516.066
1088,27,8,26.51626797130293,-88.39094653980656,515.711
1089,27,9,19.724315907811203,-81.97586211660133,515.512
1090,27,10,12.725614871916836,-76.095014599707,515.585
1091,27,11,5.606650853324646,-70.53543186061339,516.016
1092,27,12,-1.5613121953212743,-65.11241192378499,516.845
1093,27,13,-8.713320135509456,-59.653656437219105,518.063
1094,27,14,-15.782898898194691,-53.98372516189476,519.61
1095,27,15,-22.69394897024393,-47.90853144235688,521.38
1096,27,16,-29.35096552404018,-41.19948250746347,523.232
1097,27,17,-35.62613010700311,-33.580099129801596,525
1098,27,18,-41.3427218196424,-24.72498426712268,526.509
1099,27,19,-46.257387852019654,-14.298175428305768,527.593
1100,27,20,-50.05410901161674,-2.079211395859197,528.112
1101,27,21,-52.3790780843324,11.794062446491722,527.966
1102,27,22,-52.945744728822504,26.600673741518655,527.106
1103,27,23,-51.672860429815174,41.17491431701894,525.538
1104,27,24,-48.73190050151816,54.4701644043939,523.33
1105,27,25,-44.45064572220037,65.99926417618695,520.602
1106,27,26,-39.176400965873206,75.79464337057735,517.522
1107,27,27,-33.198513536345914,84.14375049878504,514.284
1108,27,28,-26.733543118990205,91.38760324569044,511.103
1109,27,29,-19.93805984769758,97.8348646900756,508.185
1110,27,30,-12.926649537305114,103.74312858629837,505.719
1111,27,31,-5.787128783745302,109.32673310070292,503.853
1112,27,32,1.4078902450286264,114.77179405798294,502.687
1113,27,33,8.59199548528252,120.25211928194773,502.263
1114,27,34,15.69707586372619,125.94478142682988,502.563
1115,27,35,22.645217278063182,132.04599816710552,503.513
1116,27,36,29.33864727787206,138.7870260476929,504.988
1117,27,37,35.64672995753987,146.4478618434276,506.83
1118,27,38,41.389047577688004,155.3579665591143,508.859
1119,27,39,46.31756864879664,165.8564181059091,510.895
1120,28,0,48.378578230847985,-179.21957393401235,511.862
1121,28,1,51.46935152840006,-166.0335795526009,513.607
1122,28,2,52.90680923545885,-151.48788575273667,515.006
1123,28,3,52.49758186643212,-136.60128355101878,515.993
1124,28,4,50.301556519962546,-122.56744412755533,516.554
1125,28,5,46.59658187639166,-110.16515248170033,516.724
1126,28,6,41.74034128217469,-99.57467096602876,516.587
1127,28,7,36.05777415688582,-90.59083435825178,516.259
1128,28,8,29.800750556358444,-82.8769484832336,515.878
1129,28,9,23.152428833375623,-76.10176282660697,515.584
1130,28,10,16.244925337052912,-69.98281491524598,515.508
1131,28,11,9.17646843293885,-64.28707918523733,515.753
1132,28,12,2.0246780983087573,-58.817723245079584,516.38
1133,28,13,-5.14334802286528,-53.39820378020083,517.408
1134,28,14,-12.262841381118145,-47.85659126881352,518.801
1135,28,15,-19.263621355841135,-42.01007911287683,520.475
1136,28,16,-26.061264674458776,-35.649277618100285,522.306
1137,28,17,-32.54595384794831,-28.522936568317654,524.138
1138,28,18,-38.56771499760918,-20.328661290857685,525.797
1139,28,19,-43.918454457545906,-10.726847949998168,527.113
1140,28,20,-48.31758122646519,0.5840769034061761,527.931
1141,28,21,-51.42175877026341,13.6809918509406,528.127
1142,28,22,-52.89341181940187,28.148560239530916,527.626
1143,28,23,-52.533887736965326,42.992492541956445,526.407
1144,28,24,-50.39230241327534,57.027646776835134,524.508
1145,28,25,-46.73627632039135,69.46264136843615,522.022
1146,28,26,-41.91780325718996,80.09870073643923,519.094
1147,28,27,-36.26026194502002,89.1284567060062,515.909
1148,28,28,-30.01593908125428,96.88336469717947,512.673
1149,28,29,-23.369167811213053,103.69354141292408,509.599
1150,28,30,-16.45338100297441,109.84212551509376,506.885
1151,28,31,-9.368122687275763,115.56341298278743,504.703
1152,28,32,-2.192354973564339,121.05562273590803,503.178
1153,28,33,5.005432416257559,126.49674267403695,502.382
1154,28,34,12.158937128369326,132.06027326247084,502.326
1155,28,35,19.1962773981721,137.93087549561017,502.964
1156,28,36,26.030984738320814,144.3202852377253,504.194
1157,28,37,32.55074522565107,151.48285873350756,505.874
1158,28,38,38.60234747179573,159.72484800496196,507.832
1159,28,39,43.97352285772913,169.38978424658342,509.887
1160,29,0,50.11104205344338,-163.83850701752056,512.771
1161,29,1,52.41201667160479,-149.87840631633654,514.355
1162,29,2,52.935622388472545,-135.00889324792203,515.553
1163,29,3,51.60920306675066,-120.41444555776225,516.326
1164,29,4,48.61552090825031,-107.13856588687345,516.683
1165,29,5,44.29050510692026,-95.65068630672141,516.688
1166,29,6,38.98482098984352,-85.90208024776727,516.439
1167,29,7,32.98820176651746,-77.59679561327438,516.066
1168,29,8,26.51626797130293,-70.39093920872176,515.711
1169,29,9,19.724315907811203,-63.97585478551653,515.512
1170,29,10,12.725614871916836,-58.0950072686222,515.585
1171,29,11,5.606650853324646,-52.535421114433994,516.016
1172,29,12,-1.5613121953212743,-47.11240800779478,516.845
1173,29,13,-8.713320135509456,-41.65364569103971,518.063
1174,29,14,-15.782898898194691,-35.98371783080996,519.61
1175,29,15,-22.69394897024393,-29.908524111272076,521.38
1176,29,16,-29.35096552404018,-23.19947517637867,523.232
1177,29,17,-35.62613010700311,-15.580091798716795,525
1178,29,18,-41.3427218196424,-6.724976509151052,526.509
1179,29,19,-46.257387852019654,3.7018323296658577,527.593
1180,29,20,-50.05410901161674,15.920795294895372,528.112
1181,29,21,-52.3790780843324,29.79407063135017,527.966
1182,29,22,-52.945744728822504,44.60068107260346,527.106
1183,29,23,-51.672860429815174,59.17492164810374,525.538
1184,29,24,-48.73190050151816,72.4701717354787,523.33
1185,29,25,-44.45064572220037,83.99927150727176,520.602
1186,29,26,-39.176400965873206,93.79465070166215,517.522
1187,29,27,-33.198513536345914,102.14375782986984,514.284
1188,29,28,-26.733543118990205,109.38761057677524,511.103
1189,29,29,-19.93805984769758,115.83487202116041,508.185
1190,29,30,-12.926649537305114,121.74313591738317,505.719
1191,29,31,-5.787128783745302,127.32673360159856,503.853
1192,29,32,1.4078902450286264,132.77180138906775,502.687
1193,29,33,8.59199548528252,138.25212661303254,502.263
1194,29,34,15.69707586372619,143.9447887579147,502.563
1195,29,35,22.645217278063182,150.0460054981903,503.513
1196,29,36,29.33864727787206,156.78703337877772,504.988
1197,29,37,35.64672995753987,164.4478691745124,506.83
1198,29,38,41.389047577688004,173.3579738901991,508.859
1199,29,39,46.31756864879664,-176.1435709205404,510.895
1200,30,0,48.378578230847985,-161.21956660292753,511.862
1201,30,1,51.46935152840006,-148.0335722215161,513.607
1202,30,2,52.90680923545885,-133.48787842165189,515.006
1203,30,3,52.49758186643212,-118.601276219934,515.993
1204,30,4,50.301556519962546,-104.5674436266597,516.554
1205,30,5,46.59658187639166,-92.16514515061553,516.724
1206,30,6,41.74034128217469,-81.57466363494396,516.587
1207,30,7,36.05777415688582,-72.59082702716698,516.259
1208,30,8,29.800750556358444,-64.8769411521488,515.878
1209,30,9,23.152428833375623,-58.10175549552217,515.584
1210,30,10,16.244925337052912,-51.982807584161186,515.508
1211,30,11,9.17646843293885,-46.28707185415253,515.753
1212,30,12,2.0246780983087573,-40.81771591399478,516.38
1213,30,13,-5.14334802286528,-35.39819644911603,517.408
1214,30,14,-12.262841381118145,-29.85658393772871,518.801
1215,30,15,-19.263621355841135,-24.01007178179203,520.475
1216,30,16,-26.061264674458776,-17.64927028701548,522.306
1217,30,17,-32.54595384794831,-10.522929237232852,524.138
1218,30,18,-38.56771499760918,-2.3286533194426475,525.797
1219,30,19,-43.918454457545906,7.273159381086636,527.113
1220,30,20,-48.31758122646519,18.584084127769273,527.931
1221,30,21,-51.42175877026341,31.680999182025403,528.127
1222,30,22,-52.89341181940187,46.14856927816301,527.626
1223,30,23,-52.533887736965326,60.992503288135836,526.407
1224,30,24,-50.39230241327534,75.02765410791993,524.508
1225,30,25,-46.73627632039135,87.46264869952095,522.022
1226,30,26,-41.91780325718996,98.09870806752403,519.094
1227,30,27,-36.26026194502002,107.128464037091,515.909
1228,30,28,-30.01593908125428,114.88337202826428,512.673
1229,30,29,-23.369167811213053,121.69354874400888,509.599
1230,30,30,-16.45338100297441,127.84213967636772,506.885
1231,30,31,-9.368122687275763,133.56342031387223,504.703
1232,30,32,-2.192354973564339,139.05563006699285,503.178
1233,30,33,5.005432416257559,144.49675000512175,502.382
1234,30,34,12.158937128369326,150.06028059355563,502.326
1235,30,35,19.1962773981721,155.93088282669495,502.964
1236,30,36,26.030984738320814,162.32029256881012,504.194
1237,30,37,32.55074522565107,169.48286606459237,505.874
1238,30,38,38.60234747179573,177.72485533604674,507.832
1239,30,39,43.97352285772913,-172.6102047798661,509.887
1240,31,0,50.11104205344338,-145.83849968643574,512.771
1241,31,1,52.41201667160479,-131.87839898525175,514.355
1242,31,2,52.935622388472545,-117.00888591683722,515.553
1243,31,3,51.60920306675066,-102.41443822667745,516.326
1244,31,4,48.61552090825031,-89.13855855578865,516.683
1245,31,5,44.29050510692026,-77.65067897563661,516.688
1246,31,6,38.98482098984352,-67.90207291668247,516.439
1247,31,7,32.98820176651746,-59.59678828218958,516.066
1248,31,8,26.51626797130293,-52.39093187763696,515.711
1249,31,9,19.724315907811203,-45.97584403933715,515.512
1250,31,10,12.725614871916836,-40.094999937537395,515.585
1251,31,11,5.606650853324646,-34.535413783349185,516.016
1252,31,12,-1.5613121953212743,-29.112400676709974,516.845
1253,31,13,-8.713320135509456,-23.653640067502206,518.063
1254,31,14,-15.782898898194691,-17.983712207272447,519.61
1255,31,15,-22.69394897024393,-11.908515072639979,521.38
1256,31,16,-29.35096552404018,-5.19946827218069,523.232
1257,31,17,-35.62613010700311,2.419915318924596,525
1258,31,18,-41.3427218196424,11.27503039504693,526.509
1259,31,19,-46.257387852019654,21.701840087637486,527.593
1260,31,20,-50.05410901161674,33.92080262598017,528.112
1261,31,21,-52.3790780843324,47.794077962434976,527.966
1262,31,22,-52.945744728822504,62.60068498859368,527.106
1263,31,23,-51.672860429815174,77.17492897918855,525.538
1264,31,24,-48.73190050151816,90.4701790665635,523.33
1265,31,25,-44.45064572220037,101.99927883835657,520.602
1266,31,26,-39.176400965873206,111.79465803274695,517.522
1267,31,27,-33.198513536345914,120.14376516095466,514.284
1268,31,28,-26.733543118990205,127.38761790786005,511.103
1269,31,29,-19.93805984769758,133.83487935224522,508.185
1270,31,30,-12.926649537305114,139.743143248468,505.719
1271,31,31,-5.787128783745302,145.32674093268335,503.853
1272,31,32,1.4078902450286264,150.77180872015253,502.687
1273,31,33,8.59199548528252,156.25213394411733,502.263
1274,31,34,15.69707586372619,161.94479608899948,502.563
1275,31,35,22.645217278063182,168.04601282927513,503.513
1276,31,36,29.33864727787206,174.7870407098625,504.988
1277,31,37,35.64672995753987,-177.55213351231546,506.83
1278,31,38,41.389047577688004,-168.64201513625042,508.859
1279,31,39,46.31756864879664,-158.14356358945562,510.895
1280,32,0,48.378578230847985,-143.21955927184274,511.862
1281,32,1,51.46935152840006,-130.0335648904313,513.607
1282,32,2,52.90680923545885,-115.48787109056708,515.006
1283,32,3,52.49758186643212,-100.60126888884919,515.993
1284,32,4,50.301556519962546,-86.5674362955749,516.554
1285,32,5,46.59658187639166,-74.16513781953073,516.724
1286,32,6,41.74034128217469,-63.57465630385916,516.587
1287,32,7,36.05777415688582,-54.59081969608217,516.259
1288,32,8,29.800750556358444,-46.87693723615859,515.878
1289,32,9,23.152428833375623,-40.10175157953195,515.584
1290,32,10,16.244925337052912,-33.982800253076384,515.508
1291,32,11,9.17646843293885,-28.287064523067727,515.753
1292,32,12,2.0246780983087573,-22.817706875362685,516.38
1293,32,13,-5.14334802286528,-17.398189118031226,517.408
1294,32,14,-12.262841381118145,-11.856575752870263,518.801
1295,32,15,-19.263621355841135,-6.010064877594048,520.475
1296,32,16,-26.061264674458776,0.3507362436565314,522.306
1297,32,17,-32.54595384794831,7.477078093851951,524.138
1298,32,18,-38.56771499760918,15.671353371311922,525.797
1299,32,19,-43.918454457545906,25.273166712171438,527.113
1300,32,20,-48.31758122646519,36.584091458854076,527.931
1301,32,21,-51.42175877026341,49.681006513110205,528.127
1302,32,22,-52.89341181940187,64.14857660924781,527.626
1303,32,23,-52.533887736965326,78.99251061922064,526.407
1304,32,24,-50.39230241327534,93.02766143900475,524.508
1305,32,25,-46.73627632039135,105.46265603060576,522.022
1306,32,26,-41.91780325718996,116.09870856841965,519.094
1307,32,27,-36.26026194502002,125.12847819836497,515.909
1308,32,28,-30.01593908125428,132.88337935934908,512.673
1309,32,29,-23.369167811213053,139.69355607509368,509.599
1310,32,30,-16.45338100297441,145.84214700745252,506.885
1311,32,31,-9.368122687275763,151.56342764495702,504.703
1312,32,32,-2.192354973564339,157.05563739807764,503.178
1313,32,33,5.005432416257559,162.49675733620657,502.382
1314,32,34,12.158937128369326,168.06028792464045,502.326
1315,32,35,19.1962773981721,173.93089015777977,502.964
1316,32,36,26.030984738320814,-179.6796964576394,504.194
1317,32,37,32.55074522565107,-172.51712296185715,505.874
1318,32,38,38.60234747179573,-164.27513369040278,507.832
1319,32,39,43.97352285772913,-154.6101974487813,509.887
1320,33,0,50.11104205344338,-127.83849235535094,512.771
1321,33,1,52.41201667160479,-113.87839165416693,514.355
1322,33,2,52.935622388472545,-99.00887858575241,515.553
1323,33,3,51.60920306675066,-84.41443089559264,516.326
1324,33,4,48.61552090825031,-71.13855122470385,516.683
1325,33,5,44.29050510692026,-59.65067164455181,516.688
1326,33,6,38.98482098984352,-49.90206558559767,516.439
1327,33,7,32.98820176651746,-41.596780951104776,516.066
1328,33,8,26.51626797130293,-34.39092454655215,515.711
1329,33,9,19.724315907811203,-27.97583670825234,515.512
1330,33,10,12.725614871916836,-22.09499260645259,515.585
1331,33,11,5.606650853324646,-16.535406452264382,516.016
1332,33,12,-1.5613121953212743,-11.112392491851525,516.845
1333,33,13,-8.713320135509456,-5.653632736417402,518.063
1334,33,14,-15.782898898194691,0.01629551234606803,519.61
1335,33,15,-22.69394897024393,6.091492258444824,521.38
1336,33,16,-29.35096552404018,12.800538632017291,523.232
1337,33,17,-35.62613010700311,20.41992286345281,525
1338,33,18,-41.3427218196424,29.275037726131732,526.509
1339,33,19,-46.257387852019654,39.70184741872229,527.593
1340,33,20,-50.05410901161674,51.920809957064975,528.112
1341,33,21,-52.3790780843324,65.79408529351977,527.966
1342,33,22,-52.945744728822504,80.60069231967849,527.106
1343,33,23,-51.672860429815174,95.17493631027335,525.538
1344,33,24,-48.73190050151816,108.4701863976483,523.33
1345,33,25,-44.45064572220037,119.99929299963054,520.602
1346,33,26,-39.176400965873206,129.79467219402093,517.522
1347,33,27,-33.198513536345914,138.14377249203946,514.284
1348,33,28,-26.733543118990205,145.38762523894485,511.103
1349,33,29,-19.93805984769758,151.83488668333,508.185
1350,33,30,-12.926649537305114,157.74315057955278,505.719
1351,33,31,-5.787128783745302,163.32674826376817,503.853
1352,33,32,1.4078902450286264,168.77181605123735,502.687
1353,33,33,8.59199548528252,174.25214127520215,502.263
1354,33,34,15.69707586372619,179.9448034200843,502.563
1355,33,35,22.645217278063182,-173.9539761971744,503.513
1356,33,36,29.33864727787206,-167.21296197696535,504.988
1357,33,37,35.64672995753987,-159.55212618123065,506.83
1358,33,38,41.389047577688004,-150.64200780516563,508.859
1359,33,39,46.31756864879664,-140.1435562583708,510.895
1360,34,0,48.378578230847985,-125.21957926151461,511.862
1361,34,1,51.46935152840006,-112.03358488010318,513.607
1362,34,2,52.90680923545885,-97.48789108023895,515.006
1363,34,3,52.49758186643212,-82.60128887852106,515.993
1364,34,4,50.301556519962546,-68.56745628524678,516.554
1365,34,5,46.59658187639166,-56.165157809202604,516.724
1366,34,6,41.74034128217469,-45.574676293531034,516.587
1367,34,7,36.05777415688582,-36.59083968575405,516.259
1368,34,8,29.800750556358444,-28.876957225830463,515.878
1369,34,9,23.152428833375623,-22.101771569203827,515.584
1370,34,10,16.244925337052912,-15.982820242748257,515.508
1371,34,11,9.17646843293885,-10.287083658965958,515.753
1372,34,12,2.0246780983087573,-4.8177272919213845,516.38
1373,34,13,-5.14334802286528,0.601791639348839,517.408
1374,34,14,-12.262841381118145,6.14340425745786,518.801
1375,34,15,-19.263621355841135,11.989915559620899,520.475
1376,34,16,-26.061264674458776,18.35071705439745,522.306
1377,34,17,-32.54595384794831,25.477058104180074,524.138
1378,34,18,-38.56771499760918,33.671333381640046,525.797
1379,34,19,-43.918454457545906,43.27314843004685,527.113
1380,34,20,-48.31758122646519,54.5840714691822,527.931
1381,34,21,-51.42175877026341,67.68098652343834,528.127
1382,34,22,-52.89341181940187,82.14855661957594,527.626
1383,34,23,-52.533887736965326,96.99249062954875,526.407
1384,34,24,-50.39230241327534,111.02764144933286,524.508
1385,34,25,-46.73627632039135,123.46263604093389,522.022
1386,34,26,-41.91780325718996,134.09868857874778,519.094
1387,34,27,-36.26026194502002,143.1284582086931,515.909
1388,34,28,-30.01593908125428,150.8833593696772,512.673
1389,34,29,-23.369167811213053,157.6935360854218,509.599
1390,34,30,-16.45338100297441,163.84212701778065,506.885
1391,34,31,-9.368122687275763,169.56340765528515,504.703
1392,34,32,-2.192354973564339,175.05561740840577,503.178
1393,34,33,5.005432416257559,-179.50325901099964,502.382
1394,34,34,12.158937128369326,-173.93972842256576,502.326
1395,34,35,19.1962773981721,-168.06912618942644,502.964
1396,34,36,26.030984738320814,-161.67971644731128,504.194
1397,34,37,32.55074522565107,-154.51714295152905,505.874
1398,34,38,38.60234747179573,-146.27515368007465,507.832
1399,34,39,43.97352285772913,-136.61021743845316,509.887
1400,35,0,50.11104205344338,-109.83850551483364,512.771
1401,35,1,52.41201667160479,-95.87841164383882,514.355
1402,35,2,52.935622388472545,-81.0088985754243,515.553
1403,35,3,51.60920306675066,-66.41445088526453,516.326
1404,35,4,48.61552090825031,-53.138567799281134,516.683
1405,35,5,44.29050510692026,-41.65069163422368,516.688
1406,35,6,38.98482098984352,-31.902085575269545,516.439
1407,35,7,32.98820176651746,-23.596802648323944,516.066
1408,35,8,26.51626797130293,-16.39094282867674,515.711
1409,35,9,19.724315907811203,-9.975856697924218,515.512
1410,35,10,12.725614871916836,-4.0950134498981114,515.585
1411,35,11,5.606650853324646,1.4645729177335045,516.016
1412,35,12,-1.5613121953212743,6.887587518476599,516.845
1413,35,13,-8.713320135509456,12.346347273910721,518.063
1414,35,14,-15.782898898194691,18.016275134140482,519.61
1415,35,15,-22.69394897024393,24.091472268772947,521.38
1416,35,16,-29.35096552404018,30.800519496119062,523.232
1417,35,17,-35.62613010700311,38.419902873780934,525
1418,35,18,-41.3427218196424,47.27501773645986,526.509
1419,35,19,-46.257387852019654,57.70182742905041,527.593
1420,35,20,-50.05410901161674,69.9207899673931,528.112
1421,35,21,-52.3790780843324,83.7940653038479,527.966
1422,35,22,-52.945744728822504,98.6006723300066,527.106
1423,35,23,-51.672860429815174,113.17491632060147,525.538
1424,35,24,-48.73190050151816,126.4701732381656,523.33
1425,35,25,-44.45064572220037,137.99927300995867,520.602
1426,35,26,-39.176400965873206,147.79465220434906,517.522
1427,35,27,-33.198513536345914,156.1437525023676,514.284
1428,35,28,-26.733543118990205,163.38760524927298,511.103
1429,35,29,-19.93805984769758,169.83486669365814,508.185
1430,35,30,-12.926649537305114,175.7431305898809,505.719
1431,35,31,-5.787128783745302,-178.67326808343805,503.853
1432,35,32,1.4078902450286264,-173.22820029596886,502.687
1433,35,33,8.59199548528252,-167.7478887323824,502.263
1434,35,34,15.69707586372619,-162.05521292712191,502.563
1435,35,35,22.645217278063182,-155.9539961868463,503.513
1436,35,36,29.33864727787206,-149.21298196663722,504.988
1437,35,37,35.64672995753987,-141.55214617090255,506.83
1438,35,38,41.389047577688004,-132.6420277948375,508.859
1439,35,39,46.31756864879664,-122.14357624804268,510.895
1440,36,0,48.378578230847985,-107.21956510024063,511.862
1441,36,1,51.46935152840006,-94.03357754901836,513.607
1442,36,2,52.90680923545885,-79.48788374915415,515.006
1443,36,3,52.49758186643212,-64.60128154743626,515.993
1444,36,4,50.301556519962546,-50.567448954161975,516.554
1445,36,5,46.59658187639166,-38.1651504781178,516.724
1446,36,6,41.74034128217469,-27.57466896244623,516.587
1447,36,7,36.05777415688582,-18.590832354669246,516.259
1448,36,8,29.800750556358444,-10.876948187198368,515.878
1449,36,9,23.152428833375623,-4.1017638112322,515.584
1450,36,10,16.244925337052912,2.017187942110192,515.508
1451,36,11,9.17646843293885,7.712923672118845,515.753
1452,36,12,2.0246780983087573,13.182279612276595,516.38
1453,36,13,-5.14334802286528,18.601798223381703,517.408
1454,36,14,-12.262841381118145,24.14341244231631,518.801
1455,36,15,-19.263621355841135,29.989922890705703,520.475
1456,36,16,-26.061264674458776,36.35072438548225,522.306
1457,36,17,-32.54595384794831,43.47706714281217,524.138
1458,36,18,-38.56771499760918,51.67134071272485,525.797
1459,36,19,-43.918454457545906,61.273155761131655,527.113
1460,36,20,-48.31758122646519,72.58407880026701,527.931
1461,36,21,-51.42175877026341,85.68099385452314,528.127
1462,36,22,-52.89341181940187,100.14856395066074,527.626
1463,36,23,-52.533887736965326,114.99249113044439,526.407
1464,36,24,-50.39230241327534,129.02765561060684,524.508
1465,36,25,-46.73627632039135,141.4626433720187,522.022
1466,36,26,-41.91780325718996,152.0986959098326,519.094
1467,36,27,-36.26026194502002,161.1284655397779,515.909
1468,36,28,-30.01593908125428,168.883366700762,512.673
1469,36,29,-23.369167811213053,175.69354341650663,509.599
1470,36,30,-16.45338100297441,-178.15787566904723,506.885
1471,36,31,-9.368122687275763,-172.4365950315427,504.703
1472,36,32,-2.192354973564339,-166.9443852784221,503.178
1473,36,33,5.005432416257559,-161.50325167991485,502.382
1474,36,34,12.158937128369326,-155.93972109148095,502.326
1475,36,35,19.1962773981721,-150.06911885834162,502.964
1476,36,36,26.030984738320814,-143.6797091162265,504.194
1477,36,37,32.55074522565107,-136.51713562044424,505.874
1478,36,38,38.60234747179573,-128.27514634898986,507.832
1479,36,39,43.97352285772913,-118.61021010736837,509.887
1480,37,0,50.11104205344338,-91.83849818374884,512.771
1481,37,1,52.41201667160479,-77.87840431275401,514.355
1482,37,2,52.935622388472545,-63.00889124433949,515.553
1483,37,3,51.60920306675066,-48.41444696927431,516.326
1484,37,4,48.61552090825031,-35.13856046819633,516.683
1485,37,5,44.29050510692026,-23.65068430313888,516.688
1486,37,6,38.98482098984352,-13.902078244184743,516.439
1487,37,7,32.98820176651746,-5.596794890352318,516.066
1488,37,8,26.51626797130293,1.6090639687995374,515.711
1489,37,9,19.724315907811203,8.024150633160584,515.512
1490,37,10,12.725614871916836,13.904993881186693,515.585
1491,37,11,5.606650853324646,19.464580889148543,516.016
1492,37,12,-1.5613121953212743,24.887595703335048,516.845
1493,37,13,-8.713320135509456,30.346356312542817,518.063
1494,37,14,-15.782898898194691,36.01628417277258,519.61
1495,37,15,-22.69394897024393,42.09147789231046,521.38
1496,37,16,-29.35096552404018,48.80052682720386,523.232
1497,37,17,-35.62613010700311,56.41991020486574,525
1498,37,18,-41.3427218196424,65.27502506754466,526.509
1499,37,19,-46.257387852019654,75.70183476013521,527.593
1500,37,20,-50.05410901161674,87.92079729847791,528.112
1501,37,21,-52.3790780843324,101.7940726349327,527.966
1502,37,22,-52.945744728822504,116.60068649128057,527.106
1503,37,23,-51.672860429815174,131.1749168214971,525.538
1504,37,24,-48.73190050151816,144.4701805692504,523.33
1505,37,25,-44.45064572220037,155.99928034104346,520.602
1506,37,26,-39.176400965873206,165.79465953543385,517.522
1507,37,27,-33.198513536345914,174.14375983345238,514.284
1508,37,28,-26.733543118990205,-178.61238377717655,511.103
1509,37,29,-19.93805984769758,-172.16512233279138,508.185
1510,37,30,-12.926649537305114,-166.25685843656862,505.719
1511,37,31,-5.787128783745302,-160.67326075235323,503.853
1512,37,32,1.4078902450286264,-155.22819296488404,502.687
1513,37,33,8.59199548528252,-149.7478814012976,502.263
1514,37,34,15.69707586372619,-144.0552055960371,502.563
1515,37,35,22.645217278063182,-137.95398885576148,503.513
1516,37,36,29.33864727787206,-131.21297463555243,504.988
1517,37,37,35.64672995753987,-123.55213883981773,506.83
1518,37,38,41.389047577688004,-114.6420204637527,508.859
1519,37,39,46.31756864879664,-104.14356891695788,510.895
1520,38,0,48.378578230847985,-89.21955776915583,511.862
1521,38,1,51.46935152840006,-76.03357021793356,513.607
1522,38,2,52.90680923545885,-61.48787641806935,515.006
1523,38,3,52.49758186643212,-46.601277631446045,515.993
1524,38,4,50.301556519962546,-32.567441623077166,516.554
1525,38,5,46.59658187639166,-20.165143147032996,516.724
1526,38,6,41.74034128217469,-9.574660777587779,516.587
1527,38,7,36.05777415688582,-0.5908251836670017,516.259
1528,38,8,29.800750556358444,7.123059143886435,515.878
1529,38,9,23.152428833375623,13.898243946739427,515.584
1530,38,10,16.244925337052912,20.01719441942135,515.508
1531,38,11,9.17646843293885,25.71293014943,515.753
1532,38,12,2.0246780983087573,31.182286089587752,516.38
1533,38,13,-5.14334802286528,36.6018055544665,517.408
1534,38,14,-12.262841381118145,42.14341806585382,518.801
1535,38,15,-19.263621355841135,47.9899302217905,520.475
1536,38,16,-26.061264674458776,54.350731716567054,522.306
1537,38,17,-32.54595384794831,61.47707105880239,524.138
1538,38,18,-38.56771499760918,69.67135145890424,525.797
1539,38,19,-43.918454457545906,79.27316309221646,527.113
1540,38,20,-48.31758122646519,90.58408613135181,527.931
1541,38,21,-51.42175877026341,103.68100118560794,528.127
1542,38,22,-52.89341181940187,118.14857128174555,527.626
1543,38,23,-52.533887736965326,132.9924984615292,526.407
1544,38,24,-50.39230241327534,147.02766294169163,524.508
1545,38,25,-46.73627632039135,159.4626507031035,522.022
1546,38,26,-41.91780325718996,170.0987032409174,519.094
1547,38,27,-36.26026194502002,179.1284728708627,515.909
1548,38,28,-30.01593908125428,-173.11662232568753,512.673
1549,38,29,-23.369167811213053,-166.3064456099429,509.599
1550,38,30,-16.45338100297441,-160.1578683379624,506.885
1551,38,31,-9.368122687275763,-154.43658770045792,504.703
1552,38,32,-2.192354973564339,-148.9443779473373,503.178
1553,38,33,5.005432416257559,-143.50324434883004,502.382
1554,38,34,12.158937128369326,-137.93971376039616,502.326
1555,38,35,19.1962773981721,-132.06911152725684,502.964
1556,38,36,26.030984738320814,-125.67970178514169,504.194
1557,38,37,32.55074522565107,-118.51712828935943,505.874
1558,38,38,38.60234747179573,-110.27514584809421,507.832
1559,38,39,43.97352285772913,-100.61020960647274,509.887
1560,39,0,50.11104205344338,-73.83849085266404,512.771
1561,39,1,52.41201667160479,-59.878396981669205,514.355
1562,39,2,52.935622388472545,-45.0088804981601,515.553
1563,39,3,51.60920306675066,-30.414439638189503,516.326
1564,39,4,48.61552090825031,-17.138554844658824,516.683
1565,39,5,44.29050510692026,-5.650676545167256,516.688
1566,39,6,38.98482098984352,4.09792908690006,516.439
1567,39,7,32.98820176651746,12.403212867619308,516.066
1568,39,8,26.51626797130293,19.60907183349287,515.711
1569,39,9,19.724315907811203,26.02415796424539,515.512
1570,39,10,12.725614871916836,31.905002066045142,515.585
1571,39,11,5.606650853324646,37.464588220233345,516.016
1572,39,12,-1.5613121953212743,42.88760132687256,516.845
1573,39,13,-8.713320135509456,48.34636364362762,518.063
1574,39,14,-15.782898898194691,54.01629150385738,519.61
1575,39,15,-22.69394897024393,60.09148522339526,521.38
1576,39,16,-29.35096552404018,66.80053415828867,523.232
1577,39,17,-35.62613010700311,74.41991753595055,525
1578,39,18,-41.3427218196424,83.27503239862946,526.509
1579,39,19,-46.257387852019654,93.70184209122002,527.593
1580,39,20,-50.05410901161674,105.92080462956271,528.112
1581,39,21,-52.3790780843324,119.79407313582834,527.966
1582,39,22,-52.945744728822504,134.60069382236537,527.106
1583,39,23,-51.672860429815174,149.1749241525819,525.538
1584,39,24,-48.73190050151816,162.47018790033522,523.33
1585,39,25,-44.45064572220037,173.99928767212828,520.602
1586,39,26,-39.176400965873206,-176.205343151394,517.522
1587,39,27,-33.198513536345914,-167.85622919299715,514.284
1588,39,28,-26.733543118990205,-160.61237644609173,511.103
1589,39,29,-19.93805984769758,-154.1651150017066,508.185
1590,39,30,-12.926649537305114,-148.2568511054838,505.719
1591,39,31,-5.787128783745302,-142.67325342126844,503.853
1592,39,32,1.4078902450286264,-137.22818563379926,502.687
1593,39,33,8.59199548528252,-131.7478740702128,502.263
1594,39,34,15.69707586372619,-126.05519826495231,502.563
1595,39,35,22.645217278063182,-119.95398152467668,503.513
1596,39,36,29.33864727787206,-113.21296047427845,504.988
1597,39,37,35.64672995753987,-105.55212467854376,506.83
1598,39,38,41.389047577688004,-96.64201996285706,508.859
1599,39,39,46.31756864879664,-86.14356158587307,510.895
