0,0,0,49.86486154518861,-66.11462607126848,512.634
1,0,1,52.294059304638665,-52.264692906302194,514.244
2,0,2,52.962000579047135,-37.42610693444949,515.475
3,0,3,51.775941644769006,-22.76707297549809,516.28
4,0,4,48.900975004232656,-9.363564389778425,516.669
5,0,5,44.6664967754457,2.2667468326831792,516.698
6,0,6,39.42574726680828,12.141685778073168,516.464
7,0,7,33.474258518423085,20.54680387256955,516.096
8,0,8,27.033074234851945,27.82648437676626,515.735
9,0,9,20.26152736150563,34.2932460112318,515.519
10,0,10,13.275541576524889,40.207554624870035,515.568
11,0,11,6.163248091430863,45.78524419545335,515.969
12,0,12,-1.0032694117102479,51.212645698634304,516.766
13,0,13,-8.158842817366883,56.662467297765815,517.955
14,0,14,-15.237376811827652,62.309329609168444,519.48
15,0,15,-22.16386994159029,68.34532487305962,521.238
16,0,16,-28.84472897823176,74.99580493582016,523.089
17,0,17,-35.15520222410907,82.53321921325272,524.87
18,0,18,-40.92304084609096,91.27976821907428,526.405
19,0,19,-45.9105747516285,101.57364193984888,527.527
20,0,20,-49.80696203159441,113.65168401523587,528.095
21,0,21,-52.25850133981958,127.41402341919132,528.003
22,0,22,-52.968253617232286,142.18694395236352,527.199
23,0,23,-51.83532672450768,156.82226349451665,525.684
24,0,24,-49.013495540619445,170.24264264748624,523.523
25,0,25,-44.82366284334228,-178.08689634319245,520.83
26,0,26,-39.61532941250574,-168.1651586491568,517.77
27,0,27,-33.6835525900652,-159.7158594760142,514.537
28,0,28,-27.250209363661234,-152.3977079313174,511.344
29,0,29,-20.475897971248358,-145.89834580394339,508.399
30,0,30,-13.477875685402761,-139.95629979208573,505.891
31,0,31,-6.345583406418938,-134.35438354051638,503.974
32,0,32,0.8475297861331444,-128.90483514895166,502.751
33,0,33,8.034857808458225,-123.43347113317793,502.269
34,0,34,15.148700465833375,-117.76403163147383,502.515
35,0,35,22.112237126559577,-111.70234802611424,503.418
36,0,36,28.829658165828125,-105.02047641392831,504.858
37,0,37,35.173445659382175,-97.44249081282588,506.677
38,0,38,40.96772394364118,-88.64214040691212,508.698
39,0,39,45.97022279365022,-78.27794305844307,510.74
40,1,0,51.28429096793315,-50.371907468413674,513.482
41,1,1,52.86015221323849,-35.901772636242725,514.911
42,1,2,52.595957081047814,-20.997036282278454,515.931
43,1,3,50.53105087607497,-6.860959172223659,516.524
44,1,4,46.93080693814248,5.681709936548032,516.723
45,1,5,42.15165527399286,16.4089676978964,516.606
46,1,6,36.523367662038076,25.50628619118585,516.288
47,1,7,30.303691535892334,33.30659786486678,515.906
48,1,8,23.680539060001006,40.143999714643066,515.601
49,1,9,16.78933410258524,46.30508647808844,515.504
50,1,10,9.730421534062627,52.02632613445792,515.72
51,1,11,2.582626006323344,57.506798207489865,516.317
52,1,12,-4.586437449830889,62.92406029484793,517.314
53,1,13,-11.71211127550897,68.44985408811749,518.681
54,1,14,-18.724914090718475,74.2655689210866,520.337
55,1,15,-25.541895382423714,80.5779546199315,522.162
56,1,16,-32.055703359892306,87.63455090055184,523.999
57,1,17,-38.12008488997405,95.73376872778545,525.679
58,1,18,-43.532132127900816,105.21391420141224,527.027
59,1,19,-48.017052902984624,116.38456564556303,527.888
60,1,20,-51.23489162476103,129.34953510543286,528.136
61,1,21,-52.84342507996113,143.7397464790309,527.691
62,1,22,-52.62807263052522,158.5984405278001,526.528
63,1,23,-50.61764742946698,172.7326564113061,524.678
64,1,24,-47.06704872151672,-174.69372666542182,522.233
65,1,25,-42.32663447524483,-163.9213298913961,519.334
66,1,26,-36.7243698840278,-154.77786493252677,516.162
67,1,27,-30.518316570181643,-146.93607010492178,512.922
68,1,28,-23.89753246238502,-140.06320591297478,509.828
69,1,29,-16.998764778010756,-133.87211754360013,507.08
70,1,30,-9.923664661155213,-128.125059772168,504.851
71,1,31,-2.7524016706448236,-122.62158020691686,503.271
72,1,32,4.44603095861023,-117.18267325007902,502.417
73,1,33,11.605459579166514,-111.63502968165459,502.305
74,1,34,18.65467071774677,-105.79548431867131,502.891
75,1,35,25.50876042721269,-99.45493091968926,504.08
76,1,36,32.05789585061588,-92.36283814595238,505.731
77,1,37,38.1526683074096,-84.21694963612008,507.674
78,1,38,43.58605988649265,-74.6749841203155,509.727
79,1,39,48.07823090738043,-63.42578550070956,511.715
80,2,0,49.86486154518861,-48.114625570372844,512.634
81,2,1,52.294059304638665,-34.264692405406564,514.244
82,2,2,52.962000579047135,-19.426104726006567,515.475
83,2,3,51.775941644769006,-4.767072047715631,516.28
84,2,4,48.900975004232656,8.636436111117208,516.669
85,2,5,44.6664967754457,20.266747333578813,516.698
86,2,6,39.42574726680828,30.141686278968802,516.464
87,2,7,33.474258518423085,38.546804373465186,516.096
88,2,8,27.033074234851945,45.82648487766189,515.735
89,2,9,20.26152736150563,52.29324651212743,515.519
90,2,10,13.275541576524889,58.207555125765666,515.568
91,2,11,6.163248091430863,63.78524469634899,515.969
92,2,12,-1.0032694117102479,69.21264278443535,516.766
93,2,13,-8.158842817366883,74.66247121375604,517.955
94,2,14,-15.237376811827652,80.30933011006408,519.48
95,2,15,-22.16386994159029,86.34532537395525,521.238
96,2,16,-28.84472897823176,92.9958054367158,523.089
97,2,17,-35.15520222410907,100.53321971414834,524.87
98,2,18,-40.92304084609096,109.27976871996992,526.405
99,2,19,-45.9105747516285,119.57364927093369,527.527
100,2,20,-49.80696203159441,131.65169134632066,528.095
101,2,21,-52.25850133981958,145.41403075027614,528.003
102,2,22,-52.968253617232286,160.18695128344834,527.199
103,2,23,-51.83532672450768,174.82227082560144,525.684
104,2,24,-49.013495540619445,-171.75736003934162,523.523
105,2,25,-44.82366284334228,-160.08688901210763,520.83
106,2,26,-39.61532941250574,-150.16516497845035,517.77
107,2,27,-33.6835525900652,-141.71586580530774,514.537
108,2,28,-27.250209363661234,-134.39771426061094,511.344
109,2,29,-20.475897971248358,-127.89835213323693,508.399
110,2,30,-13.477875685402761,-121.95630612137927,505.891
111,2,31,-6.345583406418938,-116.35437620943158,503.974
112,2,32,0.8475297861331444,-110.90483464805604,502.751
113,2,33,8.034857808458225,-105.4334706322823,502.269
114,2,34,15.148700465833375,-99.76402430038902,502.515
115,2,35,22.112237126559577,-93.7023475252186,503.418
116,2,36,28.829658165828125,-87.02047591303267,504.858
117,2,37,35.173445659382175,-79.44249031193024,506.677
118,2,38,40.96772394364118,-70.64213990601648,508.698
119,2,39,45.97022279365022,-60.27794255754744,510.74
120,3,0,51.28429096793315,-32.37190696751804,513.482
121,3,1,52.86015221323849,-17.901773842894386,514.911
122,3,2,52.595957081047814,-2.9970364217130547,515.931
123,3,3,50.53105087607497,11.139041328671976,516.524
124,3,4,46.93080693814248,23.681710437443666,516.723
125,3,5,42.15165527399286,34.40896990633933,516.606
126,3,6,36.523367662038076,43.50628669208149,516.288
127,3,7,30.303691535892334,51.30659836576241,515.906
128,3,8,23.680539060001006,58.144000215538696,515.601
129,3,9,16.78933410258524,64.30509039407866,515.504
130,3,10,9.730421534062627,70.02632322025897,515.72
131,3,11,2.582626006323344,75.5067987083855,516.317
132,3,12,-4.586437449830889,80.92406079574356,517.314
133,3,13,-11.71211127550897,86.44985458901313,518.681
134,3,14,-18.724914090718475,92.26556942198222,520.337
135,3,15,-25.541895382423714,98.57795512082714,522.162
136,3,16,-32.055703359892306,105.63455140144747,523.999
137,3,17,-38.12008488997405,113.73376922868108,525.679
138,3,18,-43.532132127900816,123.21392153249704,527.027
139,3,19,-48.017052902984624,134.3845593162695,527.888
140,3,20,-51.23489162476103,147.34954243651765,528.136
141,3,21,-52.84342507996113,161.73974014973737,527.691
142,3,22,-52.62807263052522,176.5984341985066,526.528
143,3,23,-50.61764742946698,-169.26733261514343,524.678
144,3,24,-47.06704872151672,-156.693719334337,522.233
145,3,25,-42.32663447524483,-145.92133622068965,519.334
146,3,26,-36.7243698840278,-136.7778712618203,516.162
147,3,27,-30.518316570181643,-128.93606277383697,512.922
148,3,28,-23.89753246238502,-122.06321224226832,509.828
149,3,29,-16.998764778010756,-115.87211021251531,507.08
150,3,30,-9.923664661155213,-110.12506610146153,504.851
151,3,31,-2.7524016706448236,-104.62157970602122,503.271
152,3,32,4.44603095861023,-99.18266591899422,502.417
153,3,33,11.605459579166514,-93.63502918075895,502.305
154,3,34,18.65467071774677,-87.79548381777568,502.891
155,3,35,25.50876042721269,-81.45493041879364,504.08
156,3,36,32.05789585061588,-74.36283764505674,505.731
157,3,37,38.1526683074096,-66.21694913522444,507.674
158,3,38,43.58605988649265,-56.67498361941986,509.727
159,3,39,48.07823090738043,-45.42578158471934,511.715
160,4,0,49.86486154518861,-30.11462506947721,512.634
161,4,1,52.294059304638665,-16.26469190451093,514.244
162,4,2,52.962000579047135,-1.4261042251109348,515.475
163,4,3,51.775941644769006,13.232928880066826,516.28
164,4,4,48.900975004232656,26.63643661201284,516.669
165,4,5,44.6664967754457,38.266749542021735,516.698
166,4,6,39.42574726680828,48.141686779864436,516.464
167,4,7,33.474258518423085,56.54680487436082,516.096
168,4,8,27.033074234851945,63.82648537855752,515.735
169,4,9,20.26152736150563,70.29324701302306,515.519
170,4,10,13.275541576524889,76.2075556266613,515.568
171,4,11,6.163248091430863,81.78524519724462,515.969
172,4,12,-1.0032694117102479,87.21264328533098,516.766
173,4,13,-8.158842817366883,92.66247171465167,517.955
174,4,14,-15.237376811827652,98.3093306109597,519.48
175,4,15,-22.16386994159029,104.34532587485089,521.238
176,4,16,-28.84472897823176,110.99580593761144,523.089
177,4,17,-35.15520222410907,118.53322021504398,524.87
178,4,18,-40.92304084609096,127.27976922086555,526.405
179,4,19,-45.9105747516285,137.57364294164014,527.527
180,4,20,-49.80696203159441,149.65168501702715,528.095
181,4,21,-52.25850133981958,163.4140244209826,528.003
182,4,22,-52.968253617232286,178.1869449541548,527.199
183,4,23,-51.83532672450768,-167.17773186122642,525.684
184,4,24,-49.013495540619445,-153.75736636863516,523.523
185,4,25,-44.82366284334228,-142.08689534140117,520.83
186,4,26,-39.61532941250574,-132.16515764736556,517.77
187,4,27,-33.6835525900652,-123.71585847422294,514.537
188,4,28,-27.250209363661234,-116.39770692952614,511.344
189,4,29,-20.475897971248358,-109.89835163234129,508.399
190,4,30,-13.477875685402761,-103.95630562048365,505.891
191,4,31,-6.345583406418938,-98.35438253872512,503.974
192,4,32,0.8475297861331444,-92.9048341471604,502.751
193,4,33,8.034857808458225,-87.43347013138667,502.269
194,4,34,15.148700465833375,-81.76402379949339,502.515
195,4,35,22.112237126559577,-75.70234702432296,503.418
196,4,36,28.829658165828125,-69.02047541213705,504.858
197,4,37,35.173445659382175,-61.44248981103461,506.677
198,4,38,40.96772394364118,-52.64213940512086,508.698
199,4,39,45.97022279365022,-42.27794205665181,510.74
200,5,0,51.28429096793315,-14.371908174169702,513.482
201,5,1,52.86015221323849,0.09822691813540371,514.911
202,5,2,52.595957081047814,15.002964719512814,515.931
203,5,3,50.53105087607497,29.13904182956761,516.524
204,5,4,46.93080693814248,41.6817109383393,516.723
205,5,5,42.15165527399286,52.40897040723496,516.606
206,5,6,36.523367662038076,61.50628377788253,516.288
207,5,7,30.303691535892334,69.30659886665805,515.906
208,5,8,23.680539060001006,76.14400071643433,515.601
209,5,9,16.78933410258524,82.30509089497428,515.504
210,5,10,9.730421534062627,88.0263237211546,515.72
211,5,11,2.582626006323344,93.50679920928113,516.317
212,5,12,-4.586437449830889,98.9240612966392,517.314
213,5,13,-11.71211127550897,104.44985508990877,518.681
214,5,14,-18.724914090718475,110.26556992287786,520.337
215,5,15,-25.541895382423714,116.57795562172278,522.162
216,5,16,-32.055703359892306,123.6345519023431,523.999
217,5,17,-38.12008488997405,131.73376289938756,525.679
218,5,18,-43.532132127900816,141.2139152032035,527.027
219,5,19,-48.017052902984624,152.3845666473543,527.888
220,5,20,-51.23489162476103,165.3495361072241,528.136
221,5,21,-52.84342507996113,179.73974748082216,527.691
222,5,22,-52.62807263052522,-165.4015684883213,526.528
223,5,23,-50.61764742946698,-151.26733894443697,524.678
224,5,24,-47.06704872151672,-138.69372566363054,522.233
225,5,25,-42.32663447524483,-127.92132888960485,519.334
226,5,26,-36.7243698840278,-118.7778639307355,516.162
227,5,27,-30.518316570181643,-110.9360691031305,512.922
228,5,28,-23.89753246238502,-104.06321174137268,509.828
229,5,29,-16.998764778010756,-97.87211654180885,507.08
230,5,30,-9.923664661155213,-92.12506560056589,504.851
231,5,31,-2.7524016706448236,-86.62157920512558,503.271
232,5,32,4.44603095861023,-81.18266541809858,502.417
233,5,33,11.605459579166514,-75.63502867986332,502.305
234,5,34,18.65467071774677,-69.79548331688005,502.891
235,5,35,25.50876042721269,-63.454929917898,504.08
236,5,36,32.05789585061588,-56.36283714416111,505.731
237,5,37,38.1526683074096,-48.21695204942339,507.674
238,5,38,43.58605988649265,-38.67498311852423,509.727
239,5,39,48.07823090738043,-27.425782791371,511.715
240,6,0,49.86486154518861,-12.114622861034285,512.634
241,6,1,52.294059304638665,1.7353085963847046,514.244
242,6,2,52.962000579047135,16.573896275784698,515.475
243,6,3,51.775941644769006,31.23292852718881,516.28
244,6,4,48.900975004232656,44.636437112908474,516.669
245,6,5,44.6664967754457,56.26675004291737,516.698
246,6,6,39.42574726680828,66.14168728076007,516.464
247,6,7,33.474258518423085,74.54680879035104,516.096
248,6,8,27.033074234851945,81.82648587945316,515.735
249,6,9,20.26152736150563,88.2932475139187,515.519
250,6,10,13.275541576524889,94.20755612755693,515.568
251,6,11,6.163248091430863,99.78524569814026,515.969
252,6,12,-1.0032694117102479,105.21264378622662,516.766
253,6,13,-8.158842817366883,110.6624722155473,517.955
254,6,14,-15.237376811827652,116.30933794204451,519.48
255,6,15,-22.16386994159029,122.34532637574652,521.238
256,6,16,-28.84472897823176,128.99581326869622,523.089
257,6,17,-35.15520222410907,136.53321388575046,524.87
258,6,18,-40.92304084609096,145.27977655195036,526.405
259,6,19,-45.9105747516285,155.57365027272496,527.527
260,6,20,-49.80696203159441,167.65169234811194,528.095
261,6,21,-52.25850133981958,-178.58597826584528,528.003
262,6,22,-52.968253617232286,-163.81304407229473,527.199
263,6,23,-51.83532672450768,-149.17773819051996,525.684
264,6,24,-49.013495540619445,-135.75735903755037,523.523
265,6,25,-44.82366284334228,-124.08688801031637,520.83
266,6,26,-39.61532941250574,-114.16515714646992,517.77
267,6,27,-33.6835525900652,-105.7158579733273,514.537
268,6,28,-27.250209363661234,-98.39771325881968,511.344
269,6,29,-20.475897971248358,-91.89835113144566,508.399
270,6,30,-13.477875685402761,-85.95630511958801,505.891
271,6,31,-6.345583406418938,-80.35438203782948,503.974
272,6,32,0.8475297861331444,-74.90483364626476,502.751
273,6,33,8.034857808458225,-69.43346963049103,502.269
274,6,34,15.148700465833375,-63.764023298597756,502.515
275,6,35,22.112237126559577,-57.70234652342733,503.418
276,6,36,28.829658165828125,-51.020471496146826,504.858
277,6,37,35.173445659382175,-43.44248931013898,506.677
278,6,38,40.96772394364118,-34.64213890422522,508.698
279,6,39,45.97022279365022,-24.277941555756172,510.74
280,7,0,51.28429096793315,3.6280893385181687,513.482
281,7,1,52.86015221323849,18.098223743802293,514.911
282,7,2,52.595957081047814,33.00296180531386,515.931
283,7,3,50.53105087607497,47.13903891536866,516.524
284,7,4,46.93080693814248,59.68170802414035,516.723
285,7,5,42.15165527399286,70.40896407794142,516.606
286,7,6,36.523367662038076,79.50628427877817,516.288
287,7,7,30.303691535892334,87.30659253736451,515.906
288,7,8,23.680539060001006,94.14400121732996,515.601
289,7,9,16.78933410258524,100.30508456568076,515.504
290,7,10,9.730421534062627,106.02632422205023,515.72
291,7,11,2.582626006323344,111.50679971017676,516.317
292,7,12,-4.586437449830889,116.92405496734565,517.314
293,7,13,-11.71211127550897,122.44985559080439,518.681
294,7,14,-18.724914090718475,128.26557042377348,520.337
295,7,15,-25.541895382423714,134.57794929242922,522.162
296,7,16,-32.055703359892306,141.63454557304956,523.999
297,7,17,-38.12008488997405,149.73377023047235,525.679
298,7,18,-43.532132127900816,159.21390887390996,527.027
299,7,19,-48.017052902984624,170.38456031806075,527.888
300,7,20,-51.23489162476103,-176.65046657960374,528.136
301,7,21,-52.84342507996113,-162.2602552060057,527.691
302,7,22,-52.62807263052522,-147.40156115723647,526.528
303,7,23,-50.61764742946698,-133.2673452737305,524.678
304,7,24,-47.06704872151672,-120.69373199292407,522.233
305,7,25,-42.32663447524483,-109.92133521889839,519.334
306,7,26,-36.7243698840278,-100.77787026002903,516.162
307,7,27,-30.518316570181643,-92.93606860223487,512.922
308,7,28,-23.89753246238502,-86.06321124047705,509.828
309,7,29,-16.998764778010756,-79.87211604091323,507.08
310,7,30,-9.923664661155213,-74.12506509967027,504.851
311,7,31,-2.7524016706448236,-68.62158553441913,503.271
312,7,32,4.44603095861023,-63.18267174739212,502.417
313,7,33,11.605459579166514,-57.63502817896769,502.305
314,7,34,18.65467071774677,-51.795486231078996,502.891
315,7,35,25.50876042721269,-45.45493624719154,504.08
316,7,36,32.05789585061588,-38.362840058360064,505.731
317,7,37,38.1526683074096,-30.216954963622342,507.674
318,7,38,43.58605988649265,-20.674987740270474,509.727
319,7,39,48.07823090738043,-9.425785705569949,511.715
320,8,0,49.86486154518861,5.88537763986135,512.634
321,8,1,52.294059304638665,19.73530909728034,514.244
322,8,2,52.962000579047135,34.57389506913304,515.475
323,8,3,51.775941644769006,49.23292902808445,516.28
324,8,4,48.900975004232656,62.63643419870952,516.669
325,8,5,44.6664967754457,74.266750543813,516.698
326,8,6,39.42574726680828,84.1416877816557,516.464
327,8,7,33.474258518423085,92.54680929124667,516.096
328,8,8,27.033074234851945,99.8264863803488,515.735
329,8,9,20.26152736150563,106.29324801481434,515.519
330,8,10,13.275541576524889,112.20755662845256,515.568
331,8,11,6.163248091430863,117.78524619903588,515.969
332,8,12,-1.0032694117102479,123.21265111731142,516.766
333,8,13,-8.158842817366883,128.66247271644292,517.955
334,8,14,-15.237376811827652,134.30933161275098,519.48
335,8,15,-22.16386994159029,140.34533370683133,521.238
336,8,16,-28.84472897823176,146.9958069394027,523.089
337,8,17,-35.15520222410907,154.53322121683524,524.87
338,8,18,-40.92304084609096,163.27977022265682,526.405
339,8,19,-45.9105747516285,173.57364394343142,527.527
340,8,20,-49.80696203159441,-174.34831033871592,528.095
341,8,21,-52.25850133981958,-160.58597093476047,528.003
342,8,22,-52.968253617232286,-145.81305040158827,527.199
343,8,23,-51.83532672450768,-131.17773085943514,525.684
344,8,24,-49.013495540619445,-117.7573653668439,523.523
345,8,25,-44.82366284334228,-106.08688750942073,520.83
346,8,26,-39.61532941250574,-96.16515664557429,517.77
347,8,27,-33.6835525900652,-87.71585747243168,514.537
348,8,28,-27.250209363661234,-80.39771275792404,511.344
349,8,29,-20.475897971248358,-73.89835063055003,508.399
350,8,30,-13.477875685402761,-67.95630461869237,505.891
351,8,31,-6.345583406418938,-62.35438153693384,503.974
352,8,32,0.8475297861331444,-56.90483314536913,502.751
353,8,33,8.034857808458225,-51.4334691295954,502.269
354,8,34,15.148700465833375,-45.764022797702125,502.515
355,8,35,22.112237126559577,-39.70234943762628,503.418
356,8,36,28.829658165828125,-33.02047099525119,504.858
357,8,37,35.173445659382175,-25.442488809243347,506.677
358,8,38,40.96772394364118,-16.64213840332959,508.698
359,8,39,45.97022279365022,-6.277941481747363,510.74
360,9,0,51.28429096793315,21.62808941252698,513.482
361,9,1,52.86015221323849,36.09822595224522,514.911
362,9,2,52.595957081047814,51.0029623062095,515.931
363,9,3,50.53105087607497,65.1390360011697,516.524
364,9,4,46.93080693814248,77.68170852503599,516.723
365,9,5,42.15165527399286,88.40896457883706,516.606
366,9,6,36.523367662038076,97.5062847796738,516.288
367,9,7,30.303691535892334,105.30659303826015,515.906
368,9,8,23.680539060001006,112.1440017182256,515.601
369,9,9,16.78933410258524,118.30509189676556,515.504
370,9,10,9.730421534062627,124.0263178927567,515.72
371,9,11,2.582626006323344,129.50679338088324,516.317
372,9,12,-4.586437449830889,134.92406229843047,517.314
373,9,13,-11.71211127550897,140.44984926151085,518.681
374,9,14,-18.724914090718475,146.26556409447997,520.337
375,9,15,-25.541895382423714,152.57795662351404,522.162
376,9,16,-32.055703359892306,159.63455290413438,523.999
377,9,17,-38.12008488997405,167.7337639011788,525.679
378,9,18,-43.532132127900816,177.21391620499477,527.027
379,9,19,-48.017052902984624,-171.6154423687671,527.888
380,9,20,-51.23489162476103,-158.65045924851893,528.136
381,9,21,-52.84342507996113,-144.26026153529924,527.691
382,9,22,-52.62807263052522,-129.40156748653,526.528
383,9,23,-50.61764742946698,-115.26733794264571,524.678
384,9,24,-47.06704872151672,-102.69372466183927,522.233
385,9,25,-42.32663447524483,-91.92133471800275,519.334
386,9,26,-36.7243698840278,-82.77786975913341,516.162
387,9,27,-30.518316570181643,-74.93606810133923,512.922
388,9,28,-23.89753246238502,-68.06321073958141,509.828
389,9,29,-16.998764778010756,-61.87211554001759,507.08
390,9,30,-9.923664661155213,-56.12506459877463,504.851
391,9,31,-2.7524016706448236,-50.621581618428905,503.271
392,9,32,4.44603095861023,-45.18266783140191,502.417
393,9,33,11.605459579166514,-39.63503109316664,502.305
394,9,34,18.65467071774677,-33.795485730183366,502.891
395,9,35,25.50876042721269,-27.454935746295906,504.08
396,9,36,32.05789585061588,-20.36284126501172,505.731
397,9,37,38.1526683074096,-12.216954462726708,507.674
398,9,38,43.58605988649265,-2.6749870259314297,509.727
399,9,39,48.07823090738043,8.574214795325684,511.715
400,10,0,49.86486154518861,23.885378140756984,512.634
401,10,1,52.294059304638665,37.735309598175974,514.244
402,10,2,52.962000579047135,52.573895570028675,515.475
403,10,3,51.775941644769006,67.23293294407466,516.28
404,10,4,48.900975004232656,80.63643469960516,516.669
405,10,5,44.6664967754457,92.26675104470864,516.698
406,10,6,39.42574726680828,102.14168828255133,516.464
407,10,7,33.474258518423085,110.5468097921423,516.096
408,10,8,27.033074234851945,117.82648688124442,515.735
409,10,9,20.26152736150563,124.29325534589914,515.519
410,10,10,13.275541576524889,130.2075571293482,515.568
411,10,11,6.163248091430863,135.78523986974236,515.969
412,10,12,-1.0032694117102479,141.21264478801788,516.766
413,10,13,-8.158842817366883,146.6624663871494,517.955
414,10,14,-15.237376811827652,152.30933894383577,519.48
415,10,15,-22.16386994159029,158.34532737753779,521.238
416,10,16,-28.84472897823176,164.9958142704875,523.089
417,10,17,-35.15520222410907,172.5332148875417,524.87
418,10,18,-40.92304084609096,-178.72023246417103,526.405
419,10,19,-45.9105747516285,-168.42635874339643,527.527
420,10,20,-49.80696203159441,-156.34831666800946,528.095
421,10,21,-52.25850133981958,-142.585977264054,528.003
422,10,22,-52.968253617232286,-127.81304307050347,527.199
423,10,23,-51.83532672450768,-113.17773035853952,525.684
424,10,24,-49.013495540619445,-99.7573580357591,523.523
425,10,25,-44.82366284334228,-88.08688700852511,520.83
426,10,26,-39.61532941250574,-78.16515614467865,517.77
427,10,27,-33.6835525900652,-69.71585697153604,514.537
428,10,28,-27.250209363661234,-62.39771225702841,511.344
429,10,29,-20.475897971248358,-55.898350129654396,508.399
430,10,30,-13.477875685402761,-49.95630411779674,505.891
431,10,31,-6.345583406418938,-44.35437762094363,503.974
432,10,32,0.8475297861331444,-38.9048326444735,502.751
433,10,33,8.034857808458225,-33.433468628699764,502.269
434,10,34,15.148700465833375,-27.76402229680649,502.515
435,10,35,22.112237126559577,-21.702347229183356,503.418
436,10,36,28.829658165828125,-15.020472201902848,504.858
437,10,37,35.173445659382175,-7.442487454574068,506.677
438,10,38,40.96772394364118,1.3578622042877506,508.698
439,10,39,45.97022279365022,11.722059446035093,510.74
440,11,0,51.28429096793315,39.628091620969904,513.482
441,11,1,52.86015221323849,54.09822645314085,514.911
442,11,2,52.595957081047814,69.00296280710513,515.931
443,11,3,50.53105087607497,83.13903650206534,516.524
444,11,4,46.93080693814248,95.68170902593161,516.723
445,11,5,42.15165527399286,106.4089650797327,516.606
446,11,6,36.523367662038076,115.50628528056943,516.288
447,11,7,30.303691535892334,123.30659353915577,515.906
448,11,8,23.680539060001006,130.14399538893207,515.601
449,11,9,16.78933410258524,136.30508556747202,515.504
450,11,10,9.730421534062627,142.0263252238415,515.72
451,11,11,2.582626006323344,147.50680071196803,516.317
452,11,12,-4.586437449830889,152.92405596913693,517.314
453,11,13,-11.71211127550897,158.44985659259567,518.681
454,11,14,-18.724914090718475,164.26557142556476,520.337
455,11,15,-25.541895382423714,170.5779502942205,522.162
456,11,16,-32.055703359892306,177.63454657484084,523.999
457,11,17,-38.12008488997405,-174.26623878564905,525.679
458,11,18,-43.532132127900816,-164.78608648183308,527.027
459,11,19,-48.017052902984624,-153.6154350376823,527.888
460,11,20,-51.23489162476103,-140.65046557781247,528.136
461,11,21,-52.84342507996113,-126.26025420421443,527.691
462,11,22,-52.62807263052522,-111.40156698563437,526.528
463,11,23,-50.61764742946698,-97.26733744175007,524.678
464,11,24,-47.06704872151672,-84.69372416094365,522.233
465,11,25,-42.32663447524483,-73.92133421710712,519.334
466,11,26,-36.7243698840278,-64.77786925823777,516.162
467,11,27,-30.518316570181643,-56.9360676004436,512.922
468,11,28,-23.89753246238502,-50.063213653780366,509.828
469,11,29,-16.998764778010756,-43.87211845421654,507.08
470,11,30,-9.923664661155213,-38.125064097879,504.851
471,11,31,-2.7524016706448236,-32.621581117533275,503.271
472,11,32,4.44603095861023,-27.18266733050627,502.417
473,11,33,11.605459579166514,-21.635028884723713,502.305
474,11,34,18.65467071774677,-15.79548352174044,502.891
475,11,35,25.50876042721269,-9.454934391626624,504.08
476,11,36,32.05789585061588,-2.3628403372292657,505.731
477,11,37,38.1526683074096,5.783046465055749,507.674
478,11,38,43.58605988649265,15.325013261520793,509.727
479,11,39,48.07823090738043,26.57421529622132,511.715
480,12,0,49.86486154518861,41.885376934105324,512.634
481,12,1,52.294059304638665,55.735310099071604,514.244
482,12,2,52.962000579047135,70.57389948601889,515.475
483,12,3,51.775941644769006,85.2329334449703,516.28
484,12,4,48.900975004232656,98.63643520050078,516.669
485,12,5,44.6664967754457,110.26675154560427,516.698
486,12,6,39.42574726680828,120.14168878344697,516.464
487,12,7,33.474258518423085,128.54681029303794,516.096
488,12,8,27.033074234851945,135.82649421232924,515.735
489,12,9,20.26152736150563,142.2932490166056,515.519
490,12,10,13.275541576524889,148.20755080005466,515.568
491,12,11,6.163248091430863,153.78524720082714,515.969
492,12,12,-1.0032694117102479,159.2126521191027,516.766
493,12,13,-8.158842817366883,164.6624737182342,517.955
494,12,14,-15.237376811827652,170.30933261454226,519.48
495,12,15,-22.16386994159029,176.3453347086226,521.238
496,12,16,-28.84472897823176,-177.00418841634036,523.089
497,12,17,-35.15520222410907,-169.46677413890782,524.87
498,12,18,-40.92304084609096,-160.72022513308625,526.405
499,12,19,-45.9105747516285,-150.42635141231165,527.527
500,12,20,-49.80696203159441,-138.34830933692464,528.095
501,12,21,-52.25850133981958,-124.5859699329692,528.003
502,12,22,-52.968253617232286,-109.81304939979701,527.199
503,12,23,-51.83532672450768,-95.17772985764388,525.684
504,12,24,-49.013495540619445,-81.75735753486346,523.523
505,12,25,-44.82366284334228,-70.08688650762947,520.83
506,12,26,-39.61532941250574,-60.16515564378302,517.77
507,12,27,-33.6835525900652,-51.71585988573499,514.537
508,12,28,-27.250209363661234,-44.39771175613277,511.344
509,12,29,-20.475897971248358,-37.89834962875876,508.399
510,12,30,-13.477875685402761,-31.956303616901106,505.891
511,12,31,-6.345583406418938,-26.354377120047996,503.974
512,12,32,0.8475297861331444,-20.904832143577867,502.751
513,12,33,8.034857808458225,-15.433468127804131,502.269
514,12,34,15.148700465833375,-9.764022649684504,502.515
515,12,35,22.112237126559577,-3.7023475820613707,503.418
516,12,36,28.829658165828125,2.9795285124361963,504.858
517,12,37,35.173445659382175,10.557513046321565,506.677
518,12,38,40.96772394364118,19.35786259846168,508.698
519,12,39,45.97022279365022,29.722059946930727,510.74
520,13,0,51.28429096793315,57.628095536960124,513.482
521,13,1,52.86015221323849,72.09823378422566,514.911
522,13,2,52.595957081047814,87.00297013818994,515.931
523,13,3,50.53105087607497,101.13904383315014,516.524
524,13,4,46.93080693814248,113.68171635701641,516.723
525,13,5,42.15165527399286,124.4089724108175,516.606
526,13,6,36.523367662038076,133.50629261165423,516.288
527,13,7,30.303691535892334,141.30660087024057,515.906
528,13,8,23.680539060001006,148.14400272001686,515.601
529,13,9,16.78933410258524,154.30509289855684,515.504
530,13,10,9.730421534062627,160.0263325549263,515.72
531,13,11,2.582626006323344,165.50680804305284,516.317
532,13,12,-4.586437449830889,170.92406330022172,517.314
533,13,13,-11.71211127550897,176.44986392368045,518.681
534,13,14,-18.724914090718475,-177.7344312612631,520.337
535,13,15,-25.541895382423714,-171.42203873222903,522.162
536,13,16,-32.055703359892306,-164.3654424516087,523.999
537,13,17,-38.12008488997405,-156.26623145456423,525.679
538,13,18,-43.532132127900816,-146.7860791507483,527.027
539,13,19,-48.017052902984624,-135.6154277065975,527.888
540,13,20,-51.23489162476103,-122.65045824672767,528.136
541,13,21,-52.84342507996113,-108.26024687312963,527.691
542,13,22,-52.62807263052522,-93.40155965454957,526.528
543,13,23,-50.61764742946698,-79.26733011066527,524.678
544,13,24,-47.06704872151672,-66.69371682985884,522.233
545,13,25,-42.32663447524483,-55.9213303011169,519.334
546,13,26,-36.7243698840278,-46.77786192715297,516.162
547,13,27,-30.518316570181643,-38.9360602693588,512.922
548,13,28,-23.89753246238502,-32.063206322695564,509.828
549,13,29,-16.998764778010756,-25.872111123131734,507.08
550,13,30,-9.923664661155213,-20.125058474341483,504.851
551,13,31,-2.7524016706448236,-14.62157378644847,503.271
552,13,32,4.44603095861023,-9.182660853195115,502.417
553,13,33,11.605459579166514,-3.6350219805257318,502.305
554,13,34,18.65467071774677,2.2045231690141285,502.891
555,13,35,25.50876042721269,8.545072939458178,504.08
556,13,36,32.05789585061588,15.637166566968714,505.731
557,13,37,38.1526683074096,23.78305336925373,507.674
558,13,38,43.58605988649265,33.32502230015289,509.727
559,13,39,48.07823090738043,44.57422433485341,511.715
560,14,0,49.86486154518861,59.88537060481179,512.634
561,14,1,52.294059304638665,73.73530035468349,514.244
562,14,2,52.962000579047135,88.57389315672536,515.475
563,14,3,51.775941644769006,103.23292711567676,516.28
564,14,4,48.900975004232656,116.63643570139642,516.669
565,14,5,44.6664967754457,128.26674521631074,516.698
566,14,6,39.42574726680828,138.14168245415343,516.464
567,14,7,33.474258518423085,146.5468039637444,516.096
568,14,8,27.033074234851945,153.8264878830357,515.735
569,14,9,20.26152736150563,160.29324268731207,515.519
570,14,10,13.275541576524889,166.20754447076112,515.568
571,14,11,6.163248091430863,171.78524087153363,515.969
572,14,12,-1.0032694117102479,177.21264578980916,516.766
573,14,13,-8.158842817366883,-177.33752896859366,517.955
574,14,14,-15.237376811827652,-171.69067007228563,519.48
575,14,15,-22.16386994159029,-165.6546816385836,521.238
576,14,16,-28.84472897823176,-159.0041947456339,523.089
577,14,17,-35.15520222410907,-151.46678046820134,524.87
578,14,18,-40.92304084609096,-142.7202314623798,526.405
579,14,19,-45.9105747516285,-132.4263577416052,527.527
580,14,20,-49.80696203159441,-120.3483156662182,528.095
581,14,21,-52.25850133981958,-106.58597626226275,528.003
582,14,22,-52.968253617232286,-91.81305572909054,527.199
583,14,23,-51.83532672450768,-77.17773618693742,525.684
584,14,24,-49.013495540619445,-63.75736386415699,523.523
585,14,25,-44.82366284334228,-52.086892836923006,520.83
586,14,26,-39.61532941250574,-42.16516538817114,517.77
587,14,27,-33.6835525900652,-33.71586621502853,514.537
588,14,28,-27.250209363661234,-26.397716377879018,511.344
589,14,29,-20.475897971248358,-19.898355958052296,508.399
590,14,30,-13.477875685402761,-13.956309946194644,505.891
591,14,31,-6.345583406418938,-8.354384303115177,503.974
592,14,32,0.8475297861331444,-2.9048382594279913,502.751
593,14,33,8.034857808458225,2.566524689128685,502.269
594,14,34,15.148700465833375,8.235971021021959,502.515
595,14,35,22.112237126559577,14.297646088645093,503.418
596,14,36,28.829658165828125,20.97952196969925,504.858
597,14,37,35.173445659382175,28.557505863254384,506.677
598,14,38,40.96772394364118,37.35785626916814,508.698
599,14,39,45.97022279365022,47.72205361763719,510.74
600,15,0,51.28429096793315,75.62808920766659,513.482
601,15,1,52.86015221323849,90.09822745493211,514.911
602,15,2,52.595957081047814,105.0029638088964,515.931
603,15,3,50.53105087607497,119.13904433404578,516.524
604,15,4,46.93080693814248,131.68170319753372,516.723
605,15,5,42.15165527399286,142.40896608152394,516.606
606,15,6,36.523367662038076,151.5062862823607,516.288
607,15,7,30.303691535892334,159.30659454094703,515.906
608,15,8,23.680539060001006,166.14399639072332,515.601
609,15,9,16.78933410258524,172.3050865692633,515.504
610,15,10,9.730421534062627,178.02632622563277,515.72
611,15,11,2.582626006323344,-176.49319464377504,516.317
612,15,12,-4.586437449830889,-171.07593938660614,517.314
613,15,13,-11.71211127550897,-165.55015242352573,518.681
614,15,14,-18.724914090718475,-159.73443759055664,520.337
615,15,15,-25.541895382423714,-153.42204506152257,522.162
616,15,16,-32.055703359892306,-146.36544878090223,523.999
617,15,17,-38.12008488997405,-138.26623778385778,525.679
618,15,18,-43.532132127900816,-128.78608548004183,527.027
619,15,19,-48.017052902984624,-117.61543403589103,527.888
620,15,20,-51.23489162476103,-104.65046457602121,528.136
621,15,21,-52.84342507996113,-90.26025320242316,527.691
622,15,22,-52.62807263052522,-75.40156598384311,526.528
623,15,23,-50.61764742946698,-61.267336439958804,524.678
624,15,24,-47.06704872151672,-48.69372657424696,522.233
625,15,25,-42.32663447524483,-37.92133663041044,519.334
626,15,26,-36.7243698840278,-28.777868256446503,516.162
627,15,27,-30.518316570181643,-20.936068306199626,512.922
628,15,28,-23.89753246238502,-14.063211798215452,509.828
629,15,29,-16.998764778010756,-7.872116598651625,507.08
630,15,30,-9.923664661155213,-2.125064590191608,504.851
631,15,31,-2.7524016706448236,3.378419457371169,503.271
632,15,32,4.44603095861023,8.81733281751135,502.417
633,15,33,11.605459579166514,14.364972117067556,502.305
634,15,34,18.65467071774677,20.204517480050825,502.891
635,15,35,25.50876042721269,26.545065756390997,504.08
636,15,36,32.05789585061588,33.63716194522247,505.731
637,15,37,38.1526683074096,41.783047039960195,507.674
638,15,38,43.58605988649265,51.325015970859354,509.727
639,15,39,48.07823090738043,62.57421800555988,511.715
640,16,0,49.86486154518861,77.88537793589659,512.634
641,16,1,52.294059304638665,91.73530768576829,514.244
642,16,2,52.962000579047135,106.57390048781016,515.475
643,16,3,51.775941644769006,121.23293444676156,516.28
644,16,4,48.900975004232656,134.63644303248122,516.669
645,16,5,44.6664967754457,146.26675254739553,516.698
646,16,6,39.42574726680828,156.14168978523824,516.464
647,16,7,33.474258518423085,164.5468112948292,516.096
648,16,8,27.033074234851945,171.82649521412048,515.735
649,16,9,20.26152736150563,178.29325001839686,515.519
650,16,10,13.275541576524889,-175.7924445556884,515.568
651,16,11,6.163248091430863,-170.2147481549159,515.969
652,16,12,-1.0032694117102479,-164.78735689701873,516.766
653,16,13,-8.158842817366883,-159.33752163750887,517.955
654,16,14,-15.237376811827652,-153.6906627412008,519.48
655,16,15,-22.16386994159029,-147.65467430749882,521.238
656,16,16,-28.84472897823176,-141.0041874145491,523.089
657,16,17,-35.15520222410907,-133.46677313711655,524.87
658,16,18,-40.92304084609096,-124.72022413129497,526.405
659,16,19,-45.9105747516285,-114.42635041052037,527.527
660,16,20,-49.80696203159441,-102.3483083351334,528.095
661,16,21,-52.25850133981958,-88.58596893117793,528.003
662,16,22,-52.968253617232286,-73.81304839800573,527.199
663,16,23,-51.83532672450768,-59.177728855852614,525.684
664,16,24,-49.013495540619445,-45.75735653307219,523.523
665,16,25,-44.82366284334228,-34.086885505838204,520.83
666,16,26,-39.61532941250574,-24.165158057086337,517.77
667,16,27,-33.6835525900652,-15.715858883943724,514.537
668,16,28,-27.250209363661234,-8.397709900567861,511.344
669,16,29,-20.475897971248358,-1.8983479866372592,508.399
670,16,30,-13.477875685402761,4.043697384890159,505.891
671,16,31,-6.345583406418938,9.645623027969625,503.974
672,16,32,0.8475297861331444,15.0951688582134,502.751
673,16,33,8.034857808458225,20.566532873987136,502.269
674,16,34,15.148700465833375,26.235979205880408,502.515
675,16,35,22.112237126559577,32.29765256595625,503.418
676,16,36,28.829658165828125,38.97953100833134,504.858
677,16,37,35.173445659382175,46.55751319433919,506.677
678,16,38,40.96772394364118,55.35786360025295,508.698
679,16,39,45.97022279365022,65.72206094872199,510.74
680,17,0,51.28429096793315,93.62808287837305,513.482
681,17,1,52.86015221323849,108.09822112563859,514.911
682,17,2,52.595957081047814,123.00295064941369,515.931
683,17,3,50.53105087607497,137.13903800475225,516.524
684,17,4,46.93080693814248,149.68169686824018,516.723
685,17,5,42.15165527399286,160.40895975223043,516.606
686,17,6,36.523367662038076,169.50627995306715,516.288
687,17,7,30.303691535892334,177.30658821165352,515.906
688,17,8,23.680539060001006,-175.85600629610454,515.601
689,17,9,16.78933410258524,-169.6949161175646,515.504
690,17,10,9.730421534062627,-163.97367646119508,515.72
691,17,11,2.582626006323344,-158.49320097306855,516.317
692,17,12,-4.586437449830889,-153.07594571589968,517.314
693,17,13,-11.71211127550897,-147.55015875281927,518.681
694,17,14,-18.724914090718475,-141.73444391985018,520.337
695,17,15,-25.541895382423714,-135.42205139081608,522.162
696,17,16,-32.055703359892306,-128.36545511019577,523.999
697,17,17,-38.12008488997405,-120.26624411315132,525.679
698,17,18,-43.532132127900816,-110.78609180933536,527.027
699,17,19,-48.017052902984624,-99.61544036518457,527.888
700,17,20,-51.23489162476103,-86.65047090531475,528.136
701,17,21,-52.84342507996113,-72.2602595317167,527.691
702,17,22,-52.62807263052522,-57.40157231313665,526.528
703,17,23,-50.61764742946698,-43.26734618434693,524.678
704,17,24,-47.06704872151672,-30.693732903540496,522.233
705,17,25,-42.32663447524483,-19.921342959703974,519.334
706,17,26,-36.7243698840278,-10.777873731966395,516.162
707,17,27,-30.518316570181643,-2.9360737817195175,512.922
708,17,28,-23.89753246238502,3.936781872491011,509.828
709,17,29,-16.998764778010756,10.127877072054838,507.08
710,17,30,-9.923664661155213,15.874928867071443,504.851
711,17,31,-2.7524016706448236,21.378413554964457,503.271
712,17,32,4.44603095861023,26.817327341991458,502.417
713,17,33,11.605459579166514,32.36496408022673,502.305
714,17,34,18.65467071774677,38.20450944321,502.891
715,17,35,25.50876042721269,44.545059427097456,504.08
716,17,36,32.05789585061588,51.63715561592893,505.731
717,17,37,38.1526683074096,59.783040710666654,507.674
718,17,38,43.58605988649265,69.32500622647123,509.727
719,17,39,48.07823090738043,80.57421167626634,511.715
720,18,0,49.86486154518861,95.88537160660306,512.634
721,18,1,52.294059304638665,109.73530135647475,514.244
722,18,2,52.962000579047135,124.57389415851662,515.475
723,18,3,51.775941644769006,139.23292811746802,516.28
724,18,4,48.900975004232656,152.63643670318768,516.669
725,18,5,44.6664967754457,164.266746218102,516.698
726,18,6,39.42574726680828,174.1416834559447,516.464
727,18,7,33.474258518423085,-177.45319139199867,516.096
728,18,8,27.033074234851945,-170.1735211330857,515.735
729,18,9,20.26152736150563,-163.706752668431,515.519
730,18,10,13.275541576524889,-157.79245088498195,515.568
731,18,11,6.163248091430863,-152.21475448420944,515.969
732,18,12,-1.0032694117102479,-146.78736322631224,516.766
733,18,13,-8.158842817366883,-141.33752796680238,517.955
734,18,14,-15.237376811827652,-135.69066907049435,519.48
735,18,15,-22.16386994159029,-129.65468063679234,521.238
736,18,16,-28.84472897823176,-123.00419374384263,523.089
737,18,17,-35.15520222410907,-115.46677946641007,524.87
738,18,18,-40.92304084609096,-106.72023046058851,526.405
739,18,19,-45.9105747516285,-96.42635673981391,527.527
740,18,20,-49.80696203159441,-84.34831466442692,528.095
741,18,21,-52.25850133981958,-70.58597526047147,528.003
742,18,22,-52.968253617232286,-55.813054727299274,527.199
743,18,23,-51.83532672450768,-41.17773860024074,525.684
744,18,24,-49.013495540619445,-27.757362862365728,523.523
745,18,25,-44.82366284334228,-16.08689183513174,520.83
746,18,26,-39.61532941250574,-6.165163959493051,517.77
747,18,27,-33.6835525900652,2.284135427092974,514.537
748,18,28,-27.250209363661234,9.602283770138602,511.344
749,18,29,-20.475897971248358,16.10164504373897,508.399
750,18,30,-13.477875685402761,22.04369105559662,505.891
751,18,31,-6.345583406418938,27.645617552449735,503.974
752,18,32,0.8475297861331444,33.095162528919865,502.751
753,18,33,8.034857808458225,38.566526544693595,502.269
754,18,34,15.148700465833375,44.23597287658687,502.515
755,18,35,22.112237126559577,50.297646236662715,503.418
756,18,36,28.829658165828125,56.97952467903781,504.858
757,18,37,35.173445659382175,64.55750686504565,506.677
758,18,38,40.96772394364118,73.35785727095941,508.698
759,18,39,45.97022279365022,83.72205461942846,510.74
760,19,0,51.28429096793315,111.62809020945785,513.482
761,19,1,52.86015221323849,126.09822845672339,514.911
762,19,2,52.595957081047814,141.00295798049848,515.931
763,19,3,50.53105087607497,155.13904533583704,516.524
764,19,4,46.93080693814248,167.68170419932497,516.723
765,19,5,42.15165527399286,178.40896708331522,516.606
766,19,6,36.523367662038076,-172.49370907338235,516.288
767,19,7,30.303691535892334,-164.693400814796,515.906
768,19,8,23.680539060001006,-157.85599896501972,515.601
769,19,9,16.78933410258524,-151.69490878647977,515.504
770,19,10,9.730421534062627,-145.9736691301103,515.72
771,19,11,2.582626006323344,-140.49319364198377,516.317
772,19,12,-4.586437449830889,-135.07593838481486,517.314
773,19,13,-11.71211127550897,-129.55015142173448,518.681
774,19,14,-18.724914090718475,-123.73443658876538,520.337
775,19,15,-25.541895382423714,-117.42204405973129,522.162
776,19,16,-32.055703359892306,-110.36544777911095,523.999
777,19,17,-38.12008488997405,-102.26623678206651,525.679
778,19,18,-43.532132127900816,-92.78608447825056,527.027
779,19,19,-48.017052902984624,-81.61543303409977,527.888
780,19,20,-51.23489162476103,-68.65046357422995,528.136
781,19,21,-52.84342507996113,-54.260252200631896,527.691
782,19,22,-52.62807263052522,-39.40156156695726,526.528
783,19,23,-50.61764742946698,-25.267338853262125,524.678
784,19,24,-47.06704872151672,-12.693724718682047,522.233
785,19,25,-42.32663447524483,-1.9213354151757602,519.334
786,19,26,-36.7243698840278,7.222133599118409,516.162
787,19,27,-30.518316570181643,15.063932695591639,512.922
788,19,28,-23.89753246238502,21.93679005734946,509.828
789,19,29,-16.998764778010756,28.127883549365997,507.08
790,19,30,-9.923664661155213,33.87493790570354,504.851
791,19,31,-2.7524016706448236,39.378420886049256,503.271
792,19,32,4.44603095861023,44.81733467307626,502.417
793,19,33,11.605459579166514,50.36497141131153,502.305
794,19,34,18.65467071774677,56.2045167742948,502.891
795,19,35,25.50876042721269,62.545066758182266,504.08
796,19,36,32.05789585061588,69.63715953191915,505.731
797,19,37,38.1526683074096,77.78304804175146,507.674
798,19,38,43.58605988649265,87.32501355755603,509.727
799,19,39,48.07823090738043,98.57421900735115,511.715
800,20,0,49.86486154518861,113.88537893768786,512.634
801,20,1,52.294059304638665,127.73531551774872,514.244
802,20,2,52.962000579047135,142.5739014896014,515.475
803,20,3,51.775941644769006,157.23293544855284,516.28
804,20,4,48.900975004232656,170.6364440342725,516.669
805,20,5,44.6664967754457,-177.7332428083475,516.698
806,20,6,39.42574726680828,-167.85830557050483,516.464
807,20,7,33.474258518423085,-159.45318406091386,516.096
808,20,8,27.033074234851945,-152.1735138020009,515.735
809,20,9,20.26152736150563,-145.7067453373462,515.519
810,20,10,13.275541576524889,-139.79244355389713,515.568
811,20,11,6.163248091430863,-134.21474715312465,515.969
812,20,12,-1.0032694117102479,-128.78735589522745,516.766
813,20,13,-8.158842817366883,-123.3375206357176,517.955
814,20,14,-15.237376811827652,-117.69066173940955,519.48
815,20,15,-22.16386994159029,-111.65466647551837,521.238
816,20,16,-28.84472897823176,-105.00418641275783,523.089
817,20,17,-35.15520222410907,-97.46677896551445,524.87
818,20,18,-40.92304084609096,-88.72022312950371,526.405
819,20,19,-45.9105747516285,-78.42634940872911,527.527
820,20,20,-49.80696203159441,-66.34830733334212,528.095
821,20,21,-52.25850133981958,-52.58597134448126,528.003
822,20,22,-52.968253617232286,-37.81304739621447,527.199
823,20,23,-51.83532672450768,-23.177731269155935,525.684
824,20,24,-49.013495540619445,-9.757355531280925,523.523
825,20,25,-44.82366284334228,1.9131150690662384,520.83
826,20,26,-39.61532941250574,11.834843798478575,517.77
827,20,27,-33.6835525900652,20.284142117847544,514.537
828,20,28,-27.250209363661234,27.602291954997053,511.344
829,20,29,-20.475897971248358,34.10165237482377,508.399
830,20,30,-13.477875685402761,40.04369838668143,505.891
831,20,31,-6.345583406418938,45.64562488353454,503.974
832,20,32,0.8475297861331444,51.09516986000467,502.751
833,20,33,8.034857808458225,56.566533875778404,502.269
834,20,34,15.148700465833375,62.23598020767167,502.515
835,20,35,22.112237126559577,68.2976569828421,503.418
836,20,36,28.829658165828125,74.97952859502803,504.858
837,20,37,35.173445659382175,82.55751419613046,506.677
838,20,38,40.96772394364118,91.35786460204422,508.698
839,20,39,45.97022279365022,101.72206195051326,510.74
840,21,0,51.28429096793315,129.62808388016433,513.482
841,21,1,52.86015221323849,144.09822212742986,514.911
842,21,2,52.595957081047814,159.00295165120497,515.931
843,21,3,50.53105087607497,173.1390390065435,516.524
844,21,4,46.93080693814248,-174.3182984875029,516.723
845,21,5,42.15165527399286,-163.59103560351264,516.606
846,21,6,36.523367662038076,-154.4937154026759,516.288
847,21,7,30.303691535892334,-146.69340714408955,515.906
848,21,8,23.680539060001006,-139.85600529431326,515.601
849,21,9,16.78933410258524,-133.6949151157733,515.504
850,21,10,9.730421534062627,-127.97367545940382,515.72
851,21,11,2.582626006323344,-122.49319997127729,516.317
852,21,12,-4.586437449830889,-117.0759447141084,517.314
853,21,13,-11.71211127550897,-111.55015092083883,518.681
854,21,14,-18.724914090718475,-105.73443608786974,520.337
855,21,15,-25.541895382423714,-99.42205038902483,522.162
856,21,16,-32.055703359892306,-92.36545410840449,523.999
857,21,17,-38.12008488997405,-84.26624311136005,525.679
858,21,18,-43.532132127900816,-74.7860908075441,527.027
859,21,19,-48.017052902984624,-63.6154393633933,527.888
860,21,20,-51.23489162476103,-50.65046648842889,528.136
861,21,21,-52.84342507996113,-36.26025852992543,527.691
862,21,22,-52.62807263052522,-21.4015678962508,526.528
863,21,23,-50.61764742946698,-7.267345182555662,524.678
864,21,24,-47.06704872151672,5.3062693789112405,522.233
865,21,25,-42.32663447524483,16.07865804208729,519.334
866,21,26,-36.7243698840278,25.22212812359852,516.162
867,21,27,-30.518316570181643,33.063928073845396,512.922
868,21,28,-23.89753246238502,39.93678202050863,509.828
869,21,29,-16.998764778010756,46.127877220072456,507.08
870,21,30,-9.923664661155213,51.874931576410006,504.851
871,21,31,-2.7524016706448236,57.37841114166114,503.271
872,21,32,4.44603095861023,62.817324928688144,502.417
873,21,33,11.605459579166514,68.36496849711257,502.305
874,21,34,18.65467071774677,74.20451386009584,502.891
875,21,35,25.50876042721269,80.54506042888873,504.08
876,21,36,32.05789585061588,87.63715320262561,505.731
877,21,37,38.1526683074096,95.78304171245793,507.674
878,21,38,43.58605988649265,105.32500722826249,509.727
879,21,39,48.07823090738043,116.5742126780576,511.715
880,22,0,49.86486154518861,131.8853794385835,512.634
881,22,1,52.294059304638665,145.73530918845518,514.244
882,22,2,52.962000579047135,160.5738951603079,515.475
883,22,3,51.775941644769006,175.2329291192593,516.28
884,22,4,48.900975004232656,-171.3635723129337,516.669
885,22,5,44.6664967754457,-159.73324913764105,516.698
886,22,6,39.42574726680828,-149.85831189979837,516.464
887,22,7,33.474258518423085,-141.4531903902074,516.096
888,22,8,27.033074234851945,-134.17352013129445,515.735
889,22,9,20.26152736150563,-127.70675166663973,515.519
890,22,10,13.275541576524889,-121.79244988319067,515.568
891,22,11,6.163248091430863,-116.21475348241817,515.969
892,22,12,-1.0032694117102479,-110.78735539433181,516.766
893,22,13,-8.158842817366883,-105.3375337952003,517.955
894,22,14,-15.237376811827652,-99.69067489889225,519.48
895,22,15,-22.16386994159029,-93.65467280481191,521.238
896,22,16,-28.84472897823176,-87.00419274205136,523.089
897,22,17,-35.15520222410907,-79.46678529480798,524.87
898,22,18,-40.92304084609096,-70.72022945879725,526.405
899,22,19,-45.9105747516285,-60.42635573802265,527.527
900,22,20,-49.80696203159441,-48.34831707773024,528.095
901,22,21,-52.25850133981958,-34.58597767377479,528.003
902,22,22,-52.968253617232286,-19.813052017960715,527.199
903,22,23,-51.83532672450768,-5.177737171562648,525.684
904,22,24,-49.013495540619445,8.242638139425537,523.523
905,22,25,-44.82366284334228,19.913109166659524,520.83
906,22,26,-39.61532941250574,29.834836615411394,517.77
907,22,27,-33.6835525900652,38.284135788554,514.537
908,22,28,-27.250209363661234,45.602283918156225,511.344
909,22,29,-20.475897971248358,52.10164604553024,508.399
910,22,30,-13.477875685402761,58.04369205738789,505.891
911,22,31,-6.345583406418938,63.645615139146415,503.974
912,22,32,0.8475297861331444,69.09516353071113,502.751
913,22,33,8.034857808458225,74.56652754648486,502.269
914,22,34,15.148700465833375,80.23597387837813,502.515
915,22,35,22.112237126559577,86.29765065354856,503.418
916,22,36,28.829658165828125,92.97952226573449,504.858
917,22,37,35.173445659382175,100.55750786683691,506.677
918,22,38,40.96772394364118,109.35785827275068,508.698
919,22,39,45.97022279365022,119.72205562121972,510.74
920,23,0,51.28429096793315,147.6280912112491,513.482
921,23,1,52.86015221323849,162.09822945851465,514.911
922,23,2,52.595957081047814,177.00295898228975,515.931
923,23,3,50.53105087607497,-168.86096368028436,516.524
924,23,4,46.93080693814248,-156.31829115641807,516.723
925,23,5,42.15165527399286,-145.59102827242785,516.606
926,23,6,36.523367662038076,-136.4937080715911,516.288
927,23,7,30.303691535892334,-128.69339981300476,515.906
928,23,8,23.680539060001006,-121.85599796322846,515.601
929,23,9,16.78933410258524,-115.69490778468851,515.504
930,23,10,9.730421534062627,-109.9736749585082,515.72
931,23,11,2.582626006323344,-104.49319947038167,516.317
932,23,12,-4.586437449830889,-99.0759373830236,517.314
933,23,13,-11.71211127550897,-93.55014358975403,518.681
934,23,14,-18.724914090718475,-87.73442875678494,520.337
935,23,15,-25.541895382423714,-81.42204305794003,522.162
936,23,16,-32.055703359892306,-74.36544677731969,523.999
937,23,17,-38.12008488997405,-66.26623578027525,525.679
938,23,18,-43.532132127900816,-56.78608006136471,527.027
939,23,19,-48.017052902984624,-45.61543544740308,527.888
940,23,20,-51.23489162476103,-32.65045915734409,528.136
941,23,21,-52.84342507996113,-18.260252906387922,527.691
942,23,22,-52.62807263052522,-3.40156120549623,526.528
943,23,23,-50.61764742946698,10.73266214852914,524.678
944,23,24,-47.06704872151672,23.306277136882866,522.233
945,23,25,-42.32663447524483,34.07866537317209,519.334
946,23,26,-36.7243698840278,43.22213374713603,516.162
947,23,27,-30.518316570181643,51.0639354049302,512.922
948,23,28,-23.89753246238502,57.93679276668802,509.828
949,23,29,-16.998764778010756,64.12788796625185,507.08
950,23,30,-9.923664661155213,69.87493890749481,504.851
951,23,31,-2.7524016706448236,75.37841847274593,503.271
952,23,32,4.44603095861023,80.81733225977294,502.417
953,23,33,11.605459579166514,86.36497582819739,502.305
954,23,34,18.65467071774677,92.20452119118065,502.891
955,23,35,25.50876042721269,98.54506775997353,504.08
956,23,36,32.05789585061588,105.63716053371041,505.731
957,23,37,38.1526683074096,113.78304904354273,507.674
958,23,38,43.58605988649265,123.32502138953647,509.727
959,23,39,48.07823090738043,134.5742200091424,511.715
960,24,0,49.86486154518861,149.8853867696683,512.634
961,24,1,52.294059304638665,163.73531651954,514.244
962,24,2,52.962000579047135,178.5739024913927,515.475
963,24,3,51.775941644769006,-166.76705990719023,516.28
964,24,4,48.900975004232656,-153.3635649818489,516.669
965,24,5,44.6664967754457,-141.73324180655626,516.698
966,24,6,39.42574726680828,-131.85830456871355,516.464
967,24,7,33.474258518423085,-123.4531830591226,516.096
968,24,8,27.033074234851945,-116.17351280020964,515.735
969,24,9,20.26152736150563,-109.70674433555493,515.519
970,24,10,13.275541576524889,-103.79244255210587,515.568
971,24,11,6.163248091430863,-98.21475298152254,515.969
972,24,12,-1.0032694117102479,-92.78734806324701,516.766
973,24,13,-8.158842817366883,-87.3375264641155,517.955
974,24,14,-15.237376811827652,-81.69066756780745,519.48
975,24,15,-22.16386994159029,-75.6546654737271,521.238
976,24,16,-28.84472897823176,-69.00418541096656,523.089
977,24,17,-35.15520222410907,-61.46677796372318,524.87
978,24,18,-40.92304084609096,-52.72022554280703,526.405
979,24,19,-45.9105747516285,-42.42635182203243,527.527
980,24,20,-49.80696203159441,-30.34830974664544,528.095
981,24,21,-52.25850133981958,-16.585968635142695,528.003
982,24,22,-52.968253617232286,-1.8130449003193239,527.199
983,24,23,-51.83532672450768,12.822269732635332,525.684
984,24,24,-49.013495540619445,26.24264547051034,523.523
985,24,25,-44.82366284334228,37.913116497744326,520.83
986,24,26,-39.61532941250574,47.83484394649619,517.77
987,24,27,-33.6835525900652,56.284143119638806,514.537
988,24,28,-27.250209363661234,63.60229124924103,511.344
989,24,29,-20.475897971248358,70.10165337661503,508.399
990,24,30,-13.477875685402761,76.04369938847269,505.891
991,24,31,-6.345583406418938,81.64562247023122,503.974
992,24,32,0.8475297861331444,87.09517086179594,502.751
993,24,33,8.034857808458225,92.56653487756967,502.269
994,24,34,15.148700465833375,98.23598120946295,502.515
995,24,35,22.112237126559577,104.29765798463337,503.418
996,24,36,28.829658165828125,110.97952959681929,504.858
997,24,37,35.173445659382175,118.5575220281109,506.677
998,24,38,40.96772394364118,127.35786560383548,508.698
999,24,39,45.97022279365022,137.72206295230453,510.74
1000,25,0,51.28429096793315,165.62808488195557,513.482
1001,25,1,52.86015221323849,-179.9017732283132,514.911
1002,25,2,52.595957081047814,-164.9970437045381,515.931
1003,25,3,50.53105087607497,-150.8609700095779,516.524
1004,25,4,46.93080693814248,-138.3182974857116,516.723
1005,25,5,42.15165527399286,-127.59103460172138,516.606
1006,25,6,36.523367662038076,-118.49371440088463,516.288
1007,25,7,30.303691535892334,-110.69340614229829,515.906
1008,25,8,23.680539060001006,-103.856004292522,515.601
1009,25,9,16.78933410258524,-97.69491411398204,515.504
1010,25,10,9.730421534062627,-91.97368128780172,515.72
1011,25,11,2.582626006323344,-86.4932057996752,516.317
1012,25,12,-4.586437449830889,-81.07594371231714,517.314
1013,25,13,-11.71211127550897,-75.55014991904757,518.681
1014,25,14,-18.724914090718475,-69.73443508607848,520.337
1015,25,15,-25.541895382423714,-63.42204938723356,522.162
1016,25,16,-32.055703359892306,-56.36544969151864,523.999
1017,25,17,-38.12008488997405,-48.266238694474204,525.679
1018,25,18,-43.532132127900816,-38.78608639065824,527.027
1019,25,19,-48.017052902984624,-27.615440069149326,527.888
1020,25,20,-51.23489162476103,-14.650467194184918,528.136
1021,25,21,-52.84342507996113,-0.26025840858823857,527.691
1022,25,22,-52.62807263052522,14.598433105540469,526.528
1023,25,23,-50.61764742946698,28.732655819235603,524.678
1024,25,24,-47.06704872151672,41.30626910004204,522.233
1025,25,25,-42.32663447524483,52.07865904387856,519.334
1026,25,26,-36.7243698840278,61.22212741784249,516.162
1027,25,27,-30.518316570181643,69.06392907563666,512.922
1028,25,28,-23.89753246238502,75.93678643739449,509.828
1029,25,29,-16.998764778010756,82.1278816369583,507.08
1030,25,30,-9.923664661155213,87.87493257820127,504.851
1031,25,31,-2.7524016706448236,93.37841214345241,503.271
1032,25,32,4.44603095861023,98.81732593047941,502.417
1033,25,33,11.605459579166514,104.36496949890385,502.305
1034,25,34,18.65467071774677,110.20451486188712,502.891
1035,25,35,25.50876042721269,116.54506143068,504.08
1036,25,36,32.05789585061588,123.63716103460605,505.731
1037,25,37,38.1526683074096,131.78304954443837,507.674
1038,25,38,43.58605988649265,141.32501506024295,509.727
1039,25,39,48.07823090738043,152.57421367984887,511.715
1040,26,0,49.86486154518861,167.8853941007531,512.634
1041,26,1,52.294059304638665,-178.26468616728786,514.244
1042,26,2,52.962000579047135,-163.42608653505684,515.475
1043,26,3,51.775941644769006,-148.7670525761054,516.28
1044,26,4,48.900975004232656,-135.3635576507641,516.669
1045,26,5,44.6664967754457,-123.73323447547145,516.698
1046,26,6,39.42574726680828,-113.85830406781793,516.464
1047,26,7,33.474258518423085,-105.45318255822696,516.096
1048,26,8,27.033074234851945,-98.17349863893567,515.735
1049,26,9,20.26152736150563,-91.70673700447013,515.519
1050,26,10,13.275541576524889,-85.79243522102107,515.568
1051,26,11,6.163248091430863,-80.21474565043773,515.969
1052,26,12,-1.0032694117102479,-74.7873407321622,516.766
1053,26,13,-8.158842817366883,-69.3375191330307,517.955
1054,26,14,-15.237376811827652,-63.69066023672265,519.48
1055,26,15,-22.16386994159029,-57.654658142642305,521.238
1056,26,16,-28.84472897823176,-51.00418149497634,523.089
1057,26,17,-35.15520222410907,-43.46677063263838,524.87
1058,26,18,-40.92304084609096,-34.72021821172222,526.405
1059,26,19,-45.9105747516285,-24.426342783400333,527.527
1060,26,20,-49.80696203159441,-12.348301561786991,528.095
1061,26,21,-52.25850133981958,1.4140380556118726,528.003
1062,26,22,-52.968253617232286,16.18696264420889,527.199
1063,26,23,-51.83532672450768,30.822277063720136,525.684
1064,26,24,-49.013495540619445,44.24265280159514,523.523
1065,26,25,-44.82366284334228,55.91312382882913,520.83
1066,26,26,-39.61532941250574,65.83485469267558,517.77
1067,26,27,-33.6835525900652,74.2841538658182,514.537
1068,26,28,-27.250209363661234,81.60229858032584,511.344
1069,26,29,-20.475897971248358,88.10166070769985,508.399
1070,26,30,-13.477875685402761,94.04370671955749,505.891
1071,26,31,-6.345583406418938,99.64562980131602,503.974
1072,26,32,0.8475297861331444,105.09517819288074,502.751
1073,26,33,8.034857808458225,110.56654220865447,502.269
1074,26,34,15.148700465833375,116.23598171035857,502.515
1075,26,35,22.112237126559577,122.29766531571818,503.418
1076,26,36,28.829658165828125,128.97954375809326,504.858
1077,26,37,35.173445659382175,136.55752935919568,506.677
1078,26,38,40.96772394364118,145.3578729349203,508.698
1079,26,39,45.97022279365022,155.72207028338934,510.74
1080,27,0,51.28429096793315,-176.37191780487228,513.482
1081,27,1,52.86015221323849,-161.90177955760674,514.911
1082,27,2,52.595957081047814,-146.99705003383164,515.931
1083,27,3,50.53105087607497,-132.86097633887144,516.524
1084,27,4,46.93080693814248,-120.31830381500515,516.723
1085,27,5,42.15165527399286,-109.59104093101492,516.606
1086,27,6,36.523367662038076,-100.49372756036733,516.288
1087,27,7,30.303691535892334,-92.69341247159183,515.906
1088,27,8,23.680539060001006,-85.85601062181554,515.601
1089,27,9,16.78933410258524,-79.69492044327558,515.504
1090,27,10,9.730421534062627,-73.97368761709527,515.72
1091,27,11,2.582626006323344,-68.49321212896874,516.317
1092,27,12,-4.586437449830889,-63.075950041610675,517.314
1093,27,13,-11.71211127550897,-57.55015624834111,518.681
1094,27,14,-18.724914090718475,-51.73444483046659,520.337
1095,27,15,-25.541895382423714,-45.4220557165271,522.162
1096,27,16,-32.055703359892306,-38.365456020812175,523.999
1097,27,17,-38.12008488997405,-30.266245023767738,525.679
1098,27,18,-43.532132127900816,-20.786094427499073,527.027
1099,27,19,-48.017052902984624,-9.615446398442863,527.888
1100,27,20,-51.23489162476103,3.3495271168517804,528.136
1101,27,21,-52.84342507996113,17.739734435025007,527.691
1102,27,22,-52.62807263052522,32.59842677624693,526.528
1103,27,23,-50.61764742946698,46.73264948994207,524.678
1104,27,24,-47.06704872151672,59.306266185843086,522.233
1105,27,25,-42.32663447524483,70.0786561296796,519.334
1106,27,26,-36.7243698840278,79.22212108854896,516.162
1107,27,27,-30.518316570181643,87.06392274634312,512.922
1108,27,28,-23.89753246238502,93.93678010810095,509.828
1109,27,29,-16.998764778010756,100.12787530766478,507.08
1110,27,30,-9.923664661155213,105.87492624890773,504.851
1111,27,31,-2.7524016706448236,111.37840581415887,503.271
1112,27,32,4.44603095861023,116.81732643137504,502.417
1113,27,33,11.605459579166514,122.36495633942114,502.305
1114,27,34,18.65467071774677,128.2045085325936,502.891
1115,27,35,25.50876042721269,134.54505510138645,504.08
1116,27,36,32.05789585061588,141.63715470531253,505.731
1117,27,37,38.1526683074096,149.78304321514483,507.674
1118,27,38,43.58605988649265,159.3250087309494,509.727
1119,27,39,48.07823090738043,170.57420735055533,511.715
1120,28,0,49.86486154518861,-174.11463590683144,512.634
1121,28,1,52.294059304638665,-160.26470615695976,514.244
1122,28,2,52.962000579047135,-145.4261065247287,515.475
1123,28,3,51.775941644769006,-130.7670725657773,516.28
1124,28,4,48.900975004232656,-117.36357764043598,516.669
1125,28,5,44.6664967754457,-105.7332612953325,516.698
1126,28,6,39.42574726680828,-95.85832405748981,516.464
1127,28,7,33.474258518423085,-87.45320254789883,516.096
1128,28,8,27.033074234851945,-80.17351862860754,515.735
1129,28,9,20.26152736150563,-73.706756994142,515.519
1130,28,10,13.275541576524889,-67.79245521069294,515.568
1131,28,11,6.163248091430863,-62.21476564010962,515.969
1132,28,12,-1.0032694117102479,-56.787360721834084,516.766
1133,28,13,-8.158842817366883,-51.33753912270257,517.955
1134,28,14,-15.237376811827652,-45.690676811299944,519.48
1135,28,15,-22.16386994159029,-39.65467813231418,521.238
1136,28,16,-28.84472897823176,-33.00420148464822,523.089
1137,28,17,-35.15520222410907,-25.46678891476296,524.87
1138,28,18,-40.92304084609096,-16.720236493846805,526.405
1139,28,19,-45.9105747516285,-6.426363199959033,527.527
1140,28,20,-49.80696203159441,5.651678021654309,528.095
1141,28,21,-52.25850133981958,19.41401870627023,528.003
1142,28,22,-52.968253617232286,34.18694094698972,527.199
1143,28,23,-51.83532672450768,48.82225707404826,525.684
1144,28,24,-49.013495540619445,62.242632811923265,523.523
1145,28,25,-44.82366284334228,73.91310383915726,520.83
1146,28,26,-39.61532941250574,83.83483470300371,517.77
1147,28,27,-33.6835525900652,92.28413387614633,514.537
1148,28,28,-27.250209363661234,99.60227859065395,511.344
1149,28,29,-20.475897971248358,106.10164071802797,508.399
1150,28,30,-13.477875685402761,112.04368672988562,505.891
1151,28,31,-6.345583406418938,117.64560981164415,503.974
1152,28,32,0.8475297861331444,123.09515820320885,502.751
1153,28,33,8.034857808458225,128.56652221898258,502.269
1154,28,34,15.148700465833375,134.2359617206867,502.515
1155,28,35,22.112237126559577,140.2976453260463,503.418
1156,28,36,28.829658165828125,146.9795237684214,504.858
1157,28,37,35.173445659382175,154.5575093695238,506.677
1158,28,38,40.96772394364118,163.3578529452484,508.698
1159,28,39,45.97022279365022,173.72205029371744,510.74
1160,29,0,51.28429096793315,-158.37191047378747,513.482
1161,29,1,52.86015221323849,-143.90177222652196,514.911
1162,29,2,52.595957081047814,-128.99704270274682,515.931
1163,29,3,50.53105087607497,-114.86096900778662,516.524
1164,29,4,46.93080693814248,-102.31829648392035,516.723
1165,29,5,42.15165527399286,-91.59103359993011,516.606
1166,29,6,36.523367662038076,-82.49372022928253,516.288
1167,29,7,30.303691535892334,-74.69340514050702,515.906
1168,29,8,23.680539060001006,-67.85600329073074,515.601
1169,29,9,16.78933410258524,-61.694913112190775,515.504
1170,29,10,9.730421534062627,-55.97367687091588,515.72
1171,29,11,2.582626006323344,-50.49320138278935,516.317
1172,29,12,-4.586437449830889,-45.07594271052587,517.314
1173,29,13,-11.71211127550897,-39.5501489172563,518.681
1174,29,14,-18.724914090718475,-33.73443749938179,520.337
1175,29,15,-25.541895382423714,-27.422046677895,522.162
1176,29,16,-32.055703359892306,-20.365450397274667,523.999
1177,29,17,-38.12008488997405,-12.266237692682934,525.679
1178,29,18,-43.532132127900816,-2.7860870964142688,527.027
1179,29,19,-48.017052902984624,8.384560932641941,527.888
1180,29,20,-51.23489162476103,21.34953380760635,528.136
1181,29,21,-52.84342507996113,35.7397434736571,527.691
1182,29,22,-52.62807263052522,50.598434107331734,526.528
1183,29,23,-50.61764742946698,64.73266023612146,524.678
1184,29,24,-47.06704872151672,77.30627351692789,522.233
1185,29,25,-42.32663447524483,88.0786634607644,519.334
1186,29,26,-36.7243698840278,97.22212841963376,516.162
1187,29,27,-30.518316570181643,105.06393007742793,512.922
1188,29,28,-23.89753246238502,111.93678743918575,509.828
1189,29,29,-16.998764778010756,118.1278758085604,507.08
1190,29,30,-9.923664661155213,123.87493357999254,504.851
1191,29,31,-2.7524016706448236,129.37841314524368,503.271
1192,29,32,4.44603095861023,134.81733376245984,502.417
1193,29,33,11.605459579166514,140.36496367050594,502.305
1194,29,34,18.65467071774677,146.20451586367838,502.891
1195,29,35,25.50876042721269,152.54506243247127,504.08
1196,29,36,32.05789585061588,159.6371620363973,505.731
1197,29,37,38.1526683074096,167.78305054622962,507.674
1198,29,38,43.58605988649265,177.3250160620342,509.727
1199,29,39,48.07823090738043,-171.4257816758942,511.715
1200,30,0,49.86486154518861,-156.11462857574665,512.634
1201,30,1,52.294059304638665,-142.26469882587494,514.244
1202,30,2,52.962000579047135,-127.4260991936439,515.475
1203,30,3,51.775941644769006,-112.76707206488167,516.28
1204,30,4,48.900975004232656,-99.36356347916201,516.669
1205,30,5,44.6664967754457,-87.7332539642477,516.698
1206,30,6,39.42574726680828,-77.858316726405,516.464
1207,30,7,33.474258518423085,-69.45319521681402,516.096
1208,30,8,27.033074234851945,-62.17351129752274,515.735
1209,30,9,20.26152736150563,-55.706753078151785,515.519
1210,30,10,13.275541576524889,-49.79244446451355,515.568
1211,30,11,6.163248091430863,-44.21475489393023,515.969
1212,30,12,-1.0032694117102479,-38.78735339074928,516.766
1213,30,13,-8.158842817366883,-33.337531791617764,517.955
1214,30,14,-15.237376811827652,-27.69066948021514,519.48
1215,30,15,-22.16386994159029,-21.654670801229376,521.238
1216,30,16,-28.84472897823176,-15.004194153563416,523.089
1217,30,17,-35.15520222410907,-7.466782437451803,524.87
1218,30,18,-40.92304084609096,1.2797705170728793,526.405
1219,30,19,-45.9105747516285,11.573644558012594,527.527
1220,30,20,-49.80696203159441,23.65168492585229,528.095
1221,30,21,-52.25850133981958,37.414024329807745,528.003
1222,30,22,-52.968253617232286,52.186948278074524,527.199
1223,30,23,-51.83532672450768,66.82226782022765,525.684
1224,30,24,-49.013495540619445,80.24264014300807,523.523
1225,30,25,-44.82366284334228,91.91311117024206,520.83
1226,30,26,-39.61532941250574,101.83484203408851,517.77
1227,30,27,-33.6835525900652,110.28414120723113,514.537
1228,30,28,-27.250209363661234,117.60229275192792,511.344
1229,30,29,-20.475897971248358,124.10165487930195,508.399
1230,30,30,-13.477875685402761,130.0437008911596,505.891
1231,30,31,-6.345583406418938,135.64561714272895,503.974
1232,30,32,0.8475297861331444,141.09516553429367,502.751
1233,30,33,8.034857808458225,146.5665295500674,502.269
1234,30,34,15.148700465833375,152.2359690517715,502.515
1235,30,35,22.112237126559577,158.2976526571311,503.418
1236,30,36,28.829658165828125,164.9795310995062,504.858
1237,30,37,35.173445659382175,172.55751670060863,506.677
1238,30,38,40.96772394364118,-178.64213608120113,508.698
1239,30,39,45.97022279365022,-168.27793873273208,510.74
1240,31,0,51.28429096793315,-140.37190314270268,513.482
1241,31,1,52.86015221323849,-125.90176489543714,514.911
1242,31,2,52.595957081047814,-110.99703537166204,515.931
1243,31,3,50.53105087607497,-96.86095484651266,516.524
1244,31,4,46.93080693814248,-84.31828915283555,516.723
1245,31,5,42.15165527399286,-73.5910262688453,516.606
1246,31,6,36.523367662038076,-64.49371289819773,516.288
1247,31,7,30.303691535892334,-56.693397809422216,515.906
1248,31,8,23.680539060001006,-49.85599595964593,515.601
1249,31,9,16.78933410258524,-43.694909196200555,515.504
1250,31,10,9.730421534062627,-37.97366953983108,515.72
1251,31,11,2.582626006323344,-32.49319405170454,516.317
1252,31,12,-4.586437449830889,-27.075935379441066,517.314
1253,31,13,-11.71211127550897,-21.550141586171502,518.681
1254,31,14,-18.724914090718475,-15.734428460749696,520.337
1255,31,15,-25.541895382423714,-9.422040200583844,522.162
1256,31,16,-32.055703359892306,-2.365442852746452,523.999
1257,31,17,-38.12008488997405,5.733769638401869,525.679
1258,31,18,-43.532132127900816,15.213920234670535,527.027
1259,31,19,-48.017052902984624,26.384568263726745,527.888
1260,31,20,-51.23489162476103,39.34954284623844,528.136
1261,31,21,-52.84342507996113,53.7397508047419,527.691
1262,31,22,-52.62807263052522,68.59843802332195,526.528
1263,31,23,-50.61764742946698,82.73266756720626,524.678
1264,31,24,-47.06704872151672,95.30628084801269,522.233
1265,31,25,-42.32663447524483,106.07867079184922,519.334
1266,31,26,-36.7243698840278,115.22213575071856,516.162
1267,31,27,-30.518316570181643,123.06393057832356,512.922
1268,31,28,-23.89753246238502,129.93679477027055,509.828
1269,31,29,-16.998764778010756,136.1278831396452,507.08
1270,31,30,-9.923664661155213,141.87494091107735,504.851
1271,31,31,-2.7524016706448236,147.37842047632847,503.271
1272,31,32,4.44603095861023,152.81734109354466,502.417
1273,31,33,11.605459579166514,158.36497100159073,502.305
1274,31,34,18.65467071774677,164.2045231947632,502.891
1275,31,35,25.50876042721269,170.54506976355606,504.08
1276,31,36,32.05789585061588,177.63716936748213,505.731
1277,31,37,38.1526683074096,-174.21695214059824,507.674
1278,31,38,43.58605988649265,-164.67498662479366,509.727
1279,31,39,48.07823090738043,-153.42577434480938,511.715
1280,32,0,49.86486154518861,-138.11462124466183,512.634
1281,32,1,52.294059304638665,-124.26469149479014,514.244
1282,32,2,52.962000579047135,-109.42609869274827,515.475
1283,32,3,51.775941644769006,-94.76706473379687,516.28
1284,32,4,48.900975004232656,-81.36355614807721,516.669
1285,32,5,44.6664967754457,-69.73324663316289,516.698
1286,32,6,39.42574726680828,-59.8583093953202,516.464
1287,32,7,33.474258518423085,-51.45318788572923,516.096
1288,32,8,27.033074234851945,-44.173507381532524,515.735
1289,32,9,20.26152736150563,-37.706745747066975,515.519
1290,32,10,13.275541576524889,-31.79243713342875,515.568
1291,32,11,6.163248091430863,-26.214747562845425,515.969
1292,32,12,-1.0032694117102479,-20.78734776721177,516.766
1293,32,13,-8.158842817366883,-15.337524460532963,517.955
1294,32,14,-15.237376811827652,-9.690662149130336,519.48
1295,32,15,-22.16386994159029,-3.654663897031396,521.238
1296,32,16,-28.84472897823176,2.9958138178516225,523.089
1297,32,17,-35.15520222410907,10.533224893633001,524.87
1298,32,18,-40.92304084609096,19.2797781683228,526.405
1299,32,19,-45.9105747516285,29.573650181550104,527.527
1300,32,20,-49.80696203159441,41.65169225693709,528.095
1301,32,21,-52.25850133981958,55.41403166089255,528.003
1302,32,22,-52.968253617232286,70.18695560915933,527.199
1303,32,23,-51.83532672450768,84.82227515131245,525.684
1304,32,24,-49.013495540619445,98.24264747409288,523.523
1305,32,25,-44.82366284334228,109.91311850132686,520.83
1306,32,26,-39.61532941250574,119.83484936517331,517.77
1307,32,27,-33.6835525900652,128.28414853831592,514.537
1308,32,28,-27.250209363661234,135.60230008301272,511.344
1309,32,29,-20.475897971248358,142.10166221038673,508.399
1310,32,30,-13.477875685402761,148.0437082222444,505.891
1311,32,31,-6.345583406418938,153.64562447381374,503.974
1312,32,32,0.8475297861331444,159.09517286537846,502.751
1313,32,33,8.034857808458225,164.5665368811522,502.269
1314,32,34,15.148700465833375,170.2359763828563,502.515
1315,32,35,22.112237126559577,176.2976599882159,503.418
1316,32,36,28.829658165828125,-177.02047158732168,504.858
1317,32,37,35.173445659382175,-169.44248598621925,506.677
1318,32,38,40.96772394364118,-160.6421287501163,508.698
1319,32,39,45.97022279365022,-150.27793140164727,510.74
1320,33,0,51.28429096793315,-122.37189581161788,513.482
1321,33,1,52.86015221323849,-107.9017643945415,514.911
1322,33,2,52.595957081047814,-92.99702804057723,515.931
1323,33,3,50.53105087607497,-78.86094751542785,516.524
1324,33,4,46.93080693814248,-66.31828182175074,516.723
1325,33,5,42.15165527399286,-55.5910189377605,516.606
1326,33,6,36.523367662038076,-46.493702152018344,516.288
1327,33,7,30.303691535892334,-38.69339047833741,515.906
1328,33,8,23.680539060001006,-31.855988628561132,515.601
1329,33,9,16.78933410258524,-25.694901865115753,515.504
1330,33,10,9.730421534062627,-19.973663916293564,515.72
1331,33,11,2.582626006323344,-14.493188428167034,516.317
1332,33,12,-4.586437449830889,-9.075928048356264,517.314
1333,33,13,-11.71211127550897,-3.550135108860344,518.681
1334,33,14,-18.724914090718475,2.265578230004872,520.337
1335,33,15,-25.541895382423714,8.57796713050096,522.162
1336,33,16,-32.055703359892306,15.63456426489494,523.999
1337,33,17,-38.12008488997405,23.733776969486673,525.679
1338,33,18,-43.532132127900816,33.21392927330263,527.027
1339,33,19,-48.017052902984624,44.38457388726425,527.888
1340,33,20,-51.23489162476103,57.34954676222866,528.136
1341,33,21,-52.84342507996113,71.7397581358267,527.691
1342,33,22,-52.62807263052522,86.59844535440676,526.528
1343,33,23,-50.61764742946698,100.73267489829107,524.678
1344,33,24,-47.06704872151672,113.30628817909749,522.233
1345,33,25,-42.32663447524483,124.07867812293402,519.334
1346,33,26,-36.7243698840278,133.22214308180335,516.162
1347,33,27,-30.518316570181643,141.06393790940837,512.922
1348,33,28,-23.89753246238502,147.93680210135537,509.828
1349,33,29,-16.998764778010756,154.12789047073002,507.08
1350,33,30,-9.923664661155213,159.87494824216213,504.851
1351,33,31,-2.7524016706448236,165.3784278074133,503.271
1352,33,32,4.44603095861023,170.81734842462944,502.417
1353,33,33,11.605459579166514,176.36497833267555,502.305
1354,33,34,18.65467071774677,-177.79546583168633,502.891
1355,33,35,25.50876042721269,-171.45491926289347,504.08
1356,33,36,32.05789585061588,-164.36283331934575,505.731
1357,33,37,38.1526683074096,-156.21694480951342,507.674
1358,33,38,43.58605988649265,-146.67497929370887,509.727
1359,33,39,48.07823090738043,-135.42576701372457,511.715
1360,34,0,49.86486154518861,-120.11464123433372,512.634
1361,34,1,52.294059304638665,-106.26470465427285,514.244
1362,34,2,52.962000579047135,-91.42611868242015,515.475
1363,34,3,51.775941644769006,-76.76708472346874,516.28
1364,34,4,48.900975004232656,-63.36357613774908,516.669
1365,34,5,44.6664967754457,-51.73326662283477,516.698
1366,34,6,39.42574726680828,-41.858325969897486,516.464
1367,34,7,33.474258518423085,-33.453207875401105,516.096
1368,34,8,27.033074234851945,-26.173527371204397,515.735
1369,34,9,20.26152736150563,-19.706765736738856,515.519
1370,34,10,13.275541576524889,-13.79245797687427,515.568
1371,34,11,6.163248091430863,-8.214768406290947,515.969
1372,34,12,-1.0032694117102479,-2.7873675434402347,516.766
1373,34,13,-8.158842817366883,2.662456190125395,517.955
1374,34,14,-15.237376811827652,8.309317861197787,519.48
1375,34,15,-22.16386994159029,14.34531654018355,521.238
1376,34,16,-28.84472897823176,20.99579318784951,523.089
1377,34,17,-35.15520222410907,28.53320575773477,524.87
1378,34,18,-40.92304084609096,37.27975647110363,526.405
1379,34,19,-45.9105747516285,47.57363019187823,527.527
1380,34,20,-49.80696203159441,59.6516756823598,528.095
1381,34,21,-52.25850133981958,73.41401508631526,528.003
1382,34,22,-52.968253617232286,88.18693561948746,527.199
1383,34,23,-51.83532672450768,102.82225516164057,525.684
1384,34,24,-49.013495540619445,116.24262065423183,523.523
1385,34,25,-44.82366284334228,127.91309168146581,520.83
1386,34,26,-39.61532941250574,137.83482937550144,517.77
1387,34,27,-33.6835525900652,146.28412854864405,514.537
1388,34,28,-27.250209363661234,153.60228009334085,511.344
1389,34,29,-20.475897971248358,160.10164222071487,508.399
1390,34,30,-13.477875685402761,166.04368823257252,505.891
1391,34,31,-6.345583406418938,171.64560448414187,503.974
1392,34,32,0.8475297861331444,177.0951528757066,502.751
1393,34,33,8.034857808458225,-177.433479466054,502.269
1394,34,34,15.148700465833375,-171.7640399643499,502.515
1395,34,35,22.112237126559577,-165.7023563589903,503.418
1396,34,36,28.829658165828125,-159.02049157699355,504.858
1397,34,37,35.173445659382175,-151.44250597589112,506.677
1398,34,38,40.96772394364118,-142.64214873978818,508.698
1399,34,39,45.97022279365022,-132.27795139131914,510.74
1400,35,0,51.28429096793315,-104.37191580128975,513.482
1401,35,1,52.86015221323849,-89.90178438421339,514.911
1402,35,2,52.595957081047814,-74.9970480302491,515.931
1403,35,3,50.53105087607497,-60.86096750509973,516.524
1404,35,4,46.93080693814248,-48.31829839632804,516.723
1405,35,5,42.15165527399286,-37.59103892743238,516.606
1406,35,6,36.523367662038076,-28.493722141690217,516.288
1407,35,7,30.303691535892334,-20.693412175556585,515.906
1408,35,8,23.680539060001006,-13.856008618233007,515.601
1409,35,9,16.78933410258524,-7.694921001013984,515.504
1410,35,10,9.730421534062627,-1.9736830521917959,515.72
1411,35,11,2.582626006323344,3.506792222491324,516.317
1412,35,12,-4.586437449830889,8.92405196197186,517.314
1413,35,13,-11.71211127550897,14.449845755241427,518.681
1414,35,14,-18.724914090718475,20.26555888066323,520.337
1415,35,15,-25.541895382423714,26.57794799460273,522.162
1416,35,16,-32.055703359892306,33.634545982770355,523.999
1417,35,17,-38.12008488997405,41.73375697981479,525.679
1418,35,18,-43.532132127900816,51.213909283630755,527.027
1419,35,19,-48.017052902984624,62.384557312686965,527.888
1420,35,20,-51.23489162476103,75.34952677255679,528.136
1421,35,21,-52.84342507996113,89.73973814615483,527.691
1422,35,22,-52.62807263052522,104.59842536473488,526.528
1423,35,23,-50.61764742946698,118.73264807843002,524.678
1424,35,24,-47.06704872151672,131.30626135923646,522.233
1425,35,25,-42.32663447524483,142.07865813326214,519.334
1426,35,26,-36.7243698840278,151.22212309213148,516.162
1427,35,27,-30.518316570181643,159.0639179197365,512.922
1428,35,28,-23.89753246238502,165.93678211168347,509.828
1429,35,29,-16.998764778010756,172.12787048105812,507.08
1430,35,30,-9.923664661155213,177.87492825249026,504.851
1431,35,31,-2.7524016706448236,-176.62158853979292,503.271
1432,35,32,4.44603095861023,-171.1826815829551,502.417
1433,35,33,11.605459579166514,-165.63503801453066,502.305
1434,35,34,18.65467071774677,-159.79548582135823,502.891
1435,35,35,25.50876042721269,-153.45493925256534,504.08
1436,35,36,32.05789585061588,-146.36285330901762,505.731
1437,35,37,38.1526683074096,-138.21696479918532,507.674
1438,35,38,43.58605988649265,-128.67499928338074,509.727
1439,35,39,48.07823090738043,-117.42578700339645,511.715
1440,36,0,49.86486154518861,-102.11462707305974,512.634
1441,36,1,52.294059304638665,-88.26469732318805,514.244
1442,36,2,52.962000579047135,-73.42611135133535,515.475
1443,36,3,51.775941644769006,-58.76707739238394,516.28
1444,36,4,48.900975004232656,-45.363568806664276,516.669
1445,36,5,44.6664967754457,-33.73325929174997,516.698
1446,36,6,39.42574726680828,-23.858318638812683,516.464
1447,36,7,33.474258518423085,-15.4532005443163,516.096
1448,36,8,27.033074234851945,-8.173520040119595,515.735
1449,36,9,20.26152736150563,-1.7067577653238166,515.519
1450,36,10,13.275541576524889,4.207549354210534,515.568
1451,36,11,6.163248091430863,9.785238924793857,515.969
1452,36,12,-1.0032694117102479,15.212639574201157,516.766
1453,36,13,-8.158842817366883,20.662462880879964,517.955
1454,36,14,-15.237376811827652,26.30932519228259,519.48
1455,36,15,-22.16386994159029,32.345323871268356,521.238
1456,36,16,-28.84472897823176,38.99580051893432,523.089
1457,36,17,-35.15520222410907,46.53321138127228,524.87
1458,36,18,-40.92304084609096,55.279763802188434,526.405
1459,36,19,-45.9105747516285,65.57364093805762,527.527
1460,36,20,-49.80696203159441,77.65168301344461,528.095
1461,36,21,-52.25850133981958,91.41402241740006,528.003
1462,36,22,-52.968253617232286,106.18694295057226,527.199
1463,36,23,-51.83532672450768,120.82226249272537,525.684
1464,36,24,-49.013495540619445,134.24262798531663,523.523
1465,36,25,-44.82366284334228,145.91309901255062,520.83
1466,36,26,-39.61532941250574,155.83483670658623,517.77
1467,36,27,-33.6835525900652,164.28413587972886,514.537
1468,36,28,-27.250209363661234,171.60228742442567,511.344
1469,36,29,-20.475897971248358,178.10164955179968,508.399
1470,36,30,-13.477875685402761,-175.95631445425533,505.891
1471,36,31,-6.345583406418938,-170.35438454230766,503.974
1472,36,32,0.8475297861331444,-164.90483615074294,502.751
1473,36,33,8.034857808458225,-159.4334721349692,502.269
1474,36,34,15.148700465833375,-153.7640326332651,502.515
1475,36,35,22.112237126559577,-147.7023490279055,503.418
1476,36,36,28.829658165828125,-141.02048424590873,504.858
1477,36,37,35.173445659382175,-133.4424986448063,506.677
1478,36,38,40.96772394364118,-124.6421414087034,508.698
1479,36,39,45.97022279365022,-114.27795089042351,510.74
1480,37,0,51.28429096793315,-86.37190847020494,513.482
1481,37,1,52.86015221323849,-71.90177705312858,514.911
1482,37,2,52.595957081047814,-56.99703728406972,515.931
1483,37,3,50.53105087607497,-42.86096017401493,516.524
1484,37,4,46.93080693814248,-30.318291065243233,516.723
1485,37,5,42.15165527399286,-19.591033303894868,516.606
1486,37,6,36.523367662038076,-10.493715664379062,516.288
1487,37,7,30.303691535892334,-2.6934044175849574,515.906
1488,37,8,23.680539060001006,4.143998712851796,515.601
1489,37,9,16.78933410258524,10.30508633007082,515.504
1490,37,10,9.730421534062627,16.02632342511936,515.72
1491,37,11,2.582626006323344,21.50679891324589,516.317
1492,37,12,-4.586437449830889,26.924059293056665,517.314
1493,37,13,-11.71211127550897,32.44985308632623,518.681
1494,37,14,-18.724914090718475,38.26556450420074,520.337
1495,37,15,-25.541895382423714,44.57795361814024,522.162
1496,37,16,-32.055703359892306,51.63455331385516,523.999
1497,37,17,-38.12008488997405,59.73376089580501,525.679
1498,37,18,-43.532132127900816,69.21391319962098,527.027
1499,37,19,-48.017052902984624,80.38456464377177,527.888
1500,37,20,-51.23489162476103,93.34953410364159,528.136
1501,37,21,-52.84342507996113,107.73974547723964,527.691
1502,37,22,-52.62807263052522,122.59843952600886,526.528
1503,37,23,-50.61764742946698,136.73265540951482,524.678
1504,37,24,-47.06704872151672,149.30626869032125,522.233
1505,37,25,-42.32663447524483,160.07866546434695,519.334
1506,37,26,-36.7243698840278,169.2221304232163,516.162
1507,37,27,-30.518316570181643,177.06392525082128,512.922
1508,37,28,-23.89753246238502,-176.06320691476606,509.828
1509,37,29,-16.998764778010756,-169.87211854539137,507.08
1510,37,30,-9.923664661155213,-164.12506077395926,504.851
1511,37,31,-2.7524016706448236,-158.62158120870814,503.271
1512,37,32,4.44603095861023,-153.18267425187028,502.417
1513,37,33,11.605459579166514,-147.63503068344585,502.305
1514,37,34,18.65467071774677,-141.7954784902734,502.891
1515,37,35,25.50876042721269,-135.45493192148052,504.08
1516,37,36,32.05789585061588,-128.3628459779328,505.731
1517,37,37,38.1526683074096,-120.2169574681005,507.674
1518,37,38,43.58605988649265,-110.67498512210676,509.727
1519,37,39,48.07823090738043,-99.42578650250083,511.715
1520,38,0,49.86486154518861,-84.11461974197493,512.634
1521,38,1,52.294059304638665,-70.26468999210324,514.244
1522,38,2,52.962000579047135,-55.42610402025054,515.475
1523,38,3,51.775941644769006,-40.76707006129914,516.28
1524,38,4,48.900975004232656,-27.363561475579473,516.669
1525,38,5,44.6664967754457,-15.73325025311787,516.698
1526,38,6,39.42574726680828,-5.858311734614705,516.464
1527,38,7,33.474258518423085,2.546807000211916,516.096
1528,38,8,27.033074234851945,9.82648729096521,515.735
1529,38,9,20.26152736150563,16.293248925430753,515.519
1530,38,10,13.275541576524889,22.207557539068983,515.568
1531,38,11,6.163248091430863,27.785247109652307,515.969
1532,38,12,-1.0032694117102479,33.212648612833256,516.766
1533,38,13,-8.158842817366883,38.66247021196477,517.955
1534,38,14,-15.237376811827652,44.309332523367395,519.48
1535,38,15,-22.16386994159029,50.34533120235316,521.238
1536,38,16,-28.84472897823176,56.99580785001912,523.089
1537,38,17,-35.15520222410907,64.53321871235708,524.87
1538,38,18,-40.92304084609096,73.27977454836783,526.405
1539,38,19,-45.9105747516285,83.57364826914242,527.527
1540,38,20,-49.80696203159441,95.65169034452941,528.095
1541,38,21,-52.25850133981958,109.41402974848486,528.003
1542,38,22,-52.968253617232286,124.18695028165706,527.199
1543,38,23,-51.83532672450768,138.8222698238102,525.684
1544,38,24,-49.013495540619445,152.24263531640145,523.523
1545,38,25,-44.82366284334228,163.91310634363543,520.83
1546,38,26,-39.61532941250574,173.83484403767105,517.77
1547,38,27,-33.6835525900652,-177.71585314672066,514.537
1548,38,28,-27.250209363661234,-170.39771526240222,511.344
1549,38,29,-20.475897971248358,-163.8983531350282,508.399
1550,38,30,-13.477875685402761,-157.95630712317055,505.891
1551,38,31,-6.345583406418938,-152.35437721122284,503.974
1552,38,32,0.8475297861331444,-146.90482881965812,502.751
1553,38,33,8.034857808458225,-141.4334648038844,502.269
1554,38,34,15.148700465833375,-135.7640253021803,502.515
1555,38,35,22.112237126559577,-129.7023416968207,503.418
1556,38,36,28.829658165828125,-123.02047691482394,504.858
1557,38,37,35.173445659382175,-115.44249131372152,506.677
1558,38,38,40.96772394364118,-106.64214090780776,508.698
1559,38,39,45.97022279365022,-96.27794355933871,510.74
1560,39,0,51.28429096793315,-68.37190113912014,513.482
1561,39,1,52.86015221323849,-53.90176630694919,514.911
1562,39,2,52.595957081047814,-38.99702995298492,515.931
1563,39,3,50.53105087607497,-24.86095284293012,516.524
1564,39,4,46.93080693814248,-12.318284587932078,516.723
1565,39,5,42.15165527399286,-1.5910254392015337,516.606
1566,39,6,36.523367662038076,7.506291666705742,516.288
1567,39,7,30.303691535892334,15.306602486613023,515.906
1568,39,8,23.680539060001006,22.1440060439366,515.601
1569,39,9,16.78933410258524,28.305092807381975,515.504
1570,39,10,9.730421534062627,34.02633246375146,515.72
1571,39,11,2.582626006323344,39.50680795187799,516.317
1572,39,12,-4.586437449830889,44.92406662414147,517.314
1573,39,13,-11.71211127550897,50.44986041741103,518.681
1574,39,14,-18.724914090718475,56.26557183528554,520.337
1575,39,15,-25.541895382423714,62.577960949225044,522.162
1576,39,16,-32.055703359892306,69.63455722984538,523.999
1577,39,17,-38.12008488997405,77.73376822688982,525.679
1578,39,18,-43.532132127900816,87.21392053070578,527.027
1579,39,19,-48.017052902984624,98.38457197485657,527.888
1580,39,20,-51.23489162476103,111.34954143472639,528.136
1581,39,21,-52.84342507996113,125.73975280832444,527.691
1582,39,22,-52.62807263052522,140.59844685709365,526.528
1583,39,23,-50.61764742946698,154.73266274059964,524.678
1584,39,24,-47.06704872151672,167.30627602140606,522.233
1585,39,25,-42.32663447524483,178.07867279543174,519.334
1586,39,26,-36.7243698840278,-172.77785860323323,516.162
1587,39,27,-30.518316570181643,-164.93606377562824,512.922
1588,39,28,-23.89753246238502,-158.06319958368124,509.828
1589,39,29,-16.998764778010756,-151.87211121430659,507.08
1590,39,30,-9.923664661155213,-146.12505344287445,504.851
1591,39,31,-2.7524016706448236,-140.62157387762332,503.271
1592,39,32,4.44603095861023,-135.1826669207855,502.417
1593,39,33,11.605459579166514,-129.63502335236106,502.305
1594,39,34,18.65467071774677,-123.79547115918861,502.891
1595,39,35,25.50876042721269,-117.45492459039573,504.08
1596,39,36,32.05789585061588,-110.36283181665884,505.731
1597,39,37,38.1526683074096,-102.21694330682654,507.674
1598,39,38,43.58605988649265,-92.67497779102196,509.727
1599,39,39,48.07823090738043,-81.42577917141602,511.715
