0,0,0,46.658056994016356,-75.99808055500618,511.049
1,0,1,50.348152070480374,-63.552021056949734,512.907
2,0,2,52.51909696231766,-49.48634953685943,514.463
3,0,3,52.89789925368657,-34.5934225799701,515.629
4,0,4,51.43228750686899,-20.07012838548895,516.368
5,0,5,48.32200035885818,-6.924652820668143,516.696
6,0,6,43.90861215495192,4.421243348338607,516.676
7,0,7,38.539755618241735,14.045396957312766,516.413
8,0,8,32.499300240822535,22.252971466860398,516.036
9,0,9,25.997540717049848,29.386888903979862,515.689
10,0,10,19.185864774782416,35.75184315377178,515.506
11,0,11,12.174961605935822,41.6005102343916,515.605
12,0,12,5.049759917084119,47.143096047735646,516.066
13,0,13,-2.1192700284544985,52.56276919187072,516.926
14,0,14,-9.267314217768252,58.03152066028693,518.172
15,0,15,-16.3274715882671,63.725671786408135,519.741
16,0,16,-23.222506574259953,69.84144365980507,521.523
17,0,17,-29.85490371119289,76.61072120279964,523.375
18,0,18,-36.093707782109256,84.31407492611766,525.129
19,0,19,-41.75758409473438,93.27984568353995,526.61
20,0,20,-46.597452725510834,103.84105983861802,527.655
21,0,21,-50.292318689110104,116.20027348137775,528.125
22,0,22,-52.48889728090245,130.18003146699306,527.925
23,0,23,-52.91195919809304,145.0129347214563,527.008
24,0,24,-51.50021032307018,159.519518858133,525.388
25,0,25,-48.44217753730456,172.6867575400836,523.134
26,0,26,-44.07165560062929,-175.92519611239678,520.373
27,0,27,-38.7332309717661,-166.25427662506235,517.272
28,0,28,-32.710554576756444,-158.00329882466022,514.032
29,0,29,-26.214894411912578,-150.83185974333531,510.864
30,0,30,-19.398927403299087,-144.43514169880825,507.975
31,0,31,-12.374654992925839,-138.55937584265638,505.55
32,0,32,-5.228341189349626,-132.99296291439276,503.736
33,0,33,1.9681853902401703,-127.5513512026436,502.627
34,0,34,9.148637973391988,-122.06101292135557,502.261
35,0,35,16.24450869551354,-116.34393968037979,502.615
36,0,36,23.17666917474,-110.20178961640828,503.611
37,0,37,29.845327785976533,-103.39992524088358,505.121
38,0,38,36.11662648186923,-95.65422434471148,506.983
39,0,39,41.805484211383686,-86.63224113041998,509.02
40,1,0,48.670971799027065,-61.002195326568085,512.008
41,1,1,51.64432389946286,-47.68667323773652,513.729
42,1,2,52.94214180403532,-33.07181694233676,515.098
43,1,3,52.388271518955236,-18.210933817938553,516.052
44,1,4,50.06288921979479,-4.28414224178941,516.58
45,1,5,46.25541051225494,7.976831936364383,516.724
46,1,6,41.32406515792451,18.431919465892438,516.567
47,1,7,35.588731406202704,27.304384716610482,516.23
48,1,8,29.29546682193924,34.93385286858188,515.85
49,1,9,22.622766446261352,41.64853329444596,515.569
50,1,10,15.699555222394904,47.72674937269157,515.515
51,1,11,8.62201587423202,53.39816962925498,515.787
52,1,12,1.46663862307061,58.85746811585989,516.446
53,1,13,-5.699951237387021,64.28026948663484,517.504
54,1,14,-12.812860293279993,69.83881403697461,518.922
55,1,15,-19.80111113974424,75.71738027068616,520.614
56,1,16,-26.57875907956667,82.12810703320092,522.451
57,1,17,-33.03343810939046,89.3260472485055,524.275
58,1,18,-39.01132212382317,97.61745976879409,525.914
59,1,19,-44.29904967357194,107.34285684494853,527.196
60,1,20,-48.61026849277857,118.79465253571539,527.969
61,1,21,-51.598667499955916,132.02109529739164,528.113
62,1,22,-52.932176558036275,146.5597813231674,527.557
63,1,23,-52.42879503130092,161.38142842587848,526.283
64,1,24,-50.15775030208251,175.31261010611667,524.333
65,1,25,-46.398475654610024,-172.39204853777588,521.807
66,1,26,-41.50394501990596,-161.89106982098818,518.853
67,1,27,-35.792633043495094,-152.9729191424592,515.656
68,1,28,-29.511150535549902,-145.30287625172335,512.425
69,1,29,-22.83918952784967,-138.55366580451025,509.372
70,1,30,-15.906982944846314,-132.44617895057655,506.695
71,1,31,-8.812037713357297,-126.74947333370577,504.56
72,1,32,-1.6321759415686854,-121.26748154358349,503.09
73,1,33,5.564568777187728,-115.8230967750313,502.351
74,1,34,12.7117401963916,-110.24254535518574,502.352
75,1,35,19.73666830492517,-104.33962266689393,503.04
76,1,36,26.551320502123435,-97.89981295889325,504.311
77,1,37,33.04079080803198,-90.66490092961139,506.019
78,1,38,39.04794559815278,-82.32470719827057,507.991
79,1,39,44.35516992288735,-72.53487411748623,510.046
80,2,0,46.658056994016356,-57.998080054110545,511.049
81,2,1,50.348152070480374,-45.552023971148685,512.907
82,2,2,52.51909696231766,-31.486349035963794,514.463
83,2,3,52.89789925368657,-16.59342037152718,515.629
84,2,4,51.43228750686899,-2.0701278845933144,516.368
85,2,5,48.32200035885818,11.075347253340666,516.696
86,2,6,43.90861215495192,22.421243422347416,516.676
87,2,7,38.539755618241735,32.04539660443476,516.413
88,2,8,32.499300240822535,40.25297196775603,516.036
89,2,9,25.997540717049848,47.3868894048755,515.689
90,2,10,19.185864774782416,53.75184365466741,515.506
91,2,11,12.174961605935822,59.60051073528724,515.605
92,2,12,5.049759917084119,65.14309996372586,516.066
93,2,13,-2.1192700284544985,70.56277310786093,516.926
94,2,14,-9.267314217768252,76.03152116118255,518.172
95,2,15,-16.3274715882671,81.72567228730377,519.741
96,2,16,-23.222506574259953,87.8414441607007,521.523
97,2,17,-29.85490371119289,94.61072170369528,523.375
98,2,18,-36.093707782109256,102.31407542701328,525.129
99,2,19,-41.75758409473438,111.27984618443558,526.61
100,2,20,-46.597452725510834,121.84105350932448,527.655
101,2,21,-50.292318689110104,134.20026715208422,528.125
102,2,22,-52.48889728090245,148.18003879807785,527.925
103,2,23,-52.91195919809304,163.0129420525411,527.008
104,2,24,-51.50021032307018,177.51951252883947,525.388
105,2,25,-48.44217753730456,-169.31323148636594,523.134
106,2,26,-44.07165560062929,-157.92518878131196,520.373
107,2,27,-38.7332309717661,-148.2542829543559,517.272
108,2,28,-32.710554576756444,-140.00329149357543,514.032
109,2,29,-26.214894411912578,-132.8318524122505,510.864
110,2,30,-19.398927403299087,-126.43514802810178,507.975
111,2,31,-12.374654992925839,-120.55936851157159,505.55
112,2,32,-5.228341189349626,-114.99296924368629,503.736
113,2,33,1.9681853902401703,-109.5513438715588,502.627
114,2,34,9.148637973391988,-104.06101242045993,502.261
115,2,35,16.24450869551354,-98.34393234929499,502.615
116,2,36,23.17666917474,-92.20178911551265,503.611
117,2,37,29.845327785976533,-85.39992473998794,505.121
118,2,38,36.11662648186923,-77.65422384381584,506.983
119,2,39,41.805484211383686,-68.63224062952435,509.02
120,3,0,48.670971799027065,-43.002191410577865,512.008
121,3,1,51.64432389946286,-29.68667273684089,513.729
122,3,2,52.94214180403532,-15.071814733893834,515.098
123,3,3,52.388271518955236,-0.2109329034963089,516.052
124,3,4,50.06288921979479,13.715858259106223,516.58
125,3,5,46.25541051225494,25.97683158348637,516.724
126,3,6,41.32406515792451,36.43191825924078,516.567
127,3,7,35.588731406202704,45.304385217506116,516.23
128,3,8,29.29546682193924,52.93385336947752,515.85
129,3,9,22.622766446261352,59.64853379534159,515.569
130,3,10,15.699555222394904,65.72674645849263,515.515
131,3,11,8.62201587423202,71.3981735452452,515.787
132,3,12,1.46663862307061,76.85746861675553,516.446
133,3,13,-5.699951237387021,82.28026998753046,517.504
134,3,14,-12.812860293279993,87.83881453787025,518.922
135,3,15,-19.80111113974424,93.7173807715818,520.614
136,3,16,-26.57875907956667,100.12810753409656,522.451
137,3,17,-33.03343810939046,107.32604774940113,524.275
138,3,18,-39.01132212382317,115.6174670998789,525.914
139,3,19,-44.29904967357194,125.342850515655,527.196
140,3,20,-48.61026849277857,136.7946598668002,527.969
141,3,21,-51.598667499955916,150.0210889680981,528.113
142,3,22,-52.932176558036275,164.55978865425223,527.557
143,3,23,-52.42879503130092,179.3814357569633,526.283
144,3,24,-50.15775030208251,-166.6873925807112,524.333
145,3,25,-46.398475654610024,-154.39205486706942,521.807
146,3,26,-41.50394501990596,-143.89106248990336,518.853
147,3,27,-35.792633043495094,-134.9729118113744,515.656
148,3,28,-29.511150535549902,-127.30288258101687,512.425
149,3,29,-22.83918952784967,-120.5536721338038,509.372
150,3,30,-15.906982944846314,-114.44617844968093,506.695
151,3,31,-8.812037713357297,-108.7494796629993,504.56
152,3,32,-1.6321759415686854,-103.26748104268786,503.09
153,3,33,5.564568777187728,-97.82309627413566,502.351
154,3,34,12.7117401963916,-92.24254485429012,502.352
155,3,35,19.73666830492517,-86.33962216599829,503.04
156,3,36,26.551320502123435,-79.89981245799763,504.311
157,3,37,33.04079080803198,-72.66490042871577,506.019
158,3,38,39.04794559815278,-64.32470669737494,507.991
159,3,39,44.35516992288735,-54.534877031685184,510.046
160,4,0,46.658056994016356,-39.9980829683095,511.049
161,4,1,50.348152070480374,-27.55202176270576,512.907
162,4,2,52.51909696231766,-13.486350242615455,514.463
163,4,3,52.89789925368657,1.4065799159250418,515.629
164,4,4,51.43228750686899,15.929872616302319,516.368
165,4,5,48.32200035885818,29.075346900462655,516.696
166,4,6,43.90861215495192,40.421243923243054,516.676
167,4,7,38.539755618241735,50.04539710533039,516.413
168,4,8,32.499300240822535,58.25297588374625,516.036
169,4,9,25.997540717049848,65.38688990577113,515.689
170,4,10,19.185864774782416,71.75184074046847,515.506
171,4,11,12.174961605935822,77.60051123618287,515.605
172,4,12,5.049759917084119,83.1431004646215,516.066
173,4,13,-2.1192700284544985,88.56277360875657,516.926
174,4,14,-9.267314217768252,94.03152166207819,518.172
175,4,15,-16.3274715882671,99.7256727881994,519.741
176,4,16,-23.222506574259953,105.84144466159633,521.523
177,4,17,-29.85490371119289,112.61072220459091,523.375
178,4,18,-36.093707782109256,120.3140827580981,525.129
179,4,19,-41.75758409473438,129.2798535155204,526.61
180,4,20,-46.597452725510834,139.84106084040928,527.655
181,4,21,-50.292318689110104,152.200274483169,528.125
182,4,22,-52.48889728090245,166.1800324687843,527.925
183,4,23,-52.91195919809304,-178.98706063428676,527.008
184,4,24,-51.50021032307018,-164.48047649761003,525.388
185,4,25,-48.44217753730456,-151.31323781565945,523.134
186,4,26,-44.07165560062929,-139.9251951106055,520.373
187,4,27,-38.7332309717661,-130.2542756232711,517.272
188,4,28,-32.710554576756444,-122.00329782286896,514.032
189,4,29,-26.214894411912578,-114.83185874154404,510.864
190,4,30,-19.398927403299087,-108.43514069701698,507.975
191,4,31,-12.374654992925839,-102.55936801067595,505.55
192,4,32,-5.228341189349626,-96.99296874279067,503.736
193,4,33,1.9681853902401703,-91.55134337066316,502.627
194,4,34,9.148637973391988,-86.06101191956431,502.261
195,4,35,16.24450869551354,-80.34393184839936,502.615
196,4,36,23.17666917474,-74.20178861461702,503.611
197,4,37,29.845327785976533,-67.3999242390923,505.121
198,4,38,36.11662648186923,-59.65422334292022,506.983
199,4,39,41.805484211383686,-50.63223671353413,509.02
200,5,0,48.670971799027065,-25.00219261722952,512.008
201,5,1,51.64432389946286,-11.68667138217161,513.729
202,5,2,52.94214180403532,2.9281853401149758,515.098
203,5,3,52.388271518955236,17.789067183852715,516.052
204,5,4,50.06288921979479,31.715857052454563,516.58
205,5,5,46.25541051225494,43.976832084382,516.724
206,5,6,41.32406515792451,54.43191876013641,516.567
207,5,7,35.588731406202704,63.30438571840175,516.23
208,5,8,29.29546682193924,70.93385728546774,515.85
209,5,9,22.622766446261352,77.64853429623723,515.569
210,5,10,15.699555222394904,83.72674695938825,515.515
211,5,11,8.62201587423202,89.39817404614084,515.787
212,5,12,1.46663862307061,94.85746911765115,516.446
213,5,13,-5.699951237387021,100.2802704884261,517.504
214,5,14,-12.812860293279993,105.83881503876587,518.922
215,5,15,-19.80111113974424,111.71738127247743,520.614
216,5,16,-26.57875907956667,118.1281080349922,522.451
217,5,17,-33.03343810939046,125.32604825029676,524.275
218,5,18,-39.01132212382317,133.61746077058535,525.914
219,5,19,-44.29904967357194,143.3428578467398,527.196
220,5,20,-48.61026849277857,154.79465353750666,527.969
221,5,21,-51.598667499955916,168.02109629918291,528.113
222,5,22,-52.932176558036275,-177.44021403257562,527.557
223,5,23,-52.42879503130092,-162.61856692986456,526.283
224,5,24,-50.15775030208251,-148.6873852496264,524.333
225,5,25,-46.398475654610024,-136.39204753598463,521.807
226,5,26,-41.50394501990596,-125.8910688191969,518.853
227,5,27,-35.792633043495094,-116.97291814066793,515.656
228,5,28,-29.511150535549902,-109.30288208012124,512.425
229,5,29,-22.83918952784967,-102.553664802719,509.372
230,5,30,-15.906982944846314,-96.44617794878529,506.695
231,5,31,-8.812037713357297,-90.74947916210367,504.56
232,5,32,-1.6321759415686854,-85.26748054179222,503.09
233,5,33,5.564568777187728,-79.82309577324004,502.351
234,5,34,12.7117401963916,-74.24254435339448,502.352
235,5,35,19.73666830492517,-68.33962166510265,503.04
236,5,36,26.551320502123435,-61.89981195710199,504.311
237,5,37,33.04079080803198,-54.66490334291472,506.019
238,5,38,39.04794559815278,-46.32470961157389,507.991
239,5,39,44.35516992288735,-36.53487653078955,510.046
240,6,0,46.658056994016356,-21.99808075986657,511.049
241,6,1,50.348152070480374,-9.552021261810125,512.907
242,6,2,52.51909696231766,4.5136506851670015,514.463
243,6,3,52.89789925368657,19.406580630264088,515.629
244,6,4,51.43228750686899,33.92987311719795,516.368
245,6,5,48.32200035885818,47.075347401358286,516.696
246,6,6,43.90861215495192,58.421244424138685,516.676
247,6,7,38.539755618241735,68.04539760622602,516.413
248,6,8,32.499300240822535,76.25297638464188,516.036
249,6,9,25.997540717049848,83.38689040666677,515.689
250,6,10,19.185864774782416,89.75184124136409,515.506
251,6,11,12.174961605935822,95.6005117370785,515.605
252,6,12,5.049759917084119,101.14310096551714,516.066
253,6,13,-2.1192700284544985,106.56277410965221,516.926
254,6,14,-9.267314217768252,112.03152216297383,518.172
255,6,15,-16.3274715882671,117.72567328909504,519.741
256,6,16,-23.222506574259953,123.84145199268113,521.523
257,6,17,-29.85490371119289,130.61072953567572,523.375
258,6,18,-36.093707782109256,138.31407642880455,525.129
259,6,19,-41.75758409473438,147.27984718622685,526.61
260,6,20,-46.597452725510834,157.84105451111574,527.655
261,6,21,-50.292318689110104,170.20026815387547,528.125
262,6,22,-52.48889728090245,-175.81997021804355,527.925
263,6,23,-52.91195919809304,-160.98705330320195,527.008
264,6,24,-51.50021032307018,-146.48048282690357,525.388
265,6,25,-48.44217753730456,-133.31323048457466,523.134
266,6,26,-44.07165560062929,-121.9251877795207,520.373
267,6,27,-38.7332309717661,-112.25427512237545,517.272
268,6,28,-32.710554576756444,-104.00329049178416,514.032
269,6,29,-26.214894411912578,-96.83185141045924,510.864
270,6,30,-19.398927403299087,-90.43514019612134,507.975
271,6,31,-12.374654992925839,-84.55936750978032,505.55
272,6,32,-5.228341189349626,-78.99296824189503,503.736
273,6,33,1.9681853902401703,-73.55134286976752,502.627
274,6,34,9.148637973391988,-68.06101141866867,502.261
275,6,35,16.24450869551354,-62.34393134750373,502.615
276,6,36,23.17666917474,-56.201784698626795,503.611
277,6,37,29.845327785976533,-49.39992032310209,505.121
278,6,38,36.11662648186923,-41.65421942693,506.983
279,6,39,41.805484211383686,-32.632236212638496,509.02
280,7,0,48.670971799027065,-7.002195104541651,512.008
281,7,1,51.64432389946286,6.31332613051626,513.729
282,7,2,52.94214180403532,20.92818285280285,515.098
283,7,3,52.388271518955236,35.789064269653764,516.052
284,7,4,50.06288921979479,49.715854138255615,516.58
285,7,5,46.25541051225494,61.97682917018305,516.724
286,7,6,41.32406515792451,72.43191584593745,516.567
287,7,7,35.588731406202704,81.30437938910822,516.23
288,7,8,29.29546682193924,88.9338509561742,515.85
289,7,9,22.622766446261352,95.64853479713287,515.569
290,7,10,15.699555222394904,101.72674746028389,515.515
291,7,11,8.62201587423202,107.3981677168473,515.787
292,7,12,1.46663862307061,112.85746278835762,516.446
293,7,13,-5.699951237387021,118.28027098932174,517.504
294,7,14,-12.812860293279993,123.83881553966151,518.922
295,7,15,-19.80111113974424,129.71738177337306,520.614
296,7,16,-26.57875907956667,136.12810170569864,522.451
297,7,17,-33.03343810939046,143.32604192100322,524.275
298,7,18,-39.01132212382317,151.61745444129184,525.914
299,7,19,-44.29904967357194,161.34285151744626,527.196
300,7,20,-48.61026849277857,172.79466086859145,527.969
301,7,21,-51.598667499955916,-173.97890638764494,528.113
302,7,22,-52.932176558036275,-159.44022036186917,527.557
303,7,23,-52.42879503130092,-144.6185732591581,526.283
304,7,24,-50.15775030208251,-130.68739157891994,524.333
305,7,25,-46.398475654610024,-118.39205386527816,521.807
306,7,26,-41.50394501990596,-107.89106831830127,518.853
307,7,27,-35.792633043495094,-98.97291763977229,515.656
308,7,28,-29.511150535549902,-91.30288157922561,512.425
309,7,29,-22.83918952784967,-84.55367113201252,509.372
310,7,30,-15.906982944846314,-78.44618427807883,506.695
311,7,31,-8.812037713357297,-72.74947866120803,504.56
312,7,32,-1.6321759415686854,-67.26748004089659,503.09
313,7,33,5.564568777187728,-61.823102102533575,502.351
314,7,34,12.7117401963916,-56.24255068268802,502.352
315,7,35,19.73666830492517,-50.339627994396196,503.04
316,7,36,26.551320502123435,-43.89981487130094,504.311
317,7,37,33.04079080803198,-36.66490625711367,506.019
318,7,38,39.04794559815278,-28.324710818225547,507.991
319,7,39,44.35516992288735,-18.53487773744121,510.046
320,8,0,46.658056994016356,-3.9980806858577593,511.049
321,8,1,50.348152070480374,8.447979239085509,512.907
322,8,2,52.51909696231766,22.513650759175814,514.463
323,8,3,52.89789925368657,37.40657942361243,515.629
324,8,4,51.43228750686899,51.92987361809359,516.368
325,8,5,48.32200035885818,65.0753513173485,516.696
326,8,6,43.90861215495192,76.42124492503432,516.676
327,8,7,38.539755618241735,86.04539810712166,516.413
328,8,8,32.499300240822535,94.25297688553752,516.036
329,8,9,25.997540717049848,101.38689090756239,515.689
330,8,10,19.185864774782416,107.75184174225973,515.506
331,8,11,12.174961605935822,113.60051223797413,515.605
332,8,12,5.049759917084119,119.14310146641276,516.066
333,8,13,-2.1192700284544985,124.56277461054783,516.926
334,8,14,-9.267314217768252,130.03152949405862,518.172
335,8,15,-16.3274715882671,135.72568062017984,519.741
336,8,16,-23.222506574259953,141.8414456633876,521.523
337,8,17,-29.85490371119289,148.61072320638218,523.375
338,8,18,-36.093707782109256,156.31408375988934,525.129
339,8,19,-41.75758409473438,165.27985451731166,526.61
340,8,20,-46.597452725510834,175.84106184220056,527.655
341,8,21,-50.292318689110104,-171.79973453295239,528.125
342,8,22,-52.48889728090245,-157.81996288695873,527.925
343,8,23,-52.91195919809304,-142.9870596324955,527.008
344,8,24,-51.50021032307018,-128.48047549581878,525.388
345,8,25,-48.44217753730456,-115.31323681386819,523.134
346,8,26,-44.07165560062929,-103.92519410881424,520.373
347,8,27,-38.7332309717661,-94.25427462147982,517.272
348,8,28,-32.710554576756444,-86.00328999088853,514.032
349,8,29,-26.214894411912578,-78.8318509095636,510.864
350,8,30,-19.398927403299087,-72.4351396952257,507.975
351,8,31,-12.374654992925839,-66.55936700888469,505.55
352,8,32,-5.228341189349626,-60.9929677409994,503.736
353,8,33,1.9681853902401703,-55.55134236887189,502.627
354,8,34,9.148637973391988,-50.06101433286762,502.261
355,8,35,16.24450869551354,-44.34393426170268,502.615
356,8,36,23.17666917474,-38.201784197731165,503.611
357,8,37,29.845327785976533,-31.399919822206453,505.121
358,8,38,36.11662648186923,-23.654218926034364,506.983
359,8,39,41.805484211383686,-14.632237419290155,509.02
360,9,0,48.670971799027065,10.99780496946716,512.008
361,9,1,51.64432389946286,24.313327058298718,513.729
362,9,2,52.94214180403532,38.92818164615119,515.098
363,9,3,52.388271518955236,53.789064770549395,516.052
364,9,4,50.06288921979479,67.71585463915125,516.58
365,9,5,46.25541051225494,79.97682967107869,516.724
366,9,6,41.32406515792451,90.43191634683309,516.567
367,9,7,35.588731406202704,99.30437989000384,516.23
368,9,8,29.29546682193924,106.93385145706984,515.85
369,9,9,22.622766446261352,113.64853529802849,515.569
370,9,10,15.699555222394904,119.72674113099035,515.515
371,9,11,8.62201587423202,125.3981750479321,515.787
372,9,12,1.46663862307061,130.85746328925325,516.446
373,9,13,-5.699951237387021,136.2802646600282,517.504
374,9,14,-12.812860293279993,141.83880921036797,518.922
375,9,15,-19.80111113974424,147.71737544407952,520.614
376,9,16,-26.57875907956667,154.12810903678346,522.451
377,9,17,-33.03343810939046,161.32604925208804,524.275
378,9,18,-39.01132212382317,169.61746177237663,525.914
379,9,19,-44.29904967357194,179.34285884853108,527.196
380,9,20,-48.61026849277857,-169.2053418182364,527.969
381,9,21,-51.598667499955916,-155.97891271693848,528.113
382,9,22,-52.932176558036275,-141.44021303078438,527.557
383,9,23,-52.42879503130092,-126.6185659280733,526.283
384,9,24,-50.15775030208251,-112.6873910780243,524.333
385,9,25,-46.398475654610024,-100.39205336438253,521.807
386,9,26,-41.50394501990596,-89.89106781740563,518.853
387,9,27,-35.792633043495094,-80.97291713887667,515.656
388,9,28,-29.511150535549902,-73.30288107832997,512.425
389,9,29,-22.83918952784967,-66.5536706311169,509.372
390,9,30,-15.906982944846314,-60.446183777183194,506.695
391,9,31,-8.812037713357297,-54.74948157540698,504.56
392,9,32,-1.6321759415686854,-49.26748295509554,503.09
393,9,33,5.564568777187728,-43.823101601637944,502.351
394,9,34,12.7117401963916,-38.24255018179238,502.352
395,9,35,19.73666830492517,-32.339627493500565,503.04
396,9,36,26.551320502123435,-25.8998160779526,504.311
397,9,37,33.04079080803198,-18.664904048670742,506.019
398,9,38,39.04794559815278,-10.324711171103559,507.991
399,9,39,44.35516992288735,-0.5348776100715463,510.046
400,10,0,46.658056994016356,14.00191938815105,511.049
401,10,1,50.348152070480374,26.447979739981143,512.907
402,10,2,52.51909696231766,40.51365296761874,514.463
403,10,3,52.89789925368657,55.40657992450806,515.629
404,10,4,51.43228750686899,69.92987411898922,516.368
405,10,5,48.32200035885818,83.07535181824414,516.696
406,10,6,43.90861215495192,94.42124542592995,516.676
407,10,7,38.539755618241735,104.0453986080173,516.413
408,10,8,32.499300240822535,112.25297738643314,516.036
409,10,9,25.997540717049848,119.38689823864719,515.689
410,10,10,19.185864774782416,125.75184224315537,515.506
411,10,11,12.174961605935822,131.6005059086806,515.605
412,10,12,5.049759917084119,137.14309513711922,516.066
413,10,13,-2.1192700284544985,142.5627682812543,516.926
414,10,14,-9.267314217768252,148.0315231647651,518.172
415,10,15,-16.3274715882671,153.7256742908863,519.741
416,10,16,-23.222506574259953,159.8414529944724,521.523
417,10,17,-29.85490371119289,166.610730537467,523.375
418,10,18,-36.093707782109256,174.31407743059583,525.129
419,10,19,-41.75758409473438,-176.72014816951622,526.61
420,10,20,-46.597452725510834,-166.15894084462732,527.655
421,10,21,-50.292318689110104,-153.79972720186757,528.125
422,10,22,-52.48889728090245,-139.81996921625228,527.925
423,10,23,-52.91195919809304,-124.9870523014107,527.008
424,10,24,-51.50021032307018,-110.4804818251123,525.388
425,10,25,-48.44217753730456,-97.31323631297256,523.134
426,10,26,-44.07165560062929,-85.9251936079186,520.373
427,10,27,-38.7332309717661,-76.25427412058418,517.272
428,10,28,-32.710554576756444,-68.0032894899929,514.032
429,10,29,-26.214894411912578,-60.83185040866796,510.864
430,10,30,-19.398927403299087,-54.43513919433007,507.975
431,10,31,-12.374654992925839,-48.559366507989054,505.55
432,10,32,-5.228341189349626,-42.99296724010376,503.736
433,10,33,1.9681853902401703,-37.55134186797626,502.627
434,10,34,9.148637973391988,-32.06101383197199,502.261
435,10,35,16.24450869551354,-26.343932053259753,502.615
436,10,36,23.17666917474,-20.20178540438282,503.611
437,10,37,29.845327785976533,-13.399920175084468,505.121
438,10,38,36.11662648186923,-5.654219278912377,506.983
439,10,39,41.805484211383686,3.3677637219357144,509.02
440,11,0,48.670971799027065,28.997807177910083,512.008
441,11,1,51.64432389946286,42.31332585164706,513.729
442,11,2,52.94214180403532,56.92818214704682,515.098
443,11,3,52.388271518955236,71.78906527144503,516.052
444,11,4,50.06288921979479,85.71585514004688,516.58
445,11,5,46.25541051225494,97.97683017197431,516.724
446,11,6,41.32406515792451,108.43191684772873,516.567
447,11,7,35.588731406202704,117.30438722108865,516.23
448,11,8,29.29546682193924,124.93385878815464,515.85
449,11,9,22.622766446261352,131.64853579892412,515.569
450,11,10,15.699555222394904,137.72674846207516,515.515
451,11,11,8.62201587423202,143.39816871863857,515.787
452,11,12,1.46663862307061,148.85747062033806,516.446
453,11,13,-5.699951237387021,154.280271991113,517.504
454,11,14,-12.812860293279993,159.8388165414528,518.922
455,11,15,-19.80111113974424,165.71738277516434,520.614
456,11,16,-26.57875907956667,172.12810270748992,522.451
457,11,17,-33.03343810939046,179.3260429227945,524.275
458,11,18,-39.01132212382317,-172.38254091445123,525.914
459,11,19,-44.29904967357194,-162.6571438382968,527.196
460,11,20,-48.61026849277857,-151.20534814752995,527.969
461,11,21,-51.598667499955916,-137.9789053858537,528.113
462,11,22,-52.932176558036275,-123.4402193600779,527.557
463,11,23,-52.42879503130092,-108.61856542717767,526.283
464,11,24,-50.15775030208251,-94.68739057712867,524.333
465,11,25,-46.398475654610024,-82.3920528634869,521.807
466,11,26,-41.50394501990596,-71.89106731651,518.853
467,11,27,-35.792633043495094,-62.97291663798103,515.656
468,11,28,-29.511150535549902,-55.302883992528926,512.425
469,11,29,-22.83918952784967,-48.553666715126674,509.372
470,11,30,-15.906982944846314,-42.44618327628756,506.695
471,11,31,-8.812037713357297,-36.74948107451135,504.56
472,11,32,-1.6321759415686854,-31.267482454199907,503.09
473,11,33,5.564568777187728,-25.823101100742306,502.351
474,11,34,12.7117401963916,-20.242547973349456,502.352
475,11,35,19.73666830492517,-14.33962699260493,503.04
476,11,36,26.551320502123435,-7.899815577056965,504.311
477,11,37,33.04079080803198,-0.6649038145793732,506.019
478,11,38,39.04794559815278,7.675289329792075,507.991
479,11,39,44.35516992288735,17.46512326435006,510.046
480,12,0,46.658056994016356,32.00191903527304,511.049
481,12,1,50.348152070480374,44.44797853332948,512.907
482,12,2,52.51909696231766,58.51365005341979,514.463
483,12,3,52.89789925368657,73.40658384049829,515.629
484,12,4,51.43228750686899,87.92987461988486,516.368
485,12,5,48.32200035885818,101.07535231913977,516.696
486,12,6,43.90861215495192,112.42124592682558,516.676
487,12,7,38.539755618241735,122.04539910891292,516.413
488,12,8,32.499300240822535,130.2529778873288,516.036
489,12,9,25.997540717049848,137.38689190935366,515.689
490,12,10,19.185864774782416,143.75184957424017,515.506
491,12,11,12.174961605935822,149.6005132397654,515.605
492,12,12,5.049759917084119,155.14310246820403,516.066
493,12,13,-2.1192700284544985,160.5627756123391,516.926
494,12,14,-9.267314217768252,166.0315304958499,518.172
495,12,15,-16.3274715882671,171.72568162197112,519.741
496,12,16,-23.222506574259953,177.84144666517886,521.523
497,12,17,-29.85490371119289,-175.3892721493609,523.375
498,12,18,-36.093707782109256,-167.68592525623205,525.129
499,12,19,-41.75758409473438,-158.72015449880973,526.61
500,12,20,-46.597452725510834,-148.1589335135425,527.655
501,12,21,-50.292318689110104,-135.7997335311611,528.125
502,12,22,-52.48889728090245,-121.81996188516749,527.925
503,12,23,-52.91195919809304,-106.98705863070423,527.008
504,12,24,-51.50021032307018,-92.48048132421668,525.388
505,12,25,-48.44217753730456,-79.31323581207693,523.134
506,12,26,-44.07165560062929,-67.92519310702296,520.373
507,12,27,-38.7332309717661,-58.254273619688554,517.272
508,12,28,-32.710554576756444,-50.00328898909726,514.032
509,12,29,-26.214894411912578,-42.83184990777233,510.864
510,12,30,-19.398927403299087,-36.43513869343444,507.975
511,12,31,-12.374654992925839,-30.55936600709342,505.55
512,12,32,-5.228341189349626,-24.99296673920813,503.736
513,12,33,1.9681853902401703,-19.551343074627923,502.627
514,12,34,9.148637973391988,-14.06101247730271,502.261
515,12,35,16.24450869551354,-8.34393155236412,502.615
516,12,36,23.17666917474,-2.201784263156953,503.611
517,12,37,29.845327785976533,4.600080325811167,505.121
518,12,38,36.11662648186923,12.345781221983257,506.983
519,12,39,41.805484211383686,21.367763582501112,509.02
520,13,0,48.670971799027065,46.997814508994885,512.008
521,13,1,51.64432389946286,60.31333659782645,513.729
522,13,2,52.94214180403532,74.92819289322621,515.098
523,13,3,52.388271518955236,89.78907260252983,516.052
524,13,4,50.06288921979479,103.71586247113169,516.58
525,13,5,46.25541051225494,115.9768443332483,516.724
526,13,6,41.32406515792451,126.43192417881353,516.567
527,13,7,35.588731406202704,135.30439455217345,516.23
528,13,8,29.29546682193924,142.93386611923944,515.85
529,13,9,22.622766446261352,149.64854313000893,515.569
530,13,10,15.699555222394904,155.72675579315995,515.515
531,13,11,8.62201587423202,161.39817604972336,515.787
532,13,12,1.46663862307061,166.85747795142285,516.446
533,13,13,-5.699951237387021,172.2802793221978,517.504
534,13,14,-12.812860293279993,177.83882387253757,518.922
535,13,15,-19.80111113974424,-176.2826062512852,520.614
536,13,16,-26.57875907956667,-169.8718863189596,522.451
537,13,17,-33.03343810939046,-162.67394610365503,524.275
538,13,18,-39.01132212382317,-154.38253358336644,525.914
539,13,19,-44.29904967357194,-144.657136507212,527.196
540,13,20,-48.61026849277857,-133.20534081644513,527.969
541,13,21,-51.598667499955916,-119.97889805476888,528.113
542,13,22,-52.932176558036275,-105.4402120289931,527.557
543,13,23,-52.42879503130092,-90.61855809609285,526.283
544,13,24,-50.15775030208251,-76.68738324604386,524.333
545,13,25,-46.398475654610024,-64.3920455324021,521.807
546,13,26,-41.50394501990596,-53.89106340051978,518.853
547,13,27,-35.792633043495094,-44.97290930689623,515.656
548,13,28,-29.511150535549902,-37.302876661444124,512.425
549,13,29,-22.83918952784967,-30.553659384041875,509.372
550,13,30,-15.906982944846314,-24.446175945202757,506.695
551,13,31,-8.812037713357297,-18.74947374342655,504.56
552,13,32,-1.6321759415686854,-13.267474269341458,503.09
553,13,33,5.564568777187728,-7.8230929158838585,502.351
554,13,34,12.7117401963916,-2.2425412825948885,502.352
555,13,35,19.73666830492517,3.6603807653666967,503.04
556,13,36,26.551320502123435,10.100191754027838,504.311
557,13,37,33.04079080803198,17.335103783309695,506.019
558,13,38,39.04794559815278,25.675297514650524,507.991
559,13,39,44.35516992288735,35.465128887887566,510.046
560,14,0,46.658056994016356,50.0019127059795,511.049
561,14,1,50.348152070480374,62.44797561913053,512.907
562,14,2,52.51909696231766,76.51364372412625,514.463
563,14,3,52.89789925368657,91.40657751120474,515.629
564,14,4,51.43228750686899,105.92986829059132,516.368
565,14,5,48.32200035885818,119.07534598984624,516.696
566,14,6,43.90861215495192,130.42124642772123,516.676
567,14,7,38.539755618241735,140.0453927796194,516.413
568,14,8,32.499300240822535,148.25297155803526,516.036
569,14,9,25.997540717049848,155.38688558006012,515.689
570,14,10,19.185864774782416,161.75184324494663,515.506
571,14,11,12.174961605935822,167.60050691047186,515.605
572,14,12,5.049759917084119,173.1430961389105,516.066
573,14,13,-2.1192700284544985,178.56276928304558,516.926
574,14,14,-9.267314217768252,-175.96848585135632,518.172
575,14,15,-16.3274715882671,-170.2743347252351,519.741
576,14,16,-23.222506574259953,-164.158556021649,521.523
577,14,17,-29.85490371119289,-157.38927847865443,523.375
578,14,18,-36.093707782109256,-149.6859315855256,525.129
579,14,19,-41.75758409473438,-140.72016082810327,526.61
580,14,20,-46.597452725510834,-130.15893984283605,527.655
581,14,21,-50.292318689110104,-117.79973986045465,528.125
582,14,22,-52.48889728090245,-103.81996821446101,527.925
583,14,23,-52.91195919809304,-88.98706495999777,527.008
584,14,24,-51.50021032307018,-74.48048765351021,525.388
585,14,25,-48.44217753730456,-61.313242141370466,523.134
586,14,26,-44.07165560062929,-49.925199436316504,520.373
587,14,27,-38.7332309717661,-40.25428336407668,517.272
588,14,28,-32.710554576756444,-32.0032953183908,514.032
589,14,29,-26.214894411912578,-24.831856237065868,510.864
590,14,30,-19.398927403299087,-18.435145022727976,507.975
591,14,31,-12.374654992925839,-12.559374043934248,505.55
592,14,32,-5.228341189349626,-6.992972641614842,503.736
593,14,33,1.9681853902401703,-1.551348763591224,502.627
594,14,34,9.148637973391988,3.9389807665169316,502.261
595,14,35,16.24450869551354,9.656062118342344,502.615
596,14,36,23.17666917474,15.798208767219275,503.611
597,14,37,29.845327785976533,22.600073142743984,505.121
598,14,38,36.11662648186923,30.345775746463367,506.983
599,14,39,41.805484211383686,39.36775896075487,509.02
600,15,0,48.670971799027065,64.99780817970135,512.008
601,15,1,51.64432389946286,78.31333026853291,513.729
602,15,2,52.94214180403532,92.92818656393267,515.098
603,15,3,52.388271518955236,107.7890662732363,516.052
604,15,4,50.06288921979479,121.71585614183815,516.58
605,15,5,46.25541051225494,133.97683800395475,516.724
606,15,6,41.32406515792451,144.43191784952,516.567
607,15,7,35.588731406202704,153.3043882228799,516.23
608,15,8,29.29546682193924,160.9338597899459,515.85
609,15,9,22.622766446261352,167.6485368007154,515.569
610,15,10,15.699555222394904,173.7267494638664,515.515
611,15,11,8.62201587423202,179.39816972042982,515.787
612,15,12,1.46663862307061,-175.14253839578333,516.446
613,15,13,-5.699951237387021,-169.7197370250084,517.504
614,15,14,-12.812860293279993,-164.16119247466864,518.922
615,15,15,-19.80111113974424,-158.28261258057873,520.614
616,15,16,-26.57875907956667,-151.87189264825315,522.451
617,15,17,-33.03343810939046,-144.67395243294857,524.275
618,15,18,-39.01132212382317,-136.38253991265998,525.914
619,15,19,-44.29904967357194,-126.65714283650553,527.196
620,15,20,-48.61026849277857,-115.20534714573867,527.969
621,15,21,-51.598667499955916,-101.9789112142516,528.113
622,15,22,-52.932176558036275,-87.44021835828664,527.557
623,15,23,-52.42879503130092,-72.6185644253864,526.283
624,15,24,-50.15775030208251,-58.6873895753374,524.333
625,15,25,-46.398475654610024,-46.39205527679021,521.807
626,15,26,-41.50394501990596,-35.89106972981332,518.853
627,15,27,-35.792633043495094,-26.972917343737056,515.656
628,15,28,-29.511150535549902,-19.30288299073766,512.425
629,15,29,-22.83918952784967,-12.553667420882704,509.372
630,15,30,-15.906982944846314,-6.446181847609471,506.695
631,15,31,-8.812037713357297,-0.7494796458332611,504.56
632,15,32,-1.6321759415686854,4.73251982825183,503.09
633,15,33,5.564568777187728,10.176900754822604,502.351
634,15,34,12.7117401963916,15.757453028441809,502.352
635,15,35,19.73666830492517,21.660374009186338,503.04
636,15,36,26.551320502123435,28.100185424734303,504.311
637,15,37,33.04079080803198,35.335095746468866,506.019
638,15,38,39.04794559815278,43.6752894778097,507.991
639,15,39,44.35516992288735,53.46512255859403,510.046
640,16,0,46.658056994016356,68.00192345215889,511.049
641,16,1,50.348152070480374,80.44798295021533,512.907
642,16,2,52.51909696231766,94.51365105521106,514.463
643,16,3,52.89789925368657,109.40658484228955,515.629
644,16,4,51.43228750686899,123.92987562167612,516.368
645,16,5,48.32200035885818,137.07535332093104,516.696
646,16,6,43.90861215495192,148.42125375880602,516.676
647,16,7,38.539755618241735,158.04540011070418,516.413
648,16,8,32.499300240822535,166.25297888912004,516.036
649,16,9,25.997540717049848,173.38689291114494,515.689
650,16,10,19.185864774782416,179.75185057603144,515.506
651,16,11,12.174961605935822,-174.39948211597766,515.605
652,16,12,5.049759917084119,-168.85689288753903,516.066
653,16,13,-2.1192700284544985,-163.43721974340394,516.926
654,16,14,-9.267314217768252,-157.9684785202715,518.172
655,16,15,-16.3274715882671,-152.2743273941503,519.741
656,16,16,-23.222506574259953,-146.1585486905642,521.523
657,16,17,-29.85490371119289,-139.38927114756962,523.375
658,16,18,-36.093707782109256,-131.68592425444078,525.129
659,16,19,-41.75758409473438,-122.72015349701849,526.61
660,16,20,-46.597452725510834,-112.15893934194041,527.655
661,16,21,-50.292318689110104,-99.79972569918068,528.125
662,16,22,-52.48889728090245,-85.81996088337621,527.925
663,16,23,-52.91195919809304,-70.98705762891296,527.008
664,16,24,-51.50021032307018,-56.48048032242541,525.388
665,16,25,-48.44217753730456,-43.31323481028566,523.134
666,16,26,-44.07165560062929,-31.925192105231698,520.373
667,16,27,-38.7332309717661,-22.254274325444577,517.272
668,16,28,-32.710554576756444,-14.003289694853285,514.032
669,16,29,-26.214894411912578,-6.831848905981064,510.864
670,16,30,-19.398927403299087,-0.43513774500402524,507.975
671,16,31,-12.374654992925839,5.440633287150554,505.55
672,16,32,-5.228341189349626,11.007035116356786,503.736
673,16,33,1.9681853902401703,16.448657927163346,502.627
674,16,34,9.148637973391988,21.938987670714912,502.261
675,16,35,16.24450869551354,27.656069449427147,502.615
676,16,36,23.17666917474,33.79821780585137,503.611
677,16,37,29.845327785976533,40.60008218137608,505.121
678,16,38,36.11662648186923,48.34578307754817,506.983
679,16,39,41.805484211383686,57.36776287674509,509.02
680,17,0,48.670971799027065,82.99780185040781,512.008
681,17,1,51.64432389946286,96.31332393923937,513.729
682,17,2,52.94214180403532,110.92818023463914,515.098
683,17,3,52.388271518955236,125.78906677413192,516.052
684,17,4,50.06288921979479,139.7158498125446,516.58
685,17,5,46.25541051225494,151.9768316746612,516.724
686,17,6,41.32406515792451,162.43191152022646,516.567
687,17,7,35.588731406202704,171.30438189358637,516.23
688,17,8,29.29546682193924,178.93385346065236,515.85
689,17,9,22.622766446261352,-174.35146588611246,515.569
690,17,10,15.699555222394904,-168.27325322296144,515.515
691,17,11,8.62201587423202,-162.60183296639804,515.787
692,17,12,1.46663862307061,-157.14254472507687,516.446
693,17,13,-5.699951237387021,-151.71974335430193,517.504
694,17,14,-12.812860293279993,-146.16119880396215,518.922
695,17,15,-19.80111113974424,-140.28261890987227,520.614
696,17,16,-26.57875907956667,-133.8718989775467,522.451
697,17,17,-33.03343810939046,-126.67395876224211,524.275
698,17,18,-39.01132212382317,-118.3825462419535,525.914
699,17,19,-44.29904967357194,-108.65714916579907,527.196
700,17,20,-48.61026849277857,-97.20534664484303,527.969
701,17,21,-51.598667499955916,-83.97891754354512,528.113
702,17,22,-52.932176558036275,-69.44022468758017,527.557
703,17,23,-52.42879503130092,-54.61857416977452,526.283
704,17,24,-50.15775030208251,-40.68739590463094,524.333
705,17,25,-46.398475654610024,-28.392059898536456,521.807
706,17,26,-41.50394501990596,-17.891074351559563,518.853
707,17,27,-35.792633043495094,-8.972923673030593,515.656
708,17,28,-29.511150535549902,-1.3028893200311973,512.425
709,17,29,-22.83918952784967,5.446326676710583,509.372
710,17,30,-15.906982944846314,11.553812249983816,506.695
711,17,31,-8.812037713357297,17.25051359798638,504.56
712,17,32,-1.6321759415686854,22.732513925845115,503.09
713,17,33,5.564568777187728,28.17689357175542,502.351
714,17,34,12.7117401963916,33.75744499160098,502.352
715,17,35,19.73666830492517,39.6603676798928,503.04
716,17,36,26.551320502123435,46.100180802988056,504.311
717,17,37,33.04079080803198,53.335089417175325,506.019
718,17,38,39.04794559815278,61.67528314851616,507.991
719,17,39,44.35516992288735,71.46511622930049,510.046
720,18,0,46.658056994016356,86.00191712286535,511.049
721,18,1,50.348152070480374,98.44797662092179,512.907
722,18,2,52.51909696231766,112.51364472591752,514.463
723,18,3,52.89789925368657,127.406578512996,515.629
724,18,4,51.43228750686899,141.9298692923826,516.368
725,18,5,48.32200035885818,155.0753469916375,516.696
726,18,6,43.90861215495192,166.42124742951248,516.676
727,18,7,38.539755618241735,176.04539378141064,516.413
728,18,8,32.499300240822535,-175.7470237977078,516.036
729,18,9,25.997540717049848,-168.61310977568294,515.689
730,18,10,19.185864774782416,-162.24816577117477,515.506
731,18,11,12.174961605935822,-156.3994884452712,515.605
732,18,12,5.049759917084119,-150.85689921683257,516.066
733,18,13,-2.1192700284544985,-145.43722607269748,516.926
734,18,14,-9.267314217768252,-139.96848484956504,518.172
735,18,15,-16.3274715882671,-134.27433372344382,519.741
736,18,16,-23.222506574259953,-128.15855501985774,521.523
737,18,17,-29.85490371119289,-121.38927747686316,523.375
738,18,18,-36.093707782109256,-113.68592375354514,525.129
739,18,19,-41.75758409473438,-104.72015299612285,526.61
740,18,20,-46.597452725510834,-94.15894567123395,527.655
741,18,21,-50.292318689110104,-81.79973202847422,528.125
742,18,22,-52.48889728090245,-67.81996721266975,527.925
743,18,23,-52.91195919809304,-52.9870639582065,527.008
744,18,24,-51.50021032307018,-38.48048665171895,525.388
745,18,25,-48.44217753730456,-25.313241139579198,523.134
746,18,26,-44.07165560062929,-13.92519758075159,520.373
747,18,27,-38.7332309717661,-4.254281081624938,517.272
748,18,28,-32.710554576756444,3.996703975853179,514.032
749,18,29,-26.214894411912578,11.1681447647254,510.864
750,18,30,-19.398927403299087,17.564855979063292,507.975
751,18,31,-12.374654992925839,23.440626957857017,505.55
752,18,32,-5.228341189349626,29.007027933289603,503.736
753,18,33,1.9681853902401703,34.4486533054171,502.627
754,18,34,9.148637973391988,39.938981341421375,502.261
755,18,35,16.24450869551354,45.65606141258632,502.615
756,18,36,23.17666917474,51.79821147655783,503.611
757,18,37,29.845327785976533,58.60007243698796,505.121
758,18,38,36.11662648186923,66.34577333316005,506.983
759,18,39,41.805484211383686,75.36775654745155,509.02
760,19,0,48.670971799027065,100.99780918149261,512.008
761,19,1,51.64432389946286,114.31333127032417,513.729
762,19,2,52.94214180403532,128.92818073553477,515.098
763,19,3,52.388271518955236,143.78907410521674,516.052
764,19,4,50.06288921979479,157.71585714362942,516.58
765,19,5,46.25541051225494,169.97683900574603,516.724
766,19,6,41.32406515792451,-179.56807750622306,516.567
767,19,7,35.588731406202704,-170.6956207932415,516.23
768,19,8,29.29546682193924,-163.0661492261755,515.85
769,19,9,22.622766446261352,-156.35145855502768,515.569
770,19,10,15.699555222394904,-150.27324589187663,515.515
771,19,11,8.62201587423202,-144.60182563531322,515.787
772,19,12,1.46663862307061,-139.1425373939921,516.446
773,19,13,-5.699951237387021,-133.71973602321714,517.504
774,19,14,-12.812860293279993,-128.16119147287736,518.922
775,19,15,-19.80111113974424,-122.28261157878747,520.614
776,19,16,-26.57875907956667,-115.87189164646188,522.451
777,19,17,-33.03343810939046,-108.67395826134647,524.275
778,19,18,-39.01132212382317,-100.3825389108687,525.914
779,19,19,-44.29904967357194,-90.65714183471427,527.196
780,19,20,-48.61026849277857,-79.20533931375823,527.969
781,19,21,-51.598667499955916,-65.97891021246032,528.113
782,19,22,-52.932176558036275,-51.440217356495374,527.557
783,19,23,-52.42879503130092,-36.618566838689716,526.283
784,19,24,-50.15775030208251,-22.687386865998842,524.333
785,19,25,-46.398475654610024,-10.392053421225299,521.807
786,19,26,-41.50394501990596,0.10893236587543262,518.853
787,19,27,-35.792633043495094,9.02708365805421,515.656
788,19,28,-29.511150535549902,16.697118011053607,512.425
789,19,29,-22.83918952784967,23.446333580908565,509.372
790,19,30,-15.906982944846314,29.553818727294974,506.695
791,19,31,-8.812037713357297,35.250520929071186,504.56
792,19,32,-1.6321759415686854,40.73251954938263,503.09
793,19,33,5.564568777187728,46.176900902840224,502.351
794,19,34,12.7117401963916,51.757452322685786,502.352
795,19,35,19.73666830492517,57.6603750109776,503.04
796,19,36,26.551320502123435,64.10018471897827,504.311
797,19,37,33.04079080803198,71.33509674826013,506.019
798,19,38,39.04794559815278,79.67529047960096,507.991
799,19,39,44.35516992288735,89.4651235603853,510.046
800,20,0,46.658056994016356,104.00192445395015,511.049
801,20,1,50.348152070480374,116.44797712181743,512.907
802,20,2,52.51909696231766,130.5136588871915,514.463
803,20,3,52.89789925368657,145.4065858440808,515.629
804,20,4,51.43228750686899,159.92987662346738,516.368
805,20,5,48.32200035885818,173.07535432272232,516.696
806,20,6,43.90861215495192,-175.57875525731538,516.676
807,20,7,38.539755618241735,-165.95459524503886,516.413
808,20,8,32.499300240822535,-157.74701646662302,516.036
809,20,9,25.997540717049848,-150.61310244459813,515.689
810,20,10,19.185864774782416,-144.24815844008998,515.506
811,20,11,12.174961605935822,-138.3994811141864,515.605
812,20,12,5.049759917084119,-132.85689188574776,516.066
813,20,13,-2.1192700284544985,-127.43721874161268,516.926
814,20,14,-9.267314217768252,-121.96847751848024,518.172
815,20,15,-16.3274715882671,-116.27432639235903,519.741
816,20,16,-23.222506574259953,-110.15854768877293,521.523
817,20,17,-29.85490371119289,-103.38927014577835,523.375
818,20,18,-36.093707782109256,-95.68591642246034,525.129
819,20,19,-41.75758409473438,-86.72014566503805,526.61
820,20,20,-46.597452725510834,-76.15893834014915,527.655
821,20,21,-50.292318689110104,-63.799724697389415,528.125
822,20,22,-52.48889728090245,-49.81995988158495,527.925
823,20,23,-52.91195919809304,-34.987056627121696,527.008
824,20,24,-51.50021032307018,-20.48047761308685,525.388
825,20,25,-48.44217753730456,-7.313232954720746,523.134
826,20,26,-44.07165560062929,4.074810177220036,520.373
827,20,27,-38.7332309717661,13.745726676346688,517.272
828,20,28,-32.710554576756444,21.996711306937982,514.032
829,20,29,-26.214894411912578,29.168152095810203,510.864
830,20,30,-19.398927403299087,35.56486331014809,507.975
831,20,31,-12.374654992925839,41.440635996489114,505.55
832,20,32,-5.228341189349626,47.00703526437441,503.736
833,20,33,1.9681853902401703,52.448660636501906,502.627
834,20,34,9.148637973391988,57.93899208760077,502.261
835,20,35,16.24450869551354,63.65607215876571,502.615
836,20,36,23.17666917474,69.79821539254806,503.611
837,20,37,29.845327785976533,76.60007976807276,505.121
838,20,38,36.11662648186923,84.34578066424486,506.983
839,20,39,41.805484211383686,93.36776387853635,509.02
840,21,0,48.670971799027065,118.99779602200991,512.008
841,21,1,51.64432389946286,132.31331811084146,513.729
842,21,2,52.94214180403532,146.92817440624123,515.098
843,21,3,52.388271518955236,161.7890677759232,516.052
844,21,4,50.06288921979479,175.71585081433588,516.58
845,21,5,46.25541051225494,-172.02317734146018,516.724
846,21,6,41.32406515792451,-161.5680838355166,516.567
847,21,7,35.588731406202704,-152.69562712253503,516.23
848,21,8,29.29546682193924,-145.06615555546904,515.85
849,21,9,22.622766446261352,-138.3514648843212,515.569
850,21,10,15.699555222394904,-132.27325222117017,515.515
851,21,11,8.62201587423202,-126.60183196460677,515.787
852,21,12,1.46663862307061,-121.14254372328561,516.446
853,21,13,-5.699951237387021,-115.71974235251068,517.504
854,21,14,-12.812860293279993,-110.16119097198172,518.922
855,21,15,-19.80111113974424,-104.28262473827017,520.614
856,21,16,-26.57875907956667,-97.87189797575542,522.451
857,21,17,-33.03343810939046,-90.67396459064001,524.275
858,21,18,-39.01132212382317,-82.38254524016223,525.914
859,21,19,-44.29904967357194,-72.6571481640078,527.196
860,21,20,-48.61026849277857,-61.20534564305177,527.969
861,21,21,-51.598667499955916,-47.97891312665927,528.113
862,21,22,-52.932176558036275,-33.44022368578891,527.557
863,21,23,-52.42879503130092,-18.61857146043596,526.283
864,21,24,-50.15775030208251,-4.687393622179202,524.333
865,21,25,-46.398475654610024,7.607940249481164,521.807
866,21,26,-41.50394501990596,18.108926650231705,518.853
867,21,27,-35.792633043495094,27.027077328760672,515.656
868,21,28,-29.511150535549902,34.69711168176007,512.425
869,21,29,-22.83918952784967,41.44632895916232,509.372
870,21,30,-15.906982944846314,47.55381239800143,506.695
871,21,31,-8.812037713357297,53.250514599777645,504.56
872,21,32,-1.6321759415686854,58.73251663518368,503.09
873,21,33,5.564568777187728,64.17689457354669,502.351
874,21,34,12.7117401963916,69.75744599339225,502.352
875,21,35,19.73666830492517,75.66036868168406,503.04
876,21,36,26.551320502123435,82.10017838968474,504.311
877,21,37,33.04079080803198,89.3350904189666,506.019
878,21,38,39.04794559815278,97.67528415030742,507.991
879,21,39,44.35516992288735,107.46511723109177,510.046
880,22,0,46.658056994016356,122.00191812465663,511.049
881,22,1,50.348152070480374,134.4479707925239,512.907
882,22,2,52.51909696231766,148.51365255789796,514.463
883,22,3,52.89789925368657,163.40657951478727,515.629
884,22,4,51.43228750686899,177.92987029417384,516.368
885,22,5,48.32200035885818,-168.92464836410556,516.696
886,22,6,43.90861215495192,-157.57876158660892,516.676
887,22,7,38.539755618241735,-147.9546015743324,516.413
888,22,8,32.499300240822535,-139.74702279591654,516.036
889,22,9,25.997540717049848,-132.61310877389167,515.689
890,22,10,19.185864774782416,-126.24816476938351,515.506
891,22,11,12.174961605935822,-120.39948744347993,515.605
892,22,12,5.049759917084119,-114.8568982150413,516.066
893,22,13,-2.1192700284544985,-109.43723190109539,516.926
894,22,14,-9.267314217768252,-103.9684770175846,518.172
895,22,15,-16.3274715882671,-98.27432589146339,519.741
896,22,16,-23.222506574259953,-92.15855401806647,521.523
897,22,17,-29.85490371119289,-85.3892764750719,523.375
898,22,18,-36.093707782109256,-77.68592275175388,525.129
899,22,19,-41.75758409473438,-68.72015199433159,526.61
900,22,20,-46.597452725510834,-58.15894466944268,527.655
901,22,21,-50.292318689110104,-45.79973102668295,528.125
902,22,22,-52.48889728090245,-31.819966210878484,527.925
903,22,23,-52.91195919809304,-16.98706124886794,527.008
904,22,24,-51.50021032307018,-2.480484369267211,525.388
905,22,25,-48.44217753730456,10.686760715985717,523.134
906,22,26,-44.07165560062929,22.074804274813324,520.373
907,22,27,-38.7332309717661,31.74571863950586,517.272
908,22,28,-32.710554576756444,39.99670668519174,514.032
909,22,29,-26.214894411912578,47.168145766516666,510.864
910,22,30,-19.398927403299087,53.56485698085456,507.975
911,22,31,-12.374654992925839,59.44062966719558,505.55
912,22,32,-5.228341189349626,65.00702893508087,503.736
913,22,33,1.9681853902401703,70.44865430720837,502.627
914,22,34,9.148637973391988,75.93898575830723,502.261
915,22,35,16.24450869551354,81.65606582947217,502.615
916,22,36,23.17666917474,87.79820906325452,503.611
917,22,37,29.845327785976533,94.60007343877922,505.121
918,22,38,36.11662648186923,102.34577433495132,506.983
919,22,39,41.805484211383686,111.36775754924281,509.02
920,23,0,48.670971799027065,136.99780335309472,512.008
921,23,1,51.64432389946286,150.31332544192628,513.729
922,23,2,52.94214180403532,164.92818173732604,515.098
923,23,3,52.388271518955236,179.789075107008,516.052
924,23,4,50.06288921979479,-166.28413821211365,516.58
925,23,5,46.25541051225494,-154.02317001037537,516.724
926,23,6,41.32406515792451,-143.5680765044318,516.567
927,23,7,35.588731406202704,-134.6956197914502,516.23
928,23,8,29.29546682193924,-127.06614822438424,515.85
929,23,9,22.622766446261352,-120.3514575532364,515.569
930,23,10,15.699555222394904,-114.27325172027454,515.515
931,23,11,8.62201587423202,-108.60182463352196,515.787
932,23,12,1.46663862307061,-103.14252956201165,516.446
933,23,13,-5.699951237387021,-97.7197281912367,517.504
934,23,14,-12.812860293279993,-92.16118364089692,518.922
935,23,15,-19.80111113974424,-86.28261740718537,520.614
936,23,16,-26.57875907956667,-79.87189064467061,522.451
937,23,17,-33.03343810939046,-72.6739572595552,524.275
938,23,18,-39.01132212382317,-64.38253790907743,525.914
939,23,19,-44.29904967357194,-54.657140832923,527.196
940,23,20,-48.61026849277857,-43.20534172706155,527.969
941,23,21,-51.598667499955916,-29.97890579557447,528.113
942,23,22,-52.932176558036275,-15.440214647156813,527.557
943,23,23,-52.42879503130092,-0.618564236072863,526.283
944,23,24,-50.15775030208251,13.312614135792424,524.333
945,23,25,-46.398475654610024,25.607948434339615,521.807
946,23,26,-41.50394501990596,36.10893227376921,518.853
947,23,27,-35.792633043495094,45.02708636739277,515.656
948,23,28,-29.511150535549902,52.69711901284487,512.425
949,23,29,-22.83918952784967,59.446332875152535,509.372
950,23,30,-15.906982944846314,65.55381972908624,506.695
951,23,31,-8.812037713357297,71.25052534595703,504.56
952,23,32,-1.6321759415686854,76.73252396626847,503.09
953,23,33,5.564568777187728,82.17690190463149,502.351
954,23,34,12.7117401963916,87.75745332447705,502.352
955,23,35,19.73666830492517,93.66037601276886,503.04
956,23,36,26.551320502123435,100.10018572076955,504.311
957,23,37,33.04079080803198,107.3350977500514,506.019
958,23,38,39.04794559815278,115.67529148139224,507.991
959,23,39,44.35516992288735,125.46512456217657,510.046
960,24,0,46.658056994016356,140.00192545574143,511.049
961,24,1,50.348152070480374,152.4479781236087,512.907
962,24,2,52.51909696231766,166.51365988898274,514.463
963,24,3,52.89789925368657,-178.59340951166226,515.629
964,24,4,51.43228750686899,-164.0701187322757,516.368
965,24,5,48.32200035885818,-150.92464103302075,516.696
966,24,6,43.90861215495192,-139.5787542555241,516.676
967,24,7,38.539755618241735,-129.9545942432476,516.413
968,24,8,32.499300240822535,-121.74701546483175,516.036
969,24,9,25.997540717049848,-114.61310144280687,515.689
970,24,10,19.185864774782416,-108.24815060810954,515.506
971,24,11,12.174961605935822,-102.39948694258429,515.605
972,24,12,5.049759917084119,-96.85689771414567,516.066
973,24,13,-2.1192700284544985,-91.43722457001059,516.926
974,24,14,-9.267314217768252,-85.9684696864998,518.172
975,24,15,-16.3274715882671,-80.27431856037859,519.741
976,24,16,-23.222506574259953,-74.15854668698167,521.523
977,24,17,-29.85490371119289,-67.3892691439871,523.375
978,24,18,-36.093707782109256,-59.685915420669076,525.129
979,24,19,-41.75758409473438,-50.72014466324678,526.61
980,24,20,-46.597452725510834,-40.15893733835788,527.655
981,24,21,-50.292318689110104,-27.799723695598146,528.125
982,24,22,-52.48889728090245,-13.819959733567327,527.925
983,24,23,-52.91195919809304,1.0129459754951577,527.008
984,24,24,-51.50021032307018,15.519523388704416,525.388
985,24,25,-48.44217753730456,28.686767193296873,523.134
986,24,26,-44.07165560062929,40.074809898350836,520.373
987,24,27,-38.7332309717661,49.74572597059066,517.272
988,24,28,-32.710554576756444,57.99671401627654,514.032
989,24,29,-26.214894411912578,65.16815309760148,510.864
990,24,30,-19.398927403299087,71.56486431193936,507.975
991,24,31,-12.374654992925839,77.44063699828038,505.55
992,24,32,-5.228341189349626,83.00703626616567,503.736
993,24,33,1.9681853902401703,88.44866163829317,502.627
994,24,34,9.148637973391988,93.93899308939203,502.261
995,24,35,16.24450869551354,99.65607316055697,502.615
996,24,36,23.17666917474,105.79821639433932,503.611
997,24,37,29.845327785976533,112.60008076986402,505.121
998,24,38,36.11662648186923,120.34578849622528,506.983
999,24,39,41.805484211383686,129.3677717105168,509.02
1000,25,0,48.670971799027065,154.99779702380118,512.008
1001,25,1,51.64432389946286,168.31331911263274,513.729
1002,25,2,52.94214180403532,-177.07182094950184,515.098
1003,25,3,52.388271518955236,-162.2109412401982,516.052
1004,25,4,50.06288921979479,-148.2841445414072,516.58
1005,25,5,46.25541051225494,-136.0231763396689,516.724
1006,25,6,41.32406515792451,-125.56808283372534,516.567
1007,25,7,35.588731406202704,-116.69562612074375,516.23
1008,25,8,29.29546682193924,-109.0661477234886,515.85
1009,25,9,22.622766446261352,-102.3514707127191,515.569
1010,25,10,15.699555222394904,-96.27325804956808,515.515
1011,25,11,8.62201587423202,-90.6018309628155,515.787
1012,25,12,1.46663862307061,-85.14253589130517,516.446
1013,25,13,-5.699951237387021,-79.71973452053024,517.504
1014,25,14,-12.812860293279993,-74.16118997019046,518.922
1015,25,15,-19.80111113974424,-68.2826237364789,520.614
1016,25,16,-26.57875907956667,-61.87189697396415,522.451
1017,25,17,-33.03343810939046,-54.67396017375415,524.275
1018,25,18,-39.01132212382317,-46.382540823276386,525.914
1019,25,19,-44.29904967357194,-36.65714716221653,527.196
1020,25,20,-48.61026849277857,-25.205346348807797,527.969
1021,25,21,-51.598667499955916,-11.978912978641654,528.113
1022,25,22,-52.932176558036275,2.5597788101062395,527.557
1023,25,23,-52.42879503130092,17.381429541355306,526.283
1024,25,24,-50.15775030208251,31.312606098951598,524.333
1025,25,25,-46.398475654610024,43.60794039749879,521.807
1026,25,26,-41.50394501990596,54.10892594447568,518.853
1027,25,27,-35.792633043495094,63.027080038099236,515.656
1028,25,28,-29.511150535549902,70.69711609864592,512.425
1029,25,29,-22.83918952784967,77.446326545859,509.372
1030,25,30,-15.906982944846314,83.5538133997927,506.695
1031,25,31,-8.812037713357297,89.2505190166635,504.56
1032,25,32,-1.6321759415686854,94.73251763697495,503.09
1033,25,33,5.564568777187728,100.17689557533795,502.351
1034,25,34,12.7117401963916,105.75744699518351,502.352
1035,25,35,19.73666830492517,111.66036968347534,503.04
1036,25,36,26.551320502123435,118.10018622166517,504.311
1037,25,37,33.04079080803198,125.33509142075786,506.019
1038,25,38,39.04794559815278,133.6752851520987,507.991
1039,25,39,44.35516992288735,143.46511823288301,510.046
1040,26,0,46.658056994016356,158.00193278682622,511.049
1041,26,1,50.348152070480374,170.4479854546935,512.907
1042,26,2,52.51909696231766,-175.4863427978451,514.463
1043,26,3,52.89789925368657,-160.59340218057744,515.629
1044,26,4,51.43228750686899,-146.07011140119087,516.368
1045,26,5,48.32200035885818,-132.92463370193596,516.696
1046,26,6,43.90861215495192,-121.57874692443932,516.676
1047,26,7,38.539755618241735,-111.9545869121628,516.413
1048,26,8,32.499300240822535,-103.74701496393611,516.036
1049,26,9,25.997540717049848,-96.61309411172206,515.689
1050,26,10,19.185864774782416,-90.24814327702472,515.506
1051,26,11,12.174961605935822,-84.39947961149949,515.605
1052,26,12,5.049759917084119,-78.85689038306086,516.066
1053,26,13,-2.1192700284544985,-73.43721723892578,516.926
1054,26,14,-9.267314217768252,-67.968462355415,518.172
1055,26,15,-16.3274715882671,-62.27431122929379,519.741
1056,26,16,-23.222506574259953,-56.15853935589686,521.523
1057,26,17,-29.85490371119289,-49.389261812902284,523.375
1058,26,18,-36.093707782109256,-41.685911504678856,525.129
1059,26,19,-41.75758409473438,-32.720137332161976,526.61
1060,26,20,-46.597452725510834,-22.158930007273078,527.655
1061,26,21,-50.292318689110104,-9.799717218286991,528.125
1062,26,22,-52.48889728090245,4.1800480244043,527.925
1063,26,23,-52.91195919809304,19.012953413301666,527.008
1064,26,24,-51.50021032307018,33.519529012241925,525.388
1065,26,25,-48.44217753730456,46.686774524381676,523.134
1066,26,26,-44.07165560062929,58.07481722943564,520.373
1067,26,27,-38.7332309717661,67.74573671677005,517.272
1068,26,28,-32.710554576756444,75.99672134736134,514.032
1069,26,29,-26.214894411912578,83.16816042868628,510.864
1070,26,30,-19.398927403299087,89.56487164302416,507.975
1071,26,31,-12.374654992925839,95.44064432936518,505.55
1072,26,32,-5.228341189349626,101.00704359725047,503.736
1073,26,33,1.9681853902401703,106.44866896937798,502.627
1074,26,34,9.148637973391988,111.93900042047683,502.261
1075,26,35,16.24450869551354,117.65607366145261,502.615
1076,26,36,23.17666917474,123.79823055561329,503.611
1077,26,37,29.845327785976533,130.60008810094882,505.121
1078,26,38,36.11662648186923,138.3457958273101,506.983
1079,26,39,41.805484211383686,147.3677790416016,509.02
1080,27,0,48.670971799027065,172.99779069450764,512.008
1081,27,1,51.64432389946286,-173.68668357419511,513.729
1082,27,2,52.94214180403532,-159.07182727879535,515.098
1083,27,3,52.388271518955236,-144.21094756949174,516.052
1084,27,4,50.06288921979479,-130.28415087070073,516.58
1085,27,5,46.25541051225494,-118.02318266896245,516.724
1086,27,6,41.32406515792451,-107.56808916301887,516.567
1087,27,7,35.588731406202704,-98.69562561984812,516.23
1088,27,8,29.29546682193924,-91.06615405278214,515.85
1089,27,9,22.622766446261352,-84.35147704201265,515.569
1090,27,10,15.699555222394904,-78.27326437886161,515.515
1091,27,11,8.62201587423202,-72.60183729210904,515.787
1092,27,12,1.46663862307061,-67.14254222059871,516.446
1093,27,13,-5.699951237387021,-61.71974084982377,517.504
1094,27,14,-12.812860293279993,-56.161196299484,518.922
1095,27,15,-19.80111113974424,-50.28263006577244,520.614
1096,27,16,-26.57875907956667,-43.8718998881631,522.451
1097,27,17,-33.03343810939046,-36.67396650304769,524.275
1098,27,18,-39.01132212382317,-28.382548860117215,525.914
1099,27,19,-44.29904967357194,-18.65715349151007,527.196
1100,27,20,-48.61026849277857,-7.20535353187498,527.969
1101,27,21,-51.598667499955916,6.0210806920648094,528.113
1102,27,22,-52.932176558036275,20.559772694256115,527.557
1103,27,23,-52.42879503130092,35.38142150451448,526.283
1104,27,24,-50.15775030208251,49.31259976965806,524.333
1105,27,25,-46.398475654610024,61.607937483299835,521.807
1106,27,26,-41.50394501990596,72.10892303027673,518.853
1107,27,27,-35.792633043495094,81.0270737088057,515.656
1108,27,28,-29.511150535549902,88.69710976935238,512.425
1109,27,29,-22.83918952784967,95.44632021656547,509.372
1110,27,30,-15.906982944846314,101.55380707049916,506.695
1111,27,31,-8.812037713357297,107.25051268736996,504.56
1112,27,32,-1.6321759415686854,112.7325113076814,503.09
1113,27,33,5.564568777187728,118.17688924604442,502.351
1114,27,34,12.7117401963916,123.75744066588997,502.352
1115,27,35,19.73666830492517,129.66036335418178,503.04
1116,27,36,26.551320502123435,136.10017989237164,504.311
1117,27,37,33.04079080803198,143.33508509146432,506.019
1118,27,38,39.04794559815278,151.67527882280515,507.991
1119,27,39,44.35516992288735,161.4651119035895,510.046
1120,28,0,46.658056994016356,176.00191279715435,511.049
1121,28,1,50.348152070480374,-171.5520308925127,512.907
1122,28,2,52.51909696231766,-157.48636278751698,514.463
1123,28,3,52.89789925368657,-142.5934221702493,515.629
1124,28,4,51.43228750686899,-128.07013139086274,516.368
1125,28,5,48.32200035885818,-114.92465369160783,516.696
1126,28,6,43.90861215495192,-103.57876008392202,516.676
1127,28,7,38.539755618241735,-93.95460690183468,516.413
1128,28,8,32.499300240822535,-85.747034953608,516.036
1129,28,9,25.997540717049848,-78.61311410139393,515.689
1130,28,10,19.185864774782416,-72.24816326669661,515.506
1131,28,11,12.174961605935822,-66.39949960117137,515.605
1132,28,12,5.049759917084119,-60.85691037273274,516.066
1133,28,13,-2.1192700284544985,-55.43723722859767,516.926
1134,28,14,-9.267314217768252,-49.96848576018146,518.172
1135,28,15,-16.3274715882671,-44.27433121896566,519.741
1136,28,16,-23.222506574259953,-38.15855934556873,521.523
1137,28,17,-29.85490371119289,-31.38928180257416,523.375
1138,28,18,-36.093707782109256,-23.68592978680344,525.129
1139,28,19,-41.75758409473438,-14.72015732183385,526.61
1140,28,20,-46.597452725510834,-4.158949996944954,527.655
1141,28,21,-50.292318689110104,8.200262792041132,528.125
1142,28,22,-52.48889728090245,22.180028461619248,527.925
1143,28,23,-52.91195919809304,37.0129317160825,527.008
1144,28,24,-51.50021032307018,51.51950902257005,525.388
1145,28,25,-48.44217753730456,64.6867545347098,523.134
1146,28,26,-44.07165560062929,76.07479723976375,520.373
1147,28,27,-38.7332309717661,85.74571672709817,517.272
1148,28,28,-32.710554576756444,93.99670135768947,514.032
1149,28,29,-26.214894411912578,101.1681404390144,510.864
1150,28,30,-19.398927403299087,107.56485165335229,507.975
1151,28,31,-12.374654992925839,113.4406243396933,505.55
1152,28,32,-5.228341189349626,119.00703043776777,503.736
1153,28,33,1.9681853902401703,124.44864214951693,502.627
1154,28,34,9.148637973391988,129.93898043080495,502.261
1155,28,35,16.24450869551354,135.65605367178074,502.615
1156,28,36,23.17666917474,141.79821056594142,503.611
1157,28,37,29.845327785976533,148.60006811127695,505.121
1158,28,38,36.11662648186923,156.34577583763823,506.983
1159,28,39,41.805484211383686,165.3677590519297,509.02
1160,29,0,48.670971799027065,-169.00219833194188,512.008
1161,29,1,51.64432389946286,-155.68667624311033,513.729
1162,29,2,52.94214180403532,-141.07181994771057,515.098
1163,29,3,52.388271518955236,-126.21094023840693,516.052
1164,29,4,50.06288921979479,-112.28414353961591,516.58
1165,29,5,46.25541051225494,-100.02316850768848,516.724
1166,29,6,41.32406515792451,-89.56808183193407,516.567
1167,29,7,35.588731406202704,-80.69561828876331,516.23
1168,29,8,29.29546682193924,-73.06614672169734,515.85
1169,29,9,22.622766446261352,-66.35146971092784,515.569
1170,29,10,15.699555222394904,-60.27325704777681,515.515
1171,29,11,8.62201587423202,-54.60183337611882,515.787
1172,29,12,1.46663862307061,-49.1425383046085,516.446
1173,29,13,-5.699951237387021,-43.71973351873897,517.504
1174,29,14,-12.812860293279993,-38.161188968399195,518.922
1175,29,15,-19.80111113974424,-32.282622734687635,520.614
1176,29,16,-26.57875907956667,-25.871892557078294,522.451
1177,29,17,-33.03343810939046,-18.673959171962885,524.275
1178,29,18,-39.01132212382317,-10.38254152903241,525.914
1179,29,19,-44.29904967357194,-0.6571469608380601,527.196
1180,29,20,-48.61026849277857,10.794653799209824,527.969
1181,29,21,-51.598667499955916,24.02108887692326,528.113
1182,29,22,-52.932176558036275,38.55977831779362,527.557
1183,29,23,-52.42879503130092,53.38142883559928,526.283
1184,29,24,-50.15775030208251,67.31260710074287,524.333
1185,29,25,-46.398475654610024,79.60794481438464,521.807
1186,29,26,-41.50394501990596,90.10893036136153,518.853
1187,29,27,-35.792633043495094,99.0270810398905,515.656
1188,29,28,-29.511150535549902,106.69711710043718,512.425
1189,29,29,-22.83918952784967,113.44632754765027,509.372
1190,29,30,-15.906982944846314,119.55381440158396,506.695
1191,29,31,-8.812037713357297,125.25052001845476,504.56
1192,29,32,-1.6321759415686854,130.73251180857704,503.09
1193,29,33,5.564568777187728,136.1768965771292,502.351
1194,29,34,12.7117401963916,141.75744799697478,502.352
1195,29,35,19.73666830492517,147.6603706852666,503.04
1196,29,36,26.551320502123435,154.10018722345643,504.311
1197,29,37,33.04079080803198,161.33509242254914,506.019
1198,29,38,39.04794559815278,169.67528615388997,507.991
1199,29,39,44.35516992288735,179.4651192346743,510.046
1200,30,0,46.658056994016356,-165.99807622929518,511.049
1201,30,1,50.348152070480374,-153.5520235614279,512.907
1202,30,2,52.51909696231766,-139.4863554564322,514.463
1203,30,3,52.89789925368657,-124.59341483916452,515.629
1204,30,4,51.43228750686899,-110.07013088996712,516.368
1205,30,5,48.32200035885818,-96.92465319071219,516.696
1206,30,6,43.90861215495192,-85.57875275283722,516.676
1207,30,7,38.539755618241735,-75.95459957074988,516.413
1208,30,8,32.499300240822535,-67.74702762252318,516.036
1209,30,9,25.997540717049848,-60.61310677030914,515.689
1210,30,10,19.185864774782416,-54.248155935611805,515.506
1211,30,11,12.174961605935822,-48.39948885499198,515.605
1212,30,12,5.049759917084119,-42.85690304164794,516.066
1213,30,13,-2.1192700284544985,-37.43722989751286,516.926
1214,30,14,-9.267314217768252,-31.968478429096656,518.172
1215,30,15,-16.3274715882671,-26.27432388788086,519.741
1216,30,16,-23.222506574259953,-20.158552014483934,521.523
1217,30,17,-29.85490371119289,-13.389275325263002,523.375
1218,30,18,-36.093707782109256,-5.685922455718638,525.129
1219,30,19,-41.75758409473438,3.27984958236413,526.61
1220,30,20,-46.597452725510834,13.84105733413985,527.655
1221,30,21,-50.292318689110104,26.20027097689958,528.125
1222,30,22,-52.48889728090245,40.180035792704054,527.925
1223,30,23,-52.91195919809304,55.0129390471673,527.008
1224,30,24,-51.50021032307018,69.51951635365485,525.388
1225,30,25,-48.44217753730456,82.68676186579461,523.134
1226,30,26,-44.07165560062929,94.07480457084857,520.373
1227,30,27,-38.7332309717661,103.74572405818297,517.272
1228,30,28,-32.710554576756444,111.99670868877428,514.032
1229,30,29,-26.214894411912578,119.16814093991003,510.864
1230,30,30,-19.398927403299087,125.5648589844371,507.975
1231,30,31,-12.374654992925839,131.44062484058895,505.55
1232,30,32,-5.228341189349626,137.00703776885257,503.736
1233,30,33,1.9681853902401703,142.44864948060174,502.627
1234,30,34,9.148637973391988,147.93898776188976,502.261
1235,30,35,16.24450869551354,153.65606100286553,502.615
1236,30,36,23.17666917474,159.79821789702623,503.611
1237,30,37,29.845327785976533,166.60007544236177,505.121
1238,30,38,36.11662648186923,174.34578316872302,506.983
1239,30,39,41.805484211383686,-176.63224363489815,509.02
1240,31,0,48.670971799027065,-151.00219100085707,512.008
1241,31,1,51.64432389946286,-137.6866689120255,513.729
1242,31,2,52.94214180403532,-123.07181261662576,515.098
1243,31,3,52.388271518955236,-108.21092607713297,516.052
1244,31,4,50.06288921979479,-94.28413620853111,516.58
1245,31,5,46.25541051225494,-82.02316117660368,516.724
1246,31,6,41.32406515792451,-71.56807450084926,516.567
1247,31,7,35.588731406202704,-62.69561095767851,516.23
1248,31,8,29.29546682193924,-55.066142805707116,515.85
1249,31,9,22.622766446261352,-48.351462379843035,515.569
1250,31,10,15.699555222394904,-42.273246301597425,515.515
1251,31,11,8.62201587423202,-36.60182604503402,515.787
1252,31,12,1.46663862307061,-31.142530973523694,516.446
1253,31,13,-5.699951237387021,-25.71972789520146,517.504
1254,31,14,-12.812860293279993,-20.16118334486168,518.922
1255,31,15,-19.80111113974424,-14.282614549829187,520.614
1256,31,16,-26.57875907956667,-7.871886079767137,522.451
1257,31,17,-33.03343810939046,-0.6739518942389361,524.275
1258,31,18,-39.01132212382317,7.6174658020523935,525.914
1259,31,19,-44.29904967357194,17.342861170659535,527.196
1260,31,20,-48.61026849277857,28.79466027652098,527.969
1261,31,21,-51.598667499955916,42.02109620800806,528.113
1262,31,22,-52.932176558036275,56.55978564887843,527.557
1263,31,23,-52.42879503130092,71.38143958177866,526.283
1264,31,24,-50.15775030208251,85.31261443182767,524.333
1265,31,25,-46.398475654610024,97.60795214546944,521.807
1266,31,26,-41.50394501990596,108.10893769244633,518.853
1267,31,27,-35.792633043495094,117.02708154078613,515.656
1268,31,28,-29.511150535549902,124.69712443152198,512.425
1269,31,29,-22.83918952784967,131.44633487873506,509.372
1270,31,30,-15.906982944846314,137.55382173266878,506.695
1271,31,31,-8.812037713357297,143.25052734953957,504.56
1272,31,32,-1.6321759415686854,148.73251913966183,503.09
1273,31,33,5.564568777187728,154.17690390821403,502.351
1274,31,34,12.7117401963916,159.7574553280596,502.352
1275,31,35,19.73666830492517,165.66037801635142,503.04
1276,31,36,26.551320502123435,172.10019455454125,504.311
1277,31,37,33.04079080803198,179.33509975363393,506.019
1278,31,38,39.04794559815278,-172.32470287255956,507.991
1279,31,39,44.35516992288735,-162.53486979177524,510.046
1280,32,0,46.658056994016356,-147.99806889821036,511.049
1281,32,1,50.348152070480374,-135.5520162303431,512.907
1282,32,2,52.51909696231766,-121.48634812534738,514.463
1283,32,3,52.89789925368657,-106.59341433826889,515.629
1284,32,4,51.43228750686899,-92.07012355888232,516.368
1285,32,5,48.32200035885818,-78.92464585962739,516.696
1286,32,6,43.90861215495192,-67.57874542175242,516.676
1287,32,7,38.539755618241735,-57.954592239665075,516.413
1288,32,8,32.499300240822535,-49.74702029143838,516.036
1289,32,9,25.997540717049848,-42.61310285431892,515.689
1290,32,10,19.185864774782416,-36.248148604527,515.506
1291,32,11,12.174961605935822,-30.399481523907177,515.605
1292,32,12,5.049759917084119,-24.856894003015842,516.066
1293,32,13,-2.1192700284544985,-19.437220858880764,516.926
1294,32,14,-9.267314217768252,-13.968471098011852,518.172
1295,32,15,-16.3274715882671,-8.274317410569703,519.741
1296,32,16,-23.222506574259953,-2.158545110285953,521.523
1297,32,17,-29.85490371119289,4.6107315789349785,523.375
1298,32,18,-36.093707782109256,12.314084875366166,525.129
1299,32,19,-41.75758409473438,21.279857340335756,526.61
1300,32,20,-46.597452725510834,31.841064665224653,527.655
1301,32,21,-50.292318689110104,44.200278307984384,528.125
1302,32,22,-52.48889728090245,58.180043123788856,527.925
1303,32,23,-52.91195919809304,73.01294637825211,527.008
1304,32,24,-51.50021032307018,87.51952368473965,525.388
1305,32,25,-48.44217753730456,100.68676919687941,523.134
1306,32,26,-44.07165560062929,112.07481190193337,520.373
1307,32,27,-38.7332309717661,121.74573138926777,517.272
1308,32,28,-32.710554576756444,129.9967091896699,514.032
1309,32,29,-26.214894411912578,137.16814827099483,510.864
1310,32,30,-19.398927403299087,143.5648663155219,507.975
1311,32,31,-12.374654992925839,149.44063217167374,505.55
1312,32,32,-5.228341189349626,155.0070450999374,503.736
1313,32,33,1.9681853902401703,160.44865681168653,502.627
1314,32,34,9.148637973391988,165.93899509297455,502.261
1315,32,35,16.24450869551354,171.65606833395034,502.615
1316,32,36,23.17666917474,177.79822522811102,503.611
1317,32,37,29.845327785976533,-175.39991358408776,505.121
1318,32,38,36.11662648186923,-167.65421951810484,506.983
1319,32,39,41.805484211383686,-158.63223630381336,509.02
1320,33,0,48.670971799027065,-133.00218366977228,512.008
1321,33,1,51.64432389946286,-119.68666158094072,513.729
1322,33,2,52.94214180403532,-105.07180528554095,515.098
1323,33,3,52.388271518955236,-90.21091874604816,516.052
1324,33,4,50.06288921979479,-76.2841288774463,516.58
1325,33,5,46.25541051225494,-64.02315384551888,516.724
1326,33,6,41.32406515792451,-53.56807058485905,516.567
1327,33,7,35.588731406202704,-44.69560362659371,516.23
1328,33,8,29.29546682193924,-37.066135474622314,515.85
1329,33,9,22.622766446261352,-30.351455048758233,515.569
1330,33,10,15.699555222394904,-24.27323897051262,515.515
1331,33,11,8.62201587423202,-18.60181700640192,515.787
1332,33,12,1.46663862307061,-13.14252364243889,516.446
1333,33,13,-5.699951237387021,-7.719719710343008,517.504
1334,33,14,-12.812860293279993,-2.1611758003334653,518.922
1335,33,15,-19.80111113974424,3.717392781255616,520.614
1336,33,16,-26.57875907956667,10.128121251317667,522.451
1337,33,17,-33.03343810939046,17.32605549020672,524.275
1338,33,18,-39.01132212382317,25.617473133137196,525.914
1339,33,19,-44.29904967357194,35.34286850174434,527.196
1340,33,20,-48.61026849277857,46.79466760760578,527.969
1341,33,21,-51.598667499955916,60.02110012399828,528.113
1342,33,22,-52.932176558036275,74.55979297996323,527.557
1343,33,23,-52.42879503130092,89.38144691286347,526.283
1344,33,24,-50.15775030208251,103.31262176291247,524.333
1345,33,25,-46.398475654610024,115.60795947655424,521.807
1346,33,26,-41.50394501990596,126.10893819334197,518.853
1347,33,27,-35.792633043495094,135.02708887187094,515.656
1348,33,28,-29.511150535549902,142.6971317626068,512.425
1349,33,29,-22.83918952784967,149.44634220981987,509.372
1350,33,30,-15.906982944846314,155.55382906375357,506.695
1351,33,31,-8.812037713357297,161.25053468062438,504.56
1352,33,32,-1.6321759415686854,166.73252647074665,503.09
1353,33,33,5.564568777187728,172.17691123929882,502.351
1354,33,34,12.7117401963916,177.75746265914438,502.352
1355,33,35,19.73666830492517,-176.3396110100981,503.04
1356,33,36,26.551320502123435,-169.8998081322866,504.311
1357,33,37,33.04079080803198,-162.6648892728156,506.019
1358,33,38,39.04794559815278,-154.32469554147477,507.991
1359,33,39,44.35516992288735,-144.53486246069042,510.046
1360,34,0,46.658056994016356,-129.99808888788226,511.049
1361,34,1,50.348152070480374,-117.55203622001497,512.907
1362,34,2,52.51909696231766,-103.48636128483008,514.463
1363,34,3,52.89789925368657,-88.59343432794076,515.629
1364,34,4,51.43228750686899,-74.07014354855419,516.368
1365,34,5,48.32200035885818,-60.92466584929927,516.696
1366,34,6,43.90861215495192,-49.578768826518875,516.676
1367,34,7,38.539755618241735,-39.954615644431534,516.413
1368,34,8,32.499300240822535,-31.74704028111026,516.036
1369,34,9,25.997540717049848,-24.613122843990794,515.689
1370,34,10,19.185864774782416,-18.248168594198876,515.506
1371,34,11,12.174961605935822,-12.399503221126345,515.605
1372,34,12,5.049759917084119,-6.856914419574541,516.066
1373,34,13,-2.1192700284544985,-1.4372412754394637,516.926
1374,34,14,-9.267314217768252,4.031509339203095,518.172
1375,34,15,-16.3274715882671,9.72566259975842,519.741
1376,34,16,-23.222506574259953,15.841435326928993,521.523
1377,34,17,-29.85490371119289,22.61071116237628,523.375
1378,34,18,-36.093707782109256,30.314063178147,525.129
1379,34,19,-41.75758409473438,39.27983735066388,526.61
1380,34,20,-46.597452725510834,49.84104467555277,527.655
1381,34,21,-50.292318689110104,62.20025831831251,528.125
1382,34,22,-52.48889728090245,76.18002313411698,527.925
1383,34,23,-52.91195919809304,91.01292638858023,527.008
1384,34,24,-51.50021032307018,105.51950369506778,525.388
1385,34,25,-48.44217753730456,118.68674920720753,523.134
1386,34,26,-44.07165560062929,130.0747919122615,520.373
1387,34,27,-38.7332309717661,139.7457113995959,517.272
1388,34,28,-32.710554576756444,147.99668919999803,514.032
1389,34,29,-26.214894411912578,155.16812828132296,510.864
1390,34,30,-19.398927403299087,161.56484632585003,507.975
1391,34,31,-12.374654992925839,167.44061218200187,505.55
1392,34,32,-5.228341189349626,173.0070251102655,503.736
1393,34,33,1.9681853902401703,178.44863682201466,502.627
1394,34,34,9.148637973391988,-176.06102125423163,502.261
1395,34,35,16.24450869551354,-170.34394801325587,502.615
1396,34,36,23.17666917474,-164.20180477947352,503.611
1397,34,37,29.845327785976533,-157.39993357375965,505.121
1398,34,38,36.11662648186923,-149.65423950777674,506.983
1399,34,39,41.805484211383686,-140.63225629348523,509.02
1400,35,0,48.670971799027065,-115.00220365944415,512.008
1401,35,1,51.64432389946286,-101.68668157061259,513.729
1402,35,2,52.94214180403532,-87.07182527521283,515.098
1403,35,3,52.388271518955236,-72.21093873572003,516.052
1404,35,4,50.06288921979479,-58.28414886711819,516.58
1405,35,5,46.25541051225494,-46.023177250285336,516.724
1406,35,6,41.32406515792451,-35.56809057453093,516.567
1407,35,7,35.588731406202704,-26.695623616265586,516.23
1408,35,8,29.29546682193924,-19.066155464294187,515.85
1409,35,9,22.622766446261352,-12.351475038430108,515.569
1410,35,10,15.699555222394904,-6.273259387071319,515.515
1411,35,11,8.62201587423202,-0.6018376364040308,515.787
1412,35,12,1.46663862307061,4.8574567947760565,516.446
1413,35,13,-5.699951237387021,10.280260299985116,517.504
1414,35,14,-12.812860293279993,15.838803996551245,518.922
1415,35,15,-19.80111113974424,21.717371937810093,520.614
1416,35,16,-26.57875907956667,28.128102115419438,522.451
1417,35,17,-33.03343810939046,35.32603550053484,524.275
1418,35,18,-39.01132212382317,43.61745485101261,525.914
1419,35,19,-44.29904967357194,53.342848512072464,527.196
1420,35,20,-48.61026849277857,64.79465103302849,527.969
1421,35,21,-51.598667499955916,78.02108013432641,528.113
1422,35,22,-52.932176558036275,92.55977299029135,527.557
1423,35,23,-52.42879503130092,107.3814269231916,526.283
1424,35,24,-50.15775030208251,121.31260177324059,524.333
1425,35,25,-46.398475654610024,133.60793948688237,521.807
1426,35,26,-41.50394501990596,144.1089182036701,518.853
1427,35,27,-35.792633043495094,153.02706888219905,515.656
1428,35,28,-29.511150535549902,160.69711177293493,512.425
1429,35,29,-22.83918952784967,167.446322220148,509.372
1430,35,30,-15.906982944846314,173.5538090740817,506.695
1431,35,31,-8.812037713357297,179.25051469095249,504.56
1432,35,32,-1.6321759415686854,-175.26748987645956,503.09
1433,35,33,5.564568777187728,-169.82310510790737,502.351
1434,35,34,12.7117401963916,-164.2425536880618,502.352
1435,35,35,19.73666830492517,-158.33963099977,503.04
1436,35,36,26.551320502123435,-151.8998281219585,504.311
1437,35,37,33.04079080803198,-144.66490926248747,506.019
1438,35,38,39.04794559815278,-136.32471553114664,507.991
1439,35,39,44.35516992288735,-126.5348824503623,510.046
1440,36,0,46.658056994016356,-111.99808838698661,511.049
1441,36,1,50.348152070480374,-99.55202888893017,512.907
1442,36,2,52.51909696231766,-85.48635395374528,514.463
1443,36,3,52.89789925368657,-70.59342699685595,515.629
1444,36,4,51.43228750686899,-56.0701328023748,516.368
1445,36,5,48.32200035885818,-42.924658518214464,516.696
1446,36,6,43.90861215495192,-31.57876149543407,516.676
1447,36,7,38.539755618241735,-21.954606605799437,516.413
1448,36,8,32.499300240822535,-13.747032096251807,516.036
1449,36,9,25.997540717049848,-6.613115512905991,515.689
1450,36,10,19.185864774782416,-0.2481617433617493,515.506
1451,36,11,12.174961605935822,5.600504536845281,515.605
1452,36,12,5.049759917084119,11.143093338397085,516.066
1453,36,13,-2.1192700284544985,16.56276648253216,516.926
1454,36,14,-9.267314217768252,22.031516243401075,518.172
1455,36,15,-16.3274715882671,27.72567078461687,519.741
1456,36,16,-23.222506574259953,33.8414426580138,521.523
1457,36,17,-29.85490371119289,40.61072020100838,523.375
1458,36,18,-36.093707782109256,48.3140705092318,525.129
1459,36,19,-41.75758409473438,57.279844681748685,526.61
1460,36,20,-46.597452725510834,67.84105200663758,527.655
1461,36,21,-50.292318689110104,80.20026564939731,528.125
1462,36,22,-52.48889728090245,94.18003046520178,527.925
1463,36,23,-52.91195919809304,109.01293371966503,527.008
1464,36,24,-51.50021032307018,123.51951785634175,525.388
1465,36,25,-48.44217753730456,136.68675653829234,523.134
1466,36,26,-44.07165560062929,148.0747992433463,520.373
1467,36,27,-38.7332309717661,157.74571873068072,517.272
1468,36,28,-32.710554576756444,165.99669653108282,514.032
1469,36,29,-26.214894411912578,173.16813561240775,510.864
1470,36,30,-19.398927403299087,179.56485365693482,507.975
1471,36,31,-12.374654992925839,-174.55937684444766,505.55
1472,36,32,-5.228341189349626,-168.99297757656237,503.736
1473,36,33,1.9681853902401703,-163.55135220443486,502.627
1474,36,34,9.148637973391988,-158.06101392314685,502.261
1475,36,35,16.24450869551354,-152.34394068217105,502.615
1476,36,36,23.17666917474,-146.20179744838873,503.611
1477,36,37,29.845327785976533,-139.39992624267484,505.121
1478,36,38,36.11662648186923,-131.65423217669192,506.983
1479,36,39,41.805484211383686,-122.63224896240041,509.02
1480,37,0,48.670971799027065,-97.00219632835935,512.008
1481,37,1,51.64432389946286,-83.68667423952779,513.729
1482,37,2,52.94214180403532,-69.07181794412803,515.098
1483,37,3,52.388271518955236,-54.21093481972982,516.052
1484,37,4,50.06288921979479,-40.28414495112797,516.58
1485,37,5,46.25541051225494,-28.02316991920053,516.724
1486,37,6,41.32406515792451,-17.56808153589883,516.567
1487,37,7,35.588731406202704,-8.69561713895443,516.23
1488,37,8,29.29546682193924,-1.0661477063225622,515.85
1489,37,9,22.622766446261352,5.648532719541518,515.569
1490,37,10,15.699555222394904,11.726748370900307,515.515
1491,37,11,8.62201587423202,17.398170335011006,515.787
1492,37,12,1.46663862307061,22.857463698974037,516.446
1493,37,13,-5.699951237387021,28.280266777296273,517.504
1494,37,14,-12.812860293279993,33.83881303518334,518.922
1495,37,15,-19.80111113974424,39.717379268894895,520.614
1496,37,16,-26.57875907956667,46.12810944650424,522.451
1497,37,17,-33.03343810939046,53.326042831619645,524.275
1498,37,18,-39.01132212382317,61.61745876700283,525.914
1499,37,19,-44.29904967357194,71.34285584315727,527.196
1500,37,20,-48.61026849277857,82.79465836411329,527.969
1501,37,21,-51.598667499955916,96.02108746541121,528.113
1502,37,22,-52.932176558036275,110.55978032137615,527.557
1503,37,23,-52.42879503130092,125.38142742408724,526.283
1504,37,24,-50.15775030208251,139.3126091043254,524.333
1505,37,25,-46.398475654610024,151.60794681796716,521.807
1506,37,26,-41.50394501990596,162.1089255347549,518.853
1507,37,27,-35.792633043495094,171.02707621328386,515.656
1508,37,28,-29.511150535549902,178.69711910401972,512.425
1509,37,29,-22.83918952784967,-174.55366680630152,509.372
1510,37,30,-15.906982944846314,-168.44617995236783,506.695
1511,37,31,-8.812037713357297,-162.74947433549704,504.56
1512,37,32,-1.6321759415686854,-157.26748254537475,503.09
1513,37,33,5.564568777187728,-151.82309777682258,502.351
1514,37,34,12.7117401963916,-146.24254635697702,502.352
1515,37,35,19.73666830492517,-140.3396236686852,503.04
1516,37,36,26.551320502123435,-133.8998207908737,504.311
1517,37,37,33.04079080803198,-126.66490193140267,506.019
1518,37,38,39.04794559815278,-118.32470820006183,507.991
1519,37,39,44.35516992288735,-108.5348751192775,510.046
1520,38,0,46.658056994016356,-93.9980810559018,511.049
1521,38,1,50.348152070480374,-81.55202155784536,512.907
1522,38,2,52.51909696231766,-67.48634662266048,514.463
1523,38,3,52.89789925368657,-52.59341966577115,515.629
1524,38,4,51.43228750686899,-38.07012547129,516.368
1525,38,5,48.32200035885818,-24.924649479582367,516.696
1526,38,6,43.90861215495192,-13.578754164349265,516.676
1527,38,7,38.539755618241735,-3.9546001284882815,516.413
1528,38,8,32.499300240822535,4.252974807946173,516.036
1529,38,9,25.997540717049848,11.386891818178812,515.689
1530,38,10,19.185864774782416,17.75184606797073,515.506
1531,38,11,12.174961605935822,23.60051144104326,515.605
1532,38,12,5.049759917084119,29.143098961934594,516.066
1533,38,13,-2.1192700284544985,34.56277210606967,516.926
1534,38,14,-9.267314217768252,40.03152357448588,518.172
1535,38,15,-16.3274715882671,45.725678115701676,519.741
1536,38,16,-23.222506574259953,51.8414499890986,521.523
1537,38,17,-29.85490371119289,58.61072753209318,523.375
1538,38,18,-36.093707782109256,66.31408125541118,525.129
1539,38,19,-41.75758409473438,75.27985201283349,526.61
1540,38,20,-46.597452725510834,85.84105933772238,527.655
1541,38,21,-50.292318689110104,98.20027298048211,528.125
1542,38,22,-52.48889728090245,112.18003779628658,527.925
1543,38,23,-52.91195919809304,127.01294105074983,527.008
1544,38,24,-51.50021032307018,141.51952518742655,525.388
1545,38,25,-48.44217753730456,154.68676386937713,523.134
1546,38,26,-44.07165560062929,166.0748065744311,520.373
1547,38,27,-38.7332309717661,175.7457260617655,517.272
1548,38,28,-32.710554576756444,-176.00329249536668,514.032
1549,38,29,-26.214894411912578,-168.83185341404177,510.864
1550,38,30,-19.398927403299087,-162.4351353695147,507.975
1551,38,31,-12.374654992925839,-156.55936951336287,505.55
1552,38,32,-5.228341189349626,-150.99297024547755,503.736
1553,38,33,1.9681853902401703,-145.55134487335008,502.627
1554,38,34,9.148637973391988,-140.06100659206203,502.261
1555,38,35,16.24450869551354,-134.34393335108626,502.615
1556,38,36,23.17666917474,-128.20179011730391,503.611
1557,38,37,29.845327785976533,-121.39991891159004,505.121
1558,38,38,36.11662648186923,-113.65421801541794,506.983
1559,38,39,41.805484211383686,-104.63223480112644,509.02
1560,39,0,48.670971799027065,-79.00218899727454,512.008
1561,39,1,51.64432389946286,-65.68666690844299,513.729
1562,39,2,52.94214180403532,-51.071810613043226,515.098
1563,39,3,52.388271518955236,-36.21092748864501,516.052
1564,39,4,50.06288921979479,-22.284135912495874,516.58
1565,39,5,46.25541051225494,-10.02316173434208,516.724
1566,39,6,41.32406515792451,0.4319252348970185,516.567
1567,39,7,35.588731406202704,9.304390192130374,516.23
1568,39,8,29.29546682193924,16.933859197875417,515.85
1569,39,9,22.622766446261352,23.6485396237395,515.569
1570,39,10,15.699555222394904,29.72675570198511,515.515
1571,39,11,8.62201587423202,35.39817595854852,515.787
1572,39,12,1.46663862307061,40.85747103005884,516.446
1573,39,13,-5.699951237387021,46.28027581592837,517.504
1574,39,14,-12.812860293279993,51.838820366268145,518.922
1575,39,15,-19.80111113974424,57.7173865999797,520.614
1576,39,16,-26.57875907956667,64.12811336249446,522.451
1577,39,17,-33.03343810939046,71.32604674760987,524.275
1578,39,18,-39.01132212382317,79.61746609808763,525.914
1579,39,19,-44.29904967357194,89.34286317424207,527.196
1580,39,20,-48.61026849277857,100.7946656951981,527.969
1581,39,21,-51.598667499955916,114.02109479649602,528.113
1582,39,22,-52.932176558036275,128.55978765246095,527.557
1583,39,23,-52.42879503130092,143.38143475517202,526.283
1584,39,24,-50.15775030208251,157.3126164354102,524.333
1585,39,25,-46.398475654610024,169.60795414905198,521.807
1586,39,26,-41.50394501990596,-179.89106349169464,518.853
1587,39,27,-35.792633043495094,-170.97291281316566,515.656
1588,39,28,-29.511150535549902,-163.30288358280814,512.425
1589,39,29,-22.83918952784967,-156.55365947521673,509.372
1590,39,30,-15.906982944846314,-150.446172621283,506.695
1591,39,31,-8.812037713357297,-144.74946700441222,504.56
1592,39,32,-1.6321759415686854,-139.26747521428996,503.09
1593,39,33,5.564568777187728,-133.82309044573776,502.351
1594,39,34,12.7117401963916,-128.2425390258922,502.352
1595,39,35,19.73666830492517,-122.33961633760039,503.04
1596,39,36,26.551320502123435,-115.89981345978889,504.311
1597,39,37,33.04079080803198,-108.66489460031787,506.019
1598,39,38,39.04794559815278,-100.32470086897703,507.991
1599,39,39,44.35516992288735,-90.5348677881927,510.046
