0,0,0,44.21135004462898,-57.47584379017137,510.007
1,0,1,48.56117992321369,-45.997072267277545,511.976
2,0,2,51.579235611767224,-32.730382615916994,513.707
3,0,3,52.93008993524484,-18.1410661053712,515.088
4,0,4,52.43098069183532,-3.2696550981410626,516.055
5,0,5,50.154437660335056,10.69815774038953,516.594
6,0,6,46.385583672551626,23.012725851639473,516.747
7,0,7,41.482522131574214,33.51891771031121,516.596
8,0,8,35.767053985053394,42.43333227536418,516.259
9,0,9,29.487439533846203,50.0945471465978,515.876
10,0,10,22.823922347507395,56.831961857114266,515.587
11,0,11,15.906627775009472,62.925446823249445,515.521
12,0,12,8.832491568600547,68.60595123140897,515.779
13,0,13,1.6784314767318929,74.06893460507109,516.422
14,0,14,-5.488743859003655,79.49036993801204,517.464
15,0,15,-12.604215943382675,85.04236433693777,518.869
16,0,16,-19.59729829491106,90.9086362301433,520.551
17,0,17,-26.382625074907875,97.30025212336037,522.382
18,0,18,-32.84883517159794,104.47085109141739,524.206
19,0,19,-38.84354535705098,112.72521666564784,525.851
20,0,20,-44.1554039651374,122.40357422898839,527.144
21,0,21,-48.50023073015508,133.80195784044574,527.932
22,0,22,-51.53279032541114,146.9797013533398,528.095
23,0,23,-52.91880987783056,161.49229605648614,527.559
24,0,24,-52.469888864442304,176.32336882025183,526.306
25,0,25,-50.247666327411146,-169.70542094850805,524.376
26,0,26,-46.52720764499184,-157.3569853442586,521.866
27,0,27,-41.66122720101843,-146.8049577936142,518.924
28,0,28,-35.97005403737535,-137.8447468101763,515.734
29,0,29,-29.7024777945803,-130.1427796152598,512.504
30,0,30,-23.03992878755634,-123.37067437394883,509.446
31,0,31,-16.113845469143904,-117.24777861324759,506.758
32,0,32,-9.0224963322529,-111.54190688251063,504.609
33,0,33,-1.8441290912320518,-106.05616531853403,503.122
34,0,34,5.353033122837379,-100.61315341800501,502.365
35,0,35,12.50266383702928,-95.03916580995184,502.348
36,0,36,19.53233124307319,-89.14863991500359,503.021
37,0,37,26.354629837047284,-82.72810500084069,504.28
38,0,38,32.85564487020044,-75.52082108675154,505.981
39,0,39,38.87974535965204,-67.2180977731974,507.95
40,1,0,46.529932890470675,-42.96570795512624,511.013
41,1,1,50.259417667878154,-30.57301614014969,512.88
42,1,2,52.47981312930633,-16.546879462522714,514.447
43,1,3,52.913526726507556,-1.6620394496106854,515.625
44,1,4,51.50053475705575,12.888874322326712,516.376
45,1,5,48.434223782016076,26.08400408175304,516.715
46,1,6,44.054119089935284,37.48360346688266,516.702
47,1,7,38.70904868700967,47.15466980328423,516.442
48,1,8,32.685105291908975,55.39901207490769,516.065
49,1,9,26.194578014226376,62.5599770611404,515.711
50,1,10,19.390336732870505,68.94374506700112,515.519
51,1,11,12.384015767183342,74.80446401641143,515.604
52,1,12,5.261146587933197,80.35335750945397,516.05
53,1,13,-1.9075187962584708,85.77417812536962,516.894
54,1,14,-9.057129660213096,91.23901931048599,518.126
55,1,15,-16.1209300828605,96.92385405857931,519.682
56,1,16,-23.022131022126583,103.02408725161445,521.457
57,1,17,-29.663982848418108,109.77033339672775,523.306
58,1,18,-35.91674099580881,117.44163304227088,525.062
59,1,19,-41.60081759290425,126.36524787213587,526.551
60,1,20,-46.46930471630306,136.87536538203307,527.609
61,1,21,-50.2030788525093,149.18160407759018,528.097
62,1,22,-52.4485479383806,163.12163768299268,527.917
63,1,23,-52.92608744439121,177.94556606888654,527.021
64,1,24,-51.566804667477804,-167.52138599912644,525.421
65,1,25,-48.552843677331694,-154.30520218158355,523.186
66,1,26,-44.21586821476494,-142.86376105759842,520.438
67,1,27,-38.901489266874776,-133.14586352915268,517.347
68,1,28,-32.89558440137209,-124.85793440534077,514.111
69,1,29,-26.41140236942843,-117.65927018998417,510.94
70,1,30,-19.60308175759077,-111.24359154032116,508.044
71,1,31,-12.583598163599346,-105.35566111725751,505.607
72,1,32,-5.439793600769466,-99.78287562249827,503.777
73,1,33,1.7562115365658824,-94.34007545783352,502.65
74,1,34,8.93808031675342,-88.85366453531825,502.266
75,1,35,16.037485661770454,-83.14596914407291,502.604
76,1,36,22.975742084831147,-77.01949436424657,503.585
77,1,37,29.653840017500638,-70.24087995265658,505.086
78,1,38,35.93916109175938,-62.52757464371786,506.943
79,1,39,41.64840352085173,-53.5482425456985,508.979
80,2,0,44.21135004462898,-39.47584328927574,510.007
81,2,1,48.56117992321369,-27.99707005883462,511.976
82,2,2,51.579235611767224,-14.730383822568651,513.707
83,2,3,52.93008993524484,-0.14106531099087494,515.088
84,2,4,52.43098069183532,14.730346256528216,516.055
85,2,5,50.154437660335056,28.698159948832455,516.594
86,2,6,46.385583672551626,41.0127280600824,516.747
87,2,7,41.482522131574214,51.518918211206845,516.596
88,2,8,35.767053985053394,60.43332936116523,516.259
89,2,9,29.487439533846203,68.09454764749343,515.876
90,2,10,22.823922347507395,74.8319623580099,515.587
91,2,11,15.906627775009472,80.92544732414508,515.521
92,2,12,8.832491568600547,86.6059517323046,515.779
93,2,13,1.6784314767318929,92.06893510596673,516.422
94,2,14,-5.488743859003655,97.49037043890768,517.464
95,2,15,-12.604215943382675,103.0423648378334,518.869
96,2,16,-19.59729829491106,108.90863673103894,520.551
97,2,17,-26.382625074907875,115.30024579406683,522.382
98,2,18,-32.84883517159794,122.47085159231301,524.206
99,2,19,-38.84354535705098,130.72521716654347,525.851
100,2,20,-44.1554039651374,140.4035815600732,527.144
101,2,21,-48.50023073015508,151.80196517153055,527.932
102,2,22,-51.53279032541114,164.97970868442462,528.095
103,2,23,-52.91880987783056,179.4922897271926,527.559
104,2,24,-52.469888864442304,-165.67663386657603,526.306
105,2,25,-50.247666327411146,-151.70541361742326,524.376
106,2,26,-46.52720764499184,-139.3569780131738,521.866
107,2,27,-41.66122720101843,-128.80496412290773,518.924
108,2,28,-35.97005403737535,-119.84473947909149,515.734
109,2,29,-29.7024777945803,-112.14278594455334,512.504
110,2,30,-23.03992878755634,-105.37066704286403,509.446
111,2,31,-16.113845469143904,-99.24777811235195,506.758
112,2,32,-9.0224963322529,-93.541906381615,504.609
113,2,33,-1.8441290912320518,-88.05616481763839,503.122
114,2,34,5.353033122837379,-82.61315291710937,502.365
115,2,35,12.50266383702928,-77.0391653090562,502.348
116,2,36,19.53233124307319,-71.14863941410795,503.021
117,2,37,26.354629837047284,-64.72810449994506,504.28
118,2,38,32.85564487020044,-57.5208205858559,505.981
119,2,39,38.87974535965204,-49.21809727230176,507.95
120,3,0,46.529932890470675,-24.965705746683316,511.013
121,3,1,50.259417667878154,-12.573016493027703,512.88
122,3,2,52.47981312930633,1.4531208249295087,514.447
123,3,3,52.913526726507556,16.33796105128495,515.625
124,3,4,51.50053475705575,30.888874823222345,516.376
125,3,5,48.434223782016076,44.084004582648674,516.715
126,3,6,44.054119089935284,55.48360396777829,516.702
127,3,7,38.70904868700967,65.15467030417986,516.442
128,3,8,32.685105291908975,73.39900916070873,516.065
129,3,9,26.194578014226376,80.55997756203604,515.711
130,3,10,19.390336732870505,86.94374556789676,515.519
131,3,11,12.384015767183342,92.80446451730707,515.604
132,3,12,5.261146587933197,98.35335801034961,516.05
133,3,13,-1.9075187962584708,103.77417862626525,516.894
134,3,14,-9.057129660213096,109.23901981138162,518.126
135,3,15,-16.1209300828605,114.92384772928577,519.682
136,3,16,-23.022131022126583,121.02408092232092,521.457
137,3,17,-29.663982848418108,127.77032706743421,523.306
138,3,18,-35.91674099580881,135.44164037335568,525.062
139,3,19,-41.60081759290425,144.36524154284234,526.551
140,3,20,-46.46930471630306,154.87537271311788,527.609
141,3,21,-50.2030788525093,167.18159774829664,528.097
142,3,22,-52.4485479383806,-178.87836500383517,527.917
143,3,23,-52.92608744439121,-164.05443661794132,527.021
144,3,24,-51.566804667477804,-149.52137866804162,525.421
145,3,25,-48.552843677331694,-136.30519485049874,523.186
146,3,26,-44.21586821476494,-124.86376738689196,520.438
147,3,27,-38.901489266874776,-115.14585619806786,517.347
148,3,28,-32.89558440137209,-106.85793390444513,514.111
149,3,29,-26.41140236942843,-99.65926968908855,510.94
150,3,30,-19.60308175759077,-93.24359103942552,508.044
151,3,31,-12.583598163599346,-87.35566061636187,505.607
152,3,32,-5.439793600769466,-81.78287512160263,503.777
153,3,33,1.7562115365658824,-76.34007495693788,502.65
154,3,34,8.93808031675342,-70.85366403442261,502.266
155,3,35,16.037485661770454,-65.14596864317727,502.604
156,3,36,22.975742084831147,-59.01949386335093,503.585
157,3,37,29.653840017500638,-52.24087945176095,505.086
158,3,38,35.93916109175938,-44.527574142822225,506.943
159,3,39,41.64840352085173,-35.54824204480287,508.979
160,4,0,44.21135004462898,-21.475844495927394,510.007
161,4,1,48.56117992321369,-9.997070411712631,511.976
162,4,2,51.579235611767224,3.269617318657216,513.707
163,4,3,52.93008993524484,17.858934896420067,515.088
164,4,4,52.43098069183532,32.730345049876554,516.055
165,4,5,50.154437660335056,46.698160449728086,516.594
166,4,6,46.385583672551626,59.01272514588345,516.747
167,4,7,41.482522131574214,69.5189152970079,516.596
168,4,8,35.767053985053394,78.43332986206086,516.259
169,4,9,29.487439533846203,86.09454814838907,515.876
170,4,10,22.823922347507395,92.83196285890553,515.587
171,4,11,15.906627775009472,98.9254478250407,515.521
172,4,12,8.832491568600547,104.60595223320023,515.779
173,4,13,1.6784314767318929,110.06893560686237,516.422
174,4,14,-5.488743859003655,115.4903709398033,517.464
175,4,15,-12.604215943382675,121.0423721689182,518.869
176,4,16,-19.59729829491106,126.9086304017454,520.551
177,4,17,-26.382625074907875,133.30025312515164,522.382
178,4,18,-32.84883517159794,140.47084526301947,524.206
179,4,19,-38.84354535705098,148.72521083724993,525.851
180,4,20,-44.1554039651374,158.40357523077967,527.144
181,4,21,-48.50023073015508,169.801958842237,527.932
182,4,22,-51.53279032541114,-177.02029400240326,528.095
183,4,23,-52.91880987783056,-162.50771295963526,527.559
184,4,24,-52.469888864442304,-147.67662653549124,526.306
185,4,25,-50.247666327411146,-133.7054199467168,524.376
186,4,26,-46.52720764499184,-121.35698434246734,521.866
187,4,27,-41.66122720101843,-110.80496362201211,518.924
188,4,28,-35.97005403737535,-101.84474580838503,515.734
189,4,29,-29.7024777945803,-94.1427854436577,512.504
190,4,30,-23.03992878755634,-87.3706665419684,509.446
191,4,31,-16.113845469143904,-81.24777761145631,506.758
192,4,32,-9.0224963322529,-75.54190588071937,504.609
193,4,33,-1.8441290912320518,-70.05616431674275,503.122
194,4,34,5.353033122837379,-64.61315241621374,502.365
195,4,35,12.50266383702928,-59.03916480816057,502.348
196,4,36,19.53233124307319,-53.148635498117734,503.021
197,4,37,26.354629837047284,-46.72810058395484,504.28
198,4,38,32.85564487020044,-39.52082008496027,505.981
199,4,39,38.87974535965204,-31.21809677140613,507.95
200,5,0,46.529932890470675,-6.965706099561328,511.013
201,5,1,50.259417667878154,5.426984434754753,512.88
202,5,2,52.47981312930633,19.453121539268555,514.447
203,5,3,52.913526726507556,34.33795984463329,515.625
204,5,4,51.50053475705575,48.888875324117976,516.376
205,5,5,48.434223782016076,62.084008498638894,516.715
206,5,6,44.054119089935284,73.48360105357935,516.702
207,5,7,38.70904868700967,83.1546708050755,516.442
208,5,8,32.685105291908975,91.39900966160437,516.065
209,5,9,26.194578014226376,98.55997806293166,515.711
210,5,10,19.390336732870505,104.94374606879238,515.519
211,5,11,12.384015767183342,110.80446501820269,515.604
212,5,12,5.261146587933197,116.35336534143441,516.05
213,5,13,-1.9075187962584708,121.77417229697171,516.894
214,5,14,-9.057129660213096,127.23902031227726,518.126
215,5,15,-16.1209300828605,132.92385506037056,519.682
216,5,16,-23.022131022126583,139.02408825340572,521.457
217,5,17,-29.663982848418108,145.77033439851903,523.306
218,5,18,-35.91674099580881,153.44163404406214,525.062
219,5,19,-41.60081759290425,162.36524887392713,526.551
220,5,20,-46.46930471630306,172.87536638382434,527.609
221,5,21,-50.2030788525093,-174.8183912781529,528.097
222,5,22,-52.4485479383806,-160.87835767275038,527.917
223,5,23,-52.92608744439121,-146.05442928685653,527.021
224,5,24,-51.566804667477804,-131.52138499733516,525.421
225,5,25,-48.552843677331694,-118.30520117979228,523.186
226,5,26,-44.21586821476494,-106.86376688599633,520.438
227,5,27,-38.901489266874776,-97.14585569717222,517.347
228,5,28,-32.89558440137209,-88.85793340354951,514.111
229,5,29,-26.41140236942843,-81.65926918819291,510.94
230,5,30,-19.60308175759077,-75.24359053852989,508.044
231,5,31,-12.583598163599346,-69.35566011546625,505.607
232,5,32,-5.439793600769466,-63.78287462070699,503.777
233,5,33,1.7562115365658824,-58.34007445604225,502.65
234,5,34,8.93808031675342,-52.85366353352698,502.266
235,5,35,16.037485661770454,-47.14596472718705,502.604
236,5,36,22.975742084831147,-41.01948994736071,503.585
237,5,37,29.653840017500638,-34.240878950865316,505.086
238,5,38,35.93916109175938,-26.527573641926594,506.943
239,5,39,41.64840352085173,-17.548241543907235,508.979
240,6,0,44.21135004462898,-3.4758433547015266,510.007
241,6,1,48.56117992321369,8.002930089183002,511.976
242,6,2,51.579235611767224,21.269617179222614,513.707
243,6,3,52.93008993524484,35.858937104862996,515.088
244,6,4,52.43098069183532,50.73034555077219,516.055
245,6,5,50.154437660335056,64.69816095062372,516.594
246,6,6,46.385583672551626,77.01272564677909,516.747
247,6,7,41.482522131574214,87.51891579790353,516.596
248,6,8,35.767053985053394,96.4333303629565,516.259
249,6,9,29.487439533846203,104.0945486492847,515.876
250,6,10,22.823922347507395,110.83196335980116,515.587
251,6,11,15.906627775009472,116.92544832593634,515.521
252,6,12,8.832491568600547,122.60595273409587,515.779
253,6,13,1.6784314767318929,128.06894293794716,516.422
254,6,14,-5.488743859003655,133.49036461050977,517.464
255,6,15,-12.604215943382675,139.04236583962467,518.869
256,6,16,-19.59729829491106,144.90863773283021,520.551
257,6,17,-26.382625074907875,151.3002467958581,522.382
258,6,18,-32.84883517159794,158.4708525941043,524.206
259,6,19,-38.84354535705098,166.72521816833472,525.851
260,6,20,-44.1554039651374,176.40358256186445,527.144
261,6,21,-48.50023073015508,-172.1980301842125,527.932
262,6,22,-51.53279032541114,-159.02030033169677,528.095
263,6,23,-52.91880987783056,-144.50770562855047,527.559
264,6,24,-52.469888864442304,-129.67663286478478,526.306
265,6,25,-50.247666327411146,-115.70541261563199,524.376
266,6,26,-46.52720764499184,-103.3569838415717,521.866
267,6,27,-41.66122720101843,-92.80496312111647,518.924
268,6,28,-35.97005403737535,-83.84474530748939,515.734
269,6,29,-29.7024777945803,-76.14278494276206,512.504
270,6,30,-23.03992878755634,-69.37066604107277,509.446
271,6,31,-16.113845469143904,-63.24777711056068,506.758
272,6,32,-9.0224963322529,-57.54190537982373,504.609
273,6,33,-1.8441290912320518,-52.05616381584712,503.122
274,6,34,5.353033122837379,-46.613155330412695,502.365
275,6,35,12.50266383702928,-41.03916430726493,502.348
276,6,36,19.53233124307319,-35.1486349972221,503.021
277,6,37,26.354629837047284,-28.728100083059207,504.28
278,6,38,32.85564487020044,-21.520819584064636,505.981
279,6,39,38.87974535965204,-13.21809541673685,507.95
280,7,0,46.529932890470675,11.034290986239721,511.013
281,7,1,50.259417667878154,23.426981947442624,512.88
282,7,2,52.47981312930633,37.45311691752231,514.447
283,7,3,52.913526726507556,52.33795693043434,515.625
284,7,4,51.50053475705575,66.88887582501361,516.376
285,7,5,48.434223782016076,80.08400216934535,516.715
286,7,6,44.054119089935284,91.48360155447497,516.702
287,7,7,38.70904868700967,101.15466447578196,516.442
288,7,8,32.685105291908975,109.3990101625,516.065
289,7,9,26.194578014226376,116.5599785638273,515.711
290,7,10,19.390336732870505,122.94374656968802,515.519
291,7,11,12.384015767183342,128.80445868890916,515.604
292,7,12,5.261146587933197,134.35335901214088,516.05
293,7,13,-1.9075187962584708,139.77417962805652,516.894
294,7,14,-9.057129660213096,145.23901398298372,518.126
295,7,15,-16.1209300828605,150.92384873107704,519.682
296,7,16,-23.022131022126583,157.02408192411218,521.457
297,7,17,-29.663982848418108,163.77032806922549,523.306
298,7,18,-35.91674099580881,171.44164137514696,525.062
299,7,19,-41.60081759290425,-179.63475381290073,526.551
300,7,20,-46.46930471630306,-169.12463630300354,527.609
301,7,21,-50.2030788525093,-156.81839760744643,528.097
302,7,22,-52.4485479383806,-142.87836400204392,527.917
303,7,23,-52.92608744439121,-128.05443561615007,527.021
304,7,24,-51.566804667477804,-113.52138449643954,525.421
305,7,25,-48.552843677331694,-100.30520067889664,523.186
306,7,26,-44.21586821476494,-88.86376638510069,520.438
307,7,27,-38.901489266874776,-79.14586202646576,517.347
308,7,28,-32.89558440137209,-70.85793973284304,514.111
309,7,29,-26.41140236942843,-63.65927551748644,510.94
310,7,30,-19.60308175759077,-57.24359345272884,508.044
311,7,31,-12.583598163599346,-51.355666444759784,505.607
312,7,32,-5.439793600769466,-45.78287753490594,503.777
313,7,33,1.7562115365658824,-40.34007395514662,502.65
314,7,34,8.93808031675342,-34.853666447725935,502.266
315,7,35,16.037485661770454,-29.145967641386,502.604
316,7,36,22.975742084831147,-23.019492861559662,503.585
317,7,37,29.653840017500638,-16.240881865064264,505.086
318,7,38,35.93916109175938,-8.527577409899191,506.943
319,7,39,41.64840352085173,0.4517551150069902,508.979
320,8,0,44.21135004462898,14.524156505863871,510.007
321,8,1,48.56117992321369,26.00293144385228,511.976
322,8,2,51.579235611767224,39.26961938766554,513.707
323,8,3,52.93008993524484,53.858937605758626,515.088
324,8,4,52.43098069183532,68.7303494667624,516.055
325,8,5,50.154437660335056,82.69816145151935,516.594
326,8,6,46.385583672551626,95.01272614767471,516.747
327,8,7,41.482522131574214,105.51891629879916,516.596
328,8,8,35.767053985053394,114.43333086385213,516.259
329,8,9,29.487439533846203,122.09454915018033,515.876
330,8,10,22.823922347507395,128.83195703050762,515.587
331,8,11,15.906627775009472,134.92545565702113,515.521
332,8,12,8.832491568600547,140.60594640480232,515.779
333,8,13,1.6784314767318929,146.06893660865362,516.422
334,8,14,-5.488743859003655,151.49037194159456,517.464
335,8,15,-12.604215943382675,157.04237317070948,518.869
336,8,16,-19.59729829491106,162.90863140353667,520.551
337,8,17,-26.382625074907875,169.3002541269429,522.382
338,8,18,-32.84883517159794,176.47084626481075,524.206
339,8,19,-38.84354535705098,-175.27478451849314,525.851
340,8,20,-44.1554039651374,-165.5964201249634,527.144
341,8,21,-48.50023073015508,-154.19803651350605,527.932
342,8,22,-51.53279032541114,-141.02029300061199,528.095
343,8,23,-52.91880987783056,-126.507711957844,527.559
344,8,24,-52.469888864442304,-111.67662553369996,526.306
345,8,25,-50.247666327411146,-97.70541211473635,524.376
346,8,26,-46.52720764499184,-85.35698334067607,521.866
347,8,27,-41.66122720101843,-74.80496262022083,518.924
348,8,28,-35.97005403737535,-65.84474480659377,515.734
349,8,29,-29.7024777945803,-58.14278444186643,512.504
350,8,30,-23.03992878755634,-51.37066895527172,509.446
351,8,31,-16.113845469143904,-45.24777660966505,506.758
352,8,32,-9.0224963322529,-39.54190146383351,504.609
353,8,33,-1.8441290912320518,-34.05616331495149,503.122
354,8,34,5.353033122837379,-28.61315312196977,502.365
355,8,35,12.50266383702928,-23.039163806369302,502.348
356,8,36,19.53233124307319,-17.14863620387376,503.021
357,8,37,26.354629837047284,-10.728100435937218,504.28
358,8,38,32.85564487020044,-3.5208188697255913,505.981
359,8,39,38.87974535965204,4.781905084158783,507.95
360,9,0,46.529932890470675,29.034290633361707,511.013
361,9,1,50.259417667878154,41.42698244833826,512.88
362,9,2,52.47981312930633,55.453117418417946,514.447
363,9,3,52.913526726507556,70.33795743132997,515.625
364,9,4,51.50053475705575,84.88887632590925,516.376
365,9,5,48.434223782016076,98.08400267024099,516.715
366,9,6,44.054119089935284,109.48360205537061,516.702
367,9,7,38.70904868700967,119.15467180686676,516.442
368,9,8,32.685105291908975,127.39901066339563,516.065
369,9,9,26.194578014226376,134.55997223453377,515.711
370,9,10,19.390336732870505,140.94374024039448,515.519
371,9,11,12.384015767183342,146.80446601999395,515.604
372,9,12,5.261146587933197,152.35335268284734,516.05
373,9,13,-1.9075187962584708,157.77417329876297,516.894
374,9,14,-9.057129660213096,163.23902131406854,518.126
375,9,15,-16.1209300828605,168.92385606216183,519.682
376,9,16,-23.022131022126583,175.024089255197,521.457
377,9,17,-29.663982848418108,-178.2296746176024,523.306
378,9,18,-35.91674099580881,-170.5583613116809,525.062
379,9,19,-41.60081759290425,-161.63476014219427,526.551
380,9,20,-46.46930471630306,-151.12462897191872,527.609
381,9,21,-50.2030788525093,-138.81840393673994,528.097
382,9,22,-52.4485479383806,-124.8783566709591,527.917
383,9,23,-52.92608744439121,-110.05443511525442,527.021
384,9,24,-51.566804667477804,-95.5213839955439,525.421
385,9,25,-48.552843677331694,-82.30520017800102,523.186
386,9,26,-44.21586821476494,-70.86376588420507,520.438
387,9,27,-38.901489266874776,-61.14586152557013,517.347
388,9,28,-32.89558440137209,-52.85793581685282,514.111
389,9,29,-26.41140236942843,-45.65927501659081,510.94
390,9,30,-19.60308175759077,-39.24359295183321,508.044
391,9,31,-12.583598163599346,-33.35566594386415,505.607
392,9,32,-5.439793600769466,-27.782877034010312,503.777
393,9,33,1.7562115365658824,-22.340073454250987,502.65
394,9,34,8.93808031675342,-16.853665946830297,502.266
395,9,35,16.037485661770454,-11.145967994264014,502.604
396,9,36,22.975742084831147,-5.0194927875508535,503.585
397,9,37,29.653840017500638,1.7591188492747807,505.086
398,9,38,35.93916109175938,9.472423090996442,506.943
399,9,39,41.64840352085173,18.451756042789448,508.979
400,10,0,44.21135004462898,32.5241587143068,510.007
401,10,1,48.56117992321369,44.00293023720062,511.976
402,10,2,51.579235611767224,57.269619888561174,513.707
403,10,3,52.93008993524484,71.85893810665426,515.088
404,10,4,52.43098069183532,86.73034996765804,516.055
405,10,5,50.154437660335056,100.69816195241499,516.594
406,10,6,46.385583672551626,113.01272664857035,516.747
407,10,7,41.482522131574214,123.5189167996948,516.596
408,10,8,35.767053985053394,132.43333819493694,516.259
409,10,9,29.487439533846203,140.09455648126513,515.876
410,10,10,22.823922347507395,146.83196436159244,515.587
411,10,11,15.906627775009472,152.92544932772762,515.521
412,10,12,8.832491568600547,158.60595373588714,515.779
413,10,13,1.6784314767318929,164.06894393973843,516.422
414,10,14,-5.488743859003655,169.49036561230105,517.464
415,10,15,-12.604215943382675,175.04236684141594,518.869
416,10,16,-19.59729829491106,-179.09135762291285,520.551
417,10,17,-26.382625074907875,-172.69974855988497,522.382
418,10,18,-32.84883517159794,-165.52914276163878,524.206
419,10,19,-38.84354535705098,-157.27477718740832,525.851
420,10,20,-44.1554039651374,-147.59642645425694,527.144
421,10,21,-48.50023073015508,-136.19802918242124,527.932
422,10,22,-51.53279032541114,-123.02029932990553,528.095
423,10,23,-52.91880987783056,-108.50770462675919,527.559
424,10,24,-52.469888864442304,-93.67662503280432,526.306
425,10,25,-50.247666327411146,-79.70541161384072,524.376
426,10,26,-46.52720764499184,-67.35698283978043,521.866
427,10,27,-41.66122720101843,-56.804962119325204,518.924
428,10,28,-35.97005403737535,-47.844740890603546,515.734
429,10,29,-29.7024777945803,-40.14278052587622,512.504
430,10,30,-23.03992878755634,-33.37066845437608,509.446
431,10,31,-16.113845469143904,-27.24777610876942,506.758
432,10,32,-9.0224963322529,-21.54190267048517,504.609
433,10,33,-1.8441290912320518,-16.05616110650856,503.122
434,10,34,5.353033122837379,-10.613153474847781,502.365
435,10,35,12.50266383702928,-5.039163305473667,502.348
436,10,36,19.53233124307319,0.8513650974346653,503.021
437,10,37,26.354629837047284,7.271900064958414,504.28
438,10,38,32.85564487020044,14.47918141772663,505.981
439,10,39,38.87974535965204,22.781904731280772,507.95
440,11,0,46.529932890470675,47.034291134257344,511.013
441,11,1,50.259417667878154,59.42698294923389,512.88
442,11,2,52.47981312930633,73.45311791931357,514.447
443,11,3,52.913526726507556,88.3379579322256,515.625
444,11,4,51.50053475705575,102.88887682680488,516.376
445,11,5,48.434223782016076,116.0840100013258,516.715
446,11,6,44.054119089935284,127.48359572607707,516.702
447,11,7,38.70904868700967,137.15466547757322,516.442
448,11,8,32.685105291908975,145.3990043341021,516.065
449,11,9,26.194578014226376,152.55997956561856,515.711
450,11,10,19.390336732870505,158.9437475714793,515.519
451,11,11,12.384015767183342,164.8044596907004,515.604
452,11,12,5.261146587933197,170.35336001393213,516.05
453,11,13,-1.9075187962584708,175.7741806298478,516.894
454,11,14,-9.057129660213096,-178.76098137275935,518.126
455,11,15,-16.1209300828605,-173.07614662466602,519.682
456,11,16,-23.022131022126583,-166.9759134316309,521.457
457,11,17,-29.663982848418108,-160.22966728651758,523.306
458,11,18,-35.91674099580881,-152.55836764097444,525.062
459,11,19,-41.60081759290425,-143.63475281110948,526.551
460,11,20,-46.46930471630306,-133.12463530121227,527.609
461,11,21,-50.2030788525093,-120.81839660565515,528.097
462,11,22,-52.4485479383806,-106.87836300025265,527.917
463,11,23,-52.92608744439121,-92.0544346143588,527.021
464,11,24,-51.566804667477804,-77.52138349464828,525.421
465,11,25,-48.552843677331694,-64.30519967710538,523.186
466,11,26,-44.21586821476494,-52.86376879840402,520.438
467,11,27,-38.901489266874776,-43.14585760957991,517.347
468,11,28,-32.89558440137209,-34.85793531595719,514.111
469,11,29,-26.41140236942843,-27.659274515695177,510.94
470,11,30,-19.60308175759077,-21.243594158484868,508.044
471,11,31,-12.583598163599346,-15.355663735421224,505.607
472,11,32,-5.439793600769466,-9.782876533114678,503.777
473,11,33,1.7562115365658824,-4.340073380242176,502.65
474,11,34,8.93808031675342,1.1463338070133946,502.266
475,11,35,16.037485661770454,6.8540325066316194,502.604
476,11,36,22.975742084831147,12.980507286457957,503.585
477,11,37,29.653840017500638,19.759119136727,505.086
478,11,38,35.93916109175938,27.472424445665723,506.943
479,11,39,41.64840352085173,36.45175654368508,508.979
480,12,0,44.21135004462898,50.52415921520243,510.007
481,12,1,48.56117992321369,62.00293415319084,511.976
482,12,2,51.579235611767224,75.2696203894568,513.707
483,12,3,52.93008993524484,89.85893860754989,515.088
484,12,4,52.43098069183532,104.73035046855368,516.055
485,12,5,50.154437660335056,118.69815562312145,516.594
486,12,6,46.385583672551626,131.01272714946597,516.747
487,12,7,41.482522131574214,141.5189241307796,516.596
488,12,8,35.767053985053394,150.4333318656434,516.259
489,12,9,29.487439533846203,158.0945501519716,515.876
490,12,10,22.823922347507395,164.8319580322989,515.587
491,12,11,15.906627775009472,170.9254566588124,515.521
492,12,12,8.832491568600547,176.6059474065936,515.779
493,12,13,1.6784314767318929,-177.93105874708942,516.422
494,12,14,-5.488743859003655,-172.50962341414848,517.464
495,12,15,-12.604215943382675,-166.95763584541191,518.869
496,12,16,-19.59729829491106,-161.0913639522064,520.551
497,12,17,-26.382625074907875,-154.69974122880015,522.382
498,12,18,-32.84883517159794,-147.52914909093232,524.206
499,12,19,-38.84354535705098,-139.27478351670186,525.851
500,12,20,-44.1554039651374,-129.59641912317213,527.144
501,12,21,-48.50023073015508,-118.19803551171478,527.932
502,12,22,-51.53279032541114,-105.02029199882072,528.095
503,12,23,-52.91880987783056,-90.50770412586355,527.559
504,12,24,-52.469888864442304,-75.6766245319087,526.306
505,12,25,-50.247666327411146,-61.705411112945086,524.376
506,12,26,-46.52720764499184,-49.356978923790216,521.866
507,12,27,-41.66122720101843,-38.80496161842957,518.924
508,12,28,-35.97005403737535,-29.844740389707912,515.734
509,12,29,-29.7024777945803,-22.14278002498058,512.504
510,12,30,-23.03992878755634,-15.370666245933156,509.446
511,12,31,-16.113845469143904,-9.247775607873784,506.758
512,12,32,-9.0224963322529,-3.541901529259305,504.609
513,12,33,-1.8441290912320518,1.9438389675002483,503.122
514,12,34,5.353033122837379,7.386847026047851,502.365
515,12,35,12.50266383702928,12.960837195421966,502.348
516,12,36,19.53233124307319,18.851364797917505,503.021
517,12,37,26.354629837047284,25.271901419627692,504.28
518,12,38,32.85564487020044,32.47918191862227,505.981
519,12,39,38.87974535965204,40.781905232176406,507.95
520,13,0,46.529932890470675,65.03430188043673,511.013
521,13,1,50.259417667878154,77.42699028031869,512.88
522,13,2,52.47981312930633,91.45312525039839,514.447
523,13,3,52.913526726507556,106.33796526331041,515.625
524,13,4,51.50053475705575,120.88888415788968,516.376
525,13,5,48.434223782016076,134.08401733241058,516.715
526,13,6,44.054119089935284,145.48360305716187,516.702
527,13,7,38.70904868700967,155.15467280865803,516.442
528,13,8,32.685105291908975,163.3990116651869,516.065
529,13,9,26.194578014226376,170.55998689670338,515.711
530,13,10,19.390336732870505,176.94375490256408,515.519
531,13,11,12.384015767183342,-177.1955293357491,515.604
532,13,12,5.261146587933197,-171.64662901251737,516.05
533,13,13,-1.9075187962584708,-166.2258220569801,516.894
534,13,14,-9.057129660213096,-160.76097404167453,518.126
535,13,15,-16.1209300828605,-155.07613929358124,519.682
536,13,16,-23.022131022126583,-148.97590610054607,521.457
537,13,17,-29.663982848418108,-142.2296599554328,523.306
538,13,18,-35.91674099580881,-134.55836030988965,525.062
539,13,19,-41.60081759290425,-125.63474548002466,526.551
540,13,20,-46.46930471630306,-115.12462797012746,527.609
541,13,21,-50.2030788525093,-102.81838927457035,528.097
542,13,22,-52.4485479383806,-88.87835566916785,527.917
543,13,23,-52.92608744439121,-74.054427283274,527.021
544,13,24,-51.566804667477804,-59.52137616356347,525.421
545,13,25,-48.552843677331694,-46.305192346020576,523.186
546,13,26,-44.21586821476494,-34.86376146731921,520.438
547,13,27,-38.901489266874776,-25.145851986042402,517.347
548,13,28,-32.89558440137209,-16.857927984872386,514.111
549,13,29,-26.41140236942843,-9.659267184610373,510.94
550,13,30,-19.60308175759077,-3.243586187069828,508.044
551,13,31,-12.583598163599346,2.6443433822201676,505.607
552,13,32,-5.439793600769466,8.217130797970125,503.777
553,13,33,1.7562115365658824,13.659934377729451,502.65
554,13,34,8.93808031675342,19.14634188515014,502.266
555,13,35,16.037485661770454,24.854038983942775,502.604
556,13,36,22.975742084831147,30.980515471316405,503.585
557,13,37,29.653840017500638,37.759126467811804,505.086
558,13,38,35.93916109175938,45.472431776750526,506.943
559,13,39,41.64840352085173,54.45176387476988,508.979
560,14,0,44.21135004462898,68.52415288590889,510.007
561,14,1,48.56117992321369,80.00292782389731,511.976
562,14,2,51.579235611767224,93.26961406016328,513.707
563,14,3,52.93008993524484,107.85893227825636,515.088
564,14,4,52.43098069183532,122.73034413926014,516.055
565,14,5,50.154437660335056,136.69814929382792,516.594
566,14,6,46.385583672551626,149.01272082017243,516.747
567,14,7,41.482522131574214,159.51891780148605,516.596
568,14,8,35.767053985053394,168.43332553634986,516.259
569,14,9,29.487439533846203,176.09454382267808,515.876
570,14,10,22.823922347507395,-177.16804465452896,515.587
571,14,11,15.906627775009472,-171.0745596883938,515.521
572,14,12,8.832491568600547,-165.39405528023426,515.779
573,14,13,1.6784314767318929,-159.93106507638296,516.422
574,14,14,-5.488743859003655,-154.50962974344202,517.464
575,14,15,-12.604215943382675,-148.95764217470546,518.869
576,14,16,-19.59729829491106,-143.09137028149993,520.551
577,14,17,-26.382625074907875,-136.6997475580937,522.382
578,14,18,-32.84883517159794,-129.52915542022586,524.206
579,14,19,-38.84354535705098,-121.2747898459954,525.851
580,14,20,-44.1554039651374,-111.59642545246568,527.144
581,14,21,-48.50023073015508,-100.19804184100832,527.932
582,14,22,-51.53279032541114,-87.02029832811425,528.095
583,14,23,-52.91880987783056,-72.5077104551571,527.559
584,14,24,-52.469888864442304,-57.676630861202234,526.306
585,14,25,-50.247666327411146,-43.70542085733321,524.376
586,14,26,-46.52720764499184,-31.356985253083753,521.866
587,14,27,-41.66122720101843,-20.80496794772311,518.924
588,14,28,-35.97005403737535,-11.844747572775093,515.734
589,14,29,-29.7024777945803,-4.142787208047765,512.504
590,14,30,-23.03992878755634,2.6293272113298944,509.446
591,14,31,-16.113845469143904,8.752218062832679,506.758
592,14,32,-9.0224963322529,14.458091501116924,504.609
593,14,33,-1.8441290912320518,19.943833065093536,503.122
594,14,34,5.353033122837379,25.38684155052796,502.365
595,14,35,12.50266383702928,30.96083086612843,502.348
596,14,36,19.53233124307319,36.85136017617126,503.021
597,14,37,26.354629837047284,43.271895090334155,504.28
598,14,38,32.85564487020044,50.479175589328726,505.981
599,14,39,38.87974535965204,58.781898902882865,507.95
600,15,0,46.529932890470675,83.03429555114319,511.013
601,15,1,50.259417667878154,95.42698395102516,512.88
602,15,2,52.47981312930633,109.45311892110485,514.447
603,15,3,52.913526726507556,124.33796576420605,515.625
604,15,4,51.50053475705575,138.88887782859615,516.376
605,15,5,48.434223782016076,152.08401100311707,516.715
606,15,6,44.054119089935284,163.48359672786833,516.702
607,15,7,38.70904868700967,173.1546664793645,516.442
608,15,8,32.685105291908975,-178.60099102164097,516.065
609,15,9,26.194578014226376,-171.4400157901245,515.711
610,15,10,19.390336732870505,-165.05624778426377,515.519
611,15,11,12.384015767183342,-159.19553566504263,515.604
612,15,12,5.261146587933197,-153.6466353418109,516.05
613,15,13,-1.9075187962584708,-148.2258283862736,516.894
614,15,14,-9.057129660213096,-142.76098037096807,518.126
615,15,15,-16.1209300828605,-137.07614562287475,519.682
616,15,16,-23.022131022126583,-130.9759124298396,521.457
617,15,17,-29.663982848418108,-124.22966628472632,523.306
618,15,18,-35.91674099580881,-116.55836663918318,525.062
619,15,19,-41.60081759290425,-107.63475863950737,526.551
620,15,20,-46.46930471630306,-97.124634299421,527.609
621,15,21,-50.2030788525093,-84.81839560386388,528.097
622,15,22,-52.4485479383806,-70.87836199846139,527.917
623,15,23,-52.92608744439121,-56.05443702766211,527.021
624,15,24,-51.566804667477804,-41.52137907776242,525.421
625,15,25,-48.552843677331694,-28.30519696776682,523.186
626,15,26,-44.21586821476494,-16.863766089065454,520.438
627,15,27,-38.901489266874776,-7.145857888449115,517.347
628,15,28,-32.89558440137209,1.1420653656689597,514.111
629,15,29,-26.41140236942843,8.340726486096091,510.94
630,15,30,-19.60308175759077,14.7564068433064,508.044
631,15,31,-12.583598163599346,20.64433726637004,505.607
632,15,32,-5.439793600769466,26.217124468676587,503.777
633,15,33,1.7562115365658824,31.659928048435916,502.65
634,15,34,8.93808031675342,37.1463355558566,502.266
635,15,35,16.037485661770454,42.85403436219653,502.604
636,15,36,22.975742084831147,48.98050914202287,503.585
637,15,37,29.653840017500638,55.75912013851827,505.086
638,15,38,35.93916109175938,63.4724220323624,506.943
639,15,39,41.64840352085173,72.45175754547634,508.979
640,16,0,44.21135004462898,86.52416021699369,510.007
641,16,1,48.56117992321369,98.00293515498211,511.976
642,16,2,51.579235611767224,111.26962139124808,513.707
643,16,3,52.93008993524484,125.85893960934116,515.088
644,16,4,52.43098069183532,140.73035147034494,516.055
645,16,5,50.154437660335056,154.6981566249127,516.594
646,16,6,46.385583672551626,167.01272815125725,516.747
647,16,7,41.482522131574214,177.51892513257087,516.596
648,16,8,35.767053985053394,-173.56666349009967,516.259
649,16,9,29.487439533846203,-165.90544520377145,515.876
650,16,10,22.823922347507395,-159.16803732344417,515.587
651,16,11,15.906627775009472,-153.074552357309,515.521
652,16,12,8.832491568600547,-147.39404794914947,515.779
653,16,13,1.6784314767318929,-141.93105774529818,516.422
654,16,14,-5.488743859003655,-136.50962241235723,517.464
655,16,15,-12.604215943382675,-130.95763484362067,518.869
656,16,16,-19.59729829491106,-125.09136295041513,520.551
657,16,17,-26.382625074907875,-118.69974022700889,522.382
658,16,18,-32.84883517159794,-111.52914808914105,524.206
659,16,19,-38.84354535705098,-103.2747825149106,525.851
660,16,20,-44.1554039651374,-93.59641812138086,527.144
661,16,21,-48.50023073015508,-82.19803450992352,527.932
662,16,22,-51.53279032541114,-69.02029099702945,528.095
663,16,23,-52.91880987783056,-54.507706539166875,527.559
664,16,24,-52.469888864442304,-39.67662353011743,526.306
665,16,25,-50.247666327411146,-25.705411818701112,524.376
666,16,26,-46.52720764499184,-13.356978775772596,521.866
667,16,27,-41.66122720101843,-2.80495976286466,518.924
668,16,28,-35.97005403737535,6.155259758309709,515.734
669,16,29,-29.7024777945803,13.857220123037038,512.504
670,16,30,-23.03992878755634,20.62933475585811,509.446
671,16,31,-16.113845469143904,26.75222539391748,506.758
672,16,32,-9.0224963322529,32.45810053974902,504.609
673,16,33,-1.8441290912320518,37.94383868863105,503.122
674,16,34,5.353033122837379,43.38684717406547,502.365
675,16,35,12.50266383702928,48.960838197213235,502.348
676,16,36,19.53233124307319,54.851367507256064,503.021
677,16,37,26.354629837047284,61.271899006324375,504.28
678,16,38,32.85564487020044,68.47918292041354,505.981
679,16,39,38.87974535965204,76.78190623396767,507.95
680,17,0,46.529932890470675,101.03428922184966,511.013
681,17,1,50.259417667878154,113.42697762173162,512.88
682,17,2,52.47981312930633,127.45311942200047,514.447
683,17,3,52.913526726507556,142.3379594349125,515.625
684,17,4,51.50053475705575,156.8888714993026,516.376
685,17,5,48.434223782016076,170.08400467382353,516.715
686,17,6,44.054119089935284,-178.51640595895952,516.702
687,17,7,38.70904868700967,-168.84533620746336,516.442
688,17,8,32.685105291908975,-160.6009973509345,516.065
689,17,9,26.194578014226376,-153.44002211941802,515.711
690,17,10,19.390336732870505,-147.05625411355732,515.519
691,17,11,12.384015767183342,-141.19554199433617,515.604
692,17,12,5.261146587933197,-135.64664167110445,516.05
693,17,13,-1.9075187962584708,-130.22583471556715,516.894
694,17,14,-9.057129660213096,-124.76098670026161,518.126
695,17,15,-16.1209300828605,-119.0761519521683,519.682
696,17,16,-23.022131022126583,-112.97592558932232,521.457
697,17,17,-29.663982848418108,-106.22967261401986,523.306
698,17,18,-35.91674099580881,-98.55836613828754,525.062
699,17,19,-41.60081759290425,-89.63476496880091,526.551
700,17,20,-46.46930471630306,-79.12464062871453,527.609
701,17,21,-50.2030788525093,-66.81840193315742,528.097
702,17,22,-52.4485479383806,-52.87836491266033,527.917
703,17,23,-52.92608744439121,-38.054443356955645,527.021
704,17,24,-51.566804667477804,-23.52138711460325,525.421
705,17,25,-48.552843677331694,-10.305203297060356,523.186
706,17,26,-44.21586821476494,1.1362270480324799,520.438
707,17,27,-38.901489266874776,10.854136209144173,517.347
708,17,28,-32.89558440137209,19.14205935654054,514.111
709,17,29,-26.41140236942843,26.340720156802554,510.94
710,17,30,-19.60308175759077,32.75640222156016,508.044
711,17,31,-12.583598163599346,38.64432922952921,505.607
712,17,32,-5.439793600769466,44.217118139383054,503.777
713,17,33,1.7562115365658824,49.659921719142375,502.65
714,17,34,8.93808031675342,55.14632922656307,502.266
715,17,35,16.037485661770454,60.854028032902995,502.604
716,17,36,22.975742084831147,66.98050281272933,503.585
717,17,37,29.653840017500638,73.75911722431931,505.086
718,17,38,35.93916109175938,81.47241570306886,506.943
719,17,39,41.64840352085173,90.45175121618281,508.979
720,18,0,44.21135004462898,104.52415388770017,510.007
721,18,1,48.56117992321369,116.0029219954994,511.976
722,18,2,51.579235611767224,129.26960823176537,513.707
723,18,3,52.93008993524484,143.85893328004764,515.088
724,18,4,52.43098069183532,158.7303451410514,516.055
725,18,5,50.154437660335056,172.69815029561917,516.594
726,18,6,46.385583672551626,-174.9872745355706,516.747
727,18,7,41.482522131574214,-164.48109121463534,516.596
728,18,8,35.767053985053394,-155.5666698193932,516.259
729,18,9,29.487439533846203,-147.905451533065,515.876
730,18,10,22.823922347507395,-141.1680436527377,515.587
731,18,11,15.906627775009472,-135.07455868660253,515.521
732,18,12,8.832491568600547,-129.394054278443,515.779
733,18,13,1.6784314767318929,-123.9310640745917,516.422
734,18,14,-5.488743859003655,-118.50962874165076,517.464
735,18,15,-12.604215943382675,-112.95763434272503,518.869
736,18,16,-19.59729829491106,-107.09136927970866,520.551
737,18,17,-26.382625074907875,-100.69975338649161,522.382
738,18,18,-32.84883517159794,-93.52915441843459,524.206
739,18,19,-38.84354535705098,-85.27478884420414,525.851
740,18,20,-44.1554039651374,-75.5964244506744,527.144
741,18,21,-48.50023073015508,-64.19804083921704,527.932
742,18,22,-51.53279032541114,-51.02030074141757,528.095
743,18,23,-52.91880987783056,-36.50771286846041,527.559
744,18,24,-52.469888864442304,-21.67663156695826,526.306
745,18,25,-50.247666327411146,-7.7054181479946475,524.376
746,18,26,-46.52720764499184,4.6430148949338665,521.866
747,18,27,-41.66122720101843,15.195033054068157,518.924
748,18,28,-35.97005403737535,24.15525428278982,515.734
749,18,29,-29.7024777945803,31.857214647517146,512.504
750,18,30,-23.03992878755634,38.62932671901728,509.446
751,18,31,-16.113845469143904,44.752219064623944,506.758
752,18,32,-9.0224963322529,50.458094210455485,504.609
753,18,33,-1.8441290912320518,55.943832359337506,503.122
754,18,34,5.353033122837379,61.38684425986652,502.365
755,18,35,12.50266383702928,66.9608318679197,502.348
756,18,36,19.53233124307319,72.85135776286795,503.021
757,18,37,26.354629837047284,79.27189267703083,504.28
758,18,38,32.85564487020044,86.47917659112,505.981
759,18,39,38.87974535965204,94.78189990467413,507.95
760,19,0,46.529932890470675,119.03429655293446,511.013
761,19,1,50.259417667878154,131.42697812262725,512.88
762,19,2,52.47981312930633,145.4531267530853,514.447
763,19,3,52.913526726507556,160.3379667659973,515.625
764,19,4,51.50053475705575,174.8888788303874,516.376
765,19,5,48.434223782016076,-171.91599801300436,516.715
766,19,6,44.054119089935284,-160.5163986278747,516.702
767,19,7,38.70904868700967,-150.84532887637857,516.442
768,19,8,32.685105291908975,-142.6009900198497,516.065
769,19,9,26.194578014226376,-135.44001478833323,515.711
770,19,10,19.390336732870505,-129.0562467824725,515.519
771,19,11,12.384015767183342,-123.19553466325137,515.604
772,19,12,5.261146587933197,-117.64663434001965,516.05
773,19,13,-1.9075187962584708,-112.22582055429318,516.894
774,19,14,-9.057129660213096,-106.76097936917681,518.126
775,19,15,-16.1209300828605,-101.0761446210835,519.682
776,19,16,-23.022131022126583,-94.97591825823751,521.457
777,19,17,-29.663982848418108,-88.22966528293504,523.306
778,19,18,-35.91674099580881,-80.55835880720274,525.062
779,19,19,-41.60081759290425,-71.6347576377161,526.551
780,19,20,-46.46930471630306,-61.12463329762973,527.609
781,19,21,-50.2030788525093,-48.818394602072615,528.097
782,19,22,-52.4485479383806,-34.87835758157553,527.917
783,19,23,-52.92608744439121,-20.05443431832355,527.021
784,19,24,-51.566804667477804,-5.521379783518445,525.421
785,19,25,-48.552843677331694,7.694804034024448,523.186
786,19,26,-44.21586821476494,19.13623491272581,520.438
787,19,27,-38.901489266874776,28.85414439400262,517.347
788,19,28,-32.89558440137209,37.142066687625345,514.111
789,19,29,-26.41140236942843,44.34072748788736,510.94
790,19,30,-19.60308175759077,50.75640955264496,508.044
791,19,31,-12.583598163599346,56.644336560614015,505.607
792,19,32,-5.439793600769466,62.217122055373274,503.777
793,19,33,1.7562115365658824,67.65992905022718,502.65
794,19,34,8.93808031675342,73.14633314255329,502.266
795,19,35,16.037485661770454,78.8540353639878,502.604
796,19,36,22.975742084831147,84.98051014381413,503.585
797,19,37,29.653840017500638,91.75912455540413,505.086
798,19,38,35.93916109175938,99.47242303415366,506.943
799,19,39,41.64840352085173,108.45175854726762,508.979
800,20,0,44.21135004462898,122.52415438859579,510.007
801,20,1,48.56117992321369,134.0029293265842,511.976
802,20,2,51.579235611767224,147.26961556285016,513.707
803,20,3,52.93008993524484,161.85894061113243,515.088
804,20,4,52.43098069183532,176.73035247213622,516.055
805,20,5,50.154437660335056,-169.30183873083035,516.594
806,20,6,46.385583672551626,-156.98726720448582,516.747
807,20,7,41.482522131574214,-146.48108388355053,516.596
808,20,8,35.767053985053394,-137.5666624883084,516.259
809,20,9,29.487439533846203,-129.9054442019802,515.876
810,20,10,22.823922347507395,-123.16803632165289,515.587
811,20,11,15.906627775009472,-117.07455135551773,515.521
812,20,12,8.832491568600547,-111.39404694735819,515.779
813,20,13,1.6784314767318929,-105.9310567435069,516.422
814,20,14,-5.488743859003655,-100.50962824075512,517.464
815,20,15,-12.604215943382675,-94.95762701164023,518.869
816,20,16,-19.59729829491106,-89.09136194862386,520.551
817,20,17,-26.382625074907875,-82.69974605540679,522.382
818,20,18,-32.84883517159794,-75.52914708734978,524.206
819,20,19,-38.84354535705098,-67.27478151311934,525.851
820,20,20,-44.1554039651374,-57.5964171195896,527.144
821,20,21,-48.50023073015508,-46.19803009303766,527.932
822,20,22,-51.53279032541114,-33.02029341033277,528.095
823,20,23,-52.91880987783056,-18.507703829828312,527.559
824,20,24,-52.469888864442304,-3.6766233820998098,526.306
825,20,25,-50.247666327411146,10.294589183090157,524.376
826,20,26,-46.52720764499184,22.643023079792318,521.866
827,20,27,-41.66122720101843,33.19504038515296,518.924
828,20,28,-35.97005403737535,42.15526161387462,515.734
829,20,29,-29.7024777945803,49.85722197860195,512.504
830,20,30,-23.03992878755634,56.62933405010208,509.446
831,20,31,-16.113845469143904,62.752226395708746,506.758
832,20,32,-9.0224963322529,68.4580981264457,504.609
833,20,33,-1.8441290912320518,73.94383969042231,503.122
834,20,34,5.353033122837379,79.38685159095132,502.365
835,20,35,12.50266383702928,84.9608391990045,502.348
836,20,36,19.53233124307319,90.85136509395275,503.021
837,20,37,26.354629837047284,97.27190000811564,504.28
838,20,38,32.85564487020044,104.4791839222048,505.981
839,20,39,38.87974535965204,112.78190723575894,507.95
840,21,0,46.529932890470675,137.0342902236409,511.013
841,21,1,50.259417667878154,149.4269717933337,512.88
842,21,2,52.47981312930633,163.45312042379174,514.447
843,21,3,52.913526726507556,178.33796043670378,515.625
844,21,4,51.50053475705575,-167.11112385644046,516.376
845,21,5,48.434223782016076,-153.91600434229787,516.715
846,21,6,44.054119089935284,-142.51640495716825,516.702
847,21,7,38.70904868700967,-132.84533520567211,516.442
848,21,8,32.685105291908975,-124.60099634914323,516.065
849,21,9,26.194578014226376,-117.44002111762677,515.711
850,21,10,19.390336732870505,-111.05625994195522,515.519
851,21,11,12.384015767183342,-105.1955409925449,515.604
852,21,12,5.261146587933197,-99.64664749950235,516.05
853,21,13,-1.9075187962584708,-94.22582688358672,516.894
854,21,14,-9.057129660213096,-88.76098569847035,518.126
855,21,15,-16.1209300828605,-83.07615095037703,519.682
856,21,16,-23.022131022126583,-76.97592458753105,521.457
857,21,17,-29.663982848418108,-70.22967161222859,523.306
858,21,18,-35.91674099580881,-62.55836513649628,525.062
859,21,19,-41.60081759290425,-53.63476396700964,526.551
860,21,20,-46.46930471630306,-43.12463962692327,527.609
861,21,21,-50.2030788525093,-30.818400931366153,528.097
862,21,22,-52.4485479383806,-16.878363910869066,527.917
863,21,23,-52.92608744439121,-2.0544412879473226,527.021
864,21,24,-51.566804667477804,12.478613887188018,525.421
865,21,25,-48.552843677331694,25.69479770473091,523.186
866,21,26,-44.21586821476494,37.13622687588498,520.438
867,21,27,-38.901489266874776,46.85413806470908,517.347
868,21,28,-32.89558440137209,55.142060358331804,514.111
869,21,29,-26.41140236942843,62.34072115859382,510.94
870,21,30,-19.60308175759077,68.75639980825684,508.044
871,21,31,-12.583598163599346,74.64433023132048,505.607
872,21,32,-5.439793600769466,80.21711572607974,503.777
873,21,33,1.7562115365658824,85.65992272093365,502.65
874,21,34,8.93808031675342,91.14632681325975,502.266
875,21,35,16.037485661770454,96.85402903469426,502.604
876,21,36,22.975742084831147,102.9805038145206,503.585
877,21,37,29.653840017500638,109.75911822611059,505.086
878,21,38,35.93916109175938,117.4724235350493,506.943
879,21,39,41.64840352085173,126.45174538778491,508.979
880,22,0,44.21135004462898,140.52414805930226,510.007
881,22,1,48.56117992321369,152.00292299729065,511.976
882,22,2,51.579235611767224,165.26960923355662,513.707
883,22,3,52.93008993524484,179.85893428183888,515.088
884,22,4,52.43098069183532,-165.26965021469167,516.055
885,22,5,50.154437660335056,-151.30184506012387,516.594
886,22,6,46.385583672551626,-138.98727353377936,516.747
887,22,7,41.482522131574214,-128.48109021284407,516.596
888,22,8,35.767053985053394,-119.56666881760194,516.259
889,22,9,29.487439533846203,-111.90545053127373,515.876
890,22,10,22.823922347507395,-105.16804265094643,515.587
891,22,11,15.906627775009472,-99.07455085462209,515.521
892,22,12,8.832491568600547,-93.39405327665173,515.779
893,22,13,1.6784314767318929,-87.93106307280044,516.422
894,22,14,-5.488743859003655,-82.50963457004866,517.464
895,22,15,-12.604215943382675,-76.95763334093375,518.869
896,22,16,-19.59729829491106,-71.0913682779174,520.551
897,22,17,-26.382625074907875,-64.69975238470033,522.382
898,22,18,-32.84883517159794,-57.52915341664332,524.206
899,22,19,-38.84354535705098,-49.27478784241287,525.851
900,22,20,-44.1554039651374,-39.596426863977726,527.144
901,22,21,-48.50023073015508,-28.198036422331196,527.932
902,22,22,-51.53279032541114,-15.020298032079014,528.095
903,22,23,-52.91880987783056,-0.5077103725652619,527.559
904,22,24,-52.469888864442304,14.323370288606654,526.306
905,22,25,-50.247666327411146,28.29458285379662,524.376
906,22,26,-46.52720764499184,40.64301675049878,521.866
907,22,27,-41.66122720101843,51.19503405585942,518.924
908,22,28,-35.97005403737535,60.1552518694865,515.734
909,22,29,-29.7024777945803,67.85721223421383,512.504
910,22,30,-23.03992878755634,74.62933113590313,509.446
911,22,31,-16.113845469143904,80.75222006641522,506.758
912,22,32,-9.0224963322529,86.45809179715216,504.609
913,22,33,-1.8441290912320518,91.94383336112878,503.122
914,22,34,5.353033122837379,97.38684526165778,502.365
915,22,35,12.50266383702928,102.96083286971097,502.348
916,22,36,19.53233124307319,108.85135876465921,503.021
917,22,37,26.354629837047284,115.27190050901127,504.28
918,22,38,32.85564487020044,122.47918442310043,505.981
919,22,39,38.87974535965204,130.78190773665457,507.95
920,23,0,46.529932890470675,155.03429755472573,511.013
921,23,1,50.259417667878154,167.42697912441852,512.88
922,23,2,52.47981312930633,-178.5468822630361,514.447
923,23,3,52.913526726507556,-163.6620422501241,515.625
924,23,4,51.50053475705575,-149.11111652535564,516.376
925,23,5,48.434223782016076,-135.91599701121308,516.715
926,23,6,44.054119089935284,-124.51639762608346,516.702
927,23,7,38.70904868700967,-114.8453278745873,516.442
928,23,8,32.685105291908975,-106.60098901805843,516.065
929,23,9,26.194578014226376,-99.44002061673113,515.711
930,23,10,19.390336732870505,-93.05625261087042,515.519
931,23,11,12.384015767183342,-87.1955336614601,515.604
932,23,12,5.261146587933197,-81.64664016841755,516.05
933,23,13,-1.9075187962584708,-76.22581955250192,516.894
934,23,14,-9.057129660213096,-70.76097836738555,518.126
935,23,15,-16.1209300828605,-65.07614361929222,519.682
936,23,16,-23.022131022126583,-58.97591725644625,521.457
937,23,17,-29.663982848418108,-52.22966428114378,523.306
938,23,18,-35.91674099580881,-44.55836122050606,525.062
939,23,19,-41.60081759290425,-35.63475663592484,526.551
940,23,20,-46.46930471630306,-25.124630588291172,527.609
941,23,21,-50.2030788525093,-12.818394454054996,528.097
942,23,22,-52.4485479383806,1.1216426731637985,527.917
943,23,23,-52.92608744439121,15.945566683467716,527.021
944,23,24,-51.566804667477804,30.478622925820115,525.421
945,23,25,-48.552843677331694,43.69480332826842,523.186
946,23,26,-44.21586821476494,55.13623420696979,520.438
947,23,27,-38.901489266874776,64.8541419806993,517.347
948,23,28,-32.89558440137209,73.14206427432202,514.111
949,23,29,-26.41140236942843,80.34072848967863,510.94
950,23,30,-19.60308175759077,86.75640713934165,508.044
951,23,31,-12.583598163599346,92.64433756240528,505.607
952,23,32,-5.439793600769466,98.21712305716454,503.777
953,23,33,1.7562115365658824,103.65993005201845,502.65
954,23,34,8.93808031675342,109.14633414434455,502.266
955,23,35,16.037485661770454,114.8540295355899,502.604
956,23,36,22.975742084831147,120.98050431541623,503.585
957,23,37,29.653840017500638,127.75912555719539,505.086
958,23,38,35.93916109175938,135.47243086613412,506.943
959,23,39,41.64840352085173,144.4517527188697,508.979
960,24,0,44.21135004462898,158.52415539038705,510.007
961,24,1,48.56117992321369,170.00293032837547,511.976
962,24,2,51.579235611767224,-176.73037979289288,513.707
963,24,3,52.93008993524484,-162.14105474461064,515.088
964,24,4,52.43098069183532,-147.26964288360685,516.055
965,24,5,50.154437660335056,-133.30183772903908,516.594
966,24,6,46.385583672551626,-120.98726620269454,516.747
967,24,7,41.482522131574214,-110.4810760515701,516.596
968,24,8,35.767053985053394,-101.56666148651713,516.259
969,24,9,29.487439533846203,-93.90544320018893,515.876
970,24,10,22.823922347507395,-87.16803531986163,515.587
971,24,11,15.906627775009472,-81.07454352353729,515.521
972,24,12,8.832491568600547,-75.39404594556693,515.779
973,24,13,1.6784314767318929,-69.93105574171562,516.422
974,24,14,-5.488743859003655,-64.50962723896386,517.464
975,24,15,-12.604215943382675,-58.95762600984896,518.869
976,24,16,-19.59729829491106,-53.09135753173801,520.551
977,24,17,-26.382625074907875,-46.69974163852095,522.382
978,24,18,-32.84883517159794,-39.529146085558516,524.206
979,24,19,-38.84354535705098,-31.274780511328064,525.851
980,24,20,-44.1554039651374,-21.596419532892924,527.144
981,24,21,-48.50023073015508,-10.19802994502004,527.932
982,24,22,-51.53279032541114,2.9797090855623787,528.095
983,24,23,-52.91880987783056,17.492297171962953,527.559
984,24,24,-52.469888864442304,32.323378473465105,526.306
985,24,25,-50.247666327411146,46.29458847733413,524.376
986,24,26,-46.52720764499184,58.643020666489,521.866
987,24,27,-41.66122720101843,69.19504138694423,518.924
988,24,28,-35.97005403737535,78.15525920057131,515.734
989,24,29,-29.7024777945803,85.85721956529864,512.504
990,24,30,-23.03992878755634,92.62933846698793,509.446
991,24,31,-16.113845469143904,98.75222739750002,506.758
992,24,32,-9.0224963322529,104.45809912823697,504.609
993,24,33,-1.8441290912320518,109.94384069221358,503.122
994,24,34,5.353033122837379,115.38685259274258,502.365
995,24,35,12.50266383702928,120.96084703098494,502.348
996,24,36,19.53233124307319,126.85136609574401,503.021
997,24,37,26.354629837047284,133.27190784009608,504.28
998,24,38,32.85564487020044,140.47919175418522,505.981
999,24,39,38.87974535965204,148.78191506773936,507.95
1000,25,0,46.529932890470675,173.03429122543218,511.013
1001,25,1,50.259417667878154,-174.57302356240933,512.88
1002,25,2,52.47981312930633,-160.54688859232965,514.447
1003,25,3,52.913526726507556,-145.66204857941764,515.625
1004,25,4,51.50053475705575,-131.11112285464918,516.376
1005,25,5,48.434223782016076,-117.9160033405066,516.715
1006,25,6,44.054119089935284,-106.51640395537699,516.702
1007,25,7,38.70904868700967,-96.84533420388084,516.442
1008,25,8,32.685105291908975,-88.60099534735197,516.065
1009,25,9,26.194578014226376,-81.44002694602467,515.711
1010,25,10,19.390336732870505,-75.05625894016394,515.519
1011,25,11,12.384015767183342,-69.19553999075364,515.604
1012,25,12,5.261146587933197,-63.64664649771109,516.05
1013,25,13,-1.9075187962584708,-58.22582588179545,516.894
1014,25,14,-9.057129660213096,-52.760984696679074,518.126
1015,25,15,-16.1209300828605,-47.076149948585766,519.682
1016,25,16,-23.022131022126583,-40.9759201706452,521.457
1017,25,17,-29.663982848418108,-34.229670610437324,523.306
1018,25,18,-35.91674099580881,-26.558367549799595,525.062
1019,25,19,-41.60081759290425,-17.63476125767108,526.551
1020,25,20,-46.46930471630306,-7.124637771358354,527.609
1021,25,21,-50.2030788525093,5.181598789764644,528.097
1022,25,22,-52.4485479383806,19.121637090922203,527.917
1023,25,23,-52.92608744439121,33.945558646626885,527.021
1024,25,24,-51.566804667477804,48.47861659652658,525.421
1025,25,25,-48.552843677331694,61.69479699897489,523.186
1026,25,26,-44.21586821476494,73.13623129277083,520.438
1027,25,27,-38.901489266874776,82.85413565140577,517.347
1028,25,28,-32.89558440137209,91.14205794502848,514.111
1029,25,29,-26.41140236942843,98.34072216038508,510.94
1030,25,30,-19.60308175759077,104.7564008100481,508.044
1031,25,31,-12.583598163599346,110.64433123311174,505.607
1032,25,32,-5.439793600769466,116.217116727871,503.777
1033,25,33,1.7562115365658824,121.65991689253575,502.65
1034,25,34,8.93808031675342,127.14633464524019,502.266
1035,25,35,16.037485661770454,132.85402320629635,502.604
1036,25,36,22.975742084831147,138.98049798612269,503.585
1037,25,37,29.653840017500638,145.75911922790186,505.086
1038,25,38,35.93916109175938,153.47242453684058,506.943
1039,25,39,41.64840352085173,162.4517463895762,508.979
1040,26,0,44.21135004462898,176.52416272147187,510.007
1041,26,1,48.56117992321369,-171.99705869807406,511.976
1042,26,2,51.579235611767224,-158.7303724618081,513.707
1043,26,3,52.93008993524484,-144.14104741352583,515.088
1044,26,4,52.43098069183532,-129.26963555252206,516.055
1045,26,5,50.154437660335056,-115.30183039795428,516.594
1046,26,6,46.385583672551626,-102.98725887160974,516.747
1047,26,7,41.482522131574214,-92.4810687204853,516.596
1048,26,8,35.767053985053394,-83.56665415543233,516.259
1049,26,9,29.487439533846203,-75.90543586910412,515.876
1050,26,10,22.823922347507395,-69.16802798877683,515.587
1051,26,11,15.906627775009472,-63.074536192452484,515.521
1052,26,12,8.832491568600547,-57.39403861448213,515.779
1053,26,13,1.6784314767318929,-51.93104841063083,516.422
1054,26,14,-5.488743859003655,-46.509619907879056,517.464
1055,26,15,-12.604215943382675,-40.95761867876415,518.869
1056,26,16,-19.59729829491106,-35.0913502006532,520.551
1057,26,17,-26.382625074907875,-28.69973430743614,522.382
1058,26,18,-32.84883517159794,-21.52913704692642,524.206
1059,26,19,-38.84354535705098,-13.274771472695969,525.851
1060,26,20,-44.1554039651374,-3.596411774921296,527.144
1061,26,21,-48.50023073015508,7.801977386064764,527.932
1062,26,22,-51.53279032541114,20.979716630090593,528.095
1063,26,23,-52.91880987783056,35.492302795500464,527.559
1064,26,24,-52.469888864442304,50.32338580454991,526.306
1065,26,25,-50.247666327411146,64.29459922351352,524.376
1066,26,26,-46.52720764499184,76.6430279975738,521.866
1067,26,27,-41.66122720101843,87.19504871802903,518.924
1068,26,28,-35.97005403737535,96.15526653165611,515.734
1069,26,29,-29.7024777945803,103.85722689638344,512.504
1070,26,30,-23.03992878755634,110.62934579807273,509.446
1071,26,31,-16.113845469143904,116.75223472858482,506.758
1072,26,32,-9.0224963322529,122.45810645932177,504.609
1073,26,33,-1.8441290912320518,127.94385485348755,503.122
1074,26,34,5.353033122837379,133.3868599238274,502.365
1075,26,35,12.50266383702928,138.96085436206974,502.348
1076,26,36,19.53233124307319,144.85137342682881,503.021
1077,26,37,26.354629837047284,151.2719151711809,504.28
1078,26,38,32.85564487020044,158.47919908527004,505.981
1079,26,39,38.87974535965204,166.78192239882418,507.95
1080,27,0,46.529932890470675,-168.96571146139567,511.013
1081,27,1,50.259417667878154,-156.57302989170287,512.88
1082,27,2,52.47981312930633,-142.5468949216232,514.447
1083,27,3,52.913526726507556,-127.66205490871117,515.625
1084,27,4,51.50053475705575,-113.11113601413189,516.376
1085,27,5,48.434223782016076,-99.91600283961098,516.715
1086,27,6,44.054119089935284,-88.51641028467053,516.702
1087,27,7,38.70904868700967,-78.84534053317438,516.442
1088,27,8,32.685105291908975,-70.6010016766455,516.065
1089,27,9,26.194578014226376,-63.4400332753182,515.711
1090,27,10,19.390336732870505,-57.056265269457484,515.519
1091,27,11,12.384015767183342,-51.19554632004717,515.604
1092,27,12,5.261146587933197,-45.64664941191004,516.05
1093,27,13,-1.9075187962584708,-40.22583562618357,516.894
1094,27,14,-9.057129660213096,-34.760991025972615,518.126
1095,27,15,-16.1209300828605,-29.0761562778793,519.682
1096,27,16,-23.022131022126583,-22.975926499938737,521.457
1097,27,17,-29.663982848418108,-16.229678647278153,523.306
1098,27,18,-35.91674099580881,-8.558373025319487,525.062
1099,27,19,-41.60081759290425,0.36523206618984055,526.551
1100,27,20,-46.46930471630306,10.87535589934811,527.609
1101,27,21,-50.2030788525093,23.181592033584284,528.097
1102,27,22,-52.4485479383806,37.121630761628666,527.917
1103,27,23,-52.92608744439121,51.94555231733335,527.021
1104,27,24,-51.566804667477804,66.47860685213845,525.421
1105,27,25,-48.552843677331694,79.69479066968135,523.186
1106,27,26,-44.21586821476494,91.1362249634773,520.438
1107,27,27,-38.901489266874776,100.85412932211223,517.347
1108,27,28,-32.89558440137209,109.14205161573496,514.111
1109,27,29,-26.41140236942843,116.34071583109156,510.94
1110,27,30,-19.60308175759077,122.75639448075457,508.044
1111,27,31,-12.583598163599346,128.64433173400738,505.607
1112,27,32,-5.439793600769466,134.21711039857746,503.777
1113,27,33,1.7562115365658824,139.6599105632422,502.65
1114,27,34,8.93808031675342,145.14632831594665,502.266
1115,27,35,16.037485661770454,150.85401687700283,502.604
1116,27,36,22.975742084831147,156.98049165682917,503.585
1117,27,37,29.653840017500638,163.75911289860832,505.086
1118,27,38,35.93916109175938,171.47241820754704,506.943
1119,27,39,41.64840352085173,-179.5482562972517,508.979
1120,28,0,44.21135004462898,-165.47585362573435,510.007
1121,28,1,48.56117992321369,-153.99707868774593,511.976
1122,28,2,51.579235611767224,-140.73039245147996,513.707
1123,28,3,52.93008993524484,-126.14106740319771,515.088
1124,28,4,52.43098069183532,-111.2696623723831,516.055
1125,28,5,50.154437660335056,-97.30185038762615,516.594
1126,28,6,46.385583672551626,-84.98727886128162,516.747
1127,28,7,41.482522131574214,-74.48108871015718,516.596
1128,28,8,35.767053985053394,-65.5666741451042,516.259
1129,28,9,29.487439533846203,-57.905455858776,515.876
1130,28,10,22.823922347507395,-51.168044563354115,515.587
1131,28,11,15.906627775009472,-45.074556182124354,515.521
1132,28,12,8.832491568600547,-39.394055189059415,515.779
1133,28,13,1.6784314767318929,-33.931068400302706,516.422
1134,28,14,-5.488743859003655,-28.509638190003642,517.464
1135,28,15,-12.604215943382675,-22.95763866843603,518.869
1136,28,16,-19.59729829491106,-17.091370190325083,520.551
1137,28,17,-26.382625074907875,-10.69975429710802,522.382
1138,28,18,-32.84883517159794,-3.5291576769285307,524.206
1139,28,19,-38.84354535705098,4.7252081107453305,525.851
1140,28,20,-44.1554039651374,14.403567808520004,527.144
1141,28,21,-48.50023073015508,25.801958250166532,527.932
1142,28,22,-51.53279032541114,38.979694932871425,528.095
1143,28,23,-52.91880987783056,53.49228280582859,527.559
1144,28,24,-52.469888864442304,68.32336581487803,526.306
1145,28,25,-50.247666327411146,82.29457923384165,524.376
1146,28,26,-46.52720764499184,94.64300800790193,521.866
1147,28,27,-41.66122720101843,105.19502872835716,518.924
1148,28,28,-35.97005403737535,114.15524654198423,515.734
1149,28,29,-29.7024777945803,121.85721373690073,512.504
1150,28,30,-23.03992878755634,128.6293189782117,509.446
1151,28,31,-16.113845469143904,134.75221473891295,506.758
1152,28,32,-9.0224963322529,140.45808646964988,504.609
1153,28,33,-1.8441290912320518,145.94383486381568,503.122
1154,28,34,5.353033122837379,151.38683993415552,502.365
1155,28,35,12.50266383702928,156.96083437239787,502.348
1156,28,36,19.53233124307319,162.85135343715694,503.021
1157,28,37,26.354629837047284,169.271895181509,504.28
1158,28,38,32.85564487020044,176.47917909559817,505.981
1159,28,39,38.87974535965204,-175.21810760876036,507.95
1160,29,0,46.529932890470675,-150.96570413031088,511.013
1161,29,1,50.259417667878154,-138.57302256061809,512.88
1162,29,2,52.47981312930633,-124.54688759053839,514.447
1163,29,3,52.913526726507556,-109.66204074743719,515.625
1164,29,4,51.50053475705575,-95.11112868304708,516.376
1165,29,5,48.434223782016076,-81.91599550852618,516.715
1166,29,6,44.054119089935284,-70.51640295358573,516.702
1167,29,7,38.70904868700967,-60.84533320208957,516.442
1168,29,8,32.685105291908975,-52.60099093046611,516.065
1169,29,9,26.194578014226376,-45.4400259442334,515.711
1170,29,10,19.390336732870505,-39.05625793837268,515.519
1171,29,11,12.384015767183342,-33.19553898896237,515.604
1172,29,12,5.261146587933197,-27.64664378837253,516.05
1173,29,13,-1.9075187962584708,-22.22582829509877,516.894
1174,29,14,-9.057129660213096,-16.760981987340518,518.126
1175,29,15,-16.1209300828605,-11.076149800568144,519.682
1176,29,16,-23.022131022126583,-4.975919168853935,521.457
1177,29,17,-29.663982848418108,1.7703294308585928,523.306
1178,29,18,-35.91674099580881,9.441634305765318,525.062
1179,29,19,-41.60081759290425,18.36523974412019,526.551
1180,29,20,-46.46930471630306,28.875362376659265,527.609
1181,29,21,-50.2030788525093,41.18160107221638,528.097
1182,29,22,-52.4485479383806,55.12163809271347,527.917
1183,29,23,-52.92608744439121,69.94556306351274,527.021
1184,29,24,-51.566804667477804,84.47861418322326,525.421
1185,29,25,-48.552843677331694,97.69479800076616,523.186
1186,29,26,-44.21586821476494,109.1362322945621,520.438
1187,29,27,-38.901489266874776,118.85414348338621,517.347
1188,29,28,-32.89558440137209,127.14205894681976,514.111
1189,29,29,-26.41140236942843,134.34072316217635,510.94
1190,29,30,-19.60308175759077,140.75640181183937,508.044
1191,29,31,-12.583598163599346,146.6443390650922,505.607
1192,29,32,-5.439793600769466,152.21711772966228,503.777
1193,29,33,1.7562115365658824,157.659917894327,502.65
1194,29,34,8.93808031675342,163.14633564703146,502.266
1195,29,35,16.037485661770454,168.85402420808762,502.604
1196,29,36,22.975742084831147,174.98049898791396,503.585
1197,29,37,29.653840017500638,-178.2408761278412,505.086
1198,29,38,35.93916109175938,-170.52758447928082,506.943
1199,29,39,41.64840352085173,-161.54824896616688,508.979
1200,30,0,44.21135004462898,-147.47584629464953,510.007
1201,30,1,48.56117992321369,-135.99707135666114,511.976
1202,30,2,51.579235611767224,-122.73038512039516,513.707
1203,30,3,52.93008993524484,-108.14106690230207,515.088
1204,30,4,52.43098069183532,-93.2696550412983,516.055
1205,30,5,50.154437660335056,-79.30184305654134,516.594
1206,30,6,46.385583672551626,-66.98727153019682,516.747
1207,30,7,41.482522131574214,-56.48108137907237,516.596
1208,30,8,35.767053985053394,-47.5666668140194,516.259
1209,30,9,29.487439533846203,-39.90545194278578,515.876
1210,30,10,22.823922347507395,-33.16803723226931,515.587
1211,30,11,15.906627775009472,-27.074548851039555,515.521
1212,30,12,8.832491568600547,-21.394047857974616,515.779
1213,30,13,1.6784314767318929,-15.931062776765193,516.422
1214,30,14,-5.488743859003655,-10.509631712692483,517.464
1215,30,15,-12.604215943382675,-4.957631764238048,518.869
1216,30,16,-19.59729829491106,0.9086363937077808,520.551
1217,30,17,-26.382625074907875,7.300253033976784,522.382
1218,30,18,-32.84883517159794,14.470850294486507,524.206
1219,30,19,-38.84354535705098,22.72521586871696,525.851
1220,30,20,-44.1554039651374,32.40357513960481,527.144
1221,30,21,-48.50023073015508,43.80196558125134,527.932
1222,30,22,-51.53279032541114,56.97970226395623,528.095
1223,30,23,-52.91880987783056,71.49229355200798,527.559
1224,30,24,-52.469888864442304,86.32337314596283,526.306
1225,30,25,-50.247666327411146,100.29458656492645,524.376
1226,30,26,-46.52720764499184,112.64301533898673,521.866
1227,30,27,-41.66122720101843,123.19504288963113,518.924
1228,30,28,-35.97005403737535,132.15525387306903,515.734
1229,30,29,-29.7024777945803,139.85722106798553,512.504
1230,30,30,-23.03992878755634,146.6293263092965,509.446
1231,30,31,-16.113845469143904,152.75222206999774,506.758
1232,30,32,-9.0224963322529,158.4580938007347,504.609
1233,30,33,-1.8441290912320518,163.94384219490047,503.122
1234,30,34,5.353033122837379,169.38684726524033,502.365
1235,30,35,12.50266383702928,174.96084170348266,502.348
1236,30,36,19.53233124307319,-179.14863558929258,503.021
1237,30,37,26.354629837047284,-172.72810750531886,504.28
1238,30,38,32.85564487020044,-165.5208235912297,505.981
1239,30,39,38.87974535965204,-157.21810027767557,507.95
1240,31,0,46.529932890470675,-132.96569679922607,511.013
1241,31,1,50.259417667878154,-120.57301522953327,512.88
1242,31,2,52.47981312930633,-106.54687342926442,514.447
1243,31,3,52.913526726507556,-91.66203341635239,515.625
1244,31,4,51.50053475705575,-77.11112135196228,516.376
1245,31,5,48.434223782016076,-63.91598817744137,516.715
1246,31,6,44.054119089935284,-52.516392207406334,516.702
1247,31,7,38.70904868700967,-42.84532587100477,516.442
1248,31,8,32.685105291908975,-34.60098359938131,516.065
1249,31,9,26.194578014226376,-27.440018613148595,515.711
1250,31,10,19.390336732870505,-21.05625060728788,515.519
1251,31,11,12.384015767183342,-15.195533365424861,515.604
1252,31,12,5.261146587933197,-9.64663560351408,516.05
1253,31,13,-1.9075187962584708,-4.225820537127141,516.894
1254,31,14,-9.057129660213096,1.2390250235791682,518.126
1255,31,15,-16.1209300828605,6.923857957403483,519.682
1256,31,16,-23.022131022126583,13.02408816223087,521.457
1257,31,17,-29.663982848418108,19.770336014891456,523.306
1258,31,18,-35.91674099580881,27.441640783076476,525.062
1259,31,19,-41.60081759290425,36.3652453676577,526.551
1260,31,20,-46.46930471630306,46.87536970774407,527.609
1261,31,21,-50.2030788525093,59.18160840330118,528.097
1262,31,22,-52.4485479383806,73.12164200870369,527.917
1263,31,23,-52.92608744439121,87.94557039459754,527.021
1264,31,24,-51.566804667477804,102.47862151430806,525.421
1265,31,25,-48.552843677331694,115.69481216204012,523.186
1266,31,26,-44.21586821476494,127.13623962564691,520.438
1267,31,27,-38.901489266874776,136.854150814471,517.347
1268,31,28,-32.89558440137209,145.14206627790455,514.111
1269,31,29,-26.41140236942843,152.34073049326116,510.94
1270,31,30,-19.60308175759077,158.75640914292418,508.044
1271,31,31,-12.583598163599346,164.64434639617699,505.607
1272,31,32,-5.439793600769466,170.21712506074707,503.777
1273,31,33,1.7562115365658824,175.65992522541183,502.65
1274,31,34,8.93808031675342,-178.85366703979642,502.266
1275,31,35,16.037485661770454,-173.1459648183619,502.604
1276,31,36,22.975742084831147,-167.01949003853557,503.585
1277,31,37,29.653840017500638,-160.24086879675642,505.086
1278,31,38,35.93916109175938,-152.52757714819603,506.943
1279,31,39,41.64840352085173,-143.5482416350821,508.979
1280,32,0,44.21135004462898,-129.47583896356474,510.007
1281,32,1,48.56117992321369,-117.99706402557632,511.976
1282,32,2,51.579235611767224,-104.73037778931035,513.707
1283,32,3,52.93008993524484,-90.14105957121727,515.088
1284,32,4,52.43098069183532,-75.26964771021349,516.055
1285,32,5,50.154437660335056,-61.30183572545654,516.594
1286,32,6,46.385583672551626,-48.98726419911201,516.747
1287,32,7,41.482522131574214,-38.48107404798757,516.596
1288,32,8,35.767053985053394,-29.566659482934597,516.259
1289,32,9,29.487439533846203,-21.905442904153688,515.876
1290,32,10,22.823922347507395,-15.168031608731804,515.587
1291,32,11,15.906627775009472,-9.074542373728397,515.521
1292,32,12,8.832491568600547,-3.3940413806634573,515.779
1293,32,13,1.6784314767318929,2.068944981206433,516.422
1294,32,14,-5.488743859003655,7.49037561839232,517.464
1295,32,15,-12.604215943382675,13.042375139959931,518.869
1296,32,16,-19.59729829491106,18.908644471844525,520.551
1297,32,17,-26.382625074907875,25.300260365061586,522.382
1298,32,18,-32.84883517159794,32.47085591802402,524.206
1299,32,19,-38.84354535705098,40.72522149225447,525.851
1300,32,20,-44.1554039651374,50.403582470689614,527.144
1301,32,21,-48.50023073015508,61.80196949724156,527.932
1302,32,22,-51.53279032541114,74.97971301013561,528.095
1303,32,23,-52.91880987783056,89.49230088309278,527.559
1304,32,24,-52.469888864442304,104.32338047704764,526.306
1305,32,25,-50.247666327411146,118.29458706582209,524.376
1306,32,26,-46.52720764499184,130.64302267007153,521.866
1307,32,27,-41.66122720101843,141.19505022071593,518.924
1308,32,28,-35.97005403737535,150.15526120415385,515.734
1309,32,29,-29.7024777945803,157.85722839907032,512.504
1310,32,30,-23.03992878755634,164.6293336403813,509.446
1311,32,31,-16.113845469143904,170.75222940108256,506.758
1312,32,32,-9.0224963322529,176.4581011318195,504.609
1313,32,33,-1.8441290912320518,-178.0561604919274,503.122
1314,32,34,5.353033122837379,-172.6131417612092,502.365
1315,32,35,12.50266383702928,-167.0391609833452,502.348
1316,32,36,19.53233124307319,-161.1486282582078,503.021
1317,32,37,26.354629837047284,-154.72810017423404,504.28
1318,32,38,32.85564487020044,-147.5208162601449,505.981
1319,32,39,38.87974535965204,-139.21809294659076,507.95
1320,33,0,46.529932890470675,-114.96568946814126,511.013
1321,33,1,50.259417667878154,-102.57300789844847,512.88
1322,33,2,52.47981312930633,-88.54686609817962,514.447
1323,33,3,52.913526726507556,-73.66202608526758,515.625
1324,33,4,51.50053475705575,-59.11111402087748,516.376
1325,33,5,48.434223782016076,-45.91598426145115,516.715
1326,33,6,44.054119089935284,-34.51638487632153,516.702
1327,33,7,38.70904868700967,-24.845320247467257,516.442
1328,33,8,32.685105291908975,-16.600976268296506,516.065
1329,33,9,26.194578014226376,-9.440011282063793,515.711
1330,33,10,19.390336732870505,-3.0562428493162526,515.519
1331,33,11,12.384015767183342,2.8044741791033547,515.604
1332,33,12,5.261146587933197,8.353371727570723,516.05
1333,33,13,-1.9075187962584708,13.77418636707084,516.894
1334,33,14,-9.057129660213096,19.23903267482909,518.126
1335,33,15,-16.1209300828605,24.923865715375108,519.682
1336,33,16,-23.022131022126583,31.024095493315674,521.457
1337,33,17,-29.663982848418108,37.77034505352355,523.306
1338,33,18,-35.91674099580881,45.441648114161275,525.062
1339,33,19,-41.60081759290425,54.3652526987425,526.551
1340,33,20,-46.46930471630306,64.87537703882887,527.609
1341,33,21,-50.2030788525093,77.18161573438599,528.097
1342,33,22,-52.4485479383806,91.12164933978849,527.917
1343,33,23,-52.92608744439121,105.94557772568234,527.021
1344,33,24,-51.566804667477804,120.47863567558204,525.421
1345,33,25,-48.552843677331694,133.69481949312492,523.186
1346,33,26,-44.21586821476494,145.1362469567317,520.438
1347,33,27,-38.901489266874776,154.8541581455558,517.347
1348,33,28,-32.89558440137209,163.14207360898936,514.111
1349,33,29,-26.41140236942843,170.34073782434595,510.94
1350,33,30,-19.60308175759077,176.75641647400897,508.044
1351,33,31,-12.583598163599346,-177.35565629065087,505.607
1352,33,32,-5.439793600769466,-171.78286396570246,503.777
1353,33,33,1.7562115365658824,-166.3400638010377,502.65
1354,33,34,8.93808031675342,-160.8536597087116,502.266
1355,33,35,16.037485661770454,-155.1459574872771,502.604
1356,33,36,22.975742084831147,-149.01948270745075,503.585
1357,33,37,29.653840017500638,-142.2408614656716,505.086
1358,33,38,35.93916109175938,-134.5275698171112,506.943
1359,33,39,41.64840352085173,-125.54823430399728,508.979
1360,34,0,44.21135004462898,-111.47585895323661,510.007
1361,34,1,48.56117992321369,-99.9970840152482,511.976
1362,34,2,51.579235611767224,-86.73039777898224,513.707
1363,34,3,52.93008993524484,-72.14107956088915,515.088
1364,34,4,52.43098069183532,-57.26966769988537,516.055
1365,34,5,50.154437660335056,-43.301852300033836,516.594
1366,34,6,46.385583672551626,-30.98728418878389,516.747
1367,34,7,41.482522131574214,-20.481095745206737,516.596
1368,34,8,35.767053985053394,-11.56668032638012,516.259
1369,34,9,29.487439533846203,-3.9054633207123866,515.876
1370,34,10,22.823922347507395,2.8319488284831427,515.587
1371,34,11,15.906627775009472,8.925437636599726,515.521
1372,34,12,8.832491568600547,14.605939483438313,515.779
1373,34,13,1.6784314767318929,20.068924564647734,516.422
1374,34,14,-5.488743859003655,25.49035648249409,517.464
1375,34,15,-12.604215943382675,31.042356004061702,518.869
1376,34,16,-19.59729829491106,36.90862448217265,520.551
1377,34,17,-26.382625074907875,43.30024037538971,522.382
1378,34,18,-32.84883517159794,50.470835928352145,524.206
1379,34,19,-38.84354535705098,58.72520150258259,525.851
1380,34,20,-44.1554039651374,68.40356589611233,527.144
1381,34,21,-48.50023073015508,79.80194950756967,527.932
1382,34,22,-51.53279032541114,92.97969302046374,528.095
1383,34,23,-52.91880987783056,107.4922808934209,527.559
1384,34,24,-52.469888864442304,122.32336048737577,526.306
1385,34,25,-50.247666327411146,136.2945670761502,524.376
1386,34,26,-46.52720764499184,148.64300268039966,521.866
1387,34,27,-41.66122720101843,159.19503023104406,518.924
1388,34,28,-35.97005403737535,168.15524121448198,515.734
1389,34,29,-29.7024777945803,175.85720840939845,512.504
1390,34,30,-23.03992878755634,-177.3706827068249,509.446
1391,34,31,-16.113845469143904,-171.24778694612365,506.758
1392,34,32,-9.0224963322529,-165.5419152153867,504.609
1393,34,33,-1.8441290912320518,-160.05618048159926,503.122
1394,34,34,5.353033122837379,-154.6131617508811,502.365
1395,34,35,12.50266383702928,-149.03918097301707,502.348
1396,34,36,19.53233124307319,-143.14864824787966,503.021
1397,34,37,26.354629837047284,-136.72812016390594,504.28
1398,34,38,32.85564487020044,-129.52083624981677,505.981
1399,34,39,38.87974535965204,-121.21811293626264,507.95
1400,35,0,46.529932890470675,-96.96571628800231,511.013
1401,35,1,50.259417667878154,-84.57302788812035,512.88
1402,35,2,52.47981312930633,-70.54688608785149,514.447
1403,35,3,52.913526726507556,-55.66204949003405,515.625
1404,35,4,51.50053475705575,-41.11113401054936,516.376
1405,35,5,48.434223782016076,-27.91600425112303,516.715
1406,35,6,44.054119089935284,-16.516406573540703,516.702
1407,35,7,38.70904868700967,-6.845339383365485,516.442
1408,35,8,32.685105291908975,1.399003208423088,516.065
1409,35,9,26.194578014226376,8.55996872826433,515.711
1410,35,10,19.390336732870505,14.943736734125048,515.519
1411,35,11,12.384015767183342,20.804453975988068,515.604
1412,35,12,5.261146587933197,26.3533508841252,516.05
1413,35,13,-1.9075187962584708,31.774166377398963,516.894
1414,35,14,-9.057129660213096,37.23901097760992,518.126
1415,35,15,-16.1209300828605,42.92384572570323,519.682
1416,35,16,-23.022131022126583,49.02407550364379,521.457
1417,35,17,-29.663982848418108,55.77032506385167,523.306
1418,35,18,-35.91674099580881,63.44163153958399,525.062
1419,35,19,-41.60081759290425,72.36523270907063,526.551
1420,35,20,-46.46930471630306,82.875357049157,527.609
1421,35,21,-50.2030788525093,95.18159574471412,528.097
1422,35,22,-52.4485479383806,109.12162935011662,527.917
1423,35,23,-52.92608744439121,123.94555773601047,527.021
1424,35,24,-51.566804667477804,138.47861568591017,525.421
1425,35,25,-48.552843677331694,151.69479950345305,523.186
1426,35,26,-44.21586821476494,163.13622696705983,520.438
1427,35,27,-38.901489266874776,172.85413815588393,517.347
1428,35,28,-32.89558440137209,-178.85794273821685,514.111
1429,35,29,-26.41140236942843,-171.65927852286023,510.94
1430,35,30,-19.60308175759077,-165.2435998731972,508.044
1431,35,31,-12.583598163599346,-159.35567628032274,505.607
1432,35,32,-5.439793600769466,-153.78288395537433,503.777
1433,35,33,1.7562115365658824,-148.3400837907096,502.65
1434,35,34,8.93808031675342,-142.85367969838347,502.266
1435,35,35,16.037485661770454,-137.14597747694899,502.604
1436,35,36,22.975742084831147,-131.01950269712265,503.585
1437,35,37,29.653840017500638,-124.24088145534348,505.086
1438,35,38,35.93916109175938,-116.5275898067831,506.943
1439,35,39,41.64840352085173,-107.54825429366916,508.979
1440,36,0,44.21135004462898,-93.47585162215181,510.007
1441,36,1,48.56117992321369,-81.9970766841634,511.976
1442,36,2,51.579235611767224,-68.73039044789743,513.707
1443,36,3,52.93008993524484,-54.14106881470976,515.088
1444,36,4,52.43098069183532,-39.26966036880056,516.055
1445,36,5,50.154437660335056,-25.30184667649632,516.594
1446,36,6,46.385583672551626,-12.987278565246378,516.747
1447,36,7,41.482522131574214,-2.481088200678523,516.596
1448,36,8,35.767053985053394,6.433327431591507,516.259
1449,36,9,29.487439533846203,14.094543583485594,515.876
1450,36,10,22.823922347507395,20.831955732681124,515.587
1451,36,11,15.906627775009472,26.925445821458176,515.521
1452,36,12,8.832491568600547,32.605946814523115,515.779
1453,36,13,1.6784314767318929,38.06893360327983,516.422
1454,36,14,-5.488743859003655,43.4903621060316,517.464
1455,36,15,-12.604215943382675,49.042363335146504,518.869
1456,36,16,-19.59729829491106,54.90863181325745,520.551
1457,36,17,-26.382625074907875,61.300244291379926,522.382
1458,36,18,-32.84883517159794,68.47084325943695,524.206
1459,36,19,-38.84354535705098,76.7252088336674,525.851
1460,36,20,-44.1554039651374,86.40357322719713,527.144
1461,36,21,-48.50023073015508,97.80195683865448,527.932
1462,36,22,-51.53279032541114,110.97970035154854,528.095
1463,36,23,-52.91880987783056,125.49228139431654,527.559
1464,36,24,-52.469888864442304,140.32336781846055,526.306
1465,36,25,-50.247666327411146,154.29457440723502,524.376
1466,36,26,-46.52720764499184,166.64301001148445,521.866
1467,36,27,-41.66122720101843,177.19503756212885,518.924
1468,36,28,-35.97005403737535,-173.84474781196755,515.734
1469,36,29,-29.7024777945803,-166.1427942774294,512.504
1470,36,30,-23.03992878755634,-159.3706753757401,509.446
1471,36,31,-16.113845469143904,-153.24777961503884,506.758
1472,36,32,-9.0224963322529,-147.5419078843019,504.609
1473,36,33,-1.8441290912320518,-142.05617315051447,503.122
1474,36,34,5.353033122837379,-136.61315441979627,502.365
1475,36,35,12.50266383702928,-131.03917364193228,502.348
1476,36,36,19.53233124307319,-125.14864091679486,503.021
1477,36,37,26.354629837047284,-118.72811283282113,504.28
1478,36,38,32.85564487020044,-111.52082891873198,505.981
1479,36,39,38.87974535965204,-103.21809877498866,507.95
1480,37,0,46.529932890470675,-78.96570895691751,511.013
1481,37,1,50.259417667878154,-66.57302055703555,512.88
1482,37,2,52.47981312930633,-52.54688217186127,514.447
1483,37,3,52.913526726507556,-37.66204215894925,515.625
1484,37,4,51.50053475705575,-23.111126679464554,516.376
1485,37,5,48.434223782016076,-9.915996920038227,516.715
1486,37,6,44.054119089935284,1.4836013978743368,516.702
1487,37,7,38.70904868700967,11.154667947719318,516.442
1488,37,8,32.685105291908975,19.39901107311642,516.065
1489,37,9,26.194578014226376,26.559976059349133,515.711
1490,37,10,19.390336732870505,32.94374406520985,515.519
1491,37,11,12.384015767183342,38.80446301462016,515.604
1492,37,12,5.261146587933197,44.3533599227573,516.05
1493,37,13,-1.9075187962584708,49.774173708483765,516.894
1494,37,14,-9.057129660213096,55.239018308694725,518.126
1495,37,15,-16.1209300828605,60.92385305678803,519.682
1496,37,16,-23.022131022126583,67.02407941963402,521.457
1497,37,17,-29.663982848418108,73.77033239493647,523.306
1498,37,18,-35.91674099580881,81.44163887066878,525.062
1499,37,19,-41.60081759290425,90.36524004015543,526.551
1500,37,20,-46.46930471630306,100.8753643802418,527.609
1501,37,21,-50.2030788525093,113.18160307579892,528.097
1502,37,22,-52.4485479383806,127.12163668120142,527.917
1503,37,23,-52.92608744439121,141.94556506709526,527.021
1504,37,24,-51.566804667477804,156.47862301699496,525.421
1505,37,25,-48.552843677331694,169.69480683453784,523.186
1506,37,26,-44.21586821476494,-178.8637620593897,520.438
1507,37,27,-38.901489266874776,-169.14586453094392,517.347
1508,37,28,-32.89558440137209,-160.85793540713203,514.111
1509,37,29,-26.41140236942843,-153.65927119177545,510.94
1510,37,30,-19.60308175759077,-147.24359254211242,508.044
1511,37,31,-12.583598163599346,-141.35566894923795,505.607
1512,37,32,-5.439793600769466,-135.78287662428951,503.777
1513,37,33,1.7562115365658824,-130.34007645962478,502.65
1514,37,34,8.93808031675342,-124.85367236729869,502.266
1515,37,35,16.037485661770454,-119.14597014586417,502.604
1516,37,36,22.975742084831147,-113.01949536603783,503.585
1517,37,37,29.653840017500638,-106.24088095444785,505.086
1518,37,38,35.93916109175938,-98.52757564550913,506.943
1519,37,39,41.64840352085173,-89.54824696258436,508.979
1520,38,0,44.21135004462898,-75.475844291067,510.007
1521,38,1,48.56117992321369,-63.997069353078594,511.976
1522,38,2,51.579235611767224,-50.73037970171804,513.707
1523,38,3,52.93008993524484,-36.14106148362495,515.088
1524,38,4,52.43098069183532,-21.269653037715756,516.055
1525,38,5,50.154437660335056,-7.301839345411519,516.594
1526,38,6,46.385583672551626,5.012728765838426,516.747
1527,38,7,41.482522131574214,15.51891891696287,516.596
1528,38,8,35.767053985053394,24.433335189563135,516.259
1529,38,9,29.487439533846203,32.09455006079675,515.876
1530,38,10,22.823922347507395,38.83196477131322,515.587
1531,38,11,15.906627775009472,44.92545315254298,515.521
1532,38,12,8.832491568600547,50.60595414560792,515.779
1533,38,13,1.6784314767318929,56.06894093436463,516.422
1534,38,14,-5.488743859003655,61.49036943711641,517.464
1535,38,15,-12.604215943382675,67.0423706662313,518.869
1536,38,16,-19.59729829491106,72.90863572924766,520.551
1537,38,17,-26.382625074907875,79.30025162246473,522.382
1538,38,18,-32.84883517159794,86.47085059052175,524.206
1539,38,19,-38.84354535705098,94.7252161647522,525.851
1540,38,20,-44.1554039651374,104.40358055828193,527.144
1541,38,21,-48.50023073015508,115.80196416973928,527.932
1542,38,22,-51.53279032541114,128.97970768263335,528.095
1543,38,23,-52.91880987783056,143.49228872540135,527.559
1544,38,24,-52.469888864442304,158.32337514954537,526.306
1545,38,25,-50.247666327411146,172.2945817383198,524.376
1546,38,26,-46.52720764499184,-175.35697901496508,521.866
1547,38,27,-41.66122720101843,-164.804965124699,518.924
1548,38,28,-35.97005403737535,-155.84474048088276,515.734
1549,38,29,-29.7024777945803,-148.14278694634461,512.504
1550,38,30,-23.03992878755634,-141.3706680446553,509.446
1551,38,31,-16.113845469143904,-135.24777228395405,506.758
1552,38,32,-9.0224963322529,-129.5419005532171,504.609
1553,38,33,-1.8441290912320518,-124.05616581942965,503.122
1554,38,34,5.353033122837379,-118.61314708871147,502.365
1555,38,35,12.50266383702928,-113.03916631084746,502.348
1556,38,36,19.53233124307319,-107.14863358571004,503.021
1557,38,37,26.354629837047284,-100.72809867154716,504.28
1558,38,38,32.85564487020044,-93.52082158764716,505.981
1559,38,39,38.87974535965204,-85.21809144390386,507.95
1560,39,0,46.529932890470675,-60.96570162583271,511.013
1561,39,1,50.259417667878154,-48.573009810856156,512.88
1562,39,2,52.47981312930633,-34.54687484077647,514.447
1563,39,3,52.913526726507556,-19.662033120317147,515.625
1564,39,4,51.50053475705575,-5.111119348379752,516.376
1565,39,5,48.434223782016076,8.084010411046577,516.715
1566,39,6,44.054119089935284,19.483608088628905,516.702
1567,39,7,38.70904868700967,29.154676132577766,516.442
1568,39,8,32.685105291908975,37.39901840420122,516.065
1569,39,9,26.194578014226376,44.559983390433935,515.711
1570,39,10,19.390336732870505,50.94375139629465,515.519
1571,39,11,12.384015767183342,56.804470345704964,515.604
1572,39,12,5.261146587933197,62.35336383874751,516.05
1573,39,13,-1.9075187962584708,67.77418445466316,516.894
1574,39,14,-9.057129660213096,73.23902563977953,518.126
1575,39,15,-16.1209300828605,78.92386038787284,519.682
1576,39,16,-23.022131022126583,85.02408675071882,521.457
1577,39,17,-29.663982848418108,91.77033972602128,523.306
1578,39,18,-35.91674099580881,99.4416462017536,525.062
1579,39,19,-41.60081759290425,108.36524737124023,526.551
1580,39,20,-46.46930471630306,118.87537171132661,527.609
1581,39,21,-50.2030788525093,131.18161040688372,528.097
1582,39,22,-52.4485479383806,145.12164401228623,527.917
1583,39,23,-52.92608744439121,159.94557239818008,527.021
1584,39,24,-51.566804667477804,174.47863034807978,525.421
1585,39,25,-48.552843677331694,-172.30519585229,523.186
1586,39,26,-44.21586821476494,-160.86375472830488,520.438
1587,39,27,-38.901489266874776,-151.14585719985914,517.347
1588,39,28,-32.89558440137209,-142.85792807604724,514.111
1589,39,29,-26.41140236942843,-135.65926386069063,510.94
1590,39,30,-19.60308175759077,-129.2435852110276,508.044
1591,39,31,-12.583598163599346,-123.35566161815315,505.607
1592,39,32,-5.439793600769466,-117.78286929320473,503.777
1593,39,33,1.7562115365658824,-112.34006912853998,502.65
1594,39,34,8.93808031675342,-106.8536582060247,502.266
1595,39,35,16.037485661770454,-101.14596281477937,502.604
1596,39,36,22.975742084831147,-95.01948803495303,503.585
1597,39,37,29.653840017500638,-88.24087362336304,505.086
1598,39,38,35.93916109175938,-80.52756831442433,506.943
1599,39,39,41.64840352085173,-71.54823963149956,508.979
