0,0,0,16.06957730558576,56.18869805617705,515.516
1,0,1,8.998158660692852,61.876473200708055,515.767
2,0,2,1.845176031165768,67.34247551798333,516.402
3,0,3,-5.32243088714796,72.76294096406212,517.437
4,0,4,-12.439864516479243,78.30988785319123,518.835
5,0,5,-19.436679566389042,84.1665838211804,520.512
6,0,6,-26.227975931720447,90.54328941143932,522.343
7,0,7,-32.70313357622323,97.69249622701585,524.17
8,0,8,-38.710937234315175,105.91784032746293,525.821
9,0,9,-44.04159935318665,115.55926022777206,527.125
10,0,10,-48.41268136537386,126.91554255318545,527.926
11,0,11,-51.47982220839769,140.0545042519722,528.105
12,0,12,-52.907126839255255,154.54574778377307,527.586
13,0,13,-52.50121552707057,169.38340484989862,526.35
14,0,14,-50.31772016263338,-176.61436219965105,524.434
15,0,15,-46.6281646711138,-164.22420779995116,521.936
16,0,16,-41.78494241745487,-153.63178651055532,519.002
17,0,17,-36.10987142478009,-144.6381895624544,515.814
18,0,18,-29.853424975237584,-136.9108413845821,512.582
19,0,19,-23.19842503479378,-130.12048587780887,509.517
20,0,20,-16.27726286767834,-123.9852957766016,506.817
21,0,21,-9.188830221562927,-118.27207476231771,504.653
22,0,22,-2.011692414592682,-112.78327327359294,503.148
23,0,23,5.185800636764671,-107.34121076935855,502.374
24,0,24,12.337324594017135,-101.77230482204787,502.339
25,0,25,19.37069481636484,-95.89143681458603,502.995
26,0,26,26.19900056171396,-89.4859419769755,504.241
27,0,27,32.709055350233626,-82.30028927198778,505.933
28,0,28,38.74644738781007,-74.02690845110801,507.898
29,0,29,44.097176602463044,-64.32196779151776,509.954
30,0,30,48.473681784851244,-52.885639064126394,511.926
31,0,31,51.52683781554947,-39.657676585359816,513.664
32,0,32,52.91942800995045,-25.089058963093745,515.054
33,0,33,52.46356410927087,-10.209989606256732,516.03
34,0,34,50.22570385413497,3.789774003437534,516.58
35,0,35,46.48750034025197,16.146608179045163,516.741
36,0,36,41.60689304617098,26.693304767042367,516.596
37,0,37,35.90719580644372,35.64103699486666,516.263
38,0,38,29.63841062016558,43.327509905650984,515.88
39,0,39,22.982176123029298,50.083024617467984,515.588
40,1,0,12.54854563277884,68.07191240058401,515.597
41,1,1,5.427538533851171,73.62590121474739,516.034
42,1,2,-1.7408095667092094,79.04773269866018,516.87
43,1,3,-8.891593195488667,84.50959592129844,518.094
44,1,4,-15.958199118337655,90.18719066887154,519.645
45,1,5,-22.86417094473899,96.27530027612991,521.417
46,1,6,-29.513373762124743,103.00356936334774,523.267
47,1,7,-35.77697824991743,110.64978855425859,525.028
48,1,8,-41.47678477267141,119.54031794778402,526.527
49,1,9,-46.367606614656154,130.0102876057399,527.597
50,1,10,-50.13179899833105,142.27456161903643,528.1
51,1,11,-52.415626426581134,156.182698241015,527.936
52,1,12,-52.93609367152528,170.99864896595827,527.057
53,1,13,-51.61834185986013,-174.4481267232465,525.472
54,1,14,-48.63940949487243,-161.19373482748654,523.25
55,1,15,-44.32914007196043,-149.71011045518742,520.513
56,1,16,-39.0339778613001,-139.95497473538674,517.427
57,1,17,-33.04149431751649,-131.63771677927883,514.191
58,1,18,-26.566504012648373,-124.4174008642533,511.015
59,1,19,-19.764323740874552,-117.98658651538952,508.11
60,1,20,-12.74870518017971,-112.08894356332613,505.659
61,1,21,-5.606938575043433,-106.51100810593267,503.812
62,1,22,1.5886119278252864,-101.06716292232493,502.668
63,1,23,8.771586771771542,-95.58372996228778,502.265
64,1,24,15.873742121703154,-89.88332238288685,502.586
65,1,25,22.816788214919317,-83.76906681148566,503.553
66,1,26,29.502278119818058,-77.00864802384459,505.042
67,1,27,35.7985992137351,-69.32069637710495,506.892
68,1,28,41.52382428548528,-60.37478780978905,508.926
69,1,29,46.428060618999936,-49.8327938070354,510.961
70,1,30,50.188445172212546,-37.48224084414324,512.833
71,1,31,52.44770782511269,-23.487680131049235,514.408
72,1,32,52.92470774617887,-8.609867529019505,515.596
73,1,33,51.55332870424537,5.9622958151994485,516.357
74,1,34,48.52189267510778,19.196374728367775,516.705
75,1,35,44.168213984925764,30.638439107114657,516.7
76,1,36,38.842025639960646,40.34673680468197,516.445
77,1,37,32.831179132593455,48.62031570104766,516.069
78,1,38,26.349565251777722,55.802802613355084,515.714
79,1,39,19.551209885939105,62.20157654482232,515.518
80,2,0,16.06957730558576,74.1886951419781,515.516
81,2,1,8.998158660692852,79.87647370160369,515.767
82,2,2,1.845176031165768,85.34247601887897,516.402
83,2,3,-5.32243088714796,90.76294146495776,517.437
84,2,4,-12.439864516479243,96.30988835408685,518.835
85,2,5,-19.436679566389042,102.16658432207603,520.512
86,2,6,-26.227975931720447,108.54328991233496,522.343
87,2,7,-32.70313357622323,115.69250355810065,524.17
88,2,8,-38.710937234315175,123.91784082835855,525.821
89,2,9,-44.04159935318665,133.55925389847852,527.125
90,2,10,-48.41268136537386,144.9155362238919,527.926
91,2,11,-51.47982220839769,158.05451158305698,528.105
92,2,12,-52.907126839255255,172.54575511485785,527.586
93,2,13,-52.50121552707057,-172.61659783692923,526.35
94,2,14,-50.31772016263338,-158.6143685289446,524.434
95,2,15,-46.6281646711138,-146.2242141292447,521.936
96,2,16,-41.78494241745487,-135.63179283984886,519.002
97,2,17,-36.10987142478009,-126.63819589174791,515.814
98,2,18,-29.853424975237584,-118.91084771387565,512.582
99,2,19,-23.19842503479378,-112.12049220710242,509.517
100,2,20,-16.27726286767834,-105.98530210589514,506.817
101,2,21,-9.188830221562927,-100.27207426142208,504.653
102,2,22,-2.011692414592682,-94.7832727726973,503.148
103,2,23,5.185800636764671,-89.34121026846293,502.374
104,2,24,12.337324594017135,-83.77230432115223,502.339
105,2,25,19.37069481636484,-77.89143631369039,502.995
106,2,26,26.19900056171396,-71.48594147607986,504.241
107,2,27,32.709055350233626,-64.30028877109214,505.933
108,2,28,38.74644738781007,-56.02691136530696,507.898
109,2,29,44.097176602463044,-46.321967290622126,509.954
110,2,30,48.473681784851244,-34.88563856323076,511.926
111,2,31,51.52683781554947,-21.65767437691689,513.664
112,2,32,52.91942800995045,-7.089058462198111,515.054
113,2,33,52.46356410927087,7.790010894638901,516.03
114,2,34,50.22570385413497,21.78977365055952,516.58
115,2,35,46.48750034025197,34.1466086799408,516.741
116,2,36,41.60689304617098,44.693305267938,516.596
117,2,37,35.90719580644372,53.6410374957623,516.263
118,2,38,29.63841062016558,61.32751040654662,515.88
119,2,39,22.982176123029298,68.08302511836362,515.588
120,3,0,12.54854563277884,86.07191290147965,515.597
121,3,1,5.427538533851171,91.62590171564302,516.034
122,3,2,-1.7408095667092094,97.04773319955582,516.87
123,3,3,-8.891593195488667,102.50959642219406,518.094
124,3,4,-15.958199118337655,108.18719116976717,519.645
125,3,5,-22.86417094473899,114.27530077702555,521.417
126,3,6,-29.513373762124743,121.0035630340542,523.267
127,3,7,-35.77697824991743,128.64978222496504,525.028
128,3,8,-41.47678477267141,137.54031161849048,526.527
129,3,9,-46.367606614656154,148.01028127644636,527.597
130,3,10,-50.13179899833105,160.27455528974292,528.1
131,3,11,-52.415626426581134,174.18269191172146,527.936
132,3,12,-52.93609367152528,-171.00134006049126,527.057
133,3,13,-51.61834185986013,-156.44813305254002,525.472
134,3,14,-48.63940949487243,-143.19374115678008,523.25
135,3,15,-44.32914007196043,-131.71010312410263,520.513
136,3,16,-39.0339778613001,-121.9549810646803,517.427
137,3,17,-33.04149431751649,-113.63772310857236,514.191
138,3,18,-26.566504012648373,-106.41739353316848,511.015
139,3,19,-19.764323740874552,-99.98659284468306,508.11
140,3,20,-12.74870518017971,-94.08894306243049,505.659
141,3,21,-5.606938575043433,-88.51100760503705,503.812
142,3,22,1.5886119278252864,-83.06716242142929,502.668
143,3,23,8.771586771771542,-77.58372946139215,502.265
144,3,24,15.873742121703154,-71.88332188199121,502.586
145,3,25,22.816788214919317,-65.76906631059002,503.553
146,3,26,29.502278119818058,-59.00864752294895,505.042
147,3,27,35.7985992137351,-51.32069587620932,506.892
148,3,28,41.52382428548528,-42.374790723988,508.926
149,3,29,46.428060618999936,-31.832793306139767,510.961
150,3,30,50.188445172212546,-19.48223863570032,512.833
151,3,31,52.44770782511269,-5.487679630153602,514.408
152,3,32,52.92470774617887,9.39013297187613,515.596
153,3,33,51.55332870424537,23.96229631609508,516.357
154,3,34,48.52189267510778,37.1963769368107,516.705
155,3,35,44.168213984925764,48.63843960801029,516.7
156,3,36,38.842025639960646,58.346733890483016,516.445
157,3,37,32.831179132593455,66.62031961703788,516.069
158,3,38,26.349565251777722,73.80280311425072,515.714
159,3,39,19.551209885939105,80.20157704571795,515.518
160,4,0,16.06957730558576,92.18869564287374,515.516
161,4,1,8.998158660692852,97.87647420249932,515.767
162,4,2,1.845176031165768,103.34247651977459,516.402
163,4,3,-5.32243088714796,108.7629419658534,517.437
164,4,4,-12.439864516479243,114.30988885498249,518.835
165,4,5,-19.436679566389042,120.16657799278249,520.512
166,4,6,-26.227975931720447,126.54329724341976,522.343
167,4,7,-32.70313357622323,133.69249722880713,524.17
168,4,8,-38.710937234315175,141.91784815944337,525.821
169,4,9,-44.04159935318665,151.55926122956333,527.125
170,4,10,-48.41268136537386,162.91554355497672,527.926
171,4,11,-51.47982220839769,176.05450525376344,528.105
172,4,12,-52.907126839255255,-169.45424757197,527.586
173,4,13,-52.50121552707057,-154.61660416622277,526.35
174,4,14,-50.31772016263338,-140.61436119785978,524.434
175,4,15,-46.6281646711138,-128.22420679815988,521.936
176,4,16,-41.78494241745487,-117.63178550876404,519.002
177,4,17,-36.10987142478009,-108.63819539085227,515.814
178,4,18,-29.853424975237584,-100.91084038279085,512.582
179,4,19,-23.19842503479378,-94.12049170620678,509.517
180,4,20,-16.27726286767834,-87.9853016049995,506.817
181,4,21,-9.188830221562927,-82.27207376052645,504.653
182,4,22,-2.011692414592682,-76.78327227180168,503.148
183,4,23,5.185800636764671,-71.34120976756729,502.374
184,4,24,12.337324594017135,-65.77230382025661,502.339
185,4,25,19.37069481636484,-59.89143581279476,502.995
186,4,26,26.19900056171396,-53.48594097518423,504.241
187,4,27,32.709055350233626,-46.30029168529109,505.933
188,4,28,38.74644738781007,-38.02691086441133,507.898
189,4,29,44.097176602463044,-28.3219650821792,509.954
190,4,30,48.473681784851244,-16.885636354787835,511.926
191,4,31,51.52683781554947,-3.657674302908079,513.664
192,4,32,52.91942800995045,10.910942038697522,515.054
193,4,33,52.46356410927087,25.79001054176089,516.03
194,4,34,50.22570385413497,39.78977585900245,516.58
195,4,35,46.48750034025197,52.14660918083643,516.741
196,4,36,41.60689304617098,62.69330235373905,516.596
197,4,37,35.90719580644372,71.64103458156335,516.263
198,4,38,29.63841062016558,79.32751090744225,515.88
199,4,39,22.982176123029298,86.08302561925926,515.588
200,5,0,12.54854563277884,104.07191340237527,515.597
201,5,1,5.427538533851171,109.62590221653866,516.034
202,5,2,-1.7408095667092094,115.04773370045146,516.87
203,5,3,-8.891593195488667,120.50959009290054,518.094
204,5,4,-15.958199118337655,126.18719850085198,519.645
205,5,5,-22.86417094473899,132.2753012779212,521.417
206,5,6,-29.513373762124743,139.003570365139,523.267
207,5,7,-35.77697824991743,146.64978955604985,525.028
208,5,8,-41.47678477267141,155.5403189495753,526.527
209,5,9,-46.367606614656154,166.01028860753115,527.597
210,5,10,-50.13179899833105,178.2745626208277,528.1
211,5,11,-52.415626426581134,-167.81731077510642,527.936
212,5,12,-52.93609367152528,-153.0013463897848,527.057
213,5,13,-51.61834185986013,-138.44812572145523,525.472
214,5,14,-48.63940949487243,-125.19373382569528,523.25
215,5,15,-44.32914007196043,-113.71010945339616,520.513
216,5,16,-39.0339778613001,-103.95498056378466,517.427
217,5,17,-33.04149431751649,-95.63772260767674,514.191
218,5,18,-26.566504012648373,-88.41739303227286,511.015
219,5,19,-19.764323740874552,-81.98659234378742,508.11
220,5,20,-12.74870518017971,-76.08894256153485,505.659
221,5,21,-5.606938575043433,-70.51100710414141,503.812
222,5,22,1.5886119278252864,-65.06716192053366,502.668
223,5,23,8.771586771771542,-59.583728960496515,502.265
224,5,24,15.873742121703154,-53.88332138109557,502.586
225,5,25,22.816788214919317,-47.7690623945998,503.553
226,5,26,29.502278119818058,-41.00864702205332,505.042
227,5,27,35.7985992137351,-33.32069537531368,506.892
228,5,28,41.52382428548528,-24.374788515545077,508.926
229,5,29,46.428060618999936,-13.832792805244134,510.961
230,5,30,50.188445172212546,-1.4822386684132136,512.833
231,5,31,52.44770782511269,12.51232087074203,514.408
232,5,32,52.92470774617887,27.390134326545407,515.596
233,5,33,51.55332870424537,41.96229852453801,516.357
234,5,34,48.52189267510778,55.19637743770633,516.705
235,5,35,44.168213984925764,66.63844010890593,516.7
236,5,36,38.842025639960646,76.34673439137865,516.445
237,5,37,32.831179132593455,84.62032011793352,516.069
238,5,38,26.349565251777722,91.80280361514635,515.714
239,5,39,19.551209885939105,98.20157754661359,515.518
240,6,0,16.06957730558576,110.18869614376936,515.516
241,6,1,8.998158660692852,115.87648153358413,515.767
242,6,2,1.845176031165768,121.34247702067023,516.402
243,6,3,-5.32243088714796,126.76294246674902,517.437
244,6,4,-12.439864516479243,132.3098893558781,518.835
245,6,5,-19.436679566389042,138.1665853238673,520.512
246,6,6,-26.227975931720447,144.54329091412623,522.343
247,6,7,-32.70313357622323,151.69250455989192,524.17
248,6,8,-38.710937234315175,159.91784183014983,525.821
249,6,9,-44.04159935318665,169.5592549002698,527.125
250,6,10,-48.41268136537386,-179.08445913185113,527.926
251,6,11,-51.47982220839769,-165.94549743306442,528.105
252,6,12,-52.907126839255255,-151.45425390126354,527.586
253,6,13,-52.50121552707057,-136.61659683513795,526.35
254,6,14,-50.31772016263338,-122.61436752715332,524.434
255,6,15,-46.6281646711138,-110.22420629726426,521.936
256,6,16,-41.78494241745487,-99.6317850078684,519.002
257,6,17,-36.10987142478009,-90.63819488995665,515.814
258,6,18,-29.853424975237584,-82.91083988189521,512.582
259,6,19,-23.19842503479378,-76.12049120531114,509.517
260,6,20,-16.27726286767834,-69.98530110410387,506.817
261,6,21,-9.188830221562927,-64.27207325963082,504.653
262,6,22,-2.011692414592682,-58.78327177090604,503.148
263,6,23,5.185800636764671,-53.341212681766244,502.374
264,6,24,12.337324594017135,-47.77229990426639,502.339
265,6,25,19.37069481636484,-41.89143189680454,502.995
266,6,26,26.19900056171396,-35.4859404742886,504.241
267,6,27,32.709055350233626,-28.30029118439546,505.933
268,6,28,38.74644738781007,-20.0269086559684,507.898
269,6,29,44.097176602463044,-10.321964581283567,509.954
270,6,30,48.473681784851244,1.1143641461077978,511.926
271,6,31,51.52683781554947,14.342326624874378,513.664
272,6,32,52.91942800995045,28.91094424714045,515.054
273,6,33,52.46356410927087,43.790012750203815,516.03
274,6,34,50.22570385413497,57.789772944803495,516.58
275,6,35,46.48750034025197,70.14660968173206,516.741
276,6,36,41.60689304617098,80.69330285463468,516.596
277,6,37,35.90719580644372,89.64103508245897,516.263
278,6,38,29.63841062016558,97.32751140833788,515.88
279,6,39,22.982176123029298,104.08302612015488,515.588
280,7,0,12.54854563277884,122.07191390327091,515.597
281,7,1,5.427538533851171,127.62589588724512,516.034
282,7,2,-1.7408095667092094,133.04772737115792,516.87
283,7,3,-8.891593195488667,138.50959742398533,518.094
284,7,4,-15.958199118337655,144.18719217155845,519.645
285,7,5,-22.86417094473899,150.27529494862765,521.417
286,7,6,-29.513373762124743,157.00356403584547,523.267
287,7,7,-35.77697824991743,164.6497832267563,525.028
288,7,8,-41.47678477267141,173.54031262028175,526.527
289,7,9,-46.367606614656154,-175.9897140792967,527.597
290,7,10,-50.13179899833105,-163.72544006600015,528.1
291,7,11,-52.415626426581134,-149.8173034440216,527.936
292,7,12,-52.93609367152528,-135.00135271907834,527.057
293,7,13,-51.61834185986013,-120.44813205074875,525.472
294,7,14,-48.63940949487243,-107.19374015498882,523.25
295,7,15,-44.32914007196043,-95.71010895250053,520.513
296,7,16,-39.0339778613001,-85.95498006288902,517.427
297,7,17,-33.04149431751649,-77.6377221067811,514.191
298,7,18,-26.566504012648373,-70.4173993615664,511.015
299,7,19,-19.764323740874552,-63.98659184289179,508.11
300,7,20,-12.74870518017971,-58.08894889082839,505.659
301,7,21,-5.606938575043433,-52.51100660324578,503.812
302,7,22,1.5886119278252864,-47.067164834732615,502.668
303,7,23,8.771586771771542,-41.58373187469547,502.265
304,7,24,15.873742121703154,-35.88332429529452,502.586
305,7,25,22.816788214919317,-29.769065308798755,503.553
306,7,26,29.502278119818058,-23.008648228704978,505.042
307,7,27,35.7985992137351,-15.320698289512636,506.892
308,7,28,41.52382428548528,-6.374791856630852,508.926
309,7,29,46.428060618999936,4.167203853670092,510.961
310,7,30,50.188445172212546,16.517758950996363,512.833
311,7,31,52.44770782511269,30.512319664090374,514.408
312,7,32,52.92470774617887,45.390131412346456,515.596
313,7,33,51.55332870424537,59.96229219524447,516.357
314,7,34,48.52189267510778,73.19637110841279,516.705
315,7,35,44.168213984925764,84.63843377961238,516.7
316,7,36,38.842025639960646,94.34673489227428,516.445
317,7,37,32.831179132593455,102.62031378863998,516.069
318,7,38,26.349565251777722,109.80280411604198,515.714
319,7,39,19.551209885939105,116.20157121732005,515.518
320,8,0,16.06957730558576,128.18870347485418,515.516
321,8,1,8.998158660692852,133.87647520429059,515.767
322,8,2,1.845176031165768,139.3424706913767,516.402
323,8,3,-5.32243088714796,144.76293613745548,517.437
324,8,4,-12.439864516479243,150.3098830265846,518.835
325,8,5,-19.436679566389042,156.16657899457377,520.512
326,8,6,-26.227975931720447,162.54329824521102,522.343
327,8,7,-32.70313357622323,169.6924982305984,524.17
328,8,8,-38.710937234315175,177.9178491612346,525.821
329,8,9,-44.04159935318665,-172.44073412617973,527.125
330,8,10,-48.41268136537386,-161.08446546114467,527.926
331,8,11,-51.47982220839769,-147.9454901019796,528.105
332,8,12,-52.907126839255255,-133.45424657017875,527.586
333,8,13,-52.50121552707057,-118.6166031644315,526.35
334,8,14,-50.31772016263338,-104.6143670262577,524.434
335,8,15,-46.6281646711138,-92.22420579636862,521.936
336,8,16,-41.78494241745487,-81.63178450697278,519.002
337,8,17,-36.10987142478009,-72.63819438906101,515.814
338,8,18,-29.853424975237584,-64.91083938099958,512.582
339,8,19,-23.19842503479378,-58.12049070441551,509.517
340,8,20,-16.27726286767834,-51.985297188113655,506.817
341,8,21,-9.188830221562927,-46.272072758735185,504.653
342,8,22,-2.011692414592682,-40.78327127001041,503.148
343,8,23,5.185800636764671,-35.34121218087061,502.374
344,8,24,12.337324594017135,-29.772299403370756,502.339
345,8,25,19.37069481636484,-23.891431395908906,502.995
346,8,26,26.19900056171396,-17.485939973392963,504.241
347,8,27,32.709055350233626,-10.300289829726179,505.933
348,8,28,38.74644738781007,-2.026908795403001,507.898
349,8,29,44.097176602463044,7.678035919612066,509.954
350,8,30,48.473681784851244,19.11436464700343,511.926
351,8,31,51.52683781554947,32.34232541822272,513.664
352,8,32,52.91942800995045,46.91094474803608,515.054
353,8,33,52.46356410927087,61.79000983600486,516.03
354,8,34,50.22570385413497,75.78977344569913,516.58
355,8,35,46.48750034025197,88.1466101826277,516.741
356,8,36,41.60689304617098,98.69330335553032,516.596
357,8,37,35.90719580644372,107.64103558335461,516.263
358,8,38,29.63841062016558,115.32751190923352,515.88
359,8,39,22.982176123029298,122.08301979086136,515.588
360,9,0,12.54854563277884,140.07190757397737,515.597
361,9,1,5.427538533851171,145.6259032183299,516.034
362,9,2,-1.7408095667092094,151.04773470224274,516.87
363,9,3,-8.891593195488667,156.5095910946918,518.094
364,9,4,-15.958199118337655,162.1871858422649,519.645
365,9,5,-22.86417094473899,168.27530227971243,521.417
366,9,6,-29.513373762124743,175.00357136693026,523.267
367,9,7,-35.77697824991743,-177.35021946007154,525.028
368,9,8,-41.47678477267141,-168.4596900665461,526.527
369,9,9,-46.367606614656154,-157.98972040859024,527.597
370,9,10,-50.13179899833105,-145.7254463952937,528.1
371,9,11,-52.415626426581134,-131.81730977331515,527.936
372,9,12,-52.93609367152528,-117.00134538799352,527.057
373,9,13,-51.61834185986013,-102.44813154985313,525.472
374,9,14,-48.63940949487243,-89.19373965409318,523.25
375,9,15,-44.32914007196043,-77.7101084516049,520.513
376,9,16,-39.0339778613001,-67.9549795619934,517.427
377,9,17,-33.04149431751649,-59.63772160588547,514.191
378,9,18,-26.566504012648373,-52.41739886067076,511.015
379,9,19,-19.764323740874552,-45.98659134199616,508.11
380,9,20,-12.74870518017971,-40.08894497483818,505.659
381,9,21,-5.606938575043433,-34.511006102350144,503.812
382,9,22,1.5886119278252864,-29.067164333836978,502.668
383,9,23,8.771586771771542,-23.58372966625254,502.265
384,9,24,15.873742121703154,-17.88332379439889,502.586
385,9,25,22.816788214919317,-11.76906480790312,503.553
386,9,26,29.502278119818058,-5.008647727809343,505.042
387,9,27,35.7985992137351,2.67930263826982,506.892
388,9,28,41.52382428548528,11.625209071151605,508.926
389,9,29,46.428060618999936,22.167204781452547,510.961
390,9,30,50.188445172212546,34.517757744344706,512.833
391,9,31,52.44770782511269,48.51232016498601,514.408
392,9,32,52.92470774617887,63.39013191324209,515.596
393,9,33,51.55332870424537,77.96229269614011,516.357
394,9,34,48.52189267510778,91.19637160930843,516.705
395,9,35,44.168213984925764,102.63843428050802,516.7
396,9,36,38.842025639960646,112.34673539316991,516.445
397,9,37,32.831179132593455,120.62032111972478,516.069
398,9,38,26.349565251777722,127.80279778674844,515.714
399,9,39,19.551209885939105,134.20157854840485,515.518
400,10,0,16.06957730558576,146.18869714556064,515.516
401,10,1,8.998158660692852,151.8764825353754,515.767
402,10,2,1.845176031165768,157.3424780224615,516.402
403,10,3,-5.32243088714796,162.7629434685403,517.437
404,10,4,-12.439864516479243,168.3098903576694,518.835
405,10,5,-19.436679566389042,174.16658632565856,520.512
406,10,6,-26.227975931720447,-179.45670444161684,522.343
407,10,7,-32.70313357622323,-172.30750445622948,524.17
408,10,8,-38.710937234315175,-164.08215352559324,525.821
409,10,9,-44.04159935318665,-154.44074045547328,527.125
410,10,10,-48.41268136537386,-143.0844581300599,527.926
411,10,11,-51.47982220839769,-129.94549643127314,528.105
412,10,12,-52.907126839255255,-115.45425289947228,527.586
413,10,13,-52.50121552707057,-100.6165958333467,526.35
414,10,14,-50.31772016263338,-86.61436652536206,524.434
415,10,15,-46.6281646711138,-74.224205295473,521.936
416,10,16,-41.78494241745487,-63.63178400607714,519.002
417,10,17,-36.10987142478009,-54.63819047307079,515.814
418,10,18,-29.853424975237584,-46.91084229519853,512.582
419,10,19,-23.19842503479378,-40.120486788425296,509.517
420,10,20,-16.27726286767834,-33.98529668721802,506.817
421,10,21,-9.188830221562927,-28.27207225783955,504.653
422,10,22,-2.011692414592682,-22.783270769114772,503.148
423,10,23,5.185800636764671,-17.34121167997498,502.374
424,10,24,12.337324594017135,-11.772299756248769,502.339
425,10,25,19.37069481636484,-5.891430895013274,502.995
426,10,26,26.19900056171396,0.514060367420111,504.241
427,10,27,32.709055350233626,7.699710671169456,505.933
428,10,28,38.74644738781007,15.973092345822867,507.898
429,10,29,44.097176602463044,25.6780364205077,509.954
430,10,30,48.473681784851244,37.114363440351774,511.926
431,10,31,51.52683781554947,50.34232591911835,513.664
432,10,32,52.91942800995045,64.91094183383713,515.054
433,10,33,52.46356410927087,79.7900103369005,516.03
434,10,34,50.22570385413497,93.78977394659476,516.58
435,10,35,46.48750034025197,106.14661068352333,516.741
436,10,36,41.60689304617098,116.69330385642596,516.596
437,10,37,35.90719580644372,125.64104291443941,516.263
438,10,38,29.63841062016558,133.32750557993998,515.88
439,10,39,22.982176123029298,140.08302712194615,515.588
440,11,0,12.54854563277884,158.0719149050622,515.597
441,11,1,5.427538533851171,163.6258968890364,516.034
442,11,2,-1.7408095667092094,169.0477283729492,516.87
443,11,3,-8.891593195488667,174.5095984257766,518.094
444,11,4,-15.958199118337655,-179.81280318418462,519.645
445,11,5,-22.86417094473899,-173.72470040711542,521.417
446,11,6,-29.513373762124743,-166.9964313198976,523.267
447,11,7,-35.77697824991743,-159.35021212898675,525.028
448,11,8,-41.47678477267141,-150.4596827354613,526.527
449,11,9,-46.367606614656154,-139.98971307750543,527.597
450,11,10,-50.13179899833105,-127.72543906420889,528.1
451,11,11,-52.415626426581134,-113.81730927241951,527.936
452,11,12,-52.93609367152528,-99.00134488709789,527.057
453,11,13,-51.61834185986013,-84.44813104895749,525.472
454,11,14,-48.63940949487243,-71.19373915319755,523.25
455,11,15,-44.32914007196043,-59.71010795070926,520.513
456,11,16,-39.0339778613001,-49.95498247619234,517.427
457,11,17,-33.04149431751649,-41.63772452008442,514.191
458,11,18,-26.566504012648373,-34.41739835977512,511.015
459,11,19,-19.764323740874552,-27.986590841100526,508.11
460,11,20,-12.74870518017971,-22.088946181489835,505.659
461,11,21,-5.606938575043433,-16.511005601454514,503.812
462,11,22,1.5886119278252864,-11.067164686714992,502.668
463,11,23,8.771586771771542,-5.583729165356907,502.265
464,11,24,15.873742121703154,0.1166763996718387,502.586
465,11,25,22.816788214919317,6.230935692992512,503.553
466,11,26,29.502278119818058,12.991352773086291,505.042
467,11,27,35.7985992137351,20.67930271227863,506.892
468,11,28,41.52382428548528,29.625207864499945,508.926
469,11,29,46.428060618999936,40.16720528234818,510.961
470,11,30,50.188445172212546,52.51775824524034,512.833
471,11,31,52.44770782511269,66.51232066588165,514.408
472,11,32,52.92470774617887,81.39013241413772,515.596
473,11,33,51.55332870424537,95.96229319703573,516.357
474,11,34,48.52189267510778,109.19637211020407,516.705
475,11,35,44.168213984925764,120.63843478140366,516.7
476,11,36,38.842025639960646,130.34672906387638,516.445
477,11,37,32.831179132593455,138.62031479043125,516.069
478,11,38,26.349565251777722,145.80280511783326,515.714
479,11,39,19.551209885939105,152.2015722191113,515.518
480,12,0,16.06957730558576,164.18870447664543,515.516
481,12,1,8.998158660692852,169.87647620608186,515.767
482,12,2,1.845176031165768,175.34247169316797,516.402
483,12,3,-5.32243088714796,-179.23705921828756,517.437
484,12,4,-12.439864516479243,-173.69011232915847,518.835
485,12,5,-19.436679566389042,-167.8334163611693,520.512
486,12,6,-26.227975931720447,-161.45671077091038,522.343
487,12,7,-32.70313357622323,-154.30749712514466,524.17
488,12,8,-38.710937234315175,-146.08215985488678,525.821
489,12,9,-44.04159935318665,-136.4407331243885,527.125
490,12,10,-48.41268136537386,-125.08446445935341,527.926
491,12,11,-51.47982220839769,-111.94548910018834,528.105
492,12,12,-52.907126839255255,-97.45424556838748,527.586
493,12,13,-52.50121552707057,-82.61659533245107,526.35
494,12,14,-50.31772016263338,-68.61436602446642,524.434
495,12,15,-46.6281646711138,-56.22420820967195,521.936
496,12,16,-41.78494241745487,-45.63178350518151,519.002
497,12,17,-36.10987142478009,-36.63818997217516,515.814
498,12,18,-29.853424975237584,-28.910841794302897,512.582
499,12,19,-23.19842503479378,-22.120486287529662,509.517
500,12,20,-16.27726286767834,-15.985296186322387,506.817
501,12,21,-9.188830221562927,-10.272072610717563,504.653
502,12,22,-2.011692414592682,-4.783271121992786,503.148
503,12,23,5.185800636764671,0.6587896213334482,502.374
504,12,24,12.337324594017135,6.227700744646865,502.339
505,12,25,19.37069481636484,12.10856960588236,502.995
506,12,26,26.19900056171396,18.514061028398302,504.241
507,12,27,32.709055350233626,25.699710318291444,505.933
508,12,28,38.74644738781007,33.97309113917121,507.898
509,12,29,44.097176602463044,43.67803521385604,509.954
510,12,30,48.473681784851244,55.114363941247404,511.926
511,12,31,51.52683781554947,68.34232642001399,513.664
512,12,32,52.91942800995045,82.91094233473277,515.054
513,12,33,52.46356410927087,97.79001083779613,516.03
514,12,34,50.22570385413497,111.7897744474904,516.58
515,12,35,46.48750034025197,124.14661118441896,516.741
516,12,36,41.60689304617098,134.69331118751074,516.596
517,12,37,35.90719580644372,143.64103658514588,516.263
518,12,38,29.63841062016558,151.3275129110248,515.88
519,12,39,22.982176123029298,158.0830207926526,515.588
520,13,0,12.54854563277884,176.07192223614697,515.597
521,13,1,5.427538533851171,-178.37409213741313,516.034
522,13,2,-1.7408095667092094,-172.95226065350033,516.87
523,13,3,-8.891593195488667,-167.49040426105125,518.094
524,13,4,-15.958199118337655,-161.81279585309983,519.645
525,13,5,-22.86417094473899,-155.7246930760306,521.417
526,13,6,-29.513373762124743,-148.9964239888128,523.267
527,13,7,-35.77697824991743,-141.35020479790194,525.028
528,13,8,-41.47678477267141,-132.4596754043765,526.527
529,13,9,-46.367606614656154,-121.98970574642064,527.597
530,13,10,-50.13179899833105,-109.72543856331325,528.1
531,13,11,-52.415626426581134,-95.8173019413347,527.936
532,13,12,-52.93609367152528,-81.00133755601308,527.057
533,13,13,-51.61834185986013,-66.44812371787269,525.472
534,13,14,-48.63940949487243,-53.193731822112746,523.25
535,13,15,-44.32914007196043,-41.710100619624455,520.513
536,13,16,-39.0339778613001,-31.95497514510754,517.427
537,13,17,-33.04149431751649,-23.63771548145232,514.191
538,13,18,-26.566504012648373,-16.417389321143027,511.015
539,13,19,-19.764323740874552,-9.986584363789369,508.11
540,13,20,-12.74870518017971,-4.088938423518208,505.659
541,13,21,-5.606938575043433,1.4890017296302898,503.812
542,13,22,1.5886119278252864,6.932842217482988,502.668
543,13,23,8.771586771771542,12.416278165727897,502.265
544,13,24,15.873742121703154,18.116684037581546,502.586
545,13,25,22.816788214919317,24.230943024077316,503.553
546,13,26,29.502278119818058,30.991358396623802,505.042
547,13,27,35.7985992137351,38.67931004336344,506.892
548,13,28,41.52382428548528,47.62521519558475,508.926
549,13,29,46.428060618999936,58.1672091983384,510.961
550,13,30,50.188445172212546,70.51776899141973,512.833
551,13,31,52.44770782511269,84.51232799696645,514.408
552,13,32,52.92470774617887,99.39013974522253,515.596
553,13,33,51.55332870424537,113.96230052812054,516.357
554,13,34,48.52189267510778,127.19638627147803,516.705
555,13,35,44.168213984925764,138.63844211248846,516.7
556,13,36,38.842025639960646,148.34673639496117,516.445
557,13,37,32.831179132593455,156.62032212151604,516.069
558,13,38,26.349565251777722,163.80281244891805,515.714
559,13,39,19.551209885939105,170.20157955019613,515.518
560,14,0,16.06957730558576,-177.81131187056076,515.516
561,14,1,8.998158660692852,-172.12352648074602,515.767
562,14,2,1.845176031165768,-166.65753099365992,516.402
563,14,3,-5.32243088714796,-161.2370655475811,517.437
564,14,4,-12.439864516479243,-155.690118658452,518.835
565,14,5,-19.436679566389042,-149.83342269046284,520.512
566,14,6,-26.227975931720447,-143.45671710020392,522.343
567,14,7,-32.70313357622323,-136.3075034544382,524.17
568,14,8,-38.710937234315175,-128.08216618418032,525.821
569,14,9,-44.04159935318665,-118.44073945368201,527.125
570,14,10,-48.41268136537386,-107.08446395845777,527.926
571,14,11,-51.47982220839769,-93.94549542948188,528.105
572,14,12,-52.907126839255255,-79.454251897681,527.586
573,14,13,-52.50121552707057,-64.6166016617446,526.35
574,14,14,-50.31772016263338,-50.61437235375996,524.434
575,14,15,-46.6281646711138,-38.224214538965484,521.936
576,14,16,-41.78494241745487,-27.631789834475043,519.002
577,14,17,-36.10987142478009,-18.6381963014687,515.814
578,14,18,-29.853424975237584,-10.910846416049141,512.582
579,14,19,-23.19842503479378,-4.1204926168231975,509.517
580,14,20,-16.27726286767834,2.0146972709406645,506.817
581,14,21,-9.188830221562927,7.7279210599889,504.653
582,14,22,-2.011692414592682,13.216722548713678,503.148
583,14,23,5.185800636764671,18.658782491627118,502.374
584,14,24,12.337324594017135,24.22769356157968,502.339
585,14,25,19.37069481636484,30.108563276588825,502.995
586,14,26,26.19900056171396,36.51405469910477,504.241
587,14,27,32.709055350233626,43.6997039889979,505.933
588,14,28,38.74644738781007,51.97308480987767,507.898
589,14,29,44.097176602463044,61.6780288845625,509.954
590,14,30,48.473681784851244,73.11436102704846,511.926
591,14,31,51.52683781554947,86.34232009072045,513.664
592,14,32,52.91942800995045,100.91093600543923,515.054
593,14,33,52.46356410927087,115.79001133869177,516.03
594,14,34,50.22570385413497,129.78976811819686,516.58
595,14,35,46.48750034025197,142.14660485512542,516.741
596,14,36,41.60689304617098,152.6933048582172,516.596
597,14,37,35.90719580644372,161.64103025585234,516.263
598,14,38,29.63841062016558,169.32750658173126,515.88
599,14,39,22.982176123029298,176.0830144633591,515.588
600,15,0,12.54854563277884,-165.92808045068088,515.597
601,15,1,5.427538533851171,-160.37409846670667,516.034
602,15,2,-1.7408095667092094,-154.95226698279387,516.87
603,15,3,-8.891593195488667,-149.4904105903448,518.094
604,15,4,-15.958199118337655,-143.81280218239337,519.645
605,15,5,-22.86417094473899,-137.72469940532415,521.417
606,15,6,-29.513373762124743,-130.99643031810632,523.267
607,15,7,-35.77697824991743,-123.35021112719548,525.028
608,15,8,-41.47678477267141,-114.45968173367004,526.527
609,15,9,-46.367606614656154,-103.98971890590335,527.597
610,15,10,-50.13179899833105,-91.72544489260679,528.1
611,15,11,-52.415626426581134,-77.81730827062825,527.936
612,15,12,-52.93609367152528,-63.001343885306625,527.057
613,15,13,-51.61834185986013,-48.448130047166224,525.472
614,15,14,-48.63940949487243,-35.19373815140628,523.25
615,15,15,-44.32914007196043,-23.710106948917993,520.513
616,15,16,-39.0339778613001,-13.954980620627431,517.427
617,15,17,-33.04149431751649,-5.637722237632681,514.191
618,15,18,-26.566504012648373,1.5826036025114965,511.015
619,15,19,-19.764323740874552,8.013409306917094,508.11
620,15,20,-12.74870518017971,13.91105567407508,505.659
621,15,21,-5.606938575043433,19.48899540033675,503.812
622,15,22,1.5886119278252864,24.932835461302627,502.668
623,15,23,8.771586771771542,30.416270128887067,502.265
624,15,24,15.873742121703154,36.11667770828801,502.586
625,15,25,22.816788214919317,42.23093669478378,503.553
626,15,26,29.502278119818058,48.99135206733026,505.042
627,15,27,35.7985992137351,56.679303714069896,506.892
628,15,28,41.52382428548528,65.62520886629122,508.926
629,15,29,46.428060618999936,76.16720286904486,510.961
630,15,30,50.188445172212546,88.51776266212619,512.833
631,15,31,52.44770782511269,102.51232166767291,514.408
632,15,32,52.92470774617887,117.39013341592899,515.596
633,15,33,51.55332870424537,131.96230102901617,516.357
634,15,34,48.52189267510778,145.1963799421845,516.705
635,15,35,44.168213984925764,156.63843578319492,516.7
636,15,36,38.842025639960646,166.34673006566766,516.445
637,15,37,32.831179132593455,174.6203157922225,516.069
638,15,38,26.349565251777722,-178.1971902379098,515.714
639,15,39,19.551209885939105,-171.79842313663175,515.518
640,16,0,16.06957730558576,-159.81130453947597,515.516
641,16,1,8.998158660692852,-154.1235191496612,515.767
642,16,2,1.845176031165768,-148.6575236625751,516.402
643,16,3,-5.32243088714796,-143.2370582164963,517.437
644,16,4,-12.439864516479243,-137.69011132736722,518.835
645,16,5,-19.436679566389042,-131.83341535937802,520.512
646,16,6,-26.227975931720447,-125.45670976911912,522.343
647,16,7,-32.70313357622323,-118.3074961233534,524.17
648,16,8,-38.710937234315175,-110.0821588530955,525.821
649,16,9,-44.04159935318665,-100.44073895278638,527.125
650,16,10,-48.41268136537386,-89.08445662737297,527.926
651,16,11,-51.47982220839769,-75.94548809839708,528.105
652,16,12,-52.907126839255255,-61.45424456659621,527.586
653,16,13,-52.50121552707057,-46.616594330659794,526.35
654,16,14,-50.31772016263338,-32.61436502267516,524.434
655,16,15,-46.6281646711138,-20.224205500333387,521.936
656,16,16,-41.78494241745487,-9.631783357163888,519.002
657,16,17,-36.10987142478009,-0.6381892371881609,515.814
658,16,18,-29.853424975237584,7.089160488148838,512.582
659,16,19,-23.19842503479378,13.879514714261607,509.517
660,16,20,-16.27726286767834,20.01470481546888,506.817
661,16,21,-9.188830221562927,25.72792924484735,504.653
662,16,22,-2.011692414592682,31.216730733572128,503.148
663,16,23,5.185800636764671,36.658789822711924,502.374
664,16,24,12.337324594017135,42.22770260021178,502.339
665,16,25,19.37069481636484,48.10857060767363,502.995
666,16,26,26.19900056171396,54.51406203018957,504.241
667,16,27,32.709055350233626,61.699714735177295,505.933
668,16,28,38.74644738781007,69.97309555605706,507.898
669,16,29,44.097176602463044,79.67803621564731,509.954
670,16,30,48.473681784851244,91.11436835813326,511.926
671,16,31,51.52683781554947,104.34232742180525,513.664
672,16,32,52.91942800995045,118.91094333652403,515.054
673,16,33,52.46356410927087,133.79001866977657,516.03
674,16,34,50.22570385413497,147.78977544928165,516.58
675,16,35,46.48750034025197,160.14661218621023,516.741
676,16,36,41.60689304617098,170.69331218930202,516.596
677,16,37,35.90719580644372,179.64103758693713,516.263
678,16,38,29.63841062016558,-172.67248244471827,515.88
679,16,39,22.982176123029298,-165.91697456309043,515.588
680,17,0,12.54854563277884,-147.92808677997442,515.597
681,17,1,5.427538533851171,-142.3741047960002,516.034
682,17,2,-1.7408095667092094,-136.9522733120874,516.87
683,17,3,-8.891593195488667,-131.49041691963834,518.094
684,17,4,-15.958199118337655,-125.8128085116869,519.645
685,17,5,-22.86417094473899,-119.72470573461769,521.417
686,17,6,-29.513373762124743,-112.99643664739986,523.267
687,17,7,-35.77697824991743,-105.35022428667818,525.028
688,17,8,-41.47678477267141,-96.45968806296358,526.527
689,17,9,-46.367606614656154,-85.98972523519689,527.597
690,17,10,-50.13179899833105,-73.72545122190033,528.1
691,17,11,-52.415626426581134,-59.81731459992178,527.936
692,17,12,-52.93609367152528,-45.00135362969475,527.057
693,17,13,-51.61834185986013,-30.44813637645976,525.472
694,17,14,-48.63940949487243,-17.193742773152525,523.25
695,17,15,-44.32914007196043,-5.7101141319851765,520.513
696,17,16,-39.0339778613001,4.04501262319221,517.427
697,17,17,-33.04149431751649,12.36227100618696,514.191
698,17,18,-26.566504012648373,19.5825980202699,511.015
699,17,19,-19.764323740874552,26.013403831397202,508.11
700,17,20,-12.74870518017971,31.911050198555188,505.659
701,17,21,-5.606938575043433,37.488989071043214,503.812
702,17,22,1.5886119278252864,42.93283083955638,502.668
703,17,23,8.771586771771542,48.41626379959353,502.265
704,17,24,15.873742121703154,54.116671378994475,502.586
705,17,25,22.816788214919317,60.230930365490245,503.553
706,17,26,29.502278119818058,66.99134915313131,505.042
707,17,27,35.7985992137351,74.67930079987094,506.892
708,17,28,41.52382428548528,83.62520253699768,508.926
709,17,29,46.428060618999936,94.16719653975133,510.961
710,17,30,50.188445172212546,106.51775633283265,512.833
711,17,31,52.44770782511269,120.5123085081902,514.408
712,17,32,52.92470774617887,135.39012708663546,515.596
713,17,33,51.55332870424537,149.96229469972263,516.357
714,17,34,48.52189267510778,163.19637361289097,516.705
715,17,35,44.168213984925764,174.63842945390138,516.7
716,17,36,38.842025639960646,-175.65327262116023,516.445
717,17,37,32.831179132593455,-167.37968689460536,516.069
718,17,38,26.349565251777722,-160.19719656720335,515.714
719,17,39,19.551209885939105,-153.79842946592527,515.518
720,18,0,16.06957730558576,-141.8113108687695,515.516
721,18,1,8.998158660692852,-136.12352547895475,515.767
722,18,2,1.845176031165768,-130.65752999186864,516.402
723,18,3,-5.32243088714796,-125.23706454578983,517.437
724,18,4,-12.439864516479243,-119.69011765666075,518.835
725,18,5,-19.436679566389042,-113.83342168867156,520.512
726,18,6,-26.227975931720447,-107.45670926822348,522.343
727,18,7,-32.70313357622323,-100.30750245264694,524.17
728,18,8,-38.710937234315175,-92.08216518238905,525.821
729,18,9,-44.04159935318665,-82.44074528207992,527.125
730,18,10,-48.41268136537386,-71.08446295666651,527.926
731,18,11,-51.47982220839769,-57.94549442769062,528.105
732,18,12,-52.907126839255255,-43.454254310984325,527.586
733,18,13,-52.50121552707057,-28.616602367500626,526.35
734,18,14,-50.31772016263338,-14.614371351968693,524.434
735,18,15,-46.6281646711138,-2.224212256513748,521.936
736,18,16,-41.78494241745487,8.368210313542576,519.002
737,18,17,-36.10987142478009,17.361804700322566,515.814
738,18,18,-29.853424975237584,25.089154585742126,512.582
739,18,19,-23.19842503479378,31.87950838496807,509.517
740,18,20,-16.27726286767834,38.01469848617534,506.817
741,18,21,-9.188830221562927,43.72792291555381,504.653
742,18,22,-2.011692414592682,49.216724404278594,503.148
743,18,23,5.185800636764671,54.65878349341838,502.374
744,18,24,12.337324594017135,60.227692855823655,502.339
745,18,25,19.37069481636484,66.1085608632855,502.995
746,18,26,26.19900056171396,72.51405570089604,504.241
747,18,27,32.709055350233626,79.69970840588375,505.933
748,18,28,38.74644738781007,87.97308922676352,507.898
749,18,29,44.097176602463044,97.67802988635377,509.954
750,18,30,48.473681784851244,109.11436202883972,511.926
751,18,31,51.52683781554947,122.34232109251171,513.664
752,18,32,52.91942800995045,136.9109370072305,515.054
753,18,33,52.46356410927087,151.79001234048303,516.03
754,18,34,50.22570385413497,165.78976911998814,516.58
755,18,35,46.48750034025197,178.1466058569167,516.741
756,18,36,41.60689304617098,-171.3067041579042,516.596
757,18,37,35.90719580644372,-162.35896509989072,516.263
758,18,38,29.63841062016558,-154.6724887740118,515.88
759,18,39,22.982176123029298,-147.91698089238398,515.588
760,19,0,12.54854563277884,-129.9280794488896,515.597
761,19,1,5.427538533851171,-124.37409746491541,516.034
762,19,2,-1.7408095667092094,-118.95226598100261,516.87
763,19,3,-8.891593195488667,-113.49040275836435,518.094
764,19,4,-15.958199118337655,-107.81280801079126,519.645
765,19,5,-22.86417094473899,-101.72469840353288,521.417
766,19,6,-29.513373762124743,-94.99642931631506,523.267
767,19,7,-35.77697824991743,-87.35021695559338,525.028
768,19,8,-41.47678477267141,-78.45968073187878,526.527
769,19,9,-46.367606614656154,-67.98971790411208,527.597
770,19,10,-50.13179899833105,-55.72544047572094,528.1
771,19,11,-52.415626426581134,-41.817303853742395,527.936
772,19,12,-52.93609367152528,-27.001346298609942,527.057
773,19,13,-51.61834185986013,-12.448129899148604,525.472
774,19,14,-48.63940949487243,0.8062640776846016,523.25
775,19,15,-44.32914007196043,12.289893199099627,520.513
776,19,16,-39.0339778613001,22.04501952739019,517.427
777,19,17,-33.04149431751649,30.36227748349812,514.191
778,19,18,-26.566504012648373,37.58260364380741,511.015
779,19,19,-19.764323740874552,44.01341116248201,508.11
780,19,20,-12.74870518017971,49.91105752963999,505.659
781,19,21,-5.606938575043433,55.488996402128016,503.812
782,19,22,1.5886119278252864,60.9328347555466,502.668
783,19,23,8.771586771771542,66.41627454577292,502.265
784,19,24,15.873742121703154,72.11667529498469,502.586
785,19,25,22.816788214919317,78.23093769657504,503.553
786,19,26,29.502278119818058,84.99135648421611,505.042
787,19,27,35.7985992137351,92.67930813095575,506.892
788,19,28,41.52382428548528,101.62520986808248,508.926
789,19,29,46.428060618999936,112.16720387083613,510.961
790,19,30,50.188445172212546,124.51776366391745,512.833
791,19,31,52.44770782511269,138.512315839275,514.408
792,19,32,52.92470774617887,153.39013441772025,515.596
793,19,33,51.55332870424537,167.96230203080745,516.357
794,19,34,48.52189267510778,-178.8036290739369,516.705
795,19,35,44.168213984925764,-167.36155957254815,516.7
796,19,36,38.842025639960646,-157.6532652900754,516.445
797,19,37,32.831179132593455,-149.37967956352054,516.069
798,19,38,26.349565251777722,-142.19718923611853,515.714
799,19,39,19.551209885939105,-135.79842213484048,515.518
800,20,0,16.06957730558576,-123.8113035376847,515.516
801,20,1,8.998158660692852,-118.12351814786994,515.767
802,20,2,1.845176031165768,-112.65752266078384,516.402
803,20,3,-5.32243088714796,-107.23705721470503,517.437
804,20,4,-12.439864516479243,-101.69011032557594,518.835
805,20,5,-19.436679566389042,-95.83341435758676,520.512
806,20,6,-26.227975931720447,-89.45670193713867,522.343
807,20,7,-32.70313357622323,-82.30749512156214,524.17
808,20,8,-38.710937234315175,-74.08215785130425,525.821
809,20,9,-44.04159935318665,-64.44073795099511,527.125
810,20,10,-48.41268136537386,-53.08445904067629,527.926
811,20,11,-51.47982220839769,-39.94548709660581,528.105
812,20,12,-52.907126839255255,-25.45424527235223,527.586
813,20,13,-52.50121552707057,-10.616594182642176,526.35
814,20,14,-50.31772016263338,3.385636192559522,524.434
815,20,15,-46.6281646711138,15.775795501457878,521.936
816,20,16,-41.78494241745487,26.368218498401024,519.002
817,20,17,-36.10987142478009,35.36181203140737,515.814
818,20,18,-29.853424975237584,43.08916020927963,512.582
819,20,19,-23.19842503479378,49.87951571605287,509.517
820,20,20,-16.27726286767834,56.01470581726014,506.817
821,20,21,-9.188830221562927,61.727930246638614,504.653
822,20,22,-2.011692414592682,67.2167317353634,503.148
823,20,23,5.185800636764671,72.65879423959777,502.374
824,20,24,12.337324594017135,78.22770018690846,502.339
825,20,25,19.37069481636484,84.1085681943703,502.995
826,20,26,26.19900056171396,90.51406303198084,504.241
827,20,27,32.709055350233626,97.69971573696856,505.933
828,20,28,38.74644738781007,105.97309655784832,507.898
829,20,29,44.097176602463044,115.67803721743857,509.954
830,20,30,48.473681784851244,127.11436935992452,511.926
831,20,31,51.52683781554947,140.3423284235965,513.664
832,20,32,52.91942800995045,154.9109443383153,515.054
833,20,33,52.46356410927087,169.79001967156782,516.03
834,20,34,50.22570385413497,-176.2102199064614,516.58
835,20,35,46.48750034025197,-163.85338316953283,516.741
836,20,36,41.60689304617098,-153.30669682681938,516.596
837,20,37,35.90719580644372,-144.3589577688059,516.263
838,20,38,29.63841062016558,-136.672481442927,515.88
839,20,39,22.982176123029298,-129.9169735612992,515.588
840,21,0,12.54854563277884,-111.92809260837232,515.597
841,21,1,5.427538533851171,-106.37410379420895,516.034
842,21,2,-1.7408095667092094,-100.95227231029614,516.87
843,21,3,-8.891593195488667,-95.4904090876579,518.094
844,21,4,-15.958199118337655,-89.8128143400848,519.645
845,21,5,-22.86417094473899,-83.72470473282642,521.417
846,21,6,-29.513373762124743,-76.9964356456086,523.267
847,21,7,-35.77697824991743,-69.35022328488692,525.028
848,21,8,-41.47678477267141,-60.45968706117231,526.527
849,21,9,-46.367606614656154,-49.98972423340561,527.597
850,21,10,-50.13179899833105,-37.72544680501447,528.1
851,21,11,-52.415626426581134,-23.81731189058322,527.936
852,21,12,-52.93609367152528,-9.00135262790348,527.057
853,21,13,-51.61834185986013,5.551863344671035,525.472
854,21,14,-48.63940949487243,18.80625822863874,523.25
855,21,15,-44.32914007196043,30.28988772357974,520.513
856,21,16,-39.0339778613001,40.045013198096655,517.427
857,21,17,-33.04149431751649,48.36227115420458,514.191
858,21,18,-26.566504012648373,55.582597314513876,511.015
859,21,19,-19.764323740874552,62.01340483318847,508.11
860,21,20,-12.74870518017971,67.91104778525187,505.659
861,21,21,-5.606938575043433,73.48899007283448,503.812
862,21,22,1.5886119278252864,78.93282842625307,502.668
863,21,23,8.771586771771542,84.41626821647938,502.265
864,21,24,15.873742121703154,90.11666896569116,502.586
865,21,25,22.816788214919317,96.23093136728151,503.553
866,21,26,29.502278119818058,102.99135015492259,505.042
867,21,27,35.7985992137351,110.6793018016622,506.892
868,21,28,41.52382428548528,119.62520353878894,508.926
869,21,29,46.428060618999936,130.16720437173177,510.961
870,21,30,50.188445172212546,142.51775733462392,512.833
871,21,31,52.44770782511269,156.51230950998146,514.408
872,21,32,52.92470774617887,171.3901280884267,515.596
873,21,33,51.55332870424537,-174.03771431639876,516.357
874,21,34,48.52189267510778,-160.80363540323043,516.705
875,21,35,44.168213984925764,-149.3615659018417,516.7
876,21,36,38.842025639960646,-139.65327161936895,516.445
877,21,37,32.831179132593455,-131.37968589281408,516.069
878,21,38,26.349565251777722,-124.19719556541207,515.714
879,21,39,19.551209885939105,-117.79842846413402,515.518
880,22,0,16.06957730558576,-105.81130303678907,515.516
881,22,1,8.998158660692852,-100.12352447716347,515.767
882,22,2,1.845176031165768,-94.65752899007737,516.402
883,22,3,-5.32243088714796,-89.23706354399857,517.437
884,22,4,-12.439864516479243,-83.69011665486947,518.835
885,22,5,-19.436679566389042,-77.8334206868803,520.512
886,22,6,-26.227975931720447,-71.45670826643222,522.343
887,22,7,-32.70313357622323,-64.30750145085567,524.17
888,22,8,-38.710937234315175,-56.08216076550319,525.821
889,22,9,-44.04159935318665,-46.44074428028865,527.125
890,22,10,-48.41268136537386,-35.084465369969834,527.926
891,22,11,-51.47982220839769,-21.94549513344664,528.105
892,22,12,-52.907126839255255,-7.454251601645769,527.586
893,22,13,-52.50121552707057,7.3833994880642875,526.35
894,22,14,-50.31772016263338,21.385629649822572,524.434
895,22,15,-46.6281646711138,33.775787464617046,521.936
896,22,16,-41.78494241745487,44.36821216910749,519.002
897,22,17,-36.10987142478009,53.361805702113834,515.814
898,22,18,-29.853424975237584,61.08915729508068,512.582
899,22,19,-23.19842503479378,67.87950597166476,509.517
900,22,20,-16.27726286767834,74.01469607287203,506.817
901,22,21,-9.188830221562927,79.72792391734508,504.653
902,22,22,-2.011692414592682,85.21672540606986,503.148
903,22,23,5.185800636764671,90.65878791030424,502.374
904,22,24,12.337324594017135,96.22769385761492,502.339
905,22,25,19.37069481636484,102.10856186507677,502.995
906,22,26,26.19900056171396,108.5140567026873,504.241
907,22,27,32.709055350233626,115.69970257748585,505.933
908,22,28,38.74644738781007,123.97308339836562,507.898
909,22,29,44.097176602463044,133.67803088814503,509.954
910,22,30,48.473681784851244,145.11436303063098,511.926
911,22,31,51.52683781554947,158.34232209430297,513.664
912,22,32,52.91942800995045,172.91093800902175,515.054
913,22,33,52.46356410927087,-172.20999667563837,516.03
914,22,34,50.22570385413497,-158.21022623575493,516.58
915,22,35,46.48750034025197,-145.85338949882637,516.741
916,22,36,41.60689304617098,-135.30670315611292,516.596
917,22,37,35.90719580644372,-126.35896409809945,516.263
918,22,38,29.63841062016558,-118.67248777222055,515.88
919,22,39,22.982176123029298,-111.91697989059271,515.588
920,23,0,12.54854563277884,-93.92808527728752,515.597
921,23,1,5.427538533851171,-88.37409646312415,516.034
922,23,2,-1.7408095667092094,-82.95226497921134,516.87
923,23,3,-8.891593195488667,-77.49040175657309,518.094
924,23,4,-15.958199118337655,-71.812807009,519.645
925,23,5,-22.86417094473899,-65.72469740174162,521.417
926,23,6,-29.513373762124743,-58.9964283145238,523.267
927,23,7,-35.77697824991743,-51.35021253870753,525.028
928,23,8,-41.47678477267141,-42.45967973008751,526.527
929,23,9,-46.367606614656154,-31.98971690232081,527.597
930,23,10,-50.13179899833105,-19.725441181476963,528.1
931,23,11,-52.415626426581134,-5.817304132611595,527.936
932,23,12,-52.93609367152528,8.998654703181325,527.057
933,23,13,-51.61834185986013,23.551870248869015,525.472
934,23,14,-48.63940949487243,36.80626385217625,523.25
935,23,15,-44.32914007196043,48.28989505466454,520.513
936,23,16,-39.0339778613001,58.04502394427604,517.427
937,23,17,-33.04149431751649,66.36228190038396,514.191
938,23,18,-26.566504012648373,73.58260464559868,511.015
939,23,19,-19.764323740874552,80.01341216427328,508.11
940,23,20,-12.74870518017971,85.91105511633667,505.659
941,23,21,-5.606938575043433,91.48899740391929,503.812
942,23,22,1.5886119278252864,96.93283575733787,502.668
943,23,23,8.771586771771542,102.41627554756418,502.265
944,23,24,15.873742121703154,108.11667629677596,502.586
945,23,25,22.816788214919317,114.23093869836632,503.553
946,23,26,29.502278119818058,120.99135065581821,505.042
947,23,27,35.7985992137351,128.67930230255786,506.892
948,23,28,41.52382428548528,137.62521086987374,508.926
949,23,29,46.428060618999936,148.16721170281656,510.961
950,23,30,50.188445172212546,160.5177646657087,512.833
951,23,31,52.44770782511269,174.51231684106628,514.408
952,23,32,52.92470774617887,-170.6098609380228,515.596
953,23,33,51.55332870424537,-156.03770698531395,516.357
954,23,34,48.52189267510778,-142.80362807214564,516.705
955,23,35,44.168213984925764,-131.36155857075687,516.7
956,23,36,38.842025639960646,-121.65326428828415,516.445
957,23,37,32.831179132593455,-113.37967856172928,516.069
958,23,38,26.349565251777722,-106.19719506451645,515.714
959,23,39,19.551209885939105,-99.7984211330492,515.518
960,24,0,16.06957730558576,-87.81129570570427,515.516
961,24,1,8.998158660692852,-82.12351714607867,515.767
962,24,2,1.845176031165768,-76.65752165899256,516.402
963,24,3,-5.32243088714796,-71.23705621291377,517.437
964,24,4,-12.439864516479243,-65.69010932378467,518.835
965,24,5,-19.436679566389042,-59.8334133557955,520.512
966,24,6,-26.227975931720447,-53.456700935347406,522.343
967,24,7,-32.70313357622323,-46.30749411977087,524.17
968,24,8,-38.710937234315175,-38.08215343441839,525.821
969,24,9,-44.04159935318665,-28.44073524165655,527.125
970,24,10,-48.41268136537386,-17.08445803888503,527.926
971,24,11,-51.47982220839769,-3.945486948588192,528.105
972,24,12,-52.907126839255255,10.545755729439035,527.586
973,24,13,-52.50121552707057,25.383405965375445,526.35
974,24,14,-50.31772016263338,39.38563698090738,524.434
975,24,15,-46.6281646711138,51.775794795701856,521.936
976,24,16,-41.78494241745487,62.36821950019229,519.002
977,24,17,-36.10987142478009,71.36180961810405,515.814
978,24,18,-29.853424975237584,79.08916462616548,512.582
979,24,19,-23.19842503479378,85.87951330274956,509.517
980,24,20,-16.27726286767834,92.01470340395683,506.817
981,24,21,-9.188830221562927,97.72793124842988,504.653
982,24,22,-2.011692414592682,103.21673273715466,503.148
983,24,23,5.185800636764671,108.65879524138904,502.374
984,24,24,12.337324594017135,114.22770118869973,502.339
985,24,25,19.37069481636484,120.10857602635075,502.995
986,24,26,26.19900056171396,126.5140640337721,504.241
987,24,27,32.709055350233626,133.69970990857067,505.933
988,24,28,38.74644738781007,141.97309072945043,507.898
989,24,29,44.097176602463044,151.67803821922985,509.954
990,24,30,48.473681784851244,163.1143703617158,511.926
991,24,31,51.52683781554947,176.3423294253878,513.664
992,24,32,52.91942800995045,-169.08905101742778,515.054
993,24,33,52.46356410927087,-154.20998934455358,516.03
994,24,34,50.22570385413497,-140.21021890467014,516.58
995,24,35,46.48750034025197,-127.85338216774156,516.741
996,24,36,41.60689304617098,-117.30669582502811,516.596
997,24,37,35.90719580644372,-108.35895676701465,516.263
998,24,38,29.63841062016558,-100.67248727132491,515.88
999,24,39,22.982176123029298,-93.91697255950791,515.588
1000,25,0,12.54854563277884,-75.92809160658106,515.597
1001,25,1,5.427538533851171,-70.37410279241767,516.034
1002,25,2,-1.7408095667092094,-64.95227130850488,516.87
1003,25,3,-8.891593195488667,-59.49040808586663,518.094
1004,25,4,-15.958199118337655,-53.81280992319895,519.645
1005,25,5,-22.86417094473899,-47.724700315940574,521.417
1006,25,6,-29.513373762124743,-40.99643464381733,523.267
1007,25,7,-35.77697824991743,-33.350218868001065,525.028
1008,25,8,-41.47678477267141,-24.459687766928337,526.527
1009,25,9,-46.367606614656154,-13.989722377840701,527.597
1010,25,10,-50.13179899833105,-1.7254467637185582,528.1
1011,25,11,-52.415626426581134,12.182689111208045,527.936
1012,25,12,-52.93609367152528,26.998648373887786,527.057
1013,25,13,-51.61834185986013,41.55186562712277,525.472
1014,25,14,-48.63940949487243,54.80625752288272,523.25
1015,25,15,-44.32914007196043,66.289888725371,520.513
1016,25,16,-39.0339778613001,76.0450176149825,517.427
1017,25,17,-33.04149431751649,84.36227557109044,514.191
1018,25,18,-26.566504012648373,91.58259831630514,511.015
1019,25,19,-19.764323740874552,98.01340583497974,508.11
1020,25,20,-12.74870518017971,103.91104878704314,505.659
1021,25,21,-5.606938575043433,109.48899107462574,503.812
1022,25,22,1.5886119278252864,114.93283625823351,502.668
1023,25,23,8.771586771771542,120.41626238808148,502.265
1024,25,24,15.873742121703154,126.11666996748242,502.586
1025,25,25,22.816788214919317,132.23093236907278,503.553
1026,25,26,29.502278119818058,138.99134432652468,505.042
1027,25,27,35.7985992137351,146.67929597326432,506.892
1028,25,28,41.52382428548528,155.6252045405802,508.926
1029,25,29,46.428060618999936,166.16720537352302,510.961
1030,25,30,50.188445172212546,178.5177583364152,512.833
1031,25,31,52.44770782511269,-167.4876858457616,514.408
1032,25,32,52.92470774617887,-152.60986726731633,515.596
1033,25,33,51.55332870424537,-138.0377133146075,516.357
1034,25,34,48.52189267510778,-124.80363440143917,516.705
1035,25,35,44.168213984925764,-113.36156490005041,516.7
1036,25,36,38.842025639960646,-103.65327061757769,516.445
1037,25,37,32.831179132593455,-95.37968489102282,516.069
1038,25,38,26.349565251777722,-88.19720139380998,515.714
1039,25,39,19.551209885939105,-81.79842746234274,515.518
1040,26,0,16.06957730558576,-69.81128837461945,515.516
1041,26,1,8.998158660692852,-64.12350981499387,515.767
1042,26,2,1.845176031165768,-58.65751432790776,516.402
1043,26,3,-5.32243088714796,-53.23704888182897,517.437
1044,26,4,-12.439864516479243,-47.69009857760528,518.835
1045,26,5,-19.436679566389042,-41.8334060247107,520.512
1046,26,6,-26.227975931720447,-35.456693604262604,522.343
1047,26,7,-32.70313357622323,-28.307488496233358,524.17
1048,26,8,-38.710937234315175,-20.082146103333585,525.821
1049,26,9,-44.04159935318665,-10.440727910571749,527.125
1050,26,10,-48.41268136537386,0.9155492921997742,527.926
1051,26,11,-51.47982220839769,14.054520382496612,528.105
1052,26,12,-52.907126839255255,28.54576306052384,527.586
1053,26,13,-52.50121552707057,43.38341500400754,526.35
1054,26,14,-50.31772016263338,57.38564431199218,524.434
1055,26,15,-46.6281646711138,69.77580554188124,521.936
1056,26,16,-41.78494241745487,80.3682268312771,519.002
1057,26,17,-36.10987142478009,89.36181694918885,515.814
1058,26,18,-29.853424975237584,97.08917195725029,512.582
1059,26,19,-23.19842503479378,103.87952063383436,509.517
1060,26,20,-16.27726286767834,110.01471073504163,506.817
1061,26,21,-9.188830221562927,115.72793857951469,504.653
1062,26,22,-2.011692414592682,121.2167332380503,503.148
1063,26,23,5.185800636764671,126.65879574228467,502.374
1064,26,24,12.337324594017135,132.22770851978453,502.339
1065,26,25,19.37069481636484,138.10858335743555,502.995
1066,26,26,26.19900056171396,144.5140713648569,504.241
1067,26,27,32.709055350233626,151.69971723965546,505.933
1068,26,28,38.74644738781007,159.97309806053522,507.898
1069,26,29,44.097176602463044,169.67804555031464,509.954
1070,26,30,48.473681784851244,-178.88561866473373,511.926
1071,26,31,51.52683781554947,-165.65765960106174,513.664
1072,26,32,52.91942800995045,-151.08904368634296,515.054
1073,26,33,52.46356410927087,-136.20998201346876,516.03
1074,26,34,50.22570385413497,-122.21021157358533,516.58
1075,26,35,46.48750034025197,-109.85338166684593,516.741
1076,26,36,41.60689304617098,-99.30668166375415,516.596
1077,26,37,35.90719580644372,-90.35894943592984,516.263
1078,26,38,29.63841062016558,-82.67247994024011,515.88
1079,26,39,22.982176123029298,-75.91696522842311,515.588
1080,27,0,12.54854563277884,-57.9280979358746,515.597
1081,27,1,5.427538533851171,-52.37410570661663,516.034
1082,27,2,-1.7408095667092094,-46.952281052893,516.87
1083,27,3,-8.891593195488667,-41.49041783025475,518.094
1084,27,4,-15.958199118337655,-35.81281625249248,519.645
1085,27,5,-22.86417094473899,-29.724706645234107,521.417
1086,27,6,-29.513373762124743,-22.996442680658163,523.267
1087,27,7,-35.77697824991743,-15.350225197294602,525.028
1088,27,8,-41.47678477267141,-6.459693669335048,526.527
1089,27,9,-46.367606614656154,4.010271292865763,527.597
1090,27,10,-50.13179899833105,16.274546159935966,528.1
1091,27,11,-52.415626426581134,30.182684489461803,527.936
1092,27,12,-52.93609367152528,44.99864204459425,527.057
1093,27,13,-51.61834185986013,59.55185929782923,525.472
1094,27,14,-48.63940949487243,72.80625119358918,523.25
1095,27,15,-44.32914007196043,84.28988239607747,520.513
1096,27,16,-39.0339778613001,94.04501128568897,517.427
1097,27,17,-33.04149431751649,102.3622692417969,514.191
1098,27,18,-26.566504012648373,109.58259198701161,511.015
1099,27,19,-19.764323740874552,116.0133995056862,508.11
1100,27,20,-12.74870518017971,121.91104928793877,505.659
1101,27,21,-5.606938575043433,127.48897791514304,503.812
1102,27,22,1.5886119278252864,132.93282992893995,502.668
1103,27,23,8.771586771771542,138.41625605878795,502.265
1104,27,24,15.873742121703154,144.1166636381889,502.586
1105,27,25,22.816788214919317,150.23092603977923,503.553
1106,27,26,29.502278119818058,156.99133799723114,505.042
1107,27,27,35.7985992137351,164.67928964397078,506.892
1108,27,28,41.52382428548528,173.6251982112867,508.926
1109,27,29,46.428060618999936,-175.83281097368317,510.961
1110,27,30,50.188445172212546,-163.48224435041269,512.833
1111,27,31,52.44770782511269,-149.48769217505514,514.408
1112,27,32,52.92470774617887,-134.60987359660987,515.596
1113,27,33,51.55332870424537,-120.03771964390103,516.357
1114,27,34,48.52189267510778,-106.80363390054353,516.705
1115,27,35,44.168213984925764,-95.36157122934395,516.7
1116,27,36,38.842025639960646,-85.65327694687122,516.445
1117,27,37,32.831179132593455,-77.37969122031636,516.069
1118,27,38,26.349565251777722,-70.19720772310352,515.714
1119,27,39,19.551209885939105,-63.798433791636285,515.518
1120,28,0,16.06957730558576,-51.811308364291335,515.516
1121,28,1,8.998158660692852,-46.12352980466574,515.767
1122,28,2,1.845176031165768,-40.65753090248506,516.402
1123,28,3,-5.32243088714796,-35.237068871500846,517.437
1124,28,4,-12.439864516479243,-29.69011856727716,518.835
1125,28,5,-19.436679566389042,-23.833426014382574,520.512
1126,28,6,-26.227975931720447,-17.45671359393448,522.343
1127,28,7,-32.70313357622323,-10.307507632131589,524.17
1128,28,8,-38.710937234315175,-2.082166306448874,525.821
1129,28,9,-44.04159935318665,7.559252099756375,527.125
1130,28,10,-48.41268136537386,18.915529302527897,527.926
1131,28,11,-51.47982220839769,32.054501246598385,528.105
1132,28,12,-52.907126839255255,46.54574136330467,527.586
1133,28,13,-52.50121552707057,61.38339501433566,526.35
1134,28,14,-50.31772016263338,75.38562432232031,524.434
1135,28,15,-46.6281646711138,87.77578555220937,521.936
1136,28,16,-41.78494241745487,98.36820684160521,519.002
1137,28,17,-36.10987142478009,107.36179695951698,515.814
1138,28,18,-29.853424975237584,115.08915196757842,512.582
1139,28,19,-23.19842503479378,121.87950747435166,509.517
1140,28,20,-16.27726286767834,128.01469757555893,506.817
1141,28,21,-9.188830221562927,133.7279185898428,504.653
1142,28,22,-2.011692414592682,139.21671324837843,503.148
1143,28,23,5.185800636764671,144.6587757526128,502.374
1144,28,24,12.337324594017135,150.22768853011266,502.339
1145,28,25,19.37069481636484,156.10856336776368,502.995
1146,28,26,26.19900056171396,162.51405137518503,504.241
1147,28,27,32.709055350233626,169.6996972499836,505.933
1148,28,28,38.74644738781007,177.97307807086335,507.898
1149,28,29,44.097176602463044,-172.32197079689155,509.954
1150,28,30,48.473681784851244,-160.8856386544056,511.926
1151,28,31,51.52683781554947,-147.6576795907336,513.664
1152,28,32,52.91942800995045,-133.08906367601483,515.054
1153,28,33,52.46356410927087,-118.21000200314064,516.03
1154,28,34,50.22570385413497,-104.21023156325721,516.58
1155,28,35,46.48750034025197,-91.8534016565178,516.741
1156,28,36,41.60689304617098,-81.30670165342602,516.596
1157,28,37,35.90719580644372,-72.35896942560173,516.263
1158,28,38,29.63841062016558,-64.67249992991198,515.88
1159,28,39,22.982176123029298,-57.916985218094986,515.588
1160,29,0,12.54854563277884,-39.92809060478979,515.597
1161,29,1,5.427538533851171,-34.37409837553183,516.034
1162,29,2,-1.7408095667092094,-28.952273721808194,516.87
1163,29,3,-8.891593195488667,-23.490410499169947,518.094
1164,29,4,-15.958199118337655,-17.81281062895497,519.645
1165,29,5,-22.86417094473899,-11.724700167922949,521.417
1166,29,6,-29.513373762124743,-4.996434922686537,523.267
1167,29,7,-35.77697824991743,2.6497819203467903,525.028
1168,29,8,-41.47678477267141,11.540314088636578,526.527
1169,29,9,-46.367606614656154,22.01027777017692,527.597
1170,29,10,-50.13179899833105,34.27455519856806,528.1
1171,29,11,-52.415626426581134,48.18269182054661,527.936
1172,29,12,-52.93609367152528,62.99865279077364,527.057
1173,29,13,-51.61834185986013,77.55186662891404,525.472
1174,29,14,-48.63940949487243,90.80625852467398,523.25
1175,29,15,-44.32914007196043,102.28988972716228,520.513
1176,29,16,-39.0339778613001,112.04501861677377,517.427
1177,29,17,-33.04149431751649,120.3622765728817,514.191
1178,29,18,-26.566504012648373,127.58260614828558,511.015
1179,29,19,-19.764323740874552,134.013406836771,508.11
1180,29,20,-12.74870518017971,139.91105661902358,505.659
1181,29,21,-5.606938575043433,145.48898524622786,503.812
1182,29,22,1.5886119278252864,150.93283726002477,502.668
1183,29,23,8.771586771771542,156.41626338987274,502.265
1184,29,24,15.873742121703154,162.11667096927368,502.586
1185,29,25,22.816788214919317,168.23093337086405,503.553
1186,29,26,29.502278119818058,174.99134532831593,505.042
1187,29,27,35.7985992137351,-177.32069938247875,506.892
1188,29,28,41.52382428548528,-168.37479081516284,508.926
1189,29,29,46.428060618999936,-157.83280364259838,510.961
1190,29,30,50.188445172212546,-145.48223701932787,512.833
1191,29,31,52.44770782511269,-131.48768484397033,514.408
1192,29,32,52.92470774617887,-116.60986626552507,515.596
1193,29,33,51.55332870424537,-102.03770548262706,516.357
1194,29,34,48.52189267510778,-88.80362656945873,516.705
1195,29,35,44.168213984925764,-77.36156389825915,516.7
1196,29,36,38.842025639960646,-67.65326961578641,516.445
1197,29,37,32.831179132593455,-59.37968388923155,516.069
1198,29,38,26.349565251777722,-52.197200392018715,515.714
1199,29,39,19.551209885939105,-45.79842646055148,515.518
1200,30,0,16.06957730558576,-33.81130103320653,515.516
1201,30,1,8.998158660692852,-28.123524181128236,515.767
1202,30,2,1.845176031165768,-22.657523571400255,516.402
1203,30,3,-5.32243088714796,-17.23706154041604,517.437
1204,30,4,-12.439864516479243,-11.690112943739651,518.835
1205,30,5,-19.436679566389042,-5.833418256410947,520.512
1206,30,6,-26.227975931720447,0.5432934703460598,522.343
1207,30,7,-32.70313357622323,7.692499698953214,524.17
1208,30,8,-38.710937234315175,15.917841238079342,525.821
1209,30,9,-44.04159935318665,25.559259430841177,527.125
1210,30,10,-48.41268136537386,36.9155366336127,527.926
1211,30,11,-51.47982220839769,50.05450857768319,528.105
1212,30,12,-52.907126839255255,64.54575210948406,527.586
1213,30,13,-52.50121552707057,79.38340234542046,526.35
1214,30,14,-50.31772016263338,93.38563165340511,524.434
1215,30,15,-46.6281646711138,105.77579288329417,521.936
1216,30,16,-41.78494241745487,116.36821417269002,519.002
1217,30,17,-36.10987142478009,125.36181112079095,515.814
1218,30,18,-29.853424975237584,133.08915929866322,512.582
1219,30,19,-23.19842503479378,139.87951480543646,509.517
1220,30,20,-16.27726286767834,146.01470490664371,506.817
1221,30,21,-9.188830221562927,151.72792592092762,504.653
1222,30,22,-2.011692414592682,157.2167205794632,503.148
1223,30,23,5.185800636764671,162.6587830836976,502.374
1224,30,24,12.337324594017135,168.22769586119745,502.339
1225,30,25,19.37069481636484,174.10857069884847,502.995
1226,30,26,26.19900056171396,-179.4859376512645,504.241
1227,30,27,32.709055350233626,-172.30029177646594,505.933
1228,30,28,38.74644738781007,-164.02691095558617,507.898
1229,30,29,44.097176602463044,-154.32196346580676,509.954
1230,30,30,48.473681784851244,-142.8856313233208,511.926
1231,30,31,51.52683781554947,-129.65767225964882,513.664
1232,30,32,52.91942800995045,-115.08905634493003,515.054
1233,30,33,52.46356410927087,-100.20998784186666,516.03
1234,30,34,50.22570385413497,-86.21022423217241,516.58
1235,30,35,46.48750034025197,-73.853394325433,516.741
1236,30,36,41.60689304617098,-63.306694322341215,516.596
1237,30,37,35.90719580644372,-54.35896550961151,516.263
1238,30,38,29.63841062016558,-46.672489183732594,515.88
1239,30,39,22.982176123029298,-39.916974471915594,515.588
1240,31,0,12.54854563277884,-21.928081566157694,515.597
1241,31,1,5.427538533851171,-16.374092751994315,516.034
1242,31,2,-1.7408095667092094,-10.952266390723391,516.87
1243,31,3,-8.891593195488667,-5.490402314311498,518.094
1244,31,4,-15.958199118337655,0.18719687555260386,519.645
1245,31,5,-22.86417094473899,6.2753071631618536,521.417
1246,31,6,-29.513373762124743,13.00357283528509,523.267
1247,31,7,-35.77697824991743,20.649789464875006,525.028
1248,31,8,-41.47678477267141,29.54032227349503,526.527
1249,31,9,-46.367606614656154,40.01028510126172,527.597
1250,31,10,-50.13179899833105,52.27456252965286,528.1
1251,31,11,-52.415626426581134,66.18269573653683,527.936
1252,31,12,-52.93609367152528,80.99866012185845,527.057
1253,31,13,-51.61834185986013,95.55187395999884,525.472
1254,31,14,-48.63940949487243,108.80626585575878,523.25
1255,31,15,-44.32914007196043,120.2898902280579,520.513
1256,31,16,-39.0339778613001,130.04502594785856,517.427
1257,31,17,-33.04149431751649,138.3622839039665,514.191
1258,31,18,-26.566504012648373,145.5826134793704,511.015
1259,31,19,-19.764323740874552,152.0134141678558,508.11
1260,31,20,-12.74870518017971,157.91106395010837,505.659
1261,31,21,-5.606938575043433,163.48899257731264,503.812
1262,31,22,1.5886119278252864,168.93284459110959,502.668
1263,31,23,8.771586771771542,174.41627072095756,502.265
1264,31,24,15.873742121703154,-179.88331805717584,502.586
1265,31,25,22.816788214919317,-173.76905565558548,503.553
1266,31,26,29.502278119818058,-167.00864369813357,505.042
1267,31,27,35.7985992137351,-159.32069205139396,506.892
1268,31,28,41.52382428548528,-150.37478348407805,508.926
1269,31,29,46.428060618999936,-139.83279631151356,510.961
1270,31,30,50.188445172212546,-127.48222968824307,512.833
1271,31,31,52.44770782511269,-113.48767751288553,514.408
1272,31,32,52.92470774617887,-98.60986576462945,515.596
1273,31,33,51.55332870424537,-84.03769815154226,516.357
1274,31,34,48.52189267510778,-70.80361923837393,516.705
1275,31,35,44.168213984925764,-59.36155656717434,516.7
1276,31,36,38.842025639960646,-49.65325886960703,516.445
1277,31,37,32.831179132593455,-41.37967997324134,516.069
1278,31,38,26.349565251777722,-34.19719306093391,515.714
1279,31,39,19.551209885939105,-27.798420837013968,515.518
1280,32,0,16.06957730558576,-15.811293702121727,515.516
1281,32,1,8.998158660692852,-10.123515996269786,515.767
1282,32,2,1.845176031165768,-4.657516667202273,516.402
1283,32,3,-5.32243088714796,0.762946430998999,517.437
1284,32,4,-12.439864516479243,6.309894814231975,518.835
1285,32,5,-19.436679566389042,12.166588647787034,520.512
1286,32,6,-26.227975931720447,18.543301068235127,522.343
1287,32,7,-32.70313357622323,25.69250617626437,524.17
1288,32,8,-38.710937234315175,33.91784856916414,525.821
1289,32,9,-44.04159935318665,43.55926505437869,527.125
1290,32,10,-48.41268136537386,54.915543964697505,527.926
1291,32,11,-51.47982220839769,68.05451590876798,528.105
1292,32,12,-52.907126839255255,82.54575944056886,527.586
1293,32,13,-52.50121552707057,97.38340967650527,526.35
1294,32,14,-50.31772016263338,111.38563898448992,524.434
1295,32,15,-46.6281646711138,123.77580021437898,521.936
1296,32,16,-41.78494241745487,134.36822150377483,519.002
1297,32,17,-36.10987142478009,143.36181845187576,515.814
1298,32,18,-29.853424975237584,151.08916662974804,512.582
1299,32,19,-23.19842503479378,157.87952213652125,509.517
1300,32,20,-16.27726286767834,164.01471223772853,506.817
1301,32,21,-9.188830221562927,169.7279332520124,504.653
1302,32,22,-2.011692414592682,175.21672791054803,503.148
1303,32,23,5.185800636764671,-179.3412059427519,502.374
1304,32,24,12.337324594017135,-173.77229316525208,502.339
1305,32,25,19.37069481636484,-167.8914319879794,502.995
1306,32,26,26.19900056171396,-161.4859303201797,504.241
1307,32,27,32.709055350233626,-154.30028444538112,505.933
1308,32,28,38.74644738781007,-146.02690362450136,507.898
1309,32,29,44.097176602463044,-136.32195613472194,509.954
1310,32,30,48.473681784851244,-124.885623992236,511.926
1311,32,31,51.52683781554947,-111.657664928564,513.664
1312,32,32,52.91942800995045,-97.08904901384523,515.054
1313,32,33,52.46356410927087,-82.20998051078186,516.03
1314,32,34,50.22570385413497,-68.2102169010876,516.58
1315,32,35,46.48750034025197,-55.85338357925362,516.741
1316,32,36,41.60689304617098,-45.30668699125641,516.596
1317,32,37,35.90719580644372,-36.3589581785267,516.263
1318,32,38,29.63841062016558,-28.672481852647792,515.88
1319,32,39,22.982176123029298,-21.916968848378083,515.588
1320,33,0,12.54854563277884,-3.928075088846537,515.597
1321,33,1,5.427538533851171,1.6259145790904879,516.034
1322,33,2,-1.7408095667092094,7.047740940361412,516.87
1323,33,3,-8.891593195488667,12.509605016773305,518.094
1324,33,4,-15.958199118337655,18.187204033214634,519.645
1325,33,5,-22.86417094473899,24.275315348020303,521.417
1326,33,6,-29.513373762124743,31.00358102014354,523.267
1327,33,7,-35.77697824991743,38.64979679595981,525.028
1328,33,8,-41.47678477267141,47.54032960457983,526.527
1329,33,9,-46.367606614656154,58.010292432346525,527.597
1330,33,10,-50.13179899833105,70.27456644564309,528.1
1331,33,11,-52.415626426581134,84.18270306762163,527.936
1332,33,12,-52.93609367152528,98.99866745294325,527.057
1333,33,13,-51.61834185986013,113.55188129108365,525.472
1334,33,14,-48.63940949487243,126.80627318684358,523.25
1335,33,15,-44.32914007196043,138.2898975591427,520.513
1336,33,16,-39.0339778613001,148.04503327894338,517.427
1337,33,17,-33.04149431751649,156.36229123505132,514.191
1338,33,18,-26.566504012648373,163.58262081045518,511.015
1339,33,19,-19.764323740874552,170.0134214989406,508.11
1340,33,20,-12.74870518017971,175.9110712811932,505.659
1341,33,21,-5.606938575043433,-178.51099644913688,503.812
1342,33,22,1.5886119278252864,-173.0671580957183,502.668
1343,33,23,8.771586771771542,-167.58371830549197,502.265
1344,33,24,15.873742121703154,-161.88331072609103,502.586
1345,33,25,22.816788214919317,-155.7690483245007,503.553
1346,33,26,29.502278119818058,-149.00863636704878,505.042
1347,33,27,35.7985992137351,-141.32068472030915,506.892
1348,33,28,41.52382428548528,-132.37477615299323,508.926
1349,33,29,46.428060618999936,-121.83278898042876,510.961
1350,33,30,50.188445172212546,-109.48222918734744,512.833
1351,33,31,52.44770782511269,-95.48767018180072,514.408
1352,33,32,52.92470774617887,-80.60985843354463,515.596
1353,33,33,51.55332870424537,-66.03769082045746,516.357
1354,33,34,48.52189267510778,-52.803611907289124,516.705
1355,33,35,44.168213984925764,-41.36155265118412,516.7
1356,33,36,38.842025639960646,-31.653251538522227,516.445
1357,33,37,32.831179132593455,-23.37967264215653,516.069
1358,33,38,26.349565251777722,-16.197184022301816,515.714
1359,33,39,19.551209885939105,-9.798413505929165,515.518
1360,34,0,16.06957730558576,2.188685881319573,515.516
1361,34,1,8.998158660692852,7.876464014058338,515.767
1362,34,2,1.845176031165768,13.342463770012673,516.402
1363,34,3,-5.32243088714796,18.76292580099689,517.437
1364,34,4,-12.439864516479243,24.309874397673276,518.835
1365,34,5,-19.436679566389042,30.166568658115157,520.512
1366,34,6,-26.227975931720447,36.543281078563254,522.343
1367,34,7,-32.70313357622323,43.69248789413979,524.17
1368,34,8,-38.710937234315175,51.917828579492266,525.821
1369,34,9,-44.04159935318665,61.559245064706815,527.125
1370,34,10,-48.41268136537386,72.91552739012022,527.926
1371,34,11,-51.47982220839769,86.05449591909611,528.105
1372,34,12,-52.907126839255255,100.54573945089699,527.586
1373,34,13,-52.50121552707057,115.38338285664422,526.35
1374,34,14,-50.31772016263338,129.3856258250072,524.434
1375,34,15,-46.6281646711138,141.7757802247071,521.936
1376,34,16,-41.78494241745487,152.36820151410294,519.002
1377,34,17,-36.10987142478009,161.36179846220386,515.814
1378,34,18,-29.853424975237584,169.08914664007614,512.582
1379,34,19,-23.19842503479378,175.87950214684938,509.517
1380,34,20,-16.27726286767834,-177.985317769856,506.817
1381,34,21,-9.188830221562927,-172.27208309519378,504.653
1382,34,22,-2.011692414592682,-166.78328843665818,503.148
1383,34,23,5.185800636764671,-161.3412259324238,502.374
1384,34,24,12.337324594017135,-155.77231315492395,502.339
1385,34,25,19.37069481636484,-149.89145197765126,502.995
1386,34,26,26.19900056171396,-143.48595030985157,504.241
1387,34,27,32.709055350233626,-136.30030443505302,505.933
1388,34,28,38.74644738781007,-128.02692361417326,507.898
1389,34,29,44.097176602463044,-118.32197612439383,509.954
1390,34,30,48.473681784851244,-106.88565081209705,511.926
1391,34,31,51.52683781554947,-93.65768491823589,513.664
1392,34,32,52.91942800995045,-79.08906900351711,515.054
1393,34,33,52.46356410927087,-64.21000050045375,516.03
1394,34,34,50.22570385413497,-50.210236890759475,516.58
1395,34,35,46.48750034025197,-37.85340356892549,516.741
1396,34,36,41.60689304617098,-27.306706980928286,516.596
1397,34,37,35.90719580644372,-18.358976460651284,516.263
1398,34,38,29.63841062016558,-10.672502696093316,515.88
1399,34,39,22.982176123029298,-3.9169879842763136,515.588
1400,35,0,12.54854563277884,14.071904921481586,515.597
1401,35,1,5.427538533851171,19.62589458941861,516.034
1402,35,2,-1.7408095667092094,25.047720950689534,516.87
1403,35,3,-8.891593195488667,30.50958417332778,518.094
1404,35,4,-15.958199118337655,36.18718575109005,519.645
1405,35,5,-22.86417094473899,42.27529535834843,521.417
1406,35,6,-29.513373762124743,49.003561030471666,523.267
1407,35,7,-35.77697824991743,56.64977680628793,525.028
1408,35,8,-41.47678477267141,65.54030961490795,526.527
1409,35,9,-46.367606614656154,76.01027244267465,527.597
1410,35,10,-50.13179899833105,88.2745464559712,528.1
1411,35,11,-52.415626426581134,102.18268307794975,527.936
1412,35,12,-52.93609367152528,116.9986406330822,527.057
1413,35,13,-51.61834185986013,131.55186130141178,525.472
1414,35,14,-48.63940949487243,144.8062531971717,523.25
1415,35,15,-44.32914007196043,156.28987756947083,520.513
1416,35,16,-39.0339778613001,166.0450132892715,517.427
1417,35,17,-33.04149431751649,174.36227124537942,514.191
1418,35,18,-26.566504012648373,-178.41740919712936,511.015
1419,35,19,-19.764323740874552,-171.98659484826558,508.11
1420,35,20,-12.74870518017971,-166.08895872639135,505.659
1421,35,21,-5.606938575043433,-160.51101643880875,503.812
1422,35,22,1.5886119278252864,-155.06717808539017,502.668
1423,35,23,8.771586771771542,-149.58373829516384,502.265
1424,35,24,15.873742121703154,-143.8833307157629,502.586
1425,35,25,22.816788214919317,-137.76906831417256,503.553
1426,35,26,29.502278119818058,-131.00865635672065,505.042
1427,35,27,35.7985992137351,-123.32070470998102,506.892
1428,35,28,41.52382428548528,-114.37479614266512,508.926
1429,35,29,46.428060618999936,-103.83280213991146,510.961
1430,35,30,50.188445172212546,-91.48224917701931,512.833
1431,35,31,52.44770782511269,-77.4876901714726,514.408
1432,35,32,52.92470774617887,-62.609878423216514,515.596
1433,35,33,51.55332870424537,-48.037714225223915,516.357
1434,35,34,48.52189267510778,-34.803631896961,516.705
1435,35,35,44.168213984925764,-23.361570933308705,516.7
1436,35,36,38.842025639960646,-13.65327238196775,516.445
1437,35,37,32.831179132593455,-5.379692204941585,516.069
1438,35,38,26.349565251777722,1.8027951342526618,515.714
1439,35,39,19.551209885939105,8.201566504398958,515.518
1440,36,0,16.06957730558576,20.1886936392912,515.516
1441,36,1,8.998158660692852,25.876470491369496,515.767
1442,36,2,1.845176031165768,31.342471101097477,516.402
1443,36,3,-5.32243088714796,36.76293313208169,517.437
1444,36,4,-12.439864516479243,42.30988343630537,518.835
1445,36,5,-19.436679566389042,48.16657598919996,520.512
1446,36,6,-26.227975931720447,54.543288409648056,522.343
1447,36,7,-32.70313357622323,61.69249522522459,524.17
1448,36,8,-38.710937234315175,69.91783249548249,525.821
1449,36,9,-44.04159935318665,79.55925239579162,527.125
1450,36,10,-48.41268136537386,90.91553472120502,527.926
1451,36,11,-51.47982220839769,104.05450325018091,528.105
1452,36,12,-52.907126839255255,118.54574678198179,527.586
1453,36,13,-52.50121552707057,133.38339018772902,526.35
1454,36,14,-50.31772016263338,147.385633156092,524.434
1455,36,15,-46.6281646711138,159.7757875557919,521.936
1456,36,16,-41.78494241745487,170.36820884518775,519.002
1457,36,17,-36.10987142478009,179.36180579328868,515.814
1458,36,18,-29.853424975237584,-172.9108423863734,512.582
1459,36,19,-23.19842503479378,-166.12050053997848,509.517
1460,36,20,-16.27726286767834,-159.98531043877122,506.817
1461,36,21,-9.188830221562927,-154.272075764109,504.653
1462,36,22,-2.011692414592682,-148.78328110557337,503.148
1463,36,23,5.185800636764671,-143.341218601339,502.374
1464,36,24,12.337324594017135,-137.77230582383913,502.339
1465,36,25,19.37069481636484,-131.89144464656647,502.995
1466,36,26,26.19900056171396,-125.48594297876676,504.241
1467,36,27,32.709055350233626,-118.3002971039682,505.933
1468,36,28,38.74644738781007,-110.02691628308844,507.898
1469,36,29,44.097176602463044,-100.32196879330903,509.954
1470,36,30,48.473681784851244,-88.88564348101225,511.926
1471,36,31,51.52683781554947,-75.65767758715108,513.664
1472,36,32,52.91942800995045,-61.0890616724323,515.054
1473,36,33,52.46356410927087,-46.209993169368936,516.03
1474,36,34,50.22570385413497,-32.21022955967467,516.58
1475,36,35,46.48750034025197,-19.853396237840688,516.741
1476,36,36,41.60689304617098,-9.306699649843484,516.596
1477,36,37,35.90719580644372,-0.35896912956648264,516.263
1478,36,38,29.63841062016558,7.327504634991488,515.88
1479,36,39,22.982176123029298,14.08301934680849,515.588
1480,37,0,12.54854563277884,32.07191139879274,515.597
1481,37,1,5.427538533851171,37.62590362805071,516.034
1482,37,2,-1.7408095667092094,43.04772828177434,516.87
1483,37,3,-8.891593195488667,48.50959150441258,518.094
1484,37,4,-15.958199118337655,54.18719308217486,519.645
1485,37,5,-22.86417094473899,60.27529927433864,521.417
1486,37,6,-29.513373762124743,67.00356836155646,523.267
1487,37,7,-35.77697824991743,74.64978072227815,525.028
1488,37,8,-41.47678477267141,83.54031694599276,526.527
1489,37,9,-46.367606614656154,94.01027977375945,527.597
1490,37,10,-50.13179899833105,106.274553787056,528.1
1491,37,11,-52.415626426581134,120.18269723922373,527.936
1492,37,12,-52.93609367152528,134.998647964167,527.057
1493,37,13,-51.61834185986013,149.55186863249656,525.472
1494,37,14,-48.63940949487243,162.8062605282565,523.25
1495,37,15,-44.32914007196043,174.28988490055562,520.513
1496,37,16,-39.0339778613001,-175.95497573717802,517.427
1497,37,17,-33.04149431751649,-167.6377177810701,514.191
1498,37,18,-26.566504012648373,-160.41740186604454,511.015
1499,37,19,-19.764323740874552,-153.9865875171808,508.11
1500,37,20,-12.74870518017971,-148.08895139530657,505.659
1501,37,21,-5.606938575043433,-142.51100910772394,503.812
1502,37,22,1.5886119278252864,-137.06717075430535,502.668
1503,37,23,8.771586771771542,-131.58373096407905,502.265
1504,37,24,15.873742121703154,-125.8833233846781,502.586
1505,37,25,22.816788214919317,-119.76906098308775,503.553
1506,37,26,29.502278119818058,-113.00864902563585,505.042
1507,37,27,35.7985992137351,-105.32069737889621,506.892
1508,37,28,41.52382428548528,-96.37478881158032,508.926
1509,37,29,46.428060618999936,-85.83279480882666,510.961
1510,37,30,50.188445172212546,-73.48224184593451,512.833
1511,37,31,52.44770782511269,-59.4876828403878,514.408
1512,37,32,52.92470774617887,-44.60986767703712,515.596
1513,37,33,51.55332870424537,-30.03770689413911,516.357
1514,37,34,48.52189267510778,-16.803626273423493,516.705
1515,37,35,44.168213984925764,-5.361563602223902,516.7
1516,37,36,38.842025639960646,4.346735376003877,516.445
1517,37,37,32.831179132593455,12.620314699256395,516.069
1518,37,38,26.349565251777722,19.80280331911111,515.714
1519,37,39,19.551209885939105,26.201573835483764,515.518
1520,38,0,16.06957730558576,38.188700970376004,515.516
1521,38,1,8.998158660692852,43.87647953000159,515.767
1522,38,2,1.845176031165768,49.34247843218228,516.402
1523,38,3,-5.32243088714796,54.762940463166494,517.437
1524,38,4,-12.439864516479243,60.30988735229559,518.835
1525,38,5,-19.436679566389042,66.16658332028476,520.512
1526,38,6,-26.227975931720447,72.54329574073286,522.343
1527,38,7,-32.70313357622323,79.69250255630939,524.17
1528,38,8,-38.710937234315175,87.91783982656729,525.821
1529,38,9,-44.04159935318665,97.55925972687642,527.125
1530,38,10,-48.41268136537386,108.91554205228982,527.926
1531,38,11,-51.47982220839769,122.05451058126572,528.105
1532,38,12,-52.907126839255255,136.54575411306658,527.586
1533,38,13,-52.50121552707057,151.38339751881384,526.35
1534,38,14,-50.31772016263338,165.3856404871768,524.434
1535,38,15,-46.6281646711138,177.7757948868767,521.936
1536,38,16,-41.78494241745487,-171.63178018126177,519.002
1537,38,17,-36.10987142478009,-162.63819689353917,515.814
1538,38,18,-29.853424975237584,-154.91083505528857,512.582
1539,38,19,-23.19842503479378,-148.1204932088937,509.517
1540,38,20,-16.27726286767834,-141.9853031076864,506.817
1541,38,21,-9.188830221562927,-136.27206843302417,504.653
1542,38,22,-2.011692414592682,-130.78327377448858,503.148
1543,38,23,5.185800636764671,-125.34121127025419,502.374
1544,38,24,12.337324594017135,-119.77229849275433,502.339
1545,38,25,19.37069481636484,-113.89143048529249,502.995
1546,38,26,26.19900056171396,-107.48594247787113,504.241
1547,38,27,32.709055350233626,-100.3002897728834,505.933
1548,38,28,38.74644738781007,-92.02690895200364,507.898
1549,38,29,44.097176602463044,-82.32196146222422,509.954
1550,38,30,48.473681784851244,-70.88563614992745,511.926
1551,38,31,51.52683781554947,-57.657670256066275,513.664
1552,38,32,52.91942800995045,-43.08905775644209,515.054
1553,38,33,52.46356410927087,-28.209987545831428,516.03
1554,38,34,50.22570385413497,-14.210223082363514,516.58
1555,38,35,46.48750034025197,-1.8533897605295313,516.741
1556,38,36,41.60689304617098,8.693307681241318,516.596
1557,38,37,35.90719580644372,17.64103820151832,516.263
1558,38,38,29.63841062016558,25.327511112302645,515.88
1559,38,39,22.982176123029298,32.08302753166694,515.588
1560,39,0,12.54854563277884,50.071918729877545,515.597
1561,39,1,5.427538533851171,55.62591095913551,516.034
1562,39,2,-1.7408095667092094,61.047739027953725,516.87
1563,39,3,-8.891593195488667,66.50960225059197,518.094
1564,39,4,-15.958199118337655,72.18719699816508,519.645
1565,39,5,-22.86417094473899,78.27530660542345,521.417
1566,39,6,-29.513373762124743,85.00357569264126,523.267
1567,39,7,-35.77697824991743,92.64978805336295,525.028
1568,39,8,-41.47678477267141,101.54032427707756,526.527
1569,39,9,-46.367606614656154,112.01028710484425,527.597
1570,39,10,-50.13179899833105,124.27456794832999,528.1
1571,39,11,-52.415626426581134,138.18270457030852,527.936
1572,39,12,-52.93609367152528,152.9986552952518,527.057
1573,39,13,-51.61834185986013,167.55187596358138,525.472
1574,39,14,-48.63940949487243,-179.193728498193,523.25
1575,39,15,-44.32914007196043,-167.71010412589388,520.513
1576,39,16,-39.0339778613001,-157.95496840609323,517.427
1577,39,17,-33.04149431751649,-149.6377104499853,514.191
1578,39,18,-26.566504012648373,-142.41739453495975,511.015
1579,39,19,-19.764323740874552,-135.98658018609598,508.11
1580,39,20,-12.74870518017971,-130.08894406422175,505.659
1581,39,21,-5.606938575043433,-124.51100177663915,503.812
1582,39,22,1.5886119278252864,-119.06716342322056,502.668
1583,39,23,8.771586771771542,-113.58372363299425,502.265
1584,39,24,15.873742121703154,-107.8833160535933,502.586
1585,39,25,22.816788214919317,-101.76906048219212,503.553
1586,39,26,29.502278119818058,-95.00864169455105,505.042
1587,39,27,35.7985992137351,-87.32069004781141,506.892
1588,39,28,41.52382428548528,-78.37478148049551,508.926
1589,39,29,46.428060618999936,-67.83278747774186,510.961
1590,39,30,50.188445172212546,-55.48223451484971,512.833
1591,39,31,52.44770782511269,-41.48767550930299,514.408
1592,39,32,52.92470774617887,-26.60986034595232,515.596
1593,39,33,51.55332870424537,-12.037697855507016,516.357
1594,39,34,48.52189267510778,1.1963814845481342,516.705
1595,39,35,44.168213984925764,12.638443728860901,516.7
1596,39,36,38.842025639960646,22.346743133975504,516.445
1597,39,37,32.831179132593455,30.6203220303412,516.069
1598,39,38,26.349565251777722,37.802808942648625,515.714
1599,39,39,19.551209885939105,44.20158287411586,515.518
