0,0,0,52.52379954756121,-26.585292155507787,514.491
1,0,1,52.89588093278683,-11.691560943843694,515.655
2,0,2,51.42386588362236,2.8281892362318737,516.393
3,0,3,48.30826826353187,15.967496713345334,516.718
4,0,4,43.89088439896115,27.306792358292913,516.696
5,0,5,38.51918650355624,36.92521501166661,516.43
6,0,6,32.47678110712901,45.128306355797775,516.051
7,0,7,25.973703356846503,52.25893847192646,515.701
8,0,8,19.16115998055448,58.621608023441006,515.516
9,0,9,12.149726618273565,64.46881685867304,515.612
10,0,10,5.024258125157407,70.01064793611378,516.071
11,0,11,-2.1448036234495333,75.43018447646547,516.929
12,0,12,-9.292673856382864,80.8994311335965,518.173
13,0,13,-16.352400071190356,86.59473656168744,519.739
14,0,14,-23.246697396752847,92.71240722767364,521.519
15,0,15,-29.877979505303777,99.48452612936293,523.367
16,0,16,-36.11511701006266,107.19181404164287,525.118
17,0,17,-41.776554945154096,116.16276208245604,526.595
18,0,18,-46.61296067002135,126.73025318138134,527.637
19,0,19,-50.30310355780956,139.09601014536597,528.104
20,0,20,-52.493715979361895,153.08068586718366,527.9
21,0,21,-52.91012187720631,167.91469561229246,526.981
22,0,22,-51.491952624363634,-177.58192679747506,525.358
23,0,23,-48.428503498586196,-164.42058939896737,523.103
24,0,24,-44.05385612765224,-153.03904903400326,520.342
25,0,25,-38.712443291027164,-143.37382592443663,517.243
26,0,26,-32.68767002794232,-135.1273150677517,514.004
27,0,27,-26.190587476203795,-127.95920911874174,510.84
28,0,28,-19.37365570337004,-121.56479967815415,507.956
29,0,29,-12.348777967481599,-115.69050914286302,505.536
30,0,30,-5.202146986995804,-110.12487485616477,503.728
31,0,31,1.9944421315135803,-104.68338608782067,502.625
32,0,32,9.174731003568729,-99.19254920272323,502.266
33,0,33,16.27014410301589,-93.47430799939939,502.626
34,0,34,23.201500327467578,-87.33024548246026,503.627
35,0,35,29.86895682541019,-80.52551925767332,505.141
36,0,36,36.13847967211869,-72.77583636121511,507.008
37,0,37,41.824779495788974,-63.74863488239772,509.046
38,0,38,46.67374252344529,-53.108170042379996,511.077
39,0,39,50.35895059955816,-40.655649185368716,512.935
40,1,0,52.943504426774744,-10.169782843933806,515.126
41,1,1,52.3829508015918,4.689630509132381,516.078
42,1,2,50.05165014351554,18.61127169576051,516.604
43,1,3,46.2395200771509,30.865628274382207,516.744
44,1,4,41.30479377918132,41.314448251573126,516.585
45,1,5,35.567096782006686,50.181799398150126,516.245
46,1,6,29.272216858004516,57.80741532342964,515.863
47,1,7,22.59844585017423,64.51932610758527,515.58
48,1,8,15.674549899843488,70.5956946196604,515.523
49,1,9,8.596617815803326,76.26601521576744,515.793
50,1,10,1.4410907273670006,81.72487315517088,516.45
51,1,11,-5.725431684972576,87.14785894105341,517.506
52,1,12,-12.838032955466076,92.70720945371525,518.921
53,1,13,-19.82570835849275,98.58728515923337,520.61
54,1,14,-26.60244617560827,105.00036150682261,522.444
55,1,15,-33.055762582692644,112.20166217519885,524.266
56,1,16,-39.03162827622562,120.49763726185301,525.901
57,1,17,-44.316435920104205,130.22881267804527,527.18
58,1,18,-48.62358394656551,141.68720633155036,527.949
59,1,19,-51.606604179771466,154.91963233893955,528.09
60,1,20,-52.93369627512661,169.46154221400357,527.53
61,1,21,-52.42365872904507,-175.71792719184356,526.254
62,1,22,-50.14662392392456,-161.79158128553777,524.303
63,1,23,-46.3825818044114,-149.50270493085083,521.776
64,1,24,-41.48451996190644,-139.00790070507279,518.823
65,1,25,-35.7706978909756,-130.09484534766466,515.628
66,1,26,-29.487494175359565,-122.42872298551238,512.4
67,1,27,-22.814349837385624,-115.68228559510233,509.35
68,1,28,-15.881368027911472,-109.57667704319037,506.678
69,1,29,-8.785969442616297,-103.88108474715429,504.549
70,1,30,-1.6059197339038045,-98.39953691932807,503.085
71,1,31,5.59076426020202,-92.95497456585747,502.353
72,1,32,12.73764027372429,-87.37358986293316,502.36
73,1,33,19.761957080327143,-81.46913721226726,503.053
74,1,34,26.575610362359292,-75.02697108900293,504.329
75,1,35,33.06361730023816,-67.78865762551442,506.041
76,1,36,39.06863424114874,-59.44386717686216,508.017
77,1,37,44.37280547132432,-49.64822160509414,510.073
78,1,38,48.68437604527321,-38.10897217219444,512.037
79,1,39,51.65220252267047,-24.787577828223966,513.758
80,2,0,52.52379954756121,-8.585292508385798,514.491
81,2,1,52.89588093278683,6.30843955705194,515.655
82,2,2,51.42386588362236,20.82818888335386,516.393
83,2,3,48.30826826353187,33.967497214240964,516.718
84,2,4,43.89088439896115,45.30679285918855,516.696
85,2,5,38.51918650355624,54.92521551256224,516.43
86,2,6,32.47678110712901,63.12831027178799,516.051
87,2,7,25.973703356846503,70.2589389728221,515.701
88,2,8,19.16115998055448,76.62160852433664,515.516
89,2,9,12.149726618273565,82.46881735956866,515.612
90,2,10,5.024258125157407,88.01064843700942,516.071
91,2,11,-2.1448036234495333,93.4301849773611,516.929
92,2,12,-9.292673856382864,98.89943163449213,518.173
93,2,13,-16.352400071190356,104.59473706258308,519.739
94,2,14,-23.246697396752847,110.71240772856926,521.519
95,2,15,-29.877979505303777,117.48452663025857,523.367
96,2,16,-36.11511701006266,125.19182137272767,525.118
97,2,17,-41.776554945154096,134.16276941354084,526.595
98,2,18,-46.61296067002135,144.73026051246615,527.637
99,2,19,-50.30310355780956,157.09601747645075,528.104
100,2,20,-52.493715979361895,171.08067953789012,527.9
101,2,21,-52.91012187720631,-174.08529341415706,526.981
102,2,22,-51.491952624363634,-159.58191946639025,525.358
103,2,23,-48.428503498586196,-146.42058206788258,523.103
104,2,24,-44.05385612765224,-135.03904170291847,520.342
105,2,25,-38.712443291027164,-125.37381859335183,517.243
106,2,26,-32.68767002794232,-117.12730773666689,514.004
107,2,27,-26.190587476203795,-109.9592086178461,510.84
108,2,28,-19.37365570337004,-103.56479917725851,507.956
109,2,29,-12.348777967481599,-97.69050864196738,505.536
110,2,30,-5.202146986995804,-92.12487435526913,503.728
111,2,31,1.9944421315135803,-86.68338558692504,502.625
112,2,32,9.174731003568729,-81.19254870182759,502.266
113,2,33,16.27014410301589,-75.47430749850375,502.626
114,2,34,23.201500327467578,-69.33024498156463,503.627
115,2,35,29.86895682541019,-62.525518756777686,505.141
116,2,36,36.13847967211869,-54.775835860319475,507.008
117,2,37,41.824779495788974,-45.748630966407504,509.046
118,2,38,46.67374252344529,-35.108169541484365,511.077
119,2,39,50.35895059955816,-22.65564697692579,512.935
120,3,0,52.943504426774744,7.830217656961828,515.126
121,3,1,52.3829508015918,22.68963058314119,516.078
122,3,2,50.05165014351554,36.611272196656145,516.604
123,3,3,46.2395200771509,48.86562877527784,516.744
124,3,4,41.30479377918132,59.31444875246876,516.585
125,3,5,35.567096782006686,68.18180331414034,516.245
126,3,6,29.272216858004516,75.80741582432528,515.863
127,3,7,22.59844585017423,82.51932660848091,515.58
128,3,8,15.674549899843488,88.59569512055603,515.523
129,3,9,8.596617815803326,94.26601571666308,515.793
130,3,10,1.4410907273670006,99.7248736560665,516.45
131,3,11,-5.725431684972576,105.14785944194905,517.506
132,3,12,-12.838032955466076,110.70720995461089,518.921
133,3,13,-19.82570835849275,116.58728566012901,520.61
134,3,14,-26.60244617560827,123.00035517752909,522.444
135,3,15,-33.055762582692644,130.20166950628365,524.266
136,3,16,-39.03162827622562,138.4976445929378,525.901
137,3,17,-44.316435920104205,148.22880634875173,527.18
138,3,18,-48.62358394656551,159.68720000225684,527.949
139,3,19,-51.606604179771466,172.91963967002437,528.09
140,3,20,-52.93369627512661,-172.53846047282428,527.53
141,3,21,-52.42365872904507,-157.71791986075877,526.254
142,3,22,-50.14662392392456,-143.79157395445296,524.303
143,3,23,-46.3825818044114,-131.502697599766,521.776
144,3,24,-41.48451996190644,-121.00789337398798,518.823
145,3,25,-35.7706978909756,-112.09484484676902,515.628
146,3,26,-29.487494175359565,-104.42871565442758,512.4
147,3,27,-22.814349837385624,-97.68228509420669,509.35
148,3,28,-15.881368027911472,-91.57667654229473,506.678
149,3,29,-8.785969442616297,-85.88108424625865,504.549
150,3,30,-1.6059197339038045,-80.39953641843243,503.085
151,3,31,5.59076426020202,-74.95497406496183,502.353
152,3,32,12.73764027372429,-69.37358936203754,502.36
153,3,33,19.761957080327143,-63.469136711371625,503.053
154,3,34,26.575610362359292,-57.026967173012714,504.329
155,3,35,33.06361730023816,-49.78865712461878,506.041
156,3,36,39.06863424114874,-41.443870091061115,508.017
157,3,37,44.37280547132432,-31.648221104198512,510.073
158,3,38,48.68437604527321,-20.10897167129881,512.037
159,3,39,51.65220252267047,-6.787576900441511,513.758
160,4,0,52.52379954756121,9.414707992509834,514.491
161,4,1,52.89588093278683,24.30844005794757,515.655
162,4,2,51.42386588362236,38.82819109179679,516.393
163,4,3,48.30826826353187,51.9674977151366,516.718
164,4,4,43.89088439896115,63.30679677517877,516.696
165,4,5,38.51918650355624,72.92521942855247,516.43
166,4,6,32.47678110712901,81.12831077268362,516.051
167,4,7,25.973703356846503,88.25893947371773,515.701
168,4,8,19.16115998055448,94.62160902523227,515.516
169,4,9,12.149726618273565,100.4688178604643,515.612
170,4,10,5.024258125157407,106.01064893790506,516.071
171,4,11,-2.1448036234495333,111.43018547825673,516.929
172,4,12,-9.292673856382864,116.89943896557693,518.173
173,4,13,-16.352400071190356,122.5947375634787,519.739
174,4,14,-23.246697396752847,128.71241505965406,521.519
175,4,15,-29.877979505303777,135.48452030096502,523.367
176,4,16,-36.11511701006266,143.19181504343413,525.118
177,4,17,-41.776554945154096,152.1627630842473,526.595
178,4,18,-46.61296067002135,162.7302541831726,527.637
179,4,19,-50.30310355780956,175.0960111471572,528.104
180,4,20,-52.493715979361895,-170.91932314893774,527.9
181,4,21,-52.91012187720631,-156.0852997434506,526.981
182,4,22,-51.491952624363634,-141.5819257956838,525.358
183,4,23,-48.428503498586196,-128.4205883971761,523.103
184,4,24,-44.05385612765224,-117.039048032212,520.342
185,4,25,-38.712443291027164,-107.3738180924562,517.243
186,4,26,-32.68767002794232,-99.12731406596043,514.004
187,4,27,-26.190587476203795,-91.95920811695048,510.84
188,4,28,-19.37365570337004,-85.56479867636288,507.956
189,4,29,-12.348777967481599,-79.69050814107175,505.536
190,4,30,-5.202146986995804,-74.1248738543735,503.728
191,4,31,1.9944421315135803,-68.6833850860294,502.625
192,4,32,9.174731003568729,-63.19254820093196,502.266
193,4,33,16.27014410301589,-57.47430699760812,502.626
194,4,34,23.201500327467578,-51.330244480668995,503.627
195,4,35,29.86895682541019,-44.525518255882055,505.141
196,4,36,36.13847967211869,-36.775835359423844,507.008
197,4,37,41.824779495788974,-27.74863046551187,509.046
198,4,38,46.67374252344529,-17.108169040588727,511.077
199,4,39,50.35895059955816,-4.655646902916982,512.935
200,5,0,52.943504426774744,25.830218157857463,515.126
201,5,1,52.3829508015918,40.68963279158412,516.078
202,5,2,50.05165014351554,54.611272697551776,516.604
203,5,3,46.2395200771509,66.86562586107888,516.744
204,5,4,41.30479377918132,77.3144492533644,516.585
205,5,5,35.567096782006686,86.18180381503598,516.245
206,5,6,29.272216858004516,93.8074163252209,515.863
207,5,7,22.59844585017423,100.51932710937655,515.58
208,5,8,15.674549899843488,106.59569562145167,515.523
209,5,9,8.596617815803326,112.2660162175587,515.793
210,5,10,1.4410907273670006,117.72488098715131,516.45
211,5,11,-5.725431684972576,123.14785994284468,517.506
212,5,12,-12.838032955466076,128.70721045550653,518.921
213,5,13,-19.82570835849275,134.58727933083549,520.61
214,5,14,-26.60244617560827,141.00036250861388,522.444
215,5,15,-33.055762582692644,148.2016631769901,524.266
216,5,16,-39.03162827622562,156.4976382636443,525.901
217,5,17,-44.316435920104205,166.22881367983655,527.18
218,5,18,-48.62358394656551,177.68720733334163,527.949
219,5,19,-51.606604179771466,-169.08036301680352,528.09
220,5,20,-52.93369627512661,-154.53845314173947,527.53
221,5,21,-52.42365872904507,-139.71792619005228,526.254
222,5,22,-50.14662392392456,-125.7915802837465,524.303
223,5,23,-46.3825818044114,-113.50270392905955,521.776
224,5,24,-41.48451996190644,-103.00789970328152,518.823
225,5,25,-35.7706978909756,-94.09484434587338,515.628
226,5,26,-29.487494175359565,-86.42871515353194,512.4
227,5,27,-22.814349837385624,-79.68228459331105,509.35
228,5,28,-15.881368027911472,-73.57667604139911,506.678
229,5,29,-8.785969442616297,-67.88108374536303,504.549
230,5,30,-1.6059197339038045,-62.3995359175368,503.085
231,5,31,5.59076426020202,-56.95497697916078,502.353
232,5,32,12.73764027372429,-51.3735888611419,502.36
233,5,33,19.761957080327143,-45.469136210475995,503.053
234,5,34,26.575610362359292,-39.026966672117084,504.329
235,5,35,33.06361730023816,-31.788656623723146,506.041
236,5,36,39.06863424114874,-23.44386959016548,508.017
237,5,37,44.37280547132432,-13.648222310850171,510.073
238,5,38,48.68437604527321,-2.1089705300729427,512.037
239,5,39,51.65220252267047,11.2124231735673,513.758
240,6,0,52.52379954756121,27.414709347179116,514.491
241,6,1,52.89588093278683,42.3084422663905,515.655
242,6,2,51.42386588362236,56.82819159269242,516.393
243,6,3,48.30826826353187,69.96749480093764,516.718
244,6,4,43.89088439896115,81.30679727607439,516.696
245,6,5,38.51918650355624,90.92521992944809,516.43
246,6,6,32.47678110712901,99.12831127357926,516.051
247,6,7,25.973703356846503,106.25893997461336,515.701
248,6,8,19.16115998055448,112.62160952612791,515.516
249,6,9,12.149726618273565,118.4688251915491,515.612
250,6,10,5.024258125157407,124.01064943880068,516.071
251,6,11,-2.1448036234495333,129.43018597915236,516.929
252,6,12,-9.292673856382864,134.8994326362834,518.173
253,6,13,-16.352400071190356,140.59473123418516,519.739
254,6,14,-23.246697396752847,146.71240873036052,521.519
255,6,15,-29.877979505303777,153.48452763204983,523.367
256,6,16,-36.11511701006266,161.19182237451895,525.118
257,6,17,-41.776554945154096,170.16277041533212,526.595
258,6,18,-46.61296067002135,-179.26974850365525,527.637
259,6,19,-50.30310355780956,-166.9039778792923,528.104
260,6,20,-52.493715979361895,-152.91931581785295,527.9
261,6,21,-52.91012187720631,-138.08529241236582,526.981
262,6,22,-51.491952624363634,-123.58191846459898,525.358
263,6,23,-48.428503498586196,-110.42058789628047,523.103
264,6,24,-44.05385612765224,-99.03904753131636,520.342
265,6,25,-38.712443291027164,-89.37381759156057,517.243
266,6,26,-32.68767002794232,-81.1273135650648,514.004
267,6,27,-26.190587476203795,-73.95920761605484,510.84
268,6,28,-19.37365570337004,-67.56479817546725,507.956
269,6,29,-12.348777967481599,-61.690507640176115,505.536
270,6,30,-5.202146986995804,-56.12487676857245,503.728
271,6,31,1.9944421315135803,-50.683388000228355,502.625
272,6,32,9.174731003568729,-45.19254770003633,502.266
273,6,33,16.27014410301589,-39.47430649671248,502.626
274,6,34,23.201500327467578,-33.330243979773364,503.627
275,6,35,29.86895682541019,-26.525516047439126,505.141
276,6,36,36.13847967211869,-18.775836566075505,507.008
277,6,37,41.824779495788974,-9.74863081838988,509.046
278,6,38,46.67374252344529,0.8918318871937281,511.077
279,6,39,50.35895059955816,13.344353171091829,512.935
280,7,0,52.943504426774744,43.83021524365851,515.126
281,7,1,52.3829508015918,58.689629877385165,516.078
282,7,2,50.05165014351554,72.61126978335282,516.604
283,7,3,46.2395200771509,84.86562636197452,516.744
284,7,4,41.30479377918132,95.31444975426002,516.585
285,7,5,35.567096782006686,104.18179748574244,516.245
286,7,6,29.272216858004516,111.80740999592737,515.863
287,7,7,22.59844585017423,118.51932761027219,515.58
288,7,8,15.674549899843488,124.5956961223473,515.523
289,7,9,8.596617815803326,130.26600988826516,515.793
290,7,10,1.4410907273670006,135.72487465785778,516.45
291,7,11,-5.725431684972576,141.14785361355115,517.506
292,7,12,-12.838032955466076,146.70720412621299,518.921
293,7,13,-19.82570835849275,152.58728666192027,520.61
294,7,14,-26.60244617560827,159.00035617932036,522.444
295,7,15,-33.055762582692644,166.20165684769657,524.266
296,7,16,-39.03162827622562,174.49763193435075,525.901
297,7,17,-44.316435920104205,-175.77120266736966,527.18
298,7,18,-48.62358394656551,-164.31279535348622,527.949
299,7,19,-51.606604179771466,-151.08036934609706,528.09
300,7,20,-52.93369627512661,-136.538459471033,527.53
301,7,21,-52.42365872904507,-121.71793251934582,526.254
302,7,22,-50.14662392392456,-107.79157978285086,524.303
303,7,23,-46.3825818044114,-95.50270342816393,521.776
304,7,24,-41.48451996190644,-85.00789920238589,518.823
305,7,25,-35.7706978909756,-76.09485067516692,515.628
306,7,26,-29.487494175359565,-68.42872148282548,512.4
307,7,27,-22.814349837385624,-61.682290922604594,509.35
308,7,28,-15.881368027911472,-55.576678955598055,506.678
309,7,29,-8.785969442616297,-49.88108665956197,504.549
310,7,30,-1.6059197339038045,-44.399535416641164,503.085
311,7,31,5.59076426020202,-38.954979893359734,502.353
312,7,32,12.73764027372429,-33.37359177534085,502.36
313,7,33,19.761957080327143,-27.469137417127655,503.053
314,7,34,26.575610362359292,-21.026969586316035,504.329
315,7,35,33.06361730023816,-13.788661245469388,506.041
316,7,36,39.06863424114874,-5.44387207747761,508.017
317,7,37,44.37280547132432,4.351775201837699,510.073
318,7,38,48.68437604527321,15.89102591539787,512.037
319,7,39,51.65220252267047,29.21242196691564,513.758
320,8,0,52.52379954756121,45.41470984807475,514.491
321,8,1,52.89588093278683,60.30843935219155,515.655
322,8,2,51.42386588362236,74.82819209358806,516.393
323,8,3,48.30826826353187,87.96749530183328,516.718
324,8,4,43.89088439896115,99.30679777697003,516.696
325,8,5,38.51918650355624,108.92522043034373,516.43
326,8,6,32.47678110712901,117.12830494428572,516.051
327,8,7,25.973703356846503,124.258940475509,515.701
328,8,8,19.16115998055448,130.6216168572127,515.516
329,8,9,12.149726618273565,136.46881886225557,515.612
330,8,10,5.024258125157407,142.01064310950716,516.071
331,8,11,-2.1448036234495333,147.43019331023717,516.929
332,8,12,-9.292673856382864,152.8994399673682,518.173
333,8,13,-16.352400071190356,158.59473856526998,519.739
334,8,14,-23.246697396752847,164.71241606144534,521.519
335,8,15,-29.877979505303777,171.4845213027563,523.367
336,8,16,-36.11511701006266,179.1918160452254,525.118
337,8,17,-41.776554945154096,-171.83723227149576,526.595
338,8,18,-46.61296067002135,-161.26974117257043,527.637
339,8,19,-50.30310355780956,-148.90398420858585,528.104
340,8,20,-52.493715979361895,-134.9193221471465,527.9
341,8,21,-52.91012187720631,-120.08529874165934,526.981
342,8,22,-51.491952624363634,-105.58191796370336,525.358
343,8,23,-48.428503498586196,-92.42058739538484,523.103
344,8,24,-44.05385612765224,-81.03904703042073,520.342
345,8,25,-38.712443291027164,-71.37381709066493,517.243
346,8,26,-32.68767002794232,-63.12731306416917,514.004
347,8,27,-26.190587476203795,-55.95920370006462,510.84
348,8,28,-19.37365570337004,-49.5648010896662,507.956
349,8,29,-12.348777967481599,-43.690507139280484,505.536
350,8,30,-5.202146986995804,-38.12487626767682,503.728
351,8,31,1.9944421315135803,-32.68338749933272,502.625
352,8,32,9.174731003568729,-27.192548906687986,502.266
353,8,33,16.27014410301589,-21.474304288269558,502.626
354,8,34,23.201500327467578,-15.330241771330437,503.627
355,8,35,29.86895682541019,-8.525515546543494,505.141
356,8,36,36.13847967211869,-0.7758359050973122,507.008
357,8,37,41.824779495788974,8.251369682505754,509.046
358,8,38,46.67374252344529,18.891831961202538,511.077
359,8,39,50.35895059955816,31.344352818213814,512.935
360,9,0,52.943504426774744,61.83021915964873,515.126
361,9,1,52.3829508015918,76.6896303782808,516.078
362,9,2,50.05165014351554,90.61127028424846,516.604
363,9,3,46.2395200771509,102.86562686287016,516.744
364,9,4,41.30479377918132,113.31445025515566,516.585
365,9,5,35.567096782006686,122.18179798663807,516.245
366,9,6,29.272216858004516,129.80741732701216,515.863
367,9,7,22.59844585017423,136.51932128097863,515.58
368,9,8,15.674549899843488,142.59568979305377,515.523
369,9,9,8.596617815803326,148.26601721934998,515.793
370,9,10,1.4410907273670006,153.72486832856424,516.45
371,9,11,-5.725431684972576,159.14786094463594,517.506
372,9,12,-12.838032955466076,164.70721145729777,518.921
373,9,13,-19.82570835849275,170.58728033262673,520.61
374,9,14,-26.60244617560827,177.00036351040515,522.444
375,9,15,-33.055762582692644,-175.79833217875296,524.266
376,9,16,-39.03162827622562,-167.50235709209878,525.901
377,9,17,-44.316435920104205,-157.77119533628485,527.18
378,9,18,-48.62358394656551,-146.31280168277976,527.949
379,9,19,-51.606604179771466,-133.08036201501224,528.09
380,9,20,-52.93369627512661,-118.53846580032655,527.53
381,9,21,-52.42365872904507,-103.71792518826102,526.254
382,9,22,-50.14662392392456,-89.79157928195522,524.303
383,9,23,-46.3825818044114,-77.50270292726829,521.776
384,9,24,-41.48451996190644,-67.00789870149025,518.823
385,9,25,-35.7706978909756,-58.094850174271286,515.628
386,9,26,-29.487494175359565,-50.42872098192984,512.4
387,9,27,-22.814349837385624,-43.682290421708956,509.35
388,9,28,-15.881368027911472,-37.576678454702424,506.678
389,9,29,-8.785969442616297,-31.881086158666342,504.549
390,9,30,-1.6059197339038045,-26.399534915745534,503.085
391,9,31,5.59076426020202,-20.95497768491681,502.353
392,9,32,12.73764027372429,-15.373591274445216,502.36
393,9,33,19.761957080327143,-9.46913691623202,503.053
394,9,34,26.575610362359292,-3.026969512307224,504.329
395,9,35,33.06361730023816,4.211339255426244,506.041
396,9,36,39.06863424114874,12.5561279965312,508.017
397,9,37,44.37280547132432,22.35177527584651,510.073
398,9,38,48.68437604527321,33.891026416293506,512.037
399,9,39,51.65220252267047,47.21242246781127,513.758
400,10,0,52.52379954756121,63.4147069338758,514.491
401,10,1,52.89588093278683,78.30843985308718,515.655
402,10,2,51.42386588362236,92.82819259448368,516.393
403,10,3,48.30826826353187,105.96749580272892,516.718
404,10,4,43.89088439896115,117.30679144767649,516.696
405,10,5,38.51918650355624,126.92521410105019,516.43
406,10,6,32.47678110712901,135.12831227537052,516.051
407,10,7,25.973703356846503,142.25893414621547,515.701
408,10,8,19.16115998055448,148.6216105279192,515.516
409,10,9,12.149726618273565,154.46882619334036,515.612
410,10,10,5.024258125157407,160.01065044059195,516.071
411,10,11,-2.1448036234495333,165.43018698094363,516.929
412,10,12,-9.292673856382864,170.89943363807467,518.173
413,10,13,-16.352400071190356,176.59473223597644,519.739
414,10,14,-23.246697396752847,-177.28758662538252,521.519
415,10,15,-29.877979505303777,-170.51546772369323,523.367
416,10,16,-36.11511701006266,-162.80818664160245,525.118
417,10,17,-41.776554945154096,-153.8372386007893,526.595
418,10,18,-46.61296067002135,-143.26974750186398,527.637
419,10,19,-50.30310355780956,-130.90397687750104,528.104
420,10,20,-52.493715979361895,-116.91931481606167,527.9
421,10,21,-52.91012187720631,-102.0852982407637,526.981
422,10,22,-51.491952624363634,-87.58191746280772,525.358
423,10,23,-48.428503498586196,-74.4205868944892,523.103
424,10,24,-44.05385612765224,-63.039046529525095,520.342
425,10,25,-38.712443291027164,-53.3738165897693,517.243
426,10,26,-32.68767002794232,-45.127312563273534,514.004
427,10,27,-26.190587476203795,-37.95920319916899,510.84
428,10,28,-19.37365570337004,-31.564800588770563,507.956
429,10,29,-12.348777967481599,-25.69050493083756,505.536
430,10,30,-5.202146986995804,-20.124875766781184,503.728
431,10,31,1.9944421315135803,-14.683385290889793,502.625
432,10,32,9.174731003568729,-9.192547552018707,502.266
433,10,33,16.27014410301589,-3.4743044277041584,502.626
434,10,34,23.201500327467578,2.6697583026783733,503.627
435,10,35,29.86895682541019,9.47448495435214,505.141
436,10,36,36.13847967211869,17.224164435715764,507.008
437,10,37,41.824779495788974,26.251371037175034,509.046
438,10,38,46.67374252344529,36.89183246209817,511.077
439,10,39,50.35895059955816,49.34435331910945,512.935
440,11,0,52.943504426774744,79.83021966054436,515.126
441,11,1,52.3829508015918,94.68963087917643,516.078
442,11,2,50.05165014351554,108.61127078514409,516.604
443,11,3,46.2395200771509,120.86562053357662,516.744
444,11,4,41.30479377918132,131.31444392586212,516.585
445,11,5,35.567096782006686,140.18180531772288,516.245
446,11,6,29.272216858004516,147.80741099771865,515.863
447,11,7,22.59844585017423,154.51932861206345,515.58
448,11,8,15.674549899843488,160.59569712413858,515.523
449,11,9,8.596617815803326,166.26601089005644,515.793
450,11,10,1.4410907273670006,171.72487565964906,516.45
451,11,11,-5.725431684972576,177.1478546153424,517.506
452,11,12,-12.838032955466076,-177.29279122953008,518.921
453,11,13,-19.82570835849275,-171.41272235420112,520.61
454,11,14,-26.60244617560827,-164.9996391764227,522.444
455,11,15,-33.055762582692644,-157.7983385080465,524.266
456,11,16,-39.03162827622562,-149.50236342139232,525.901
457,11,17,-44.316435920104205,-139.7712016655784,527.18
458,11,18,-48.62358394656551,-128.31279435169495,527.949
459,11,19,-51.606604179771466,-115.08036834430578,528.09
460,11,20,-52.93369627512661,-100.53845846924175,527.53
461,11,21,-52.42365872904507,-85.7179246873654,526.254
462,11,22,-50.14662392392456,-71.7915787810596,524.303
463,11,23,-46.3825818044114,-59.50270242637265,521.776
464,11,24,-41.48451996190644,-49.00789820059462,518.823
465,11,25,-35.7706978909756,-40.094846258281066,515.628
466,11,26,-29.487494175359565,-32.42872048103421,512.4
467,11,27,-22.814349837385624,-25.682288213266034,509.35
468,11,28,-15.881368027911472,-19.5766762462595,506.678
469,11,29,-8.785969442616297,-13.881086511544355,504.549
470,11,30,-1.6059197339038045,-8.399534414849901,503.085
471,11,31,5.59076426020202,-2.9549773974645857,502.353
472,11,32,12.73764027372429,2.626409226450418,502.36
473,11,33,19.761957080327143,8.530863584663614,503.053
474,11,34,26.575610362359292,14.973031415475232,504.329
475,11,35,33.06361730023816,22.211339756321877,506.041
476,11,36,39.06863424114874,30.556128497426833,508.017
477,11,37,44.37280547132432,40.351777484289435,510.073
478,11,38,48.68437604527321,51.89102691718914,512.037
479,11,39,51.65220252267047,65.21241955361232,513.758
480,12,0,52.52379954756121,81.41470743477143,514.491
481,12,1,52.89588093278683,96.30844035398282,515.655
482,12,2,51.42386588362236,110.82819309537932,516.393
483,12,3,48.30826826353187,123.96749630362454,516.718
484,12,4,43.89088439896115,135.3067987787613,516.696
485,12,5,38.51918650355624,144.925221432135,516.43
486,12,6,32.47678110712901,153.12830594607698,516.051
487,12,7,25.973703356846503,160.25894147730025,515.701
488,12,8,19.16115998055448,166.62161785900398,515.516
489,12,9,12.149726618273565,172.46881986404682,515.612
490,12,10,5.024258125157407,178.01064411129843,516.071
491,12,11,-2.1448036234495333,-176.56981570588422,516.929
492,12,12,-9.292673856382864,-171.1005690487532,518.173
493,12,13,-16.352400071190356,-165.4052567904731,519.739
494,12,14,-23.246697396752847,-159.28759295467606,521.519
495,12,15,-29.877979505303777,-152.51547405298678,523.367
496,12,16,-36.11511701006266,-144.80817931051766,525.118
497,12,17,-41.776554945154096,-135.8372312697045,526.595
498,12,18,-46.61296067002135,-125.26974017077919,527.637
499,12,19,-50.30310355780956,-112.90398320679458,528.104
500,12,20,-52.493715979361895,-98.91931431516603,527.9
501,12,21,-52.91012187720631,-84.08529773986808,526.981
502,12,22,-51.491952624363634,-69.58191696191209,525.358
503,12,23,-48.428503498586196,-56.420582978498985,523.103
504,12,24,-44.05385612765224,-45.039042613534875,520.342
505,12,25,-38.712443291027164,-35.37381608887367,517.243
506,12,26,-32.68767002794232,-27.12731035483061,514.004
507,12,27,-26.190587476203795,-19.95920440582065,510.84
508,12,28,-19.37365570337004,-13.564799234101283,507.956
509,12,29,-12.348777967481599,-7.6905044299419245,505.536
510,12,30,-5.202146986995804,-2.1248750524421403,503.728
511,12,31,1.9944421315135803,3.3166145696756044,502.625
512,12,32,9.174731003568729,8.807452948876927,502.266
513,12,33,16.27014410301589,14.52569671352171,502.626
514,12,34,23.201500327467578,20.66975923046083,503.627
515,12,35,29.86895682541019,27.474485455247773,505.141
516,12,36,36.13847967211869,35.224166644158686,507.008
517,12,37,41.824779495788974,44.251371538070664,509.046
518,12,38,46.67374252344529,54.8918329629938,511.077
519,12,39,50.35895059955816,67.34435382000508,512.935
520,13,0,52.943504426774744,97.83022699162916,515.126
521,13,1,52.3829508015918,112.68963821026124,516.078
522,13,2,50.05165014351554,126.61128494641807,516.604
523,13,3,46.2395200771509,138.86562786466143,516.744
524,13,4,41.30479377918132,149.31445125694694,516.585
525,13,5,35.567096782006686,158.1818126488077,516.245
526,13,6,29.272216858004516,165.80741832880344,515.863
527,13,7,22.59844585017423,172.51933594314823,515.58
528,13,8,15.674549899843488,178.59570445522337,515.523
529,13,9,8.596617815803326,-175.7339781363931,515.793
530,13,10,1.4410907273670006,-170.27512702717883,516.45
531,13,11,-5.725431684972576,-164.8521344111071,517.506
532,13,12,-12.838032955466076,-159.29278389844526,518.921
533,13,13,-19.82570835849275,-153.4127150231163,520.61
534,13,14,-26.60244617560827,-146.99963184533792,522.444
535,13,15,-33.055762582692644,-139.79833117696168,524.266
536,13,16,-39.03162827622562,-131.50235609030753,525.901
537,13,17,-44.316435920104205,-121.77119433449359,527.18
538,13,18,-48.62358394656551,-110.31279385079932,527.949
539,13,19,-51.606604179771466,-97.0803541830318,528.09
540,13,20,-52.93369627512661,-82.53845113815694,527.53
541,13,21,-52.42365872904507,-67.7179173562806,526.254
542,13,22,-50.14662392392456,-53.79156803488021,524.303
543,13,23,-46.3825818044114,-41.50269509528785,521.776
544,13,24,-41.48451996190644,-31.00789086950982,518.823
545,13,25,-35.7706978909756,-22.094840634743555,515.628
546,13,26,-29.487494175359565,-14.428713149949406,512.4
547,13,27,-22.814349837385624,-7.682281735954875,509.35
548,13,28,-15.881368027911472,-1.576668915174696,506.678
549,13,29,-8.785969442616297,4.118921246427271,504.549
550,13,30,-1.6059197339038045,9.600472916234903,503.085
551,13,31,5.59076426020202,15.04503014706363,502.353
552,13,32,12.73764027372429,20.626416557535222,502.36
553,13,33,19.761957080327143,26.530870915748416,503.053
554,13,34,26.575610362359292,32.973038746560036,504.329
555,13,35,33.06361730023816,40.21134879495397,506.041
556,13,36,39.06863424114874,48.556135828511636,508.017
557,13,37,44.37280547132432,58.351781400279656,510.073
558,13,38,48.68437604527321,69.89103766336852,512.037
559,13,39,51.65220252267047,83.21242688469712,513.758
560,14,0,52.52379954756121,99.41470110547789,514.491
561,14,1,52.89588093278683,114.30843402468928,515.655
562,14,2,51.42386588362236,128.8281867660858,516.393
563,14,3,48.30826826353187,141.96748997433102,516.718
564,14,4,43.89088439896115,153.30679244946776,516.696
565,14,5,38.51918650355624,162.92521510284146,516.43
566,14,6,32.47678110712901,171.12829961678347,516.051
567,14,7,25.973703356846503,178.2589351480067,515.701
568,14,8,19.16115998055448,-175.37839848820224,515.516
569,14,9,12.149726618273565,-169.53118282278103,515.612
570,14,10,5.024258125157407,-163.98935857552945,516.071
571,14,11,-2.1448036234495333,-158.56982203517776,516.929
572,14,12,-9.292673856382864,-153.10057537804673,518.173
573,14,13,-16.352400071190356,-147.40526311976663,519.739
574,14,14,-23.246697396752847,-141.2875992839696,521.519
575,14,15,-29.877979505303777,-134.5154803822803,523.367
576,14,16,-36.11511701006266,-126.80818563981119,525.118
577,14,17,-41.776554945154096,-117.83723759899803,526.595
578,14,18,-46.61296067002135,-107.26974650007271,527.637
579,14,19,-50.30310355780956,-94.90398953608812,528.104
580,14,20,-52.493715979361895,-80.91932064445957,527.9
581,14,21,-52.91012187720631,-66.08530406916161,526.981
582,14,22,-51.491952624363634,-51.58192329120563,525.358
583,14,23,-48.428503498586196,-38.42058930779252,523.103
584,14,24,-44.05385612765224,-27.039048942828412,520.342
585,14,25,-38.712443291027164,-17.373822418167205,517.243
586,14,26,-32.68767002794232,-9.127317537897794,514.004
587,14,27,-26.190587476203795,-1.9592100947839504,510.84
588,14,28,-19.37365570337004,4.435194436605181,507.956
589,14,29,-12.348777967481599,10.309489240764538,505.536
590,14,30,-5.202146986995804,15.875118404820912,503.728
591,14,31,1.9944421315135803,21.3166088807123,502.625
592,14,32,9.174731003568729,26.807445765809742,502.266
593,14,33,16.27014410301589,32.52568867668088,502.626
594,14,34,23.201500327467578,38.66975119362,503.627
595,14,35,29.86895682541019,45.47447741840694,505.141
596,14,36,36.13847967211869,53.22416031486515,507.008
597,14,37,41.824779495788974,62.25136179368254,509.046
598,14,38,46.67374252344529,72.89182663370026,511.077
599,14,39,50.35895059955816,85.34434749071154,512.935
600,15,0,52.943504426774744,115.83021383214646,515.126
601,15,1,52.3829508015918,130.6896318809677,516.078
602,15,2,50.05165014351554,144.61127861712453,516.604
603,15,3,46.2395200771509,156.8656215353679,516.744
604,15,4,41.30479377918132,167.3144449276534,516.585
605,15,5,35.567096782006686,176.18180631951415,516.245
606,15,6,29.272216858004516,-176.19258435802442,515.863
607,15,7,22.59844585017423,-169.48066674367962,515.58
608,15,8,15.674549899843488,-163.40431189198284,515.523
609,15,9,8.596617815803326,-157.73398446568663,515.793
610,15,10,1.4410907273670006,-152.27513335647237,516.45
611,15,11,-5.725431684972576,-146.85214074040064,517.506
612,15,12,-12.838032955466076,-141.2927902277388,518.921
613,15,13,-19.82570835849275,-135.41272135240985,520.61
614,15,14,-26.60244617560827,-128.99963817463146,522.444
615,15,15,-33.055762582692644,-121.79833750625522,524.266
616,15,16,-39.03162827622562,-113.50236241960106,525.901
617,15,17,-44.316435920104205,-103.77119383359796,527.18
618,15,18,-48.62358394656551,-92.31280018009286,527.949
619,15,19,-51.606604179771466,-79.08036051232534,528.09
620,15,20,-52.93369627512661,-64.53845746745048,527.53
621,15,21,-52.42365872904507,-49.71792368557413,526.254
622,15,22,-50.14662392392456,-35.79157436417374,524.303
623,15,23,-46.3825818044114,-23.50270313212868,521.776
624,15,24,-41.48451996190644,-13.007898052577,518.823
625,15,25,-35.7706978909756,-4.094846537150269,515.628
626,15,26,-29.487494175359565,3.57128094764388,512.4
627,15,27,-22.814349837385624,10.317711934751587,509.35
628,15,28,-15.881368027911472,16.423324755531766,506.678
629,15,29,-8.785969442616297,22.118915344020557,504.549
630,15,30,-1.6059197339038045,27.600466586941366,503.085
631,15,31,5.59076426020202,33.0450221102228,502.353
632,15,32,12.73764027372429,38.62641022824168,502.36
633,15,33,19.761957080327143,44.53086287890759,503.053
634,15,34,26.575610362359292,50.9730324172665,504.329
635,15,35,33.06361730023816,58.211339050565854,506.041
636,15,36,39.06863424114874,66.5561294992181,508.017
637,15,37,44.37280547132432,76.35177507098612,510.073
638,15,38,48.68437604527321,87.891031334075,512.037
639,15,39,51.65220252267047,101.21242055540358,513.758
640,16,0,52.52379954756121,117.41470843656269,514.491
641,16,1,52.89588093278683,132.30844135577408,515.655
642,16,2,51.42386588362236,146.82819409717058,516.393
643,16,3,48.30826826353187,159.9674973054158,516.718
644,16,4,43.89088439896115,171.30679978055255,516.696
645,16,5,38.51918650355624,-179.07477392360806,516.43
646,16,6,32.47678110712901,-170.87168940966606,516.051
647,16,7,25.973703356846503,-163.7410538784428,515.701
648,16,8,19.16115998055448,-157.37839115711742,515.516
649,16,9,12.149726618273565,-151.53117549169622,515.612
650,16,10,5.024258125157407,-145.98935124444463,516.071
651,16,11,-2.1448036234495333,-140.56981470409298,516.929
652,16,12,-9.292673856382864,-135.10056804696194,518.173
653,16,13,-16.352400071190356,-129.4052557886818,519.739
654,16,14,-23.246697396752847,-123.2875919528848,521.519
655,16,15,-29.877979505303777,-116.5154730511955,523.367
656,16,16,-36.11511701006266,-108.80817830872638,525.118
657,16,17,-41.776554945154096,-99.83723026791323,526.595
658,16,18,-46.61296067002135,-89.26973916898791,527.637
659,16,19,-50.30310355780956,-76.9039822050033,528.104
660,16,20,-52.493715979361895,-62.91931331337477,527.9
661,16,21,-52.91012187720631,-48.085293322982224,526.981
662,16,22,-51.491952624363634,-33.581915960120824,525.358
663,16,23,-48.428503498586196,-20.420581976707716,523.103
664,16,24,-44.05385612765224,-9.039042465517255,520.342
665,16,25,-38.712443291027164,0.6261845393916288,517.243
666,16,26,-32.68767002794232,8.87268979318701,514.004
667,16,27,-26.190587476203795,16.04079659597062,510.84
668,16,28,-19.37365570337004,22.43520262146363,507.956
669,16,29,-12.348777967481599,28.30949657184934,505.536
670,16,30,-5.202146986995804,33.87512573590571,503.728
671,16,31,1.9944421315135803,39.31661450424981,502.625
672,16,32,9.174731003568729,44.80745480444184,502.266
673,16,33,16.27014410301589,50.52569600776568,502.626
674,16,34,23.201500327467578,56.669758524704804,503.627
675,16,35,29.86895682541019,63.47448474949175,505.141
676,16,36,36.13847967211869,71.22416764594996,507.008
677,16,37,41.824779495788974,80.25136912476735,509.046
678,16,38,46.67374252344529,90.89183396478508,511.077
679,16,39,50.35895059955816,103.34435482179634,512.935
680,17,0,52.943504426774744,133.83020750285291,515.126
681,17,1,52.3829508015918,148.68962555167417,516.078
682,17,2,50.05165014351554,162.61127228783099,516.604
683,17,3,46.2395200771509,174.86561520607435,516.744
684,17,4,41.30479377918132,-174.6855577591745,516.585
685,17,5,35.567096782006686,-165.81821002769206,516.245
686,17,6,29.272216858004516,-158.19259068731796,515.863
687,17,7,22.59844585017423,-151.48067307297316,515.58
688,17,8,15.674549899843488,-145.40431822127636,515.523
689,17,9,8.596617815803326,-139.73399079498017,515.793
690,17,10,1.4410907273670006,-134.27513968576588,516.45
691,17,11,-5.725431684972576,-128.85214706969418,517.506
692,17,12,-12.838032955466076,-123.29279655703235,518.921
693,17,13,-19.82570835849275,-117.41272768170339,520.61
694,17,14,-26.60244617560827,-110.99964450392498,522.444
695,17,15,-33.055762582692644,-103.79834383554875,524.266
696,17,16,-39.03162827622562,-95.50236874889458,525.901
697,17,17,-44.316435920104205,-85.77120016289149,527.18
698,17,18,-48.62358394656551,-74.3128065093864,527.949
699,17,19,-51.606604179771466,-61.080366841618876,528.09
700,17,20,-52.93369627512661,-46.53846721183861,527.53
701,17,21,-52.42365872904507,-31.71793001486766,526.254
702,17,22,-50.14662392392456,-17.791580693467278,524.303
703,17,23,-46.3825818044114,-5.502709461422215,521.776
704,17,24,-41.48451996190644,4.992096045016287,518.823
705,17,25,-35.7706978909756,13.905146706669372,515.628
706,17,26,-29.487494175359565,21.57127419146352,512.4
707,17,27,-22.814349837385624,28.317706459231697,509.35
708,17,28,-15.881368027911472,34.42331671869094,506.678
709,17,29,-8.785969442616297,40.11890901472702,504.549
710,17,30,-1.6059197339038045,45.60046025764783,503.085
711,17,31,5.59076426020202,51.04501578092926,502.353
712,17,32,12.73764027372429,56.62640389894815,502.36
713,17,33,19.761957080327143,62.53085996470863,503.053
714,17,34,26.575610362359292,68.97302608797297,504.329
715,17,35,33.06361730023816,76.21133272127231,506.041
716,17,36,39.06863424114874,84.55612316992456,508.017
717,17,37,44.37280547132432,94.35176874169258,510.073
718,17,38,48.68437604527321,105.89102500478145,512.037
719,17,39,51.65220252267047,119.21241422611006,513.758
720,18,0,52.52379954756121,135.41470210726916,514.491
721,18,1,52.89588093278683,150.30843502648054,515.655
722,18,2,51.42386588362236,164.82818776787704,516.393
723,18,3,48.30826826353187,177.9674909761223,516.718
724,18,4,43.89088439896115,-170.69321656665363,516.696
725,18,5,38.51918650355624,-161.0747802529016,516.43
726,18,6,32.47678110712901,-152.8716957389596,516.051
727,18,7,25.973703356846503,-145.74106020773633,515.701
728,18,8,19.16115998055448,-139.37839748641096,515.516
729,18,9,12.149726618273565,-133.53118182098976,515.612
730,18,10,5.024258125157407,-127.98935757373818,516.071
731,18,11,-2.1448036234495333,-122.5698210333865,516.929
732,18,12,-9.292673856382864,-117.10057437625547,518.173
733,18,13,-16.352400071190356,-111.40526894816453,519.739
734,18,14,-23.246697396752847,-105.28759145198917,521.519
735,18,15,-29.877979505303777,-98.51547938048904,523.367
736,18,16,-36.11511701006266,-90.80818463801992,525.118
737,18,17,-41.776554945154096,-81.83723659720675,526.595
738,18,18,-46.61296067002135,-71.26974549828145,527.637
739,18,19,-50.30310355780956,-58.90398853429684,528.104
740,18,20,-52.493715979361895,-44.919319642668306,527.9
741,18,21,-52.91012187720631,-30.08529965227576,526.981
742,18,22,-51.491952624363634,-15.58192228941436,525.358
743,18,23,-48.428503498586196,-2.420588306001254,523.103
744,18,24,-44.05385612765224,8.960951205189208,520.342
745,18,25,-38.712443291027164,18.626178583624064,517.243
746,18,26,-32.68767002794232,26.87268431766712,514.004
747,18,27,-26.190587476203795,34.040791974224376,510.84
748,18,28,-19.37365570337004,40.4351945846228,507.956
749,18,29,-12.348777967481599,46.30948853500851,505.536
750,18,30,-5.202146986995804,51.87511940661218,503.728
751,18,31,1.9944421315135803,57.31661159005086,502.625
752,18,32,9.174731003568729,62.807448475148306,502.266
753,18,33,16.27014410301589,68.52568967847215,502.626
754,18,34,23.201500327467578,74.66975219541126,503.627
755,18,35,29.86895682541019,81.47447842019821,505.141
756,18,36,36.13847967211869,89.22416131665642,507.008
757,18,37,41.824779495788974,98.25136279547381,509.046
758,18,38,46.67374252344529,108.89182763549154,511.077
759,18,39,50.35895059955816,121.34434849250282,512.935
760,19,0,52.943504426774744,151.83021483393773,515.126
761,19,1,52.3829508015918,166.68963288275896,516.078
762,19,2,50.05165014351554,-179.38873039899687,516.604
763,19,3,46.2395200771509,-167.13437382037517,516.744
764,19,4,41.30479377918132,-156.68555042808967,516.585
765,19,5,35.567096782006686,-147.81820269660724,516.245
766,19,6,29.272216858004516,-140.19258335623317,515.863
767,19,7,22.59844585017423,-133.48066574188834,515.58
768,19,8,15.674549899843488,-127.40431089019157,515.523
769,19,9,8.596617815803326,-121.73398346389536,515.793
770,19,10,1.4410907273670006,-116.27513235468109,516.45
771,19,11,-5.725431684972576,-110.85213973860938,517.506
772,19,12,-12.838032955466076,-105.29278922594754,518.921
773,19,13,-19.82570835849275,-99.41271352042942,520.61
774,19,14,-26.60244617560827,-92.99963717284018,522.444
775,19,15,-33.055762582692644,-85.79833650446395,524.266
776,19,16,-39.03162827622562,-77.50236141780978,525.901
777,19,17,-44.316435920104205,-67.77119283180669,527.18
778,19,18,-48.62358394656551,-56.312799178301596,527.949
779,19,19,-51.606604179771466,-43.08035951053407,528.09
780,19,20,-52.93369627512661,-28.53845817320651,527.53
781,19,21,-52.42365872904507,-13.717923537556505,526.254
782,19,22,-50.14662392392456,0.20842590390579685,524.303
783,19,23,-46.3825818044114,12.497297869662589,521.776
784,19,24,-41.48451996190644,22.992103802987913,518.823
785,19,25,-35.7706978909756,31.905155745301467,515.628
786,19,26,-29.487494175359565,39.571281522548325,512.4
787,19,27,-22.814349837385624,46.317712082769205,509.35
788,19,28,-15.881368027911472,52.423324049775744,506.678
789,19,29,-8.785969442616297,58.11891293071724,504.549
790,19,30,-1.6059197339038045,63.600467588732634,503.085
791,19,31,5.59076426020202,69.04502311201406,502.353
792,19,32,12.73764027372429,74.62641464512754,502.36
793,19,33,19.761957080327143,80.53086729579344,503.053
794,19,34,26.575610362359292,86.97303341905777,504.329
795,19,35,33.06361730023816,94.21134005235712,506.041
796,19,36,39.06863424114874,102.55613050100936,508.017
797,19,37,44.37280547132432,112.35177607277738,510.073
798,19,38,48.68437604527321,123.89102550567709,512.037
799,19,39,51.65220252267047,137.21242155719486,513.758
800,20,0,52.52379954756121,153.41470943835395,514.491
801,20,1,52.89588093278683,168.30844235756535,515.655
802,20,2,51.42386588362236,-177.1718012585725,516.393
803,20,3,48.30826826353187,-164.03249805032723,516.718
804,20,4,43.89088439896115,-152.69320923556884,516.696
805,20,5,38.51918650355624,-143.0747729218168,516.43
806,20,6,32.47678110712901,-134.8716884078748,516.051
807,20,7,25.973703356846503,-127.74105287665154,515.701
808,20,8,19.16115998055448,-121.37839015532616,515.516
809,20,9,12.149726618273565,-115.53117448990496,515.612
810,20,10,5.024258125157407,-109.98935024265337,516.071
811,20,11,-2.1448036234495333,-104.56980687211252,516.929
812,20,12,-9.292673856382864,-99.1005602149815,518.173
813,20,13,-16.352400071190356,-93.40526161707973,519.739
814,20,14,-23.246697396752847,-87.28758412090437,521.519
815,20,15,-29.877979505303777,-80.51547204940422,523.367
816,20,16,-36.11511701006266,-72.80817730693512,525.118
817,20,17,-41.776554945154096,-63.83722926612195,526.595
818,20,18,-46.61296067002135,-53.26973816719665,527.637
819,20,19,-50.30310355780956,-40.90398120321204,528.104
820,20,20,-52.493715979361895,-26.919312311583504,527.9
821,20,21,-52.91012187720631,-12.085294028738248,526.981
822,20,22,-51.491952624363634,2.4180846147836212,525.358
823,20,23,-48.428503498586196,15.57941902508355,523.103
824,20,24,-44.05385612765224,26.960959390047655,520.342
825,20,25,-38.712443291027164,36.62618591470886,517.243
826,20,26,-32.68767002794232,44.872689941204634,514.004
827,20,27,-26.190587476203795,52.04079930530918,510.84
828,20,28,-19.37365570337004,58.43520533080219,507.956
829,20,29,-12.348777967481599,64.30949586609331,505.536
830,20,30,-5.202146986995804,69.87513015279157,503.728
831,20,31,1.9944421315135803,75.31661892113567,502.625
832,20,32,9.174731003568729,80.80745580623311,502.266
833,20,33,16.27014410301589,86.52569700955695,502.626
834,20,34,23.201500327467578,92.66975952649607,503.627
835,20,35,29.86895682541019,99.47448575128301,505.141
836,20,36,36.13847967211869,107.22416864774122,507.008
837,20,37,41.824779495788974,116.25137695674779,509.046
838,20,38,46.67374252344529,126.8918417967655,511.077
839,20,39,50.35895059955816,139.34435582358762,512.935
840,21,0,52.943504426774744,169.8302085046442,515.126
841,21,1,52.3829508015918,-175.3103698040689,516.078
842,21,2,50.05165014351554,-161.3887367282904,516.604
843,21,3,46.2395200771509,-149.13438014966871,516.744
844,21,4,41.30479377918132,-138.6855567573832,516.585
845,21,5,35.567096782006686,-129.81820902590079,516.245
846,21,6,29.272216858004516,-122.1925896855267,515.863
847,21,7,22.59844585017423,-115.48067207118189,515.58
848,21,8,15.674549899843488,-109.40431038929593,515.523
849,21,9,8.596617815803326,-103.7339897931889,515.793
850,21,10,1.4410907273670006,-98.27513185378545,516.45
851,21,11,-5.725431684972576,-92.85214606790292,517.506
852,21,12,-12.838032955466076,-87.29279555524109,518.921
853,21,13,-19.82570835849275,-81.41271984972296,520.61
854,21,14,-26.60244617560827,-74.99964350213371,522.444
855,21,15,-33.055762582692644,-67.79834283375749,524.266
856,21,16,-39.03162827622562,-59.50236774710332,525.901
857,21,17,-44.316435920104205,-49.77119916110023,527.18
858,21,18,-48.62358394656551,-38.31280550759514,527.949
859,21,19,-51.606604179771466,-25.080367547374905,528.09
860,21,20,-52.93369627512661,-10.538465356273692,527.53
861,21,21,-52.42365872904507,4.282070133149958,526.254
862,21,22,-50.14662392392456,18.208420308323987,524.303
863,21,23,-46.3825818044114,30.497293247916343,521.776
864,21,24,-41.48451996190644,40.99209747369438,518.823
865,21,25,-35.7706978909756,49.90514941600793,515.628
866,21,26,-29.487494175359565,57.571275193254785,512.4
867,21,27,-22.814349837385624,64.31770575347568,509.35
868,21,28,-15.881368027911472,70.42332113557678,506.678
869,21,29,-8.785969442616297,76.1189066014237,504.549
870,21,30,-1.6059197339038045,81.6004612594391,503.085
871,21,31,5.59076426020202,87.04501678272052,502.353
872,21,32,12.73764027372429,92.626408315834,502.36
873,21,33,19.761957080327143,98.5308609664999,503.053
874,21,34,26.575610362359292,104.97302708976423,504.329
875,21,35,33.06361730023816,112.21133372306359,506.041
876,21,36,39.06863424114874,120.556131001905,508.017
877,21,37,44.37280547132432,130.35176974348386,510.073
878,21,38,48.68437604527321,141.89101917638354,512.037
879,21,39,51.65220252267047,155.21241522790132,513.758
880,22,0,52.52379954756121,171.41470310906044,514.491
881,22,1,52.89588093278683,-173.69156032926253,515.655
882,22,2,51.42386588362236,-159.171807587866,516.393
883,22,3,48.30826826353187,-146.03250437962078,516.718
884,22,4,43.89088439896115,-134.69321556486238,516.696
885,22,5,38.51918650355624,-125.07477925111034,516.43
886,22,6,32.47678110712901,-116.87169473716834,516.051
887,22,7,25.973703356846503,-109.74106603613424,515.701
888,22,8,19.16115998055448,-103.37838965443052,515.516
889,22,9,12.149726618273565,-97.5311808191985,515.612
890,22,10,5.024258125157407,-91.98935657194691,516.071
891,22,11,-2.1448036234495333,-86.56981320140606,516.929
892,22,12,-9.292673856382864,-81.10056654427504,518.173
893,22,13,-16.352400071190356,-75.40526794637326,519.739
894,22,14,-23.246697396752847,-69.2875904501979,521.519
895,22,15,-29.877979505303777,-62.515478378697765,523.367
896,22,16,-36.11511701006266,-54.80818363622866,525.118
897,22,17,-41.776554945154096,-45.837239010510075,526.595
898,22,18,-46.61296067002135,-35.26974449649018,527.637
899,22,19,-50.30310355780956,-22.903985824958287,528.104
900,22,20,-52.493715979361895,-8.91931864087704,527.9
901,22,21,-52.91012187720631,5.914699641968214,526.981
902,22,22,-51.491952624363634,20.418078712376907,525.358
903,22,23,-48.428503498586196,33.57941269579001,523.103
904,22,24,-44.05385612765224,44.96095306075412,520.342
905,22,25,-38.712443291027164,54.62617958541533,517.243
906,22,26,-32.68767002794232,62.87268361191109,514.004
907,22,27,-26.190587476203795,70.04078956092106,510.84
908,22,28,-19.37365570337004,76.43519900150865,507.956
909,22,29,-12.348777967481599,82.30948953679977,505.536
910,22,30,-5.202146986995804,87.87512382349803,503.728
911,22,31,1.9944421315135803,93.31661259184213,502.625
912,22,32,9.174731003568729,98.80744947693957,502.266
913,22,33,16.27014410301589,104.52569068026341,502.626
914,22,34,23.201500327467578,110.66975319720254,503.627
915,22,35,29.86895682541019,117.47448625217865,505.141
916,22,36,36.13847967211869,125.22415548825852,507.008
917,22,37,41.824779495788974,134.25137062745424,509.046
918,22,38,46.67374252344529,144.89183546747196,511.077
919,22,39,50.35895059955816,157.34434949429408,512.935
920,23,0,52.943504426774744,-172.16978052180534,515.126
921,23,1,52.3829508015918,-157.31036247298408,516.078
922,23,2,50.05165014351554,-143.3887293972056,516.604
923,23,3,46.2395200771509,-131.1343728185839,516.744
924,23,4,41.30479377918132,-120.68554942629841,516.585
925,23,5,35.567096782006686,-111.81819486462682,516.245
926,23,6,29.272216858004516,-104.1925823544419,515.863
927,23,7,22.59844585017423,-97.48067157028625,515.58
928,23,8,15.674549899843488,-91.40430305821113,515.523
929,23,9,8.596617815803326,-85.7339824621041,515.793
930,23,10,1.4410907273670006,-80.27512452270065,516.45
931,23,11,-5.725431684972576,-74.85213873681812,517.506
932,23,12,-12.838032955466076,-69.29278822415628,518.921
933,23,13,-19.82570835849275,-63.41271251863815,520.61
934,23,14,-26.60244617560827,-56.999639586143495,522.444
935,23,15,-33.055762582692644,-49.798335502672685,524.266
936,23,16,-39.03162827622562,-41.50236041601852,525.901
937,23,17,-44.316435920104205,-31.77119183001542,527.18
938,23,18,-48.62358394656551,-20.31279646896304,527.949
939,23,19,-51.606604179771466,-7.080359362516454,528.09
940,23,20,-52.93369627512661,7.4615419748111105,527.53
941,23,21,-52.42365872904507,22.282078318008406,526.254
942,23,22,-50.14662392392456,36.20842763940879,524.303
943,23,23,-46.3825818044114,48.49730057900115,521.776
944,23,24,-41.48451996190644,58.99210480477918,518.823
945,23,25,-35.7706978909756,67.90515333199815,515.628
946,23,26,-29.487494175359565,75.5712825243396,512.4
947,23,27,-22.814349837385624,82.31771308456048,509.35
948,23,28,-15.881368027911472,88.42332846666159,506.678
949,23,29,-8.785969442616297,94.1189139325085,504.549
950,23,30,-1.6059197339038045,99.6004685905239,503.085
951,23,31,5.59076426020202,105.04502411380534,502.353
952,23,32,12.73764027372429,110.6264156469188,502.36
953,23,33,19.761957080327143,116.5308682975847,503.053
954,23,34,26.575610362359292,122.97303442084903,504.329
955,23,35,33.06361730023816,130.2113410541484,506.041
956,23,36,39.06863424114874,138.5561383329898,508.017
957,23,37,44.37280547132432,148.35177707456864,510.073
958,23,38,48.68437604527321,159.89102650746835,512.037
959,23,39,51.65220252267047,173.21242255898613,513.758
960,24,0,52.52379954756121,-170.5852859173891,514.491
961,24,1,52.89588093278683,-155.6915529981777,515.655
962,24,2,51.42386588362236,-141.1718002567812,516.393
963,24,3,48.30826826353187,-128.032497048536,516.718
964,24,4,43.89088439896115,-116.69320823377757,516.696
965,24,5,38.51918650355624,-107.0747787502147,516.43
966,24,6,32.47678110712901,-98.87168740608354,516.051
967,24,7,25.973703356846503,-91.74105870504944,515.701
968,24,8,19.16115998055448,-85.37838232334572,515.516
969,24,9,12.149726618273565,-79.5311734881137,515.612
970,24,10,5.024258125157407,-73.98934924086211,516.071
971,24,11,-2.1448036234495333,-68.56980587032126,516.929
972,24,12,-9.292673856382864,-63.10055921319023,518.173
973,24,13,-16.352400071190356,-57.405260615288455,519.739
974,24,14,-23.246697396752847,-51.28758653420768,521.519
975,24,15,-29.877979505303777,-44.51547104761296,523.367
976,24,16,-36.11511701006266,-36.80817630514385,525.118
977,24,17,-41.776554945154096,-27.837231679425273,526.595
978,24,18,-46.61296067002135,-17.269738872952672,527.637
979,24,19,-50.30310355780956,-4.903978920760306,528.104
980,24,20,-52.493715979361895,9.080688690207761,527.9
981,24,21,-52.91012187720631,23.91470697305302,526.981
982,24,22,-51.491952624363634,38.41808604346171,525.358
983,24,23,-48.428503498586196,51.579420026874814,523.103
984,24,24,-44.05385612765224,62.96095697674434,520.342
985,24,25,-38.712443291027164,72.62618691650013,517.243
986,24,26,-32.68767002794232,80.8726909429959,514.004
987,24,27,-26.190587476203795,88.04079689200586,510.84
988,24,28,-19.37365570337004,94.43520633259345,507.956
989,24,29,-12.348777967481599,100.30949686788459,505.536
990,24,30,-5.202146986995804,105.87513115458283,503.728
991,24,31,1.9944421315135803,111.31661992292693,502.625
992,24,32,9.174731003568729,116.8074499778352,502.266
993,24,33,16.27014410301589,122.52569801134821,502.626
994,24,34,23.201500327467578,128.66976735847652,503.627
995,24,35,29.86895682541019,135.47449358326344,505.141
996,24,36,36.13847967211869,143.22416281934332,507.008
997,24,37,41.824779495788974,152.25137795853905,509.046
998,24,38,46.67374252344529,162.89184279855678,511.077
999,24,39,50.35895059955816,175.3443568253789,512.935
1000,25,0,52.943504426774744,-154.16978685109888,515.126
1001,25,1,52.3829508015918,-139.31036880227762,516.078
1002,25,2,50.05165014351554,-125.38873572649915,516.604
1003,25,3,46.2395200771509,-113.13437914787744,516.744
1004,25,4,41.30479377918132,-102.68555575559193,516.585
1005,25,5,35.567096782006686,-93.81820119392036,516.245
1006,25,6,29.272216858004516,-86.19258868373542,515.863
1007,25,7,22.59844585017423,-79.48067789957979,515.58
1008,25,8,15.674549899843488,-73.40430938750467,515.523
1009,25,9,8.596617815803326,-67.73398879139764,515.793
1010,25,10,1.4410907273670006,-62.27513085199419,516.45
1011,25,11,-5.725431684972576,-56.85214506611165,517.506
1012,25,12,-12.838032955466076,-51.2927979685444,518.921
1013,25,13,-19.82570835849275,-45.412722263026275,520.61
1014,25,14,-26.60244617560827,-38.99964591543703,522.444
1015,25,15,-33.055762582692644,-31.798341831966223,524.266
1016,25,16,-39.03162827622562,-23.50236503776476,525.901
1017,25,17,-44.316435920104205,-13.771198159308959,527.18
1018,25,18,-48.62358394656551,-2.312802798256575,527.949
1019,25,19,-51.606604179771466,10.919634308190009,528.09
1020,25,20,-52.93369627512661,25.46153649929122,527.53
1021,25,21,-52.42365872904507,40.28207198871487,526.254
1022,25,22,-50.14662392392456,54.208421310115256,524.303
1023,25,23,-46.3825818044114,66.49729424970761,521.776
1024,25,24,-41.48451996190644,76.99209847548565,518.823
1025,25,25,-35.7706978909756,85.90514700270461,515.628
1026,25,26,-29.487494175359565,93.57127619504605,512.4
1027,25,27,-22.814349837385624,100.31770675526694,509.35
1028,25,28,-15.881368027911472,106.42332213736806,506.678
1029,25,29,-8.785969442616297,112.11890760321496,504.549
1030,25,30,-1.6059197339038045,117.60046226123036,503.085
1031,25,31,5.59076426020202,123.04502461470096,502.353
1032,25,32,12.73764027372429,128.62640931762527,502.36
1033,25,33,19.761957080327143,134.53086196829116,503.053
1034,25,34,26.575610362359292,140.9730280915555,504.329
1035,25,35,33.06361730023816,148.21133472485485,506.041
1036,25,36,39.06863424114874,156.55613200369626,508.017
1037,25,37,44.37280547132432,166.3517707452751,510.073
1038,25,38,48.68437604527321,177.8910201781748,512.037
1039,25,39,51.65220252267047,-168.78758012784175,513.758
1040,26,0,52.52379954756121,-152.5852785863043,514.491
1041,26,1,52.89588093278683,-137.6915456670929,515.655
1042,26,2,51.42386588362236,-123.17179292569641,516.393
1043,26,3,48.30826826353187,-110.03248971745117,516.718
1044,26,4,43.89088439896115,-98.6931940725036,516.696
1045,26,5,38.51918650355624,-89.0747714191299,516.43
1046,26,6,32.47678110712901,-80.87168007499874,516.051
1047,26,7,25.973703356846503,-73.74105137396464,515.701
1048,26,8,19.16115998055448,-67.37837499226092,515.516
1049,26,9,12.149726618273565,-61.53116615702889,515.612
1050,26,10,5.024258125157407,-55.98933849468272,516.071
1051,26,11,-2.1448036234495333,-50.56980195433104,516.929
1052,26,12,-9.292673856382864,-45.10055529720001,518.173
1053,26,13,-16.352400071190356,-39.40525328420365,519.739
1054,26,14,-23.246697396752847,-33.28757920312288,521.519
1055,26,15,-29.877979505303777,-26.51546200898087,523.367
1056,26,16,-36.11511701006266,-18.80816897405905,525.118
1057,26,17,-41.776554945154096,-9.83722434834047,526.595
1058,26,18,-46.61296067002135,0.7302686182146895,527.637
1059,26,19,-50.30310355780956,13.096027983437674,528.104
1060,26,20,-52.493715979361895,27.080696021292567,527.9
1061,26,21,-52.91012187720631,41.914716011685115,526.981
1062,26,22,-51.491952624363634,56.418093374546515,525.358
1063,26,23,-48.428503498586196,69.57942394286503,523.103
1064,26,24,-44.05385612765224,80.96096430782914,520.342
1065,26,25,-38.712443291027164,90.62619424758493,517.243
1066,26,26,-32.68767002794232,98.8726982740807,514.004
1067,26,27,-26.190587476203795,106.04080422309066,510.84
1068,26,28,-19.37365570337004,112.43521366367825,507.956
1069,26,29,-12.348777967481599,118.30950419896939,505.536
1070,26,30,-5.202146986995804,123.87513848566763,503.728
1071,26,31,1.9944421315135803,129.31662725401173,502.625
1072,26,32,9.174731003568729,134.80745730892,502.266
1073,26,33,16.27014410301589,140.525705342433,502.626
1074,26,34,23.201500327467578,146.6697746895613,503.627
1075,26,35,29.86895682541019,153.47450091434825,505.141
1076,26,36,36.13847967211869,161.2241701504281,507.008
1077,26,37,41.824779495788974,170.25138528962384,509.046
1078,26,38,46.67374252344529,-179.10815988827108,511.077
1079,26,39,50.35895059955816,-166.65563220107063,512.935
1080,27,0,52.943504426774744,-136.16979318039242,515.126
1081,27,1,52.3829508015918,-121.31037513157116,516.078
1082,27,2,50.05165014351554,-107.38874205579268,516.604
1083,27,3,46.2395200771509,-95.13438547717098,516.744
1084,27,4,41.30479377918132,-84.68556208488548,516.585
1085,27,5,35.567096782006686,-75.81820752321389,516.245
1086,27,6,29.272216858004516,-68.19259501302896,515.863
1087,27,7,22.59844585017423,-61.48068422887332,515.58
1088,27,8,15.674549899843488,-55.404319131892784,515.523
1089,27,9,8.596617815803326,-49.73399170559658,515.793
1090,27,10,1.4410907273670006,-44.275137181287725,516.45
1091,27,11,-5.725431684972576,-38.852151395405194,517.506
1092,27,12,-12.838032955466076,-33.29280429783794,518.921
1093,27,13,-19.82570835849275,-27.412726884772518,520.61
1094,27,14,-26.60244617560827,-20.99965224473057,522.444
1095,27,15,-33.055762582692644,-13.798346453712467,524.266
1096,27,16,-39.03162827622562,-5.502371793945123,525.901
1097,27,17,-44.316435920104205,4.228795511397505,527.18
1098,27,18,-48.62358394656551,15.687190872449888,527.949
1099,27,19,-51.606604179771466,28.919628832670117,528.09
1100,27,20,-52.93369627512661,43.46152846245039,527.53
1101,27,21,-52.42365872904507,58.282065659421335,526.254
1102,27,22,-50.14662392392456,72.20841156572713,524.303
1103,27,23,-46.3825818044114,84.49728792041408,521.776
1104,27,24,-41.48451996190644,94.9920921461921,518.823
1105,27,25,-35.7706978909756,103.90514067341108,515.628
1106,27,26,-29.487494175359565,111.57126986575251,512.4
1107,27,27,-22.814349837385624,118.3177004259734,509.35
1108,27,28,-15.881368027911472,124.42331580807452,506.678
1109,27,29,-8.785969442616297,130.11890127392144,504.549
1110,27,30,-1.6059197339038045,135.60045593193684,503.085
1111,27,31,5.59076426020202,141.04501828540742,502.353
1112,27,32,12.73764027372429,146.62640298833173,502.36
1113,27,33,19.761957080327143,152.53085563899762,503.053
1114,27,34,26.575610362359292,158.97302176226196,504.329
1115,27,35,33.06361730023816,166.2113283955613,506.041
1116,27,36,39.06863424114874,174.55612567440272,508.017
1117,27,37,44.37280547132432,-175.64823194155275,510.073
1118,27,38,48.68437604527321,-164.10898250865304,512.037
1119,27,39,51.65220252267047,-150.7875864571353,513.758
1120,28,0,52.52379954756121,-134.58529857597617,514.491
1121,28,1,52.89588093278683,-119.69156565676478,515.655
1122,28,2,51.42386588362236,-105.17181974555746,516.393
1123,28,3,48.30826826353187,-92.03250970712305,516.718
1124,28,4,43.89088439896115,-80.69321406217547,516.696
1125,28,5,38.51918650355624,-71.07479140880177,516.43
1126,28,6,32.47678110712901,-62.87170006467061,516.051
1127,28,7,25.973703356846503,-55.741067948541925,515.701
1128,28,8,19.16115998055448,-49.378398397027375,515.516
1129,28,9,12.149726618273565,-43.53118956179535,515.612
1130,28,10,5.024258125157407,-37.9893584843546,516.071
1131,28,11,-2.1448036234495333,-32.56982194400292,516.929
1132,28,12,-9.292673856382864,-27.100573579324596,518.173
1133,28,13,-16.352400071190356,-21.40527156632824,519.739
1134,28,14,-23.246697396752847,-15.287599192794755,521.519
1135,28,15,-29.877979505303777,-8.515482852426391,523.367
1136,28,16,-36.11511701006266,-0.8081894439786048,525.118
1137,28,17,-41.776554945154096,8.162755661987653,526.595
1138,28,18,-46.61296067002135,18.730248468460253,527.637
1139,28,19,-50.30310355780956,31.096007139992153,528.104
1140,28,20,-52.493715979361895,45.08067603162069,527.9
1141,28,21,-52.91012187720631,59.91469260691865,526.981
1142,28,22,-51.491952624363634,74.41807338487463,525.358
1143,28,23,-48.428503498586196,87.57940395319316,523.103
1144,28,24,-44.05385612765224,98.96094431815726,520.342
1145,28,25,-38.712443291027164,108.62617425791306,517.243
1146,28,26,-32.68767002794232,116.87267828440882,514.004
1147,28,27,-26.190587476203795,124.04078423341879,510.84
1148,28,28,-19.37365570337004,130.43519367400637,507.956
1149,28,29,-12.348777967481599,136.30948420929752,505.536
1150,28,30,-5.202146986995804,141.87511849599576,503.728
1151,28,31,1.9944421315135803,147.31660726433986,502.625
1152,28,32,9.174731003568729,152.80743731924812,502.266
1153,28,33,16.27014410301589,158.52568535276114,502.626
1154,28,34,23.201500327467578,164.66975469988944,503.627
1155,28,35,29.86895682541019,171.47448092467639,505.141
1156,28,36,36.13847967211869,179.22415016075624,507.008
1157,28,37,41.824779495788974,-171.7486447179607,509.046
1158,28,38,46.67374252344529,-161.10817987794297,511.077
1159,28,39,50.35895059955816,-148.65565219074253,512.935
1160,29,0,52.943504426774744,-118.1697858493076,515.126
1161,29,1,52.3829508015918,-103.31037463067554,516.078
1162,29,2,50.05165014351554,-89.38873472470787,516.604
1163,29,3,46.2395200771509,-77.13437814608618,516.744
1164,29,4,41.30479377918132,-66.68555475380067,516.585
1165,29,5,35.567096782006686,-57.81820019212909,516.245
1166,29,6,29.272216858004516,-50.19259109703875,515.863
1167,29,7,22.59844585017423,-43.48067689778852,515.58
1168,29,8,15.674549899843488,-37.40431180080798,515.523
1169,29,9,8.596617815803326,-31.733984374511778,515.793
1170,29,10,1.4410907273670006,-26.275129850202923,516.45
1171,29,11,-5.725431684972576,-20.85214577186768,517.506
1172,29,12,-12.838032955466076,-15.292796966753134,518.921
1173,29,13,-19.82570835849275,-9.41272040746136,520.61
1174,29,14,-26.60244617560827,-2.9996447002023534,522.444
1175,29,15,-33.055762582692644,4.201660877372336,524.266
1176,29,16,-39.03162827622562,12.497635110252858,525.901
1177,29,17,-44.316435920104205,22.22880284248231,527.18
1178,29,18,-48.62358394656551,33.6871964959874,527.949
1179,29,19,-51.606604179771466,46.91963616375492,528.09
1180,29,20,-52.93369627512661,61.46153920862978,527.53
1181,29,21,-52.42365872904507,76.28207299050614,526.254
1182,29,22,-50.14662392392456,90.20841889681193,524.303
1183,29,23,-46.3825818044114,102.49729525149888,521.776
1184,29,24,-41.48451996190644,112.99209947727691,518.823
1185,29,25,-35.7706978909756,121.90514800449589,515.628
1186,29,26,-29.487494175359565,129.57128402702648,512.4
1187,29,27,-22.814349837385624,136.3177077570582,509.35
1188,29,28,-15.881368027911472,142.42332313915932,506.678
1189,29,29,-8.785969442616297,148.11890860500623,504.549
1190,29,30,-1.6059197339038045,153.60046326302162,503.085
1191,29,31,5.59076426020202,159.04502561649224,502.353
1192,29,32,12.73764027372429,164.62641031941652,502.36
1193,29,33,19.761957080327143,170.53086297008244,503.053
1194,29,34,26.575610362359292,176.97302909334675,504.329
1195,29,35,33.06361730023816,-175.78866063088822,506.041
1196,29,36,39.06863424114874,-167.44387701242513,508.017
1197,29,37,44.37280547132432,-157.64822461046793,510.073
1198,29,38,48.68437604527321,-146.10897517756825,512.037
1199,29,39,51.65220252267047,-132.78757912605047,513.758
1200,30,0,52.52379954756121,-116.58529124489137,514.491
1201,30,1,52.89588093278683,-101.69155832567998,515.655
1202,30,2,51.42386588362236,-87.17181241447264,516.393
1203,30,3,48.30826826353187,-74.03250237603825,516.718
1204,30,4,43.89088439896115,-62.69320673109067,516.696
1205,30,5,38.51918650355624,-53.07478407771697,516.43
1206,30,6,32.47678110712901,-44.87169273358581,516.051
1207,30,7,25.973703356846503,-37.74106061745712,515.701
1208,30,8,19.16115998055448,-31.378391065942573,515.516
1209,30,9,12.149726618273565,-25.53118223071055,515.612
1210,30,10,5.024258125157407,-19.989352860817085,516.071
1211,30,11,-2.1448036234495333,-14.569812905370823,516.929
1212,30,12,-9.292673856382864,-9.100567102013438,518.173
1213,30,13,-16.352400071190356,-3.4052648755736694,519.739
1214,30,14,-23.246697396752847,2.7124081382900487,521.519
1215,30,15,-29.877979505303777,9.484524478658413,523.367
1216,30,16,-36.11511701006266,17.191818367353875,525.118
1217,30,17,-41.776554945154096,26.16276299307246,526.595
1218,30,18,-46.61296067002135,36.73025750709235,527.637
1219,30,19,-50.30310355780956,49.096014471076955,528.104
1220,30,20,-52.493715979361895,63.08068336270549,527.9
1221,30,21,-52.91012187720631,77.91469993800345,526.981
1222,30,22,-51.491952624363634,92.41808071595945,525.358
1223,30,23,-48.428503498586196,105.57941128427797,523.103
1224,30,24,-44.05385612765224,116.96095164924206,520.342
1225,30,25,-38.712443291027164,126.62617475880869,517.243
1226,30,26,-32.68767002794232,134.87268561549362,514.004
1227,30,27,-26.190587476203795,142.0407915645036,510.84
1228,30,28,-19.37365570337004,148.4352010050912,507.956
1229,30,29,-12.348777967481599,154.3094915403823,505.536
1230,30,30,-5.202146986995804,159.87512582708055,503.728
1231,30,31,1.9944421315135803,165.31661459542465,502.625
1232,30,32,9.174731003568729,170.80744465033294,502.266
1233,30,33,16.27014410301589,176.52569268384596,502.626
1234,30,34,23.201500327467578,-177.33024798693842,503.627
1235,30,35,29.86895682541019,-170.5255217621515,505.141
1236,30,36,36.13847967211869,-162.7758388656933,507.008
1237,30,37,41.824779495788974,-153.74863738687588,509.046
1238,30,38,46.67374252344529,-143.10817254685816,511.077
1239,30,39,50.35895059955816,-130.6556448596577,512.935
1240,31,0,52.943504426774744,-100.1697785182228,515.126
1241,31,1,52.3829508015918,-85.31036729959074,516.078
1242,31,2,50.05165014351554,-71.38872739362307,516.604
1243,31,3,46.2395200771509,-59.134370815001375,516.744
1244,31,4,41.30479377918132,-48.68554742271587,516.585
1245,31,5,35.567096782006686,-39.81819627613887,516.245
1246,31,6,29.272216858004516,-32.19258376595394,515.863
1247,31,7,22.59844585017423,-25.480667859156426,515.58
1248,31,8,15.674549899843488,-19.404302762175888,515.523
1249,31,9,8.596617815803326,-13.73397789720062,515.793
1250,31,10,1.4410907273670006,-8.275122519118119,516.45
1251,31,11,-5.725431684972576,-2.8521382273394655,517.506
1252,31,12,-12.838032955466076,2.707210364331669,518.921
1253,31,13,-19.82570835849275,8.587286923623443,520.61
1254,31,14,-26.60244617560827,15.000362417439039,522.444
1255,31,15,-33.055762582692644,22.20166820845714,524.266
1256,31,16,-39.03162827622562,30.497641587564015,525.901
1257,31,17,-44.316435920104205,40.22881017356711,527.18
1258,31,18,-48.62358394656551,51.6872038270722,527.949
1259,31,19,-51.606604179771466,64.91964349483973,528.09
1260,31,20,-52.93369627512661,79.46154653971459,527.53
1261,31,21,-52.42365872904507,94.28208032159094,526.254
1262,31,22,-50.14662392392456,108.20842622789674,524.303
1263,31,23,-46.3825818044114,120.4972957523945,521.776
1264,31,24,-41.48451996190644,130.99209997817255,518.823
1265,31,25,-35.7706978909756,139.90515533558067,515.628
1266,31,26,-29.487494175359565,147.5712913581113,512.4
1267,31,27,-22.814349837385624,154.31771508814302,509.35
1268,31,28,-15.881368027911472,160.42333047024414,506.678
1269,31,29,-8.785969442616297,166.11891593609104,504.549
1270,31,30,-1.6059197339038045,171.60047059410644,503.085
1271,31,31,5.59076426020202,177.04503294757703,502.353
1272,31,32,12.73764027372429,-177.37359236741133,502.36
1273,31,33,19.761957080327143,-171.4691260563671,503.053
1274,31,34,26.575610362359292,-165.02695993310277,504.329
1275,31,35,33.06361730023816,-157.7886532998034,506.041
1276,31,36,39.06863424114874,-149.44386968134032,508.017
1277,31,37,44.37280547132432,-139.64821727938315,510.073
1278,31,38,48.68437604527321,-128.10896784648344,512.037
1279,31,39,51.65220252267047,-114.78757179496567,513.758
1280,32,0,52.52379954756121,-98.58528391380656,514.491
1281,32,1,52.89588093278683,-83.69155099459518,515.655
1282,32,2,51.42386588362236,-69.17180508338784,516.393
1283,32,3,48.30826826353187,-56.03249504495344,516.718
1284,32,4,43.89088439896115,-44.69319940000587,516.696
1285,32,5,38.51918650355624,-35.07477674663217,516.43
1286,32,6,32.47678110712901,-26.871685402501004,516.051
1287,32,7,25.973703356846503,-19.74105499391961,515.701
1288,32,8,19.16115998055448,-13.37838373485777,515.516
1289,32,9,12.149726618273565,-7.531174899625745,515.612
1290,32,10,5.024258125157407,-1.9893448894020467,516.071
1291,32,11,-2.1448036234495333,3.430194425713981,516.929
1292,32,12,-9.292673856382864,8.899440229071365,518.173
1293,32,13,-16.352400071190356,14.594743095841368,519.739
1294,32,14,-23.246697396752847,20.712415469374854,521.519
1295,32,15,-29.877979505303777,27.484532663516863,523.367
1296,32,16,-36.11511701006266,35.19182569843868,525.118
1297,32,17,-41.776554945154096,44.16277032415726,526.595
1298,32,18,-46.61296067002135,54.730264838177156,527.637
1299,32,19,-50.30310355780956,67.09602180216176,528.104
1300,32,20,-52.493715979361895,81.0806906937903,527.9
1301,32,21,-52.91012187720631,95.91470726908825,526.981
1302,32,22,-51.491952624363634,110.41808804704425,525.358
1303,32,23,-48.428503498586196,123.57941861536277,523.103
1304,32,24,-44.05385612765224,134.96095898032686,520.342
1305,32,25,-38.712443291027164,144.6261820898935,517.243
1306,32,26,-32.68767002794232,152.87269294657844,514.004
1307,32,27,-26.190587476203795,160.04079889558838,510.84
1308,32,28,-19.37365570337004,166.435208336176,507.956
1309,32,29,-12.348777967481599,172.30949887146713,505.536
1310,32,30,-5.202146986995804,177.87513315816537,503.728
1311,32,31,1.9944421315135803,-176.68337443102487,502.625
1312,32,32,9.174731003568729,-171.1925443761166,502.266
1313,32,33,16.27014410301589,-165.47429634260357,502.626
1314,32,34,23.201500327467578,-159.33024065585363,503.627
1315,32,35,29.86895682541019,-152.52551443106668,505.141
1316,32,36,36.13847967211869,-144.77583153460847,507.008
1317,32,37,41.824779495788974,-135.7486300557911,509.046
1318,32,38,46.67374252344529,-125.10816521577335,511.077
1319,32,39,50.35895059955816,-112.65563752857291,512.935
1320,33,0,52.943504426774744,-82.169771187138,515.126
1321,33,1,52.3829508015918,-67.31035996850594,516.078
1322,33,2,50.05165014351554,-53.38871664744369,516.604
1323,33,3,46.2395200771509,-41.134360068821984,516.744
1324,33,4,41.30479377918132,-30.685540091631065,516.585
1325,33,5,35.567096782006686,-21.818188945054068,516.245
1326,33,6,29.272216858004516,-14.19257643486914,515.863
1327,33,7,22.59844585017423,-7.480661381845269,515.58
1328,33,8,15.674549899843488,-1.4042961781430245,515.523
1329,33,9,8.596617815803326,4.266029433884182,515.793
1330,33,10,1.4410907273670006,9.724884811966685,516.45
1331,33,11,-5.725431684972576,15.147868890301927,517.506
1332,33,12,-12.838032955466076,20.70721769541647,518.921
1333,33,13,-19.82570835849275,26.587295108481893,520.61
1334,33,14,-26.60244617560827,33.000369748523845,522.444
1335,33,15,-33.055762582692644,40.201673831994654,524.266
1336,33,16,-39.03162827622562,48.49764891864882,525.901
1337,33,17,-44.316435920104205,58.228817504651914,527.18
1338,33,18,-48.62358394656551,69.68721115815701,527.949
1339,33,19,-51.606604179771466,82.91965082592453,528.09
1340,33,20,-52.93369627512661,97.46155387079939,527.53
1341,33,21,-52.42365872904507,112.28208765267574,526.254
1342,33,22,-50.14662392392456,126.20844038917072,524.303
1343,33,23,-46.3825818044114,138.49730308347932,521.776
1344,33,24,-41.48451996190644,148.99210730925734,518.823
1345,33,25,-35.7706978909756,157.9051626666655,515.628
1346,33,26,-29.487494175359565,165.57129868919608,512.4
1347,33,27,-22.814349837385624,172.3177224192278,509.35
1348,33,28,-15.881368027911472,178.42333780132893,506.678
1349,33,29,-8.785969442616297,-175.88107309035848,504.549
1350,33,30,-1.6059197339038045,-170.3995184323431,503.085
1351,33,31,5.59076426020202,-164.95496973925083,502.353
1352,33,32,12.73764027372429,-159.37358503632652,502.36
1353,33,33,19.761957080327143,-153.46911872528227,503.053
1354,33,34,26.575610362359292,-147.02695260201796,504.329
1355,33,35,33.06361730023816,-139.7886459687186,506.041
1356,33,36,39.06863424114874,-131.44386235025553,508.017
1357,33,37,44.37280547132432,-121.64820994829834,510.073
1358,33,38,48.68437604527321,-110.10896051539864,512.037
1359,33,39,51.65220252267047,-96.78756446388087,513.758
1360,34,0,52.52379954756121,-80.58530390347845,514.491
1361,34,1,52.89588093278683,-65.69157098426706,515.655
1362,34,2,51.42386588362236,-51.17182165796513,516.393
1363,34,3,48.30826826353187,-38.03251503462532,516.718
1364,34,4,43.89088439896115,-26.693219389677743,516.696
1365,34,5,38.51918650355624,-17.074796736304044,516.43
1366,34,6,32.47678110712901,-8.871704538399236,516.051
1367,34,7,25.973703356846503,-1.7410747701480762,515.701
1368,34,8,19.16115998055448,4.621596702357176,515.516
1369,34,9,12.149726618273565,10.468805110702379,515.612
1370,34,10,5.024258125157407,16.010634480595844,516.071
1371,34,11,-2.1448036234495333,21.430174436042105,516.929
1372,34,12,-9.292673856382864,26.899421093173135,518.173
1373,34,13,-16.352400071190356,32.5947213986222,519.739
1374,34,14,-23.246697396752847,38.71239547970298,521.519
1375,34,15,-29.877979505303777,45.48451096629769,523.367
1376,34,16,-36.11511701006266,53.1918057087668,525.118
1377,34,17,-41.776554945154096,62.16275374957997,526.595
1378,34,18,-46.61296067002135,72.73024484850528,527.637
1379,34,19,-50.30310355780956,85.09600181248989,528.104
1380,34,20,-52.493715979361895,99.08067070411842,527.9
1381,34,21,-52.91012187720631,113.91468727941638,526.981
1382,34,22,-51.491952624363634,128.4180612271832,525.358
1383,34,23,-48.428503498586196,141.57939862569089,523.103
1384,34,24,-44.05385612765224,152.960938990655,520.342
1385,34,25,-38.712443291027164,162.62616210022162,517.243
1386,34,26,-32.68767002794232,170.87267295690654,514.004
1387,34,27,-26.190587476203795,178.0407789059165,510.84
1388,34,28,-19.37365570337004,-175.5648080110302,507.956
1389,34,29,-12.348777967481599,-169.69051747573909,505.536
1390,34,30,-5.202146986995804,-164.12488318904084,503.728
1391,34,31,1.9944421315135803,-158.68339442069674,502.625
1392,34,32,9.174731003568729,-153.19256436578846,502.266
1393,34,33,16.27014410301589,-147.47431633227546,502.626
1394,34,34,23.201500327467578,-141.3302606455255,503.627
1395,34,35,29.86895682541019,-134.52553442073855,505.141
1396,34,36,36.13847967211869,-126.77585152428036,507.008
1397,34,37,41.824779495788974,-117.74865004546297,509.046
1398,34,38,46.67374252344529,-107.10817837525606,511.077
1399,34,39,50.35895059955816,-94.6556575182448,512.935
1400,35,0,52.943504426774744,-64.16979117680988,515.126
1401,35,1,52.3829508015918,-49.31037654308322,516.078
1402,35,2,50.05165014351554,-35.388736637115564,516.604
1403,35,3,46.2395200771509,-23.134380058493864,516.744
1404,35,4,41.30479377918132,-12.685559227529296,516.585
1405,35,5,35.567096782006686,-3.8182080809522967,516.245
1406,35,6,29.272216858004516,3.807404002345806,515.863
1407,35,7,22.59844585017423,10.519318628482853,515.58
1408,35,8,15.674549899843488,16.59568457923704,515.523
1409,35,9,8.596617815803326,22.266010297985954,515.793
1410,35,10,1.4410907273670006,27.72486482229481,516.45
1411,35,11,-5.725431684972576,33.14785060817734,517.506
1412,35,12,-12.838032955466076,38.7071977057446,518.921
1413,35,13,-19.82570835849275,44.58727341126272,520.61
1414,35,14,-26.60244617560827,51.00034975885197,522.444
1415,35,15,-33.055762582692644,58.20165384232278,524.266
1416,35,16,-39.03162827622562,66.49762892897694,525.901
1417,35,17,-44.316435920104205,76.22879751498004,527.18
1418,35,18,-48.62358394656551,87.68719116848513,527.949
1419,35,19,-51.606604179771466,100.91963083625265,528.09
1420,35,20,-52.93369627512661,115.46153388112751,527.53
1421,35,21,-52.42365872904507,130.2820608328147,526.254
1422,35,22,-50.14662392392456,144.20842039949883,524.303
1423,35,23,-46.3825818044114,156.49728309380743,521.776
1424,35,24,-41.48451996190644,166.99208731958547,518.823
1425,35,25,-35.7706978909756,175.90514267699362,515.628
1426,35,26,-29.487494175359565,-176.42873131838846,512.4
1427,35,27,-22.814349837385624,-169.68229392797838,509.35
1428,35,28,-15.881368027911472,-163.5766785458773,506.678
1429,35,29,-8.785969442616297,-157.88109308003035,504.549
1430,35,30,-1.6059197339038045,-152.39953842201496,503.085
1431,35,31,5.59076426020202,-146.9549897289227,502.353
1432,35,32,12.73764027372429,-141.37360502599842,502.36
1433,35,33,19.761957080327143,-135.46913871495417,503.053
1434,35,34,26.575610362359292,-129.02697259168983,504.329
1435,35,35,33.06361730023816,-121.78866595839048,506.041
1436,35,36,39.06863424114874,-113.44387550973823,508.017
1437,35,37,44.37280547132432,-103.64822993797021,510.073
1438,35,38,48.68437604527321,-92.10898050507052,512.037
1439,35,39,51.65220252267047,-78.78758445355274,513.758
1440,36,0,52.52379954756121,-62.58529657239364,514.491
1441,36,1,52.89588093278683,-47.69156706827684,515.655
1442,36,2,51.42386588362236,-33.17181432688033,516.393
1443,36,3,48.30826826353187,-20.032507703540517,516.718
1444,36,4,43.89088439896115,-8.69321205859294,516.696
1445,36,5,38.51918650355624,0.9252109149458746,516.43
1446,36,6,32.47678110712901,9.128302792685567,516.051
1447,36,7,25.973703356846503,16.258932347493314,515.701
1448,36,8,19.16115998055448,22.621603606555155,515.516
1449,36,9,12.149726618273565,28.468812441787183,515.612
1450,36,10,5.024258125157407,34.01064351922794,516.071
1451,36,11,-2.1448036234495333,39.43018005957961,516.929
1452,36,12,-9.292673856382864,44.89942671671064,518.173
1453,36,13,-16.352400071190356,50.594728729707,519.739
1454,36,14,-23.246697396752847,56.71240281078778,521.519
1455,36,15,-29.877979505303777,63.48451829738249,523.367
1456,36,16,-36.11511701006266,71.19181303985161,525.118
1457,36,17,-41.776554945154096,80.16276108066477,526.595
1458,36,18,-46.61296067002135,90.73025217959008,527.637
1459,36,19,-50.30310355780956,103.09600914357469,528.104
1460,36,20,-52.493715979361895,117.08067120501406,527.9
1461,36,21,-52.91012187720631,131.9146946105012,526.981
1462,36,22,-51.491952624363634,146.418068558268,525.358
1463,36,23,-48.428503498586196,159.5794059567757,523.103
1464,36,24,-44.05385612765224,170.9609463217398,520.342
1465,36,25,-38.712443291027164,-179.3738269262279,517.243
1466,36,26,-32.68767002794232,-171.12731606954296,514.004
1467,36,27,-26.190587476203795,-163.95921012053302,510.84
1468,36,28,-19.37365570337004,-157.56480067994542,507.956
1469,36,29,-12.348777967481599,-151.6905101446543,505.536
1470,36,30,-5.202146986995804,-146.12487585795603,503.728
1471,36,31,1.9944421315135803,-140.68338708961193,502.625
1472,36,32,9.174731003568729,-135.19255703470367,502.266
1473,36,33,16.27014410301589,-129.47430900119065,502.626
1474,36,34,23.201500327467578,-123.3302533144407,503.627
1475,36,35,29.86895682541019,-116.52552708965375,505.141
1476,36,36,36.13847967211869,-108.77584419319555,507.008
1477,36,37,41.824779495788974,-99.74863588418899,509.046
1478,36,38,46.67374252344529,-89.10817104417126,511.077
1479,36,39,50.35895059955816,-76.65565018715999,512.935
1480,37,0,52.943504426774744,-46.16978384572507,515.126
1481,37,1,52.3829508015918,-31.310369211998417,516.078
1482,37,2,50.05165014351554,-17.388729306030758,516.604
1483,37,3,46.2395200771509,-5.1343735811827065,516.744
1484,37,4,41.30479377918132,5.314447676668684,516.585
1485,37,5,35.567096782006686,14.181799250132507,516.245
1486,37,6,29.272216858004516,21.807410906543787,515.863
1487,37,7,22.59844585017423,28.519326813341305,515.58
1488,37,8,15.674549899843488,34.59569020277455,515.523
1489,37,9,8.596617815803326,40.26601762907075,515.793
1490,37,10,1.4410907273670006,45.724872153379614,516.45
1491,37,11,-5.725431684972576,51.147857939262146,517.506
1492,37,12,-12.838032955466076,56.7072050368294,518.921
1493,37,13,-19.82570835849275,62.58728415744211,520.61
1494,37,14,-26.60244617560827,69.00036050503135,522.444
1495,37,15,-33.055762582692644,76.20166117340757,524.266
1496,37,16,-39.03162827622562,84.49763626006174,525.901
1497,37,17,-44.316435920104205,94.22880484606485,527.18
1498,37,18,-48.62358394656551,105.68719849956993,527.949
1499,37,19,-51.606604179771466,118.91963133714829,528.09
1500,37,20,-52.93369627512661,133.46154121221232,527.53
1501,37,21,-52.42365872904507,148.2820681638995,526.254
1502,37,22,-50.14662392392456,162.20842773058365,524.303
1503,37,23,-46.3825818044114,174.49729042489224,521.776
1504,37,24,-41.48451996190644,-175.00790170686406,518.823
1505,37,25,-35.7706978909756,-166.0948463494559,515.628
1506,37,26,-29.487494175359565,-158.42872398730364,512.4
1507,37,27,-22.814349837385624,-151.6822865968936,509.35
1508,37,28,-15.881368027911472,-145.57667121479247,506.678
1509,37,29,-8.785969442616297,-139.88108574894557,504.549
1510,37,30,-1.6059197339038045,-134.39953109093017,503.085
1511,37,31,5.59076426020202,-128.9549823978379,502.353
1512,37,32,12.73764027372429,-123.3735976949136,502.36
1513,37,33,19.761957080327143,-117.46913138386935,503.053
1514,37,34,26.575610362359292,-111.0269720907942,504.329
1515,37,35,33.06361730023816,-103.78865862730568,506.041
1516,37,36,39.06863424114874,-95.44386817865343,508.017
1517,37,37,44.37280547132432,-85.64822260688541,510.073
1518,37,38,48.68437604527321,-74.10897317398572,512.037
1519,37,39,51.65220252267047,-60.787577122467944,513.758
1520,38,0,52.52379954756121,-44.585289241308836,514.491
1521,38,1,52.89588093278683,-29.691559737192033,515.655
1522,38,2,51.42386588362236,-15.17180870334282,516.393
1523,38,3,48.30826826353187,-2.0325012262293605,516.718
1524,38,4,43.89088439896115,9.306795272491865,516.696
1525,38,5,38.51918650355624,18.92521792586556,516.43
1526,38,6,32.47678110712901,27.128309269996723,516.051
1527,38,7,25.973703356846503,34.258941386125414,515.701
1528,38,8,19.16115998055448,40.62161093763996,515.516
1529,38,9,12.149726618273565,46.46881977287199,515.612
1530,38,10,5.024258125157407,52.01065085031274,516.071
1531,38,11,-2.1448036234495333,57.430190805759004,516.929
1532,38,12,-9.292673856382864,62.899437462890035,518.173
1533,38,13,-16.352400071190356,68.5947360607918,519.739
1534,38,14,-23.246697396752847,74.71241355696716,521.519
1535,38,15,-29.877979505303777,81.4845256284673,523.367
1536,38,16,-36.11511701006266,89.19182037093641,525.118
1537,38,17,-41.776554945154096,98.16276841174958,526.595
1538,38,18,-46.61296067002135,108.73025951067488,527.637
1539,38,19,-50.30310355780956,121.09601647465949,528.104
1540,38,20,-52.493715979361895,135.08067853609884,527.9
1541,38,21,-52.91012187720631,149.914701941586,526.981
1542,38,22,-51.491952624363634,164.4180758893528,525.358
1543,38,23,-48.428503498586196,177.5794132878605,523.103
1544,38,24,-44.05385612765224,-171.03904270470971,520.342
1545,38,25,-38.712443291027164,-161.3738195951431,517.243
1546,38,26,-32.68767002794232,-153.12730873845817,514.004
1547,38,27,-26.190587476203795,-145.9592027894482,510.84
1548,38,28,-19.37365570337004,-139.5647933488606,507.956
1549,38,29,-12.348777967481599,-133.69050281356948,505.536
1550,38,30,-5.202146986995804,-128.12486852687124,503.728
1551,38,31,1.9944421315135803,-122.68337975852714,502.625
1552,38,32,9.174731003568729,-117.19254970361887,502.266
1553,38,33,16.27014410301589,-111.47430167010585,502.626
1554,38,34,23.201500327467578,-105.33023915316673,503.627
1555,38,35,29.86895682541019,-98.52551292837978,505.141
1556,38,36,36.13847967211869,-90.77583686211075,507.008
1557,38,37,41.824779495788974,-81.74862855310418,509.046
1558,38,38,46.67374252344529,-71.10816371308646,511.077
1559,38,39,50.35895059955816,-58.65564285607518,512.935
1560,39,0,52.943504426774744,-28.16977651464027,515.126
1561,39,1,52.3829508015918,-13.310363588460906,516.078
1562,39,2,50.05165014351554,0.6112779716931933,516.604
1563,39,3,46.2395200771509,12.865633749902097,516.744
1564,39,4,41.30479377918132,23.314454580866666,516.585
1565,39,5,35.567096782006686,32.18180572744367,516.245
1566,39,6,29.272216858004516,39.80741823762859,515.863
1567,39,7,22.59844585017423,46.51933243687881,515.58
1568,39,8,15.674549899843488,52.59569753385935,515.523
1569,39,9,8.596617815803326,58.26602154506097,515.793
1570,39,10,1.4410907273670006,63.72487948446442,516.45
1571,39,11,-5.725431684972576,69.14786527034695,517.506
1572,39,12,-12.838032955466076,74.70721578300879,518.921
1573,39,13,-19.82570835849275,80.58729148852692,520.61
1574,39,14,-26.60244617560827,87.00036783611615,522.444
1575,39,15,-33.055762582692644,94.20166850449237,524.266
1576,39,16,-39.03162827622562,102.49764359114654,525.901
1577,39,17,-44.316435920104205,112.22881217714965,527.18
1578,39,18,-48.62358394656551,123.68721266084391,527.949
1579,39,19,-51.606604179771466,136.9196386682331,528.09
1580,39,20,-52.93369627512661,151.4615485432971,527.53
1581,39,21,-52.42365872904507,166.2820754949843,526.254
1582,39,22,-50.14662392392456,-179.79157495624423,524.303
1583,39,23,-46.3825818044114,-167.50269860155728,521.776
1584,39,24,-41.48451996190644,-157.00789437577924,518.823
1585,39,25,-35.7706978909756,-148.09483901837112,515.628
1586,39,26,-29.487494175359565,-140.42871665621885,512.4
1587,39,27,-22.814349837385624,-133.68227926580877,509.35
1588,39,28,-15.881368027911472,-127.57666388370767,506.678
1589,39,29,-8.785969442616297,-121.88107841786075,504.549
1590,39,30,-1.6059197339038045,-116.39952375984537,503.085
1591,39,31,5.59076426020202,-110.95496823656393,502.353
1592,39,32,12.73764027372429,-105.37358353363963,502.36
1593,39,33,19.761957080327143,-99.46913088297373,503.053
1594,39,34,26.575610362359292,-93.0269647597094,504.329
1595,39,35,33.06361730023816,-85.78865129622088,506.041
1596,39,36,39.06863424114874,-77.44386084756863,508.017
1597,39,37,44.37280547132432,-67.64821527580061,510.073
1598,39,38,48.68437604527321,-56.10896584290091,512.037
1599,39,39,51.65220252267047,-42.78756979138314,513.758
