0,0,0,51.15376263779962,3.0973467142979776,516.447
1,0,1,47.875825081516275,16.046434917130465,516.73
2,0,2,43.336314019491134,27.184547340075316,516.675
3,0,3,37.87764391028987,36.62910582057905,516.39
4,0,4,31.7750235661398,44.69671353233384,516.007
5,0,5,25.231053473296434,51.728120075295166,515.669
6,0,6,18.391583783748928,58.02206767847563,515.51
7,0,7,11.36366661367983,63.82567941623547,515.644
8,0,8,4.230062084601719,69.34525773736031,516.147
9,0,9,-2.939816938828096,74.7618777869364,517.049
10,0,10,-10.081325917766616,80.2472778414545,518.332
11,0,11,-17.1267847211716,85.9792204042534,519.929
12,0,12,-23.99721565822677,92.15724945193499,521.724
13,0,13,-30.59200748113691,99.01827692605035,523.57
14,0,14,-36.77533334051985,106.84882926228151,525.299
15,0,15,-42.35893443982982,115.98122931469544,526.736
16,0,16,-47.0852067794252,126.74268412567076,527.72
17,0,17,-50.626226147064514,139.30655755672078,528.117
18,0,18,-52.63073298920693,153.43442136429863,527.835
19,0,19,-52.84179607984408,168.2924870356642,526.836
20,0,20,-51.22790092614552,-177.31192941958446,525.139
21,0,21,-48.001367373555695,-164.33764358168673,522.821
22,0,22,-43.503291654130436,-153.15614579713397,520.013
23,0,23,-38.07348250926706,-143.66488760572756,516.887
24,0,24,-31.98715216628747,-135.5544750984443,513.647
25,0,25,-25.44796320586311,-128.48625383585662,510.503
26,0,26,-18.603024242337717,-122.16114349458796,507.662
27,0,27,-11.560765382558888,-116.33090767944341,505.304
28,0,28,-4.405225274074458,-110.78779935662786,503.57
29,0,29,2.7927981841606293,-105.34934319227526,502.549
30,0,30,9.967172112394547,-99.8422914380882,502.271
31,0,31,17.04857905517495,-94.08713306230044,502.707
32,0,32,23.956103042065173,-87.88216574853232,503.772
33,0,33,30.58680970717853,-80.98763619653805,505.333
34,0,34,36.80188570091828,-73.1133706496188,507.228
35,0,35,42.40923195287779,-63.922954970394784,509.274
36,0,36,47.146377953631834,-53.08668568234572,511.293
37,0,37,50.68025977358849,-40.435157018582366,513.124
38,0,38,52.65670136843132,-26.223165770997465,514.639
39,0,39,52.821838267089305,-11.309711534331315,515.757
40,1,0,49.695380646218496,18.790413897311605,516.636
41,1,1,45.74114166398258,30.842163159488628,516.739
42,1,2,40.702859452911845,41.100700896592166,516.553
43,1,3,34.89261218637334,49.81311944713118,516.202
44,1,4,28.547984579551386,57.322014269684345,515.823
45,1,5,21.840848097625585,63.95069919880338,515.559
46,1,6,14.895578777834581,69.9714904616021,515.535
47,1,7,7.8055324995277555,75.60925154593569,515.846
48,1,8,0.6455995121899487,81.05566488067137,516.548
49,1,9,-6.518185701839745,86.48519398777877,517.646
50,1,10,-13.620622370187796,92.0706494834484,519.098
51,1,11,-20.589519875638814,97.9987209282642,520.81
52,1,12,-27.336537832128318,104.4857204132405,522.651
53,1,13,-33.74541702847259,111.79240407032086,524.46
54,1,14,-39.6564266607417,120.2306041860622,526.065
55,1,15,-44.8483027507731,130.1412496528857,527.294
56,1,16,-49.0263294660699,141.80121584917623,527.999
57,1,17,-51.84058938526318,155.21318020908836,528.064
58,1,18,-52.96873173047418,169.84479778871133,527.425
59,1,19,-52.2544886036822,-175.37976452603624,526.071
60,1,20,-49.79613959685453,-161.6097479894537,524.05
61,1,21,-45.88889573120288,-149.52137866804162,521.468
62,1,22,-40.88587778681692,-139.21645370118995,518.477
63,1,23,-35.09811208793152,-130.45877148702127,515.268
64,1,24,-28.763869783742564,-122.9100190955665,512.05
65,1,25,-22.05621249989255,-116.24744276778586,509.033
66,1,26,-15.100892556737872,-110.19793738971639,506.413
67,1,27,-7.99252600352978,-104.53526660547978,504.352
68,1,28,-0.8073745703941105,-99.06635462761807,502.967
69,1,29,6.387107114591208,-93.61528310386845,502.317
70,1,30,13.524173268918046,-88.0076226632071,502.404
71,1,31,20.529851343049582,-82.05479178265,503.168
72,1,32,27.313702802185674,-75.53796486156827,504.5
73,1,33,33.75684393495402,-68.19316874891925,506.25
74,1,34,39.69613396548157,-59.70461647861657,508.243
75,1,35,44.90598028321927,-49.727605478722616,510.298
76,1,36,49.08645903642811,-37.985256955758004,512.241
77,1,37,51.88318927511655,-24.484495013993822,513.927
78,1,38,52.973485542136515,-9.780061641402988,515.251
79,1,39,52.20773595881346,5.029310757595924,516.155
80,2,0,51.15376263779962,21.097347855523847,516.447
81,2,1,47.875825081516275,34.0464337104788,516.73
82,2,2,43.336314019491134,45.18454954851824,516.675
83,2,3,37.87764391028987,54.62910632147468,516.39
84,2,4,31.7750235661398,62.69671061813489,516.007
85,2,5,25.231053473296434,69.72812399128539,515.669
86,2,6,18.391583783748928,76.02206817937126,515.51
87,2,7,11.36366661367983,81.8256799171311,515.644
88,2,8,4.230062084601719,87.34525823825595,516.147
89,2,9,-2.939816938828096,92.76187828783203,517.049
90,2,10,-10.081325917766616,98.24727834235014,518.332
91,2,11,-17.1267847211716,103.97922090514903,519.929
92,2,12,-23.99721565822677,110.15724995283063,521.724
93,2,13,-30.59200748113691,117.01828425713515,523.57
94,2,14,-36.77533334051985,124.84882293298797,525.299
95,2,15,-42.35893443982982,133.98123664578026,526.736
96,2,16,-47.0852067794252,144.74269145675558,527.72
97,2,17,-50.626226147064514,157.30656488780556,528.117
98,2,18,-52.63073298920693,171.43442869538342,527.835
99,2,19,-52.84179607984408,-173.70751565116367,526.836
100,2,20,-51.22790092614552,-159.311935748878,525.139
101,2,21,-48.001367373555695,-146.33763625060192,522.821
102,2,22,-43.503291654130436,-135.1561521264275,520.013
103,2,23,-38.07348250926706,-125.66488027464275,516.887
104,2,24,-31.98715216628747,-117.55448142773784,513.647
105,2,25,-25.44796320586311,-110.48626016515014,510.503
106,2,26,-18.603024242337717,-104.16114982388149,507.662
107,2,27,-11.560765382558888,-98.33090034835861,505.304
108,2,28,-4.405225274074458,-92.78779885573223,503.57
109,2,29,2.7927981841606293,-87.34934269137962,502.549
110,2,30,9.967172112394547,-81.84229093719257,502.271
111,2,31,17.04857905517495,-76.0871325614048,502.707
112,2,32,23.956103042065173,-69.88216524763668,503.772
113,2,33,30.58680970717853,-62.98763569564241,505.333
114,2,34,36.80188570091828,-55.11337356381775,507.228
115,2,35,42.40923195287779,-45.92295446949915,509.274
116,2,36,47.146377953631834,-35.086685181450086,511.293
117,2,37,50.68025977358849,-22.43515481013944,513.124
118,2,38,52.65670136843132,-8.223166123875478,514.639
119,2,39,52.821838267089305,6.690289393451142,515.757
120,3,0,49.695380646218496,36.79041439820724,516.636
121,3,1,45.74114166398258,48.84216366038426,516.739
122,3,2,40.702859452911845,59.100697982393214,516.553
123,3,3,34.89261218637334,67.81312336312139,516.202
124,3,4,28.547984579551386,75.32201477057997,515.823
125,3,5,21.840848097625585,81.95069969969902,515.559
126,3,6,14.895578777834581,87.97149096249774,515.535
127,3,7,7.8055324995277555,93.60925204683133,515.846
128,3,8,0.6455995121899487,99.055665381567,516.548
129,3,9,-6.518185701839745,104.48519448867441,517.646
130,3,10,-13.620622370187796,110.07064998434403,519.098
131,3,11,-20.589519875638814,115.99871459897068,520.81
132,3,12,-27.336537832128318,122.48571408394696,522.651
133,3,13,-33.74541702847259,129.79240457121648,524.46
134,3,14,-39.6564266607417,138.23059785676867,526.065
135,3,15,-44.8483027507731,148.14125698397052,527.294
136,3,16,-49.0263294660699,159.8012095198827,527.999
137,3,17,-51.84058938526318,173.21318754017315,528.064
138,3,18,-52.96873173047418,-172.15520489811652,527.425
139,3,19,-52.2544886036822,-157.37977085532975,526.071
140,3,20,-49.79613959685453,-143.60974065836888,524.05
141,3,21,-45.88889573120288,-131.52138499733516,521.468
142,3,22,-40.88587778681692,-121.21644637010516,518.477
143,3,23,-35.09811208793152,-112.45877098612563,515.268
144,3,24,-28.763869783742564,-104.91001859467086,512.05
145,3,25,-22.05621249989255,-98.24744226689022,509.033
146,3,26,-15.100892556737872,-92.19793688882076,506.413
147,3,27,-7.99252600352978,-86.53526610458414,504.352
148,3,28,-0.8073745703941105,-81.06635412672244,502.967
149,3,29,6.387107114591208,-75.61528260297281,502.317
150,3,30,13.524173268918046,-70.00762216231148,502.404
151,3,31,20.529851343049582,-64.05479128175438,503.168
152,3,32,27.313702802185674,-57.53796436067263,504.5
153,3,33,33.75684393495402,-50.19316824802361,506.25
154,3,34,39.69613396548157,-41.704615977720934,508.243
155,3,35,44.90598028321927,-31.727604977826985,510.298
156,3,36,49.08645903642811,-19.98525645486237,512.241
157,3,37,51.88318927511655,-6.484493659324542,513.927
158,3,38,52.973485542136515,8.219938859492647,515.251
159,3,39,52.20773595881346,23.029311258491557,516.155
160,4,0,51.15376263779962,39.09734835641948,516.447
161,4,1,47.875825081516275,52.04643421137444,516.73
162,4,2,43.336314019491134,63.18455004941388,516.675
163,4,3,37.87764391028987,72.6291102374649,516.39
164,4,4,31.7750235661398,80.69671111903052,516.007
165,4,5,25.231053473296434,87.72812449218101,515.669
166,4,6,18.391583783748928,94.0220686802669,515.51
167,4,7,11.36366661367983,99.82568041802674,515.644
168,4,8,4.230062084601719,105.34525873915159,516.147
169,4,9,-2.939816938828096,110.76187878872767,517.049
170,4,10,-10.081325917766616,116.24727884324578,518.332
171,4,11,-17.1267847211716,121.97922823623384,519.929
172,4,12,-23.99721565822677,128.15724362353708,521.724
173,4,13,-30.59200748113691,135.0182779278416,523.57
174,4,14,-36.77533334051985,142.84883026407277,525.299
175,4,15,-42.35893443982982,151.98123031648672,526.736
176,4,16,-47.0852067794252,162.74268512746204,527.72
177,4,17,-50.626226147064514,175.30655855851202,528.117
178,4,18,-52.63073298920693,-170.56557399144444,527.835
179,4,19,-52.84179607984408,-155.70752198045722,526.836
180,4,20,-51.22790092614552,-141.31192841779318,525.139
181,4,21,-48.001367373555695,-128.33764257989546,522.821
182,4,22,-43.503291654130436,-117.1561447953427,520.013
183,4,23,-38.07348250926706,-107.6648866039363,516.887
184,4,24,-31.98715216628747,-99.5544809268422,513.647
185,4,25,-25.44796320586311,-92.4862596642545,510.503
186,4,26,-18.603024242337717,-86.16114932298586,507.662
187,4,27,-11.560765382558888,-80.33089984746297,505.304
188,4,28,-4.405225274074458,-74.7877983548366,503.57
189,4,29,2.7927981841606293,-69.34934219048398,502.549
190,4,30,9.967172112394547,-63.842290436296935,502.271
191,4,31,17.04857905517495,-58.08713206050917,502.707
192,4,32,23.956103042065173,-51.88216816183563,503.772
193,4,33,30.58680970717853,-44.98763177965219,505.333
194,4,34,36.80188570091828,-37.11337306292212,507.228
195,4,35,42.40923195287779,-27.92295396860352,509.274
196,4,36,47.146377953631834,-17.086684680554452,511.293
197,4,37,50.68025977358849,-4.43515473613063,513.124
198,4,38,52.65670136843132,9.776834377020156,514.639
199,4,39,52.821838267089305,24.690290321233597,515.757
200,5,0,49.695380646218496,54.79041489910287,516.636
201,5,1,45.74114166398258,66.8421641612799,516.739
202,5,2,40.702859452911845,77.10069848328885,516.553
203,5,3,34.89261218637334,85.81312386401703,516.202
204,5,4,28.547984579551386,93.3220152714756,515.823
205,5,5,21.840848097625585,99.95070020059464,515.559
206,5,6,14.895578777834581,105.97149146339338,515.535
207,5,7,7.8055324995277555,111.60925254772695,515.846
208,5,8,0.6455995121899487,117.05565905227347,516.548
209,5,9,-6.518185701839745,122.48519498957005,517.646
210,5,10,-13.620622370187796,128.07065048523967,519.098
211,5,11,-20.589519875638814,133.99872193005547,520.81
212,5,12,-27.336537832128318,140.48572141503178,522.651
213,5,13,-33.74541702847259,147.79239824192294,524.46
214,5,14,-39.6564266607417,156.23060518785346,526.065
215,5,15,-44.8483027507731,166.14125065467698,527.294
216,5,16,-49.0263294660699,177.80121685096748,527.999
217,5,17,-51.84058938526318,-168.7868151466547,528.064
218,5,18,-52.96873173047418,-154.15519756703173,527.425
219,5,19,-52.2544886036822,-139.37976352424496,526.071
220,5,20,-49.79613959685453,-125.60974698766242,524.05
221,5,21,-45.88889573120288,-113.52137766625037,521.468
222,5,22,-40.88587778681692,-103.21644586920952,518.477
223,5,23,-35.09811208793152,-94.45877048523,515.268
224,5,24,-28.763869783742564,-86.91001809377522,512.05
225,5,25,-22.05621249989255,-80.2474417659946,509.033
226,5,26,-15.100892556737872,-74.19793638792513,506.413
227,5,27,-7.99252600352978,-68.5352656036885,504.352
228,5,28,-0.8073745703941105,-63.06635362582681,502.967
229,5,29,6.387107114591208,-57.61528210207718,502.317
230,5,30,13.524173268918046,-52.00762166141584,502.404
231,5,31,20.529851343049582,-46.054787365764156,503.168
232,5,32,27.313702802185674,-39.53796727487158,504.5
233,5,33,33.75684393495402,-32.19316774712798,506.25
234,5,34,39.69613396548157,-23.704615476825303,508.243
235,5,35,44.90598028321927,-13.727605330704998,510.298
236,5,36,49.08645903642811,-1.985255527079913,512.241
237,5,37,51.88318927511655,11.515506841571092,513.927
238,5,38,52.973485542136515,26.219940214161927,515.251
239,5,39,52.20773595881346,41.02931175938719,516.155
240,6,0,51.15376263779962,57.09734885731511,516.447
241,6,1,47.875825081516275,70.04643812736465,516.73
242,6,2,43.336314019491134,81.18455055030951,516.675
243,6,3,37.87764391028987,90.62911073836054,516.39
244,6,4,31.7750235661398,98.69671161992615,516.007
245,6,5,25.231053473296434,105.72812499307665,515.669
246,6,6,18.391583783748928,112.02206918116254,515.51
247,6,7,11.36366661367983,117.82568091892236,515.644
248,6,8,4.230062084601719,123.34525240985805,516.147
249,6,9,-2.939816938828096,128.7618792896233,517.049
250,6,10,-10.081325917766616,134.24727251395225,518.332
251,6,11,-17.1267847211716,139.9792219069403,519.929
252,6,12,-23.99721565822677,146.1572509546219,521.724
253,6,13,-30.59200748113691,153.01828525892643,523.57
254,6,14,-36.77533334051985,160.84882393477923,525.299
255,6,15,-42.35893443982982,169.9812376475715,526.736
256,6,16,-47.0852067794252,-179.25731755936582,527.72
257,6,17,-50.626226147064514,-166.69344412831583,528.117
258,6,18,-52.63073298920693,-152.56556666035965,527.835
259,6,19,-52.84179607984408,-137.7075146493724,526.836
260,6,20,-51.22790092614552,-123.31193474708672,525.139
261,6,21,-48.001367373555695,-110.33764207899983,522.821
262,6,22,-43.503291654130436,-99.15614429444706,520.013
263,6,23,-38.07348250926706,-89.66488610304066,516.887
264,6,24,-31.98715216628747,-81.55448042594656,513.647
265,6,25,-25.44796320586311,-74.48625916335888,510.503
266,6,26,-18.603024242337717,-68.16114882209023,507.662
267,6,27,-11.560765382558888,-62.33089934656734,505.304
268,6,28,-4.405225274074458,-56.787797853940965,503.57
269,6,29,2.7927981841606293,-51.34933827449377,502.549
270,6,30,9.967172112394547,-45.842293350495886,502.271
271,6,31,17.04857905517495,-40.08713155961354,502.707
272,6,32,23.956103042065173,-33.88216766094,503.772
273,6,33,30.58680970717853,-26.987631278756556,505.333
274,6,34,36.80188570091828,-19.113370854479193,507.228
275,6,35,42.40923195287779,-9.922953467707885,509.274
276,6,36,47.146377953631834,0.9133162472280032,511.293
277,6,37,50.68025977358849,13.56484533787818,513.124
278,6,38,52.65670136843132,27.776835731689435,514.639
279,6,39,52.821838267089305,42.690290822129235,515.757
280,7,0,49.695380646218496,72.79041198490393,516.636
281,7,1,45.74114166398258,84.84216466217553,516.739
282,7,2,40.702859452911845,95.10069898418448,516.553
283,7,3,34.89261218637334,103.81311753472349,516.202
284,7,4,28.547984579551386,111.32200894218207,515.823
285,7,5,21.840848097625585,117.95070070149028,515.559
286,7,6,14.895578777834581,123.97148513409984,515.535
287,7,7,7.8055324995277555,129.6092462184334,515.846
288,7,8,0.6455995121899487,135.05566638335827,516.548
289,7,9,-6.518185701839745,140.4851886602765,517.646
290,7,10,-13.620622370187796,146.07064415594613,519.098
291,7,11,-20.589519875638814,151.99871560076193,520.81
292,7,12,-27.336537832128318,158.48571508573824,522.651
293,7,13,-33.74541702847259,165.79240557300776,524.46
294,7,14,-39.6564266607417,174.23059885855992,526.065
295,7,15,-44.8483027507731,-175.85875203215087,527.294
296,7,16,-49.0263294660699,-164.19878583586038,527.999
297,7,17,-51.84058938526318,-150.78682147594824,528.064
298,7,18,-52.96873173047418,-136.15520389632528,527.425
299,7,19,-52.2544886036822,-121.3797698535385,526.071
300,7,20,-49.79613959685453,-107.60974648676678,524.05
301,7,21,-45.88889573120288,-95.5213839955439,521.468
302,7,22,-40.88587778681692,-85.21645219850306,518.477
303,7,23,-35.09811208793152,-76.45876998433437,515.268
304,7,24,-28.763869783742564,-68.9100175928796,512.05
305,7,25,-22.05621249989255,-62.24744809528813,509.033
306,7,26,-15.100892556737872,-56.19793930212408,506.413
307,7,27,-7.99252600352978,-50.53526510279287,504.352
308,7,28,-0.8073745703941105,-45.06635312493117,502.967
309,7,29,6.387107114591208,-39.61528160118154,502.317
310,7,30,13.524173268918046,-34.00762457561479,502.404
311,7,31,20.529851343049582,-28.054790279963104,503.168
312,7,32,27.313702802185674,-21.53797018907054,504.5
313,7,33,33.75684393495402,-14.193169807553286,506.25
314,7,34,39.69613396548157,-5.704617964137432,508.243
315,7,35,44.90598028321927,4.272391328209227,510.298
316,7,36,49.08645903642811,16.014741131834313,512.241
317,7,37,51.88318927511655,29.515504781145786,513.927
318,7,38,52.973485542136515,44.21993559241568,515.251
319,7,39,52.20773595881346,59.02930884518824,516.155
320,8,0,51.15376263779962,75.09734935821075,516.447
321,8,1,47.875825081516275,88.04643862826029,516.73
322,8,2,43.336314019491134,99.18455105120515,516.675
323,8,3,37.87764391028987,108.62911123925616,516.39
324,8,4,31.7750235661398,116.69671895101095,516.007
325,8,5,25.231053473296434,123.72812549397229,515.669
326,8,6,18.391583783748928,130.02206285186898,515.51
327,8,7,11.36366661367983,135.82567458962882,515.644
328,8,8,4.230062084601719,141.34525974094285,516.147
329,8,9,-2.939816938828096,146.7618866207081,517.049
330,8,10,-10.081325917766616,152.24727984503704,518.332
331,8,11,-17.1267847211716,157.9792292380251,519.929
332,8,12,-23.99721565822677,164.15724462532836,521.724
333,8,13,-30.59200748113691,171.01827892963288,523.57
334,8,14,-36.77533334051985,178.84883126586405,525.299
335,8,15,-42.35893443982982,-172.01876503925635,526.736
336,8,16,-47.0852067794252,-161.25731022828103,527.72
337,8,17,-50.626226147064514,-148.69343679723102,528.117
338,8,18,-52.63073298920693,-134.56557298965316,527.835
339,8,19,-52.84179607984408,-119.70752097866594,526.836
340,8,20,-51.22790092614552,-105.31192741600192,525.139
341,8,21,-48.001367373555695,-92.3376415781042,522.821
342,8,22,-43.503291654130436,-81.15614379355142,520.013
343,8,23,-38.07348250926706,-71.66488560214503,516.887
344,8,24,-31.98715216628747,-63.554479925050934,513.647
345,8,25,-25.44796320586311,-56.48625866246324,510.503
346,8,26,-18.603024242337717,-50.161144906100006,507.662
347,8,27,-11.560765382558888,-44.33089884567171,505.304
348,8,28,-4.405225274074458,-38.787797353045335,503.57
349,8,29,2.7927981841606293,-33.34933777359814,502.549
350,8,30,9.967172112394547,-27.842292849600252,502.271
351,8,31,17.04857905517495,-22.087131058717905,502.707
352,8,32,23.956103042065173,-15.882165452497071,503.772
353,8,33,30.58680970717853,-8.987630777860923,505.333
354,8,34,36.80188570091828,-1.1133704603052668,507.228
355,8,35,42.40923195287779,8.077047033187748,509.274
356,8,36,47.146377953631834,18.913316321236813,511.293
357,8,37,50.68025977358849,31.564844985000168,513.124
358,8,38,52.65670136843132,45.77683623258507,514.639
359,8,39,52.821838267089305,60.690287907930276,515.757
360,9,0,49.695380646218496,90.79041248579955,516.636
361,9,1,45.74114166398258,102.84216516307116,516.739
362,9,2,40.702859452911845,113.10069948508011,516.553
363,9,3,34.89261218637334,121.81311803561913,516.202
364,9,4,28.547984579551386,129.32200944307772,515.823
365,9,5,21.840848097625585,135.95069437219675,515.559
366,9,6,14.895578777834581,141.97149246518464,515.535
367,9,7,7.8055324995277555,147.60925354951823,515.846
368,9,8,0.6455995121899487,153.05566005406473,516.548
369,9,9,-6.518185701839745,158.4851959913613,517.646
370,9,10,-13.620622370187796,164.07065148703094,519.098
371,9,11,-20.589519875638814,169.99872293184674,520.81
372,9,12,-27.336537832128318,176.48572241682302,522.651
373,9,13,-33.74541702847259,-176.2075971138201,524.46
374,9,14,-39.6564266607417,-167.76940382826794,526.065
375,9,15,-44.8483027507731,-157.8587447010661,527.294
376,9,16,-49.0263294660699,-146.19879216515392,527.999
377,9,17,-51.84058938526318,-132.78681414486343,528.064
378,9,18,-52.96873173047418,-118.1552102256188,527.425
379,9,19,-52.2544886036822,-103.37976935264287,526.071
380,9,20,-49.79613959685453,-89.60974598587114,524.05
381,9,21,-45.88889573120288,-77.52138349464828,521.468
382,9,22,-40.88587778681692,-67.21645169760743,518.477
383,9,23,-35.09811208793152,-58.458769483438736,515.268
384,9,24,-28.763869783742564,-50.91002050707855,512.05
385,9,25,-22.05621249989255,-44.24744759439249,509.033
386,9,26,-15.100892556737872,-38.197938801228446,506.413
387,9,27,-7.99252600352978,-32.53526460189724,504.352
388,9,28,-0.8073745703941105,-27.066354331582833,502.967
389,9,29,6.387107114591208,-21.615281100285912,502.317
390,9,30,13.524173268918046,-16.00762578226645,502.404
391,9,31,20.529851343049582,-10.054790632841117,503.168
392,9,32,27.313702802185674,-3.537969474731493,504.5
393,9,33,33.75684393495402,3.806830693342348,506.25
394,9,34,39.69613396548157,12.295382963645025,508.243
395,9,35,44.90598028321927,22.272391402218037,510.298
396,9,36,49.08645903642811,34.014741632729944,512.241
397,9,37,51.88318927511655,47.51550528204142,513.927
398,9,38,52.973485542136515,62.21993609331132,515.251
399,9,39,52.20773595881346,77.02930934608388,516.155
400,10,0,51.15376263779962,93.09734985910637,516.447
401,10,1,47.875825081516275,106.04643912915593,516.73
402,10,2,43.336314019491134,117.1845447219116,516.675
403,10,3,37.87764391028987,126.6291117401518,516.39
404,10,4,31.7750235661398,134.6967126217174,516.007
405,10,5,25.231053473296434,141.72811916467876,515.669
406,10,6,18.391583783748928,148.0220701829538,515.51
407,10,7,11.36366661367983,153.82568192071363,515.644
408,10,8,4.230062084601719,159.3452534116493,516.147
409,10,9,-2.939816938828096,164.76188029141457,517.049
410,10,10,-10.081325917766616,170.2472735157435,518.332
411,10,11,-17.1267847211716,175.97922290873157,519.929
412,10,12,-23.99721565822677,-177.84274440112117,521.724
413,10,13,-30.59200748113691,-170.98172375719497,523.57
414,10,14,-36.77533334051985,-163.1511714209638,525.299
415,10,15,-42.35893443982982,-154.0187713685499,526.736
416,10,16,-47.0852067794252,-143.25731655757457,527.72
417,10,17,-50.626226147064514,-130.69344312652456,528.117
418,10,18,-52.63073298920693,-116.56556565856837,527.835
419,10,19,-52.84179607984408,-101.70751364758114,526.836
420,10,20,-51.22790092614552,-87.31192691510628,525.139
421,10,21,-48.001367373555695,-74.33764107720857,522.821
422,10,22,-43.503291654130436,-63.15614329265579,520.013
423,10,23,-38.07348250926706,-53.664885101249396,516.887
424,10,24,-31.98715216628747,-45.55447600906072,513.647
425,10,25,-25.44796320586311,-38.486258161567605,510.503
426,10,26,-18.603024242337717,-32.161144405204375,507.662
427,10,27,-11.560765382558888,-26.330898344776077,505.304
428,10,28,-4.405225274074458,-20.78779855969699,503.57
429,10,29,2.7927981841606293,-15.349338980249792,502.549
430,10,30,9.967172112394547,-9.84229234870462,502.271
431,10,31,17.04857905517495,-4.087130130935447,502.707
432,10,32,23.956103042065173,2.1178344080683265,503.772
433,10,33,30.58680970717853,9.012369723034709,505.333
434,10,34,36.80188570091828,16.886630147312072,507.228
435,10,35,42.40923195287779,26.07704753408338,509.274
436,10,36,47.146377953631834,36.913316822132444,511.293
437,10,37,50.68025977358849,49.5648454858958,513.124
438,10,38,52.65670136843132,63.7768367334807,514.639
439,10,39,52.821838267089305,78.69028840882591,515.757
440,11,0,49.695380646218496,108.79041298669519,516.636
441,11,1,45.74114166398258,120.8421656639668,516.739
442,11,2,40.702859452911845,131.10069998597575,516.553
443,11,3,34.89261218637334,139.81312536670393,516.202
444,11,4,28.547984579551386,147.3220167741625,515.823
445,11,5,21.840848097625585,153.95070170328154,515.559
446,11,6,14.895578777834581,159.9714861358911,515.535
447,11,7,7.8055324995277555,165.6092472202247,515.846
448,11,8,0.6455995121899487,171.05566738514955,516.548
449,11,9,-6.518185701839745,176.48518966206777,517.646
450,11,10,-13.620622370187796,-177.92935119979694,519.098
451,11,11,-20.589519875638814,-172.0012797549811,520.81
452,11,12,-27.336537832128318,-165.51428027000483,522.651
453,11,13,-33.74541702847259,-158.20760344311364,524.46
454,11,14,-39.6564266607417,-149.76939649718312,526.065
455,11,15,-44.8483027507731,-139.85875103035963,527.294
456,11,16,-49.0263294660699,-128.1987848340691,527.999
457,11,17,-51.84058938526318,-114.78682047415697,528.064
458,11,18,-52.96873173047418,-100.155202894534,527.425
459,11,19,-52.2544886036822,-85.37976885174723,526.071
460,11,20,-49.79613959685453,-71.60974548497552,524.05
461,11,21,-45.88889573120288,-59.52138299375264,521.468
462,11,22,-40.88587778681692,-49.216447781617205,518.477
463,11,23,-35.09811208793152,-40.45877239763769,515.268
464,11,24,-28.763869783742564,-32.91002000618291,512.05
465,11,25,-22.05621249989255,-26.247445385949568,509.033
466,11,26,-15.100892556737872,-20.19793659278552,506.413
467,11,27,-7.99252600352978,-14.535265808548898,504.352
468,11,28,-0.8073745703941105,-9.066352976913551,502.967
469,11,29,6.387107114591208,-3.6152814531639255,502.317
470,11,30,13.524173268918046,1.992374718629182,502.404
471,11,31,20.529851343049582,7.9452098680545165,503.168
472,11,32,27.313702802185674,14.462030812720728,504.5
473,11,33,33.75684393495402,21.806830340464334,506.25
474,11,34,39.69613396548157,30.29538261076701,508.243
475,11,35,44.90598028321927,40.27239361066096,510.298
476,11,36,49.08645903642811,52.01474213362558,512.241
477,11,37,51.88318927511655,65.51550236784247,513.927
478,11,38,52.973485542136515,80.21993659420694,515.251
479,11,39,52.20773595881346,95.0293098469795,516.155
480,12,0,51.15376263779962,111.09735036000201,516.447
481,12,1,47.875825081516275,124.04643963005155,516.73
482,12,2,43.336314019491134,135.18455205299642,516.675
483,12,3,37.87764391028987,144.62910541085827,516.39
484,12,4,31.7750235661398,152.69671995280223,516.007
485,12,5,25.231053473296434,159.72812649576355,515.669
486,12,6,18.391583783748928,166.02206385366026,515.51
487,12,7,11.36366661367983,171.8256755914201,515.644
488,12,8,4.230062084601719,177.34526074273413,516.147
489,12,9,-2.939816938828096,-177.23812239541328,517.049
490,12,10,-10.081325917766616,-171.75271551070603,518.332
491,12,11,-17.1267847211716,-166.02077977809628,519.929
492,12,12,-23.99721565822677,-159.8427507304147,521.724
493,12,13,-30.59200748113691,-152.98171642611018,523.57
494,12,14,-36.77533334051985,-145.15116408987902,525.299
495,12,15,-42.35893443982982,-136.01876403746508,526.736
496,12,16,-47.0852067794252,-125.25730922648975,527.72
497,12,17,-50.626226147064514,-112.69343579543977,528.117
498,12,18,-52.63073298920693,-98.5655719878619,527.835
499,12,19,-52.84179607984408,-83.7075131466855,526.836
500,12,20,-51.22790092614552,-69.31192641421066,525.139
501,12,21,-48.001367373555695,-56.337640576312936,522.821
502,12,22,-43.503291654130436,-45.15614279176016,520.013
503,12,23,-38.07348250926706,-35.66488460035376,516.887
504,12,24,-31.98715216628747,-27.554477215712378,513.647
505,12,25,-25.44796320586311,-20.486255953124683,510.503
506,12,26,-18.603024242337717,-14.161145611856034,507.662
507,12,27,-11.560765382558888,-8.330898697654089,505.304
508,12,28,-4.405225274074458,-2.7877978453579453,503.57
509,12,29,2.7927981841606293,2.650661947532664,502.549
510,12,30,9.967172112394547,8.157708152191015,502.271
511,12,31,17.04857905517495,13.91287079684701,502.707
512,12,32,23.956103042065173,20.117835549294195,503.772
513,12,33,30.58680970717853,27.012370223930343,505.333
514,12,34,36.80188570091828,34.886628940660415,507.228
515,12,35,42.40923195287779,44.077048034979015,509.274
516,12,36,47.146377953631834,54.91331732302808,511.293
517,12,37,50.68025977358849,67.56484598679144,513.124
518,12,38,52.65670136843132,81.77683723437633,514.639
519,12,39,52.821838267089305,96.69028890972154,515.757
520,13,0,49.695380646218496,126.79042714796915,516.636
521,13,1,45.74114166398258,138.84217299505158,516.739
522,13,2,40.702859452911845,149.10070731706054,516.553
523,13,3,34.89261218637334,157.81313269778875,516.202
524,13,4,28.547984579551386,165.32202410524732,515.823
525,13,5,21.840848097625585,171.95070903436635,515.559
526,13,6,14.895578777834581,177.97149346697591,515.535
527,13,7,7.8055324995277555,-176.39074180622484,515.846
528,13,8,0.6455995121899487,-170.94433530167834,516.548
529,13,9,-6.518185701839745,-165.51479936438176,517.646
530,13,10,-13.620622370187796,-159.92934386871212,519.098
531,13,11,-20.589519875638814,-154.00127242389632,520.81
532,13,12,-27.336537832128318,-147.51427293892002,522.651
533,13,13,-33.74541702847259,-140.20759611202885,524.46
534,13,14,-39.6564266607417,-131.76938916609834,526.065
535,13,15,-44.8483027507731,-121.85874369927481,527.294
536,13,16,-49.0263294660699,-110.19878433317348,527.999
537,13,17,-51.84058938526318,-96.786806312883,528.064
538,13,18,-52.96873173047418,-82.1551955634492,527.425
539,13,19,-52.2544886036822,-67.37976152066243,526.071
540,13,20,-49.79613959685453,-53.60973815389071,524.05
541,13,21,-45.88889573120288,-41.52137224757325,521.468
542,13,22,-40.88587778681692,-31.216440450532403,518.477
543,13,23,-35.09811208793152,-22.458765066552882,515.268
544,13,24,-28.763869783742564,-14.910010967550818,512.05
545,13,25,-22.05621249989255,-8.247438054864764,509.033
546,13,26,-15.100892556737872,-2.197930115474362,506.413
547,13,27,-7.99252600352978,3.464741735979317,504.352
548,13,28,-0.8073745703941105,8.933654354171251,502.967
549,13,29,6.387107114591208,14.384726731694524,502.317
550,13,30,13.524173268918046,19.992382049713985,502.404
551,13,31,20.529851343049582,25.945218052912967,503.168
552,13,32,27.313702802185674,32.46203814380553,504.5
553,13,33,33.75684393495402,39.80683767154914,506.25
554,13,34,39.69613396548157,48.295389941851816,508.243
555,13,35,44.90598028321927,58.272400941745765,510.298
556,13,36,49.08645903642811,70.01475287980497,512.241
557,13,37,51.88318927511655,83.51550969892727,513.927
558,13,38,52.973485542136515,98.21994392529176,515.251
559,13,39,52.20773595881346,113.0293171780643,516.155
560,14,0,51.15376263779962,129.09733720051932,516.447
561,14,1,47.875825081516275,142.04643330075803,516.73
562,14,2,43.336314019491134,153.18454572370288,516.675
563,14,3,37.87764391028987,162.62909908156473,516.39
564,14,4,31.7750235661398,170.69671362350869,516.007
565,14,5,25.231053473296434,177.72812016647,515.669
566,14,6,18.391583783748928,-175.9779388331676,515.51
567,14,7,11.36366661367983,-170.17432709540776,515.644
568,14,8,4.230062084601719,-164.65474194409376,516.147
569,14,9,-2.939816938828096,-159.23812872470683,517.049
570,14,10,-10.081325917766616,-153.75272183999957,518.332
571,14,11,-17.1267847211716,-148.02078610738982,519.929
572,14,12,-23.99721565822677,-141.84275705970825,521.724
573,14,13,-30.59200748113691,-134.98172275540372,523.57
574,14,14,-36.77533334051985,-127.15117041917256,525.299
575,14,15,-42.35893443982982,-118.01877036675863,526.736
576,14,16,-47.0852067794252,-107.2573155557833,527.72
577,14,17,-50.626226147064514,-94.6934421247333,528.117
578,14,18,-52.63073298920693,-80.56557831715544,527.835
579,14,19,-52.84179607984408,-65.70751947597904,526.836
580,14,20,-51.22790092614552,-51.311932743504194,525.139
581,14,21,-48.001367373555695,-38.33764690560647,522.821
582,14,22,-43.503291654130436,-27.15615082860099,520.013
583,14,23,-38.07348250926706,-17.664889222100005,516.887
584,14,24,-31.98715216628747,-9.554482691232268,513.647
585,14,25,-25.44796320586311,-2.486262282418219,510.503
586,14,26,-18.603024242337717,3.8388484857372522,507.662
587,14,27,-11.560765382558888,9.669094973052374,505.304
588,14,28,-4.405225274074458,15.212195611905106,503.57
589,14,29,2.7927981841606293,20.650655191352303,502.549
590,14,30,9.967172112394547,26.15770182289748,502.271
591,14,31,17.04857905517495,31.912863613779827,502.707
592,14,32,23.956103042065173,38.11782751245337,503.772
593,14,33,30.58680970717853,45.012363894636806,505.333
594,14,34,36.80188570091828,52.886622611366874,507.228
595,14,35,42.40923195287779,62.07704170568548,509.274
596,14,36,47.146377953631834,72.91331440882912,511.293
597,14,37,50.68025977358849,85.5648396574979,513.124
598,14,38,52.65670136843132,99.7768309050828,514.639
599,14,39,52.821838267089305,114.690282580428,515.757
600,15,0,49.695380646218496,144.7904208186756,516.636
601,15,1,45.74114166398258,156.84216666575807,516.739
602,15,2,40.702859452911845,167.100700987767,516.553
603,15,3,34.89261218637334,175.8131263684952,516.202
604,15,4,28.547984579551386,-176.6779922419589,515.823
605,15,5,21.840848097625585,-170.04929365246153,515.559
606,15,6,14.895578777834581,-164.02850921985197,515.535
607,15,7,7.8055324995277555,-158.39074813551838,515.846
608,15,8,0.6455995121899487,-152.94434163097188,516.548
609,15,9,-6.518185701839745,-147.5148056936753,517.646
610,15,10,-13.620622370187796,-141.92935019800566,519.098
611,15,11,-20.589519875638814,-136.00127875318987,520.81
612,15,12,-27.336537832128318,-129.51427926821356,522.651
613,15,13,-33.74541702847259,-122.20760244132238,524.46
614,15,14,-39.6564266607417,-113.76940232558104,526.065
615,15,15,-44.8483027507731,-103.85874319837917,527.294
616,15,16,-49.0263294660699,-92.198790662467,527.999
617,15,17,-51.84058938526318,-78.78681264217653,528.064
618,15,18,-52.96873173047418,-64.15520189274272,527.425
619,15,19,-52.2544886036822,-49.37976443486138,526.071
620,15,20,-49.79613959685453,-35.60974448318425,524.05
621,15,21,-45.88889573120288,-23.521378576866788,521.468
622,15,22,-40.88587778681692,-13.216447633599584,518.477
623,15,23,-35.09811208793152,-4.458770968959596,515.268
624,15,24,-28.763869783742564,3.0899820628254115,512.05
625,15,25,-22.05621249989255,9.752555615841699,509.033
626,15,26,-15.100892556737872,15.802064409005748,506.413
627,15,27,-7.99252600352978,21.46473519324237,504.352
628,15,28,-0.8073745703941105,26.93364717110407,502.967
629,15,29,6.387107114591208,32.38472040240099,502.317
630,15,30,13.524173268918046,37.99237742796774,502.404
631,15,31,20.529851343049582,43.94521172361943,503.168
632,15,32,27.313702802185674,50.462031814511995,504.5
633,15,33,33.75684393495402,57.80683475735019,506.25
634,15,34,39.69613396548157,66.29538702765286,508.243
635,15,35,44.90598028321927,76.27239461245223,510.298
636,15,36,49.08645903642811,88.01474655051143,512.241
637,15,37,51.88318927511655,101.51550336963373,513.927
638,15,38,52.973485542136515,116.21994442618738,515.251
639,15,39,52.20773595881346,131.02931084877076,516.155
640,16,0,51.15376263779962,147.0973445316041,516.447
641,16,1,47.875825081516275,160.0464406318428,516.73
642,16,2,43.336314019491134,171.18455305478767,516.675
643,16,3,37.87764391028987,-179.3708899448848,516.39
644,16,4,31.7750235661398,-171.30328906331917,516.007
645,16,5,25.231053473296434,-164.27186885997952,515.669
646,16,6,18.391583783748928,-157.9779315020828,515.51
647,16,7,11.36366661367983,-152.17431976432297,515.644
648,16,8,4.230062084601719,-146.65473461300894,516.147
649,16,9,-2.939816938828096,-141.23812139362204,517.049
650,16,10,-10.081325917766616,-135.75271450891475,518.332
651,16,11,-17.1267847211716,-130.02077877630504,519.929
652,16,12,-23.99721565822677,-123.84274972862343,521.724
653,16,13,-30.59200748113691,-116.9817154243189,523.57
654,16,14,-36.77533334051985,-109.15116991827692,525.299
655,16,15,-42.35893443982982,-100.01876303567381,526.736
656,16,16,-47.0852067794252,-89.25730822469849,527.72
657,16,17,-50.626226147064514,-76.69343479364849,528.117
658,16,18,-52.63073298920693,-62.56557098607064,527.835
659,16,19,-52.84179607984408,-47.70751214489423,526.836
660,16,20,-51.22790092614552,-33.31192541241939,525.139
661,16,21,-48.001367373555695,-20.337637866974376,522.821
662,16,22,-43.503291654130436,-9.156143497516185,520.013
663,16,23,-38.07348250926706,0.33511784218053364,516.887
664,16,24,-31.98715216628747,8.445524639852536,513.647
665,16,25,-25.44796320586311,15.513745048666584,510.503
666,16,26,-18.603024242337717,21.838855389935233,507.662
667,16,27,-11.560765382558888,27.669103157910826,505.304
668,16,28,-4.405225274074458,33.2122046505372,503.57
669,16,29,2.7927981841606293,38.6506642299844,502.549
670,16,30,9.967172112394547,44.15770915398228,502.271
671,16,31,17.04857905517495,49.91287094486463,502.707
672,16,32,23.956103042065173,56.11783484353817,503.772
673,16,33,30.58680970717853,63.012367810627026,505.333
674,16,34,36.80188570091828,70.88663335754626,507.228
675,16,35,42.40923195287779,80.07704903677028,509.274
676,16,36,47.146377953631834,90.91332173991393,511.293
677,16,37,50.68025977358849,103.5648469885827,513.124
678,16,38,52.65670136843132,117.77683140597843,514.639
679,16,39,52.821838267089305,132.69028991151282,515.757
680,17,0,49.695380646218496,162.79041448938207,516.636
681,17,1,45.74114166398258,174.84216033646453,516.739
682,17,2,40.702859452911845,-174.89930169906086,516.553
683,17,3,34.89261218637334,-166.186889978711,516.202
684,17,4,28.547984579551386,-158.67799857125243,515.823
685,17,5,21.840848097625585,-152.04929998175504,515.559
686,17,6,14.895578777834581,-146.02851554914548,515.535
687,17,7,7.8055324995277555,-140.39075446481192,515.846
688,17,8,0.6455995121899487,-134.9443479602654,516.548
689,17,9,-6.518185701839745,-129.5148120229688,517.646
690,17,10,-13.620622370187796,-123.92935652729919,519.098
691,17,11,-20.589519875638814,-118.00128508248339,520.81
692,17,12,-27.336537832128318,-111.5142855975071,522.651
693,17,13,-33.74541702847259,-104.20760194042676,524.46
694,17,14,-39.6564266607417,-95.76940865487458,526.065
695,17,15,-44.8483027507731,-85.85874952767271,527.294
696,17,16,-49.0263294660699,-74.19879699176055,527.999
697,17,17,-51.84058938526318,-60.78681897147007,528.064
698,17,18,-52.96873173047418,-46.15521163713085,527.425
699,17,19,-52.2544886036822,-31.379770764154916,526.071
700,17,20,-49.79613959685453,-17.609750812477785,524.05
701,17,21,-45.88889573120288,-5.521385759933969,521.468
702,17,22,-40.88587778681692,4.783546037106879,518.477
703,17,23,-35.09811208793152,13.54122312863369,515.268
704,17,24,-28.763869783742564,21.08997637386211,512.05
705,17,25,-22.05621249989255,27.752549286548163,509.033
706,17,26,-15.100892556737872,33.80205637216492,506.413
707,17,27,-7.99252600352978,39.464730571496126,504.352
708,17,28,-0.8073745703941105,44.93364254935783,502.967
709,17,29,6.387107114591208,50.38471407310745,502.317
710,17,30,13.524173268918046,55.992371098674205,502.404
711,17,31,20.529851343049582,61.945205394325896,503.168
712,17,32,27.313702802185674,68.46202548521846,504.5
713,17,33,33.75684393495402,75.80682842805665,506.25
714,17,34,39.69613396548157,84.29538069835932,508.243
715,17,35,44.90598028321927,94.27238828315869,510.298
716,17,36,49.08645903642811,106.01474022121789,512.241
717,17,37,51.88318927511655,119.5154970403402,513.927
718,17,38,52.973485542136515,134.21993809689386,515.251
719,17,39,52.20773595881346,149.02930451947722,516.155
720,18,0,51.15376263779962,165.09733820231057,516.447
721,18,1,47.875825081516275,178.0464343025493,516.73
722,18,2,43.336314019491134,-170.81544963204018,516.675
723,18,3,37.87764391028987,-161.37089627417834,516.39
724,18,4,31.7750235661398,-153.3032953926127,516.007
725,18,5,25.231053473296434,-146.27187518927306,515.669
726,18,6,18.391583783748928,-139.97793783137635,515.51
727,18,7,11.36366661367983,-134.17432609361651,515.644
728,18,8,4.230062084601719,-128.65474094230248,516.147
729,18,9,-2.939816938828096,-123.23812772291556,517.049
730,18,10,-10.081325917766616,-117.75272083820829,518.332
731,18,11,-17.1267847211716,-112.0207782754094,519.929
732,18,12,-23.99721565822677,-105.84275605791697,521.724
733,18,13,-30.59200748113691,-98.98172175361245,523.57
734,18,14,-36.77533334051985,-91.15117624757046,525.299
735,18,15,-42.35893443982982,-82.01876936496735,526.736
736,18,16,-47.0852067794252,-71.25731455399203,527.72
737,18,17,-50.626226147064514,-58.69344112294203,528.117
738,18,18,-52.63073298920693,-44.56557390026959,527.835
739,18,19,-52.84179607984408,-29.70751847418777,526.836
740,18,20,-51.22790092614552,-15.311933449260218,525.139
741,18,21,-48.001367373555695,-2.3376448365981464,522.821
742,18,22,-43.503291654130436,8.843850173190278,520.013
743,18,23,-38.07348250926706,18.33511177969126,516.887
744,18,24,-31.98715216628747,26.445517456785353,513.647
745,18,25,-25.44796320586311,33.513737011825754,510.503
746,18,26,-18.603024242337717,39.83885076818899,507.662
747,18,27,-11.560765382558888,45.669096828617285,505.304
748,18,28,-4.405225274074458,51.21219832124367,503.57
749,18,29,2.7927981841606293,56.65065790069087,502.549
750,18,30,9.967172112394547,62.15770623978333,502.271
751,18,31,17.04857905517495,67.9128646155711,502.707
752,18,32,23.956103042065173,74.11783192933922,503.772
753,18,33,30.58680970717853,81.01236148133349,505.333
754,18,34,36.80188570091828,88.88662702825273,507.228
755,18,35,42.40923195287779,98.07704270747675,509.274
756,18,36,47.146377953631834,108.9133154106204,511.293
757,18,37,50.68025977358849,121.56484065928916,513.124
758,18,38,52.65670136843132,135.7768250766849,514.639
759,18,39,52.821838267089305,150.69028358221928,515.757
760,19,0,49.695380646218496,-179.20958819744578,516.636
761,19,1,45.74114166398258,-167.15784235036335,516.739
762,19,2,40.702859452911845,-156.89929436797604,516.553
763,19,3,34.89261218637334,-148.1868826476262,516.202
764,19,4,28.547984579551386,-140.67799124016761,515.823
765,19,5,21.840848097625585,-134.04929265067025,515.559
766,19,6,14.895578777834581,-128.0285082180607,515.535
767,19,7,7.8055324995277555,-122.3907471337271,515.846
768,19,8,0.6455995121899487,-116.9443406291806,516.548
769,19,9,-6.518185701839745,-111.51480469188402,517.646
770,19,10,-13.620622370187796,-105.92934919621439,519.098
771,19,11,-20.589519875638814,-100.00127775139859,520.81
772,19,12,-27.336537832128318,-93.5142782664223,522.651
773,19,13,-33.74541702847259,-86.20759460934195,524.46
774,19,14,-39.6564266607417,-77.76940132378978,526.065
775,19,15,-44.8483027507731,-67.85874219658791,527.294
776,19,16,-49.0263294660699,-56.19878966067574,527.999
777,19,17,-51.84058938526318,-42.78681505547985,528.064
778,19,18,-52.96873173047418,-28.155202598498754,527.425
779,19,19,-52.2544886036822,-13.37976428684376,526.071
780,19,20,-49.79613959685453,0.3902573190198119,524.05
781,19,21,-45.88889573120288,12.478621571150834,521.468
782,19,22,-40.88587778681692,22.78355422196533,518.477
783,19,23,-35.09811208793152,31.54122960594485,515.268
784,19,24,-28.763869783742564,39.08998199739962,512.05
785,19,25,-22.05621249989255,45.75255491008567,509.033
786,19,26,-15.100892556737872,51.80206370324972,506.413
787,19,27,-7.99252600352978,57.46473790258093,504.352
788,19,28,-0.8073745703941105,62.93364988044263,502.967
789,19,29,6.387107114591208,68.38472140419225,502.317
790,19,30,13.524173268918046,73.99237501466442,502.404
791,19,31,20.529851343049582,79.9452127254107,503.168
792,19,32,27.313702802185674,86.46203281630326,504.5
793,19,33,33.75684393495402,93.80683575914145,506.25
794,19,34,39.69613396548157,102.29538802944413,508.243
795,19,35,44.90598028321927,112.2723956142435,510.298
796,19,36,49.08645903642811,124.0147475523027,512.241
797,19,37,51.88318927511655,137.515504371425,513.927
798,19,38,52.973485542136515,152.21994542797864,515.251
799,19,39,52.20773595881346,167.02931185056204,516.155
800,20,0,51.15376263779962,-176.90265082413896,516.447
801,20,1,47.875825081516275,-163.95355472390023,516.73
802,20,2,43.336314019491134,-152.8154423009554,516.675
803,20,3,37.87764391028987,-143.37088894309352,516.39
804,20,4,31.7750235661398,-135.30328806152792,516.007
805,20,5,25.231053473296434,-128.27186785818824,515.669
806,20,6,18.391583783748928,-121.97793050029154,515.51
807,20,7,11.36366661367983,-116.1743187625317,515.644
808,20,8,4.230062084601719,-110.65474044140684,516.147
809,20,9,-2.939816938828096,-105.2381135616416,517.049
810,20,10,-10.081325917766616,-99.75272033731265,518.332
811,20,11,-17.1267847211716,-94.0207709443246,519.929
812,20,12,-23.99721565822677,-87.84274872683217,521.724
813,20,13,-30.59200748113691,-80.98171442252765,523.57
814,20,14,-36.77533334051985,-73.15116891648566,525.299
815,20,15,-42.35893443982982,-64.01876203388255,526.736
816,20,16,-47.0852067794252,-53.25730722290722,527.72
817,20,17,-50.626226147064514,-40.69343720695181,528.117
818,20,18,-52.63073298920693,-26.56556827673208,527.835
819,20,19,-52.84179607984408,-11.707511996876612,526.836
820,20,20,-51.22790092614552,2.6880740952679973,525.139
821,20,21,-48.001367373555695,15.662363134816891,522.821
822,20,22,-43.503291654130436,26.843857504275082,520.013
823,20,23,-38.07348250926706,36.33511740322877,516.887
824,20,24,-31.98715216628747,44.44552649541745,513.647
825,20,25,-25.44796320586311,51.513744342910556,510.503
826,20,26,-18.603024242337717,57.8388546841792,507.662
827,20,27,-11.560765382558888,63.669104159702094,505.304
828,20,28,-4.405225274074458,69.21220565232846,503.57
829,20,29,2.7927981841606293,74.65066181668108,502.549
830,20,30,9.967172112394547,80.15771357086814,502.271
831,20,31,17.04857905517495,85.9128719466559,502.707
832,20,32,23.956103042065173,92.11783926042402,503.772
833,20,33,30.58680970717853,99.01236881241829,505.333
834,20,34,36.80188570091828,106.88663435933753,507.228
835,20,35,42.40923195287779,116.07705686875072,509.274
836,20,36,47.146377953631834,126.91331591151602,511.293
837,20,37,50.68025977358849,139.56484799037398,513.124
838,20,38,52.65670136843132,153.7768324077697,514.639
839,20,39,52.821838267089305,168.69029091330407,515.757
840,21,0,49.695380646218496,-161.20959452673932,516.636
841,21,1,45.74114166398258,-149.15784867965687,516.739
842,21,2,40.702859452911845,-138.89930069726958,516.553
843,21,3,34.89261218637334,-130.18688897691973,516.202
844,21,4,28.547984579551386,-122.67799756946116,515.823
845,21,5,21.840848097625585,-116.0492989799638,515.559
846,21,6,14.895578777834581,-110.02851454735422,515.535
847,21,7,7.8055324995277555,-104.39075346302064,515.846
848,21,8,0.6455995121899487,-98.94434012828496,516.548
849,21,9,-6.518185701839745,-93.51481102117756,517.646
850,21,10,-13.620622370187796,-87.92935552550793,519.098
851,21,11,-20.589519875638814,-82.00128408069213,520.81
852,21,12,-27.336537832128318,-75.51428459571584,522.651
853,21,13,-33.74541702847259,-68.20760093863548,524.46
854,21,14,-39.6564266607417,-59.76940765308331,526.065
855,21,15,-44.8483027507731,-49.85874852588145,527.294
856,21,16,-49.0263294660699,-38.198795989969284,527.999
857,21,17,-51.84058938526318,-24.786819677226095,528.064
858,21,18,-52.96873173047418,-10.155209781565937,527.425
859,21,19,-52.2544886036822,4.620229810749527,526.071
860,21,20,-49.79613959685453,18.39025018931348,524.05
861,21,21,-45.88889573120288,30.478616095630944,521.468
862,21,22,-40.88587778681692,40.78354789267179,518.477
863,21,23,-35.09811208793152,49.54122327665131,515.268
864,21,24,-28.763869783742564,57.089975668106085,512.05
865,21,25,-22.05621249989255,63.75254858079214,509.033
866,21,26,-15.100892556737872,69.80206078905077,506.413
867,21,27,-7.99252600352978,75.4647315732874,504.352
868,21,28,-0.8073745703941105,80.93364355114909,502.967
869,21,29,6.387107114591208,86.38471507489872,502.317
870,21,30,13.524173268918046,91.99236868537089,502.404
871,21,31,20.529851343049582,97.94520639611716,503.168
872,21,32,27.313702802185674,104.46202648700972,504.5
873,21,33,33.75684393495402,111.80682942984792,506.25
874,21,34,39.69613396548157,120.2953817001506,508.243
875,21,35,44.90598028321927,130.27238928494995,510.298
876,21,36,49.08645903642811,142.01474122300917,512.241
877,21,37,51.88318927511655,155.51549804213147,513.927
878,21,38,52.973485542136515,170.2199390986851,515.251
879,21,39,52.20773595881346,-174.97069083626582,516.155
880,22,0,51.15376263779962,-158.9026571534325,516.447
881,22,1,47.875825081516275,-145.95356105319377,516.73
882,22,2,43.336314019491134,-134.8154486302489,516.675
883,22,3,37.87764391028987,-125.37089527238707,516.39
884,22,4,31.7750235661398,-117.30329439082145,516.007
885,22,5,25.231053473296434,-110.27188101767095,515.669
886,22,6,18.391583783748928,-103.97793682958508,515.51
887,22,7,11.36366661367983,-98.17432509182524,515.644
888,22,8,4.230062084601719,-92.65474677070038,516.147
889,22,9,-2.939816938828096,-87.23811989093512,517.049
890,22,10,-10.081325917766616,-81.7527266666062,518.332
891,22,11,-17.1267847211716,-76.02077727361812,519.929
892,22,12,-23.99721565822677,-69.84275505612571,521.724
893,22,13,-30.59200748113691,-62.98172075182118,523.57
894,22,14,-36.77533334051985,-55.151175245779186,525.299
895,22,15,-42.35893443982982,-46.018771778270676,526.736
896,22,16,-47.0852067794252,-35.25731355220076,527.72
897,22,17,-50.626226147064514,-22.69344182869806,528.117
898,22,18,-52.63073298920693,-8.565573752251971,527.835
899,22,19,-52.84179607984408,6.292481673829851,526.836
900,22,20,-51.22790092614552,20.68806755253105,525.139
901,22,21,-48.001367373555695,33.66235509797606,522.821
902,22,22,-43.503291654130436,44.843852882528836,520.013
903,22,23,-38.07348250926706,54.33511107393524,516.887
904,22,24,-31.98715216628747,62.445516751029324,513.647
905,22,25,-25.44796320586311,69.51373801361702,510.503
906,22,26,-18.603024242337717,75.83884835488567,507.662
907,22,27,-11.560765382558888,81.66909783040856,505.304
908,22,28,-4.405225274074458,87.21219932303494,503.57
909,22,29,2.7927981841606293,92.65065548738754,502.549
910,22,30,9.967172112394547,98.1577072415746,502.271
911,22,31,17.04857905517495,103.91286561736236,502.707
912,22,32,23.956103042065173,110.11783293113048,503.772
913,22,33,30.58680970717853,117.01236931331393,505.333
914,22,34,36.80188570091828,124.88662119985483,507.228
915,22,35,42.40923195287779,134.0770505394572,509.274
916,22,36,47.146377953631834,144.9133095822225,511.293
917,22,37,50.68025977358849,157.56484166108044,513.124
918,22,38,52.65670136843132,171.77682607847618,514.639
919,22,39,52.821838267089305,-173.3097117735238,515.757
920,23,0,49.695380646218496,-143.2095871956545,516.636
921,23,1,45.74114166398258,-131.15784134857208,516.739
922,23,2,40.702859452911845,-120.89929336618478,516.553
923,23,3,34.89261218637334,-112.18687481564577,516.202
924,23,4,28.547984579551386,-104.67798340818719,515.823
925,23,5,21.840848097625585,-98.04929847906816,515.559
926,23,6,14.895578777834581,-92.02850721626942,515.535
927,23,7,7.8055324995277555,-86.39074613193584,515.846
928,23,8,0.6455995121899487,-80.94433279720016,516.548
929,23,9,-6.518185701839745,-75.51480369009276,517.646
930,23,10,-13.620622370187796,-69.92934819442313,519.098
931,23,11,-20.589519875638814,-64.00127674960733,520.81
932,23,12,-27.336537832128318,-57.51427726463103,522.651
933,23,13,-33.74541702847259,-50.20759360755068,524.46
934,23,14,-39.6564266607417,-41.76940032199851,526.065
935,23,15,-44.8483027507731,-31.858741194796647,527.294
936,23,16,-49.0263294660699,-20.198788658884478,527.999
937,23,17,-51.84058938526318,-6.786812346141293,528.064
938,23,18,-52.96873173047418,7.844797549518867,527.425
939,23,19,-52.2544886036822,22.620237568721155,526.071
940,23,20,-49.79613959685453,36.390257520398286,524.05
941,23,21,-45.88889573120288,48.47862342671575,521.468
942,23,22,-40.88587778681692,58.78355180866201,518.477
943,23,23,-35.09811208793152,67.5412340228307,515.268
944,23,24,-28.763869783742564,75.08998641428548,512.05
945,23,25,-22.05621249989255,81.75255591187694,509.033
946,23,26,-15.100892556737872,87.80206812013557,506.413
947,23,27,-7.99252600352978,93.4647389043722,504.352
948,23,28,-0.8073745703941105,98.93365088223389,502.967
949,23,29,6.387107114591208,104.38472240598352,502.317
950,23,30,13.524173268918046,109.9923760164557,502.404
951,23,31,20.529851343049582,115.9452068970128,503.168
952,23,32,27.313702802185674,122.4620406482837,504.5
953,23,33,33.75684393495402,129.80682993074356,506.25
954,23,34,39.69613396548157,138.2953890312354,508.243
955,23,35,44.90598028321927,148.27239661603477,510.298
956,23,36,49.08645903642811,160.01474855409396,512.241
957,23,37,51.88318927511655,173.51550537321626,513.927
958,23,38,52.973485542136515,-171.78006358814275,515.251
959,23,39,52.20773595881346,-156.97068350518103,516.155
960,24,0,51.15376263779962,-140.90264982234768,516.447
961,24,1,47.875825081516275,-127.95355372210896,516.73
962,24,2,43.336314019491134,-116.81544129916412,516.675
963,24,3,37.87764391028987,-107.37088794130227,516.39
964,24,4,31.7750235661398,-99.30328022954747,516.007
965,24,5,25.231053473296434,-92.27187368658615,515.669
966,24,6,18.391583783748928,-85.97792949850027,515.51
967,24,7,11.36366661367983,-80.17431776074044,515.644
968,24,8,4.230062084601719,-74.65473943961558,516.147
969,24,9,-2.939816938828096,-69.23811255985032,517.049
970,24,10,-10.081325917766616,-63.752719335521384,518.332
971,24,11,-17.1267847211716,-58.02076994253333,519.929
972,24,12,-23.99721565822677,-51.8427477250409,521.724
973,24,13,-30.59200748113691,-44.98171683583096,523.57
974,24,14,-36.77533334051985,-37.15116791469438,525.299
975,24,15,-42.35893443982982,-28.01876273963858,526.736
976,24,16,-47.0852067794252,-17.257306221115957,527.72
977,24,17,-50.626226147064514,-4.693434924500077,528.117
978,24,18,-52.63073298920693,9.43443357883283,527.835
979,24,19,-52.84179607984408,24.2924898586883,526.836
980,24,20,-51.22790092614552,38.688076591163146,525.139
981,24,21,-48.001367373555695,51.66236242906086,522.821
982,24,22,-43.503291654130436,62.84386021361364,520.013
983,24,23,-38.07348250926706,72.33511840502004,516.887
984,24,24,-31.98715216628747,80.44552408211413,513.647
985,24,25,-25.44796320586311,87.51374534470183,510.503
986,24,26,-18.603024242337717,93.83885568597047,507.662
987,24,27,-11.560765382558888,99.66910516149336,505.304
988,24,28,-4.405225274074458,105.21220665411974,503.57
989,24,29,2.7927981841606293,110.65066281847236,502.549
990,24,30,9.967172112394547,116.15770774247022,502.271
991,24,31,17.04857905517495,121.91287977863634,502.707
992,24,32,23.956103042065173,128.11783343202612,503.772
993,24,33,30.58680970717853,135.01237664439873,505.333
994,24,34,36.80188570091828,142.88662853093962,507.228
995,24,35,42.40923195287779,152.07705787054198,509.274
996,24,36,47.146377953631834,162.91331691330728,511.293
997,24,37,50.68025977358849,175.56484899216522,513.124
998,24,38,52.65670136843132,-170.22316294797335,514.639
999,24,39,52.821838267089305,-155.30970444243897,515.757
1000,25,0,49.695380646218496,-125.20959352494805,516.636
1001,25,1,45.74114166398258,-113.15784084767644,516.739
1002,25,2,40.702859452911845,-102.89930652566748,516.553
1003,25,3,34.89261218637334,-94.1868811449393,516.202
1004,25,4,28.547984579551386,-86.67798973748073,515.823
1005,25,5,21.840848097625585,-80.0493048083617,515.559
1006,25,6,14.895578777834581,-74.02851354556296,515.535
1007,25,7,7.8055324995277555,-68.39075246122937,515.846
1008,25,8,0.6455995121899487,-62.944339126493695,516.548
1009,25,9,-6.518185701839745,-57.51481001938629,517.646
1010,25,10,-13.620622370187796,-51.92935110862208,519.098
1011,25,11,-20.589519875638814,-46.001283078900855,520.81
1012,25,12,-27.336537832128318,-39.51428359392457,522.651
1013,25,13,-33.74541702847259,-32.20759993684422,524.46
1014,25,14,-39.6564266607417,-23.769406651292044,526.065
1015,25,15,-44.8483027507731,-13.858749231637475,527.294
1016,25,16,-49.0263294660699,-2.1987943478477803,527.999
1017,25,17,-51.84058938526318,11.213181324565172,528.064
1018,25,18,-52.96873173047418,25.844792073998978,527.425
1019,25,19,-52.2544886036822,40.62023123942762,526.071
1020,25,20,-49.79613959685453,54.390251191104745,524.05
1021,25,21,-45.88889573120288,66.47861368232762,521.468
1022,25,22,-40.88587778681692,76.78354547936847,518.477
1023,25,23,-35.09811208793152,85.54122769353717,515.268
1024,25,24,-28.763869783742564,93.08998008499194,512.05
1025,25,25,-22.05621249989255,99.7525495825834,509.033
1026,25,26,-15.100892556737872,105.80206179084203,506.413
1027,25,27,-7.99252600352978,111.46473257507866,504.352
1028,25,28,-0.8073745703941105,116.93364455294036,502.967
1029,25,29,6.387107114591208,122.38470924650082,502.317
1030,25,30,13.524173268918046,127.99237651735132,502.404
1031,25,31,20.529851343049582,133.94520056771927,503.168
1032,25,32,27.313702802185674,140.46203431899016,504.5
1033,25,33,33.75684393495402,147.80682360145002,506.25
1034,25,34,39.69613396548157,156.29538270194186,508.243
1035,25,35,44.90598028321927,166.27239028674123,510.298
1036,25,36,49.08645903642811,178.01474222480041,512.241
1037,25,37,51.88318927511655,-168.4844973136116,513.927
1038,25,38,52.973485542136515,-153.7800699174363,515.251
1039,25,39,52.20773595881346,-138.97068983447457,516.155
1040,26,0,51.15376263779962,-122.90264249126288,516.447
1041,26,1,47.875825081516275,-109.95355322121334,516.73
1042,26,2,43.336314019491134,-98.81544079826848,516.675
1043,26,3,37.87764391028987,-89.37088061021747,516.39
1044,26,4,31.7750235661398,-81.30327289846267,516.007
1045,26,5,25.231053473296434,-74.27186635550134,515.669
1046,26,6,18.391583783748928,-67.97792216741547,515.51
1047,26,7,11.36366661367983,-62.17431042965563,515.644
1048,26,8,4.230062084601719,-56.65473210853077,516.147
1049,26,9,-2.939816938828096,-51.23810522876553,517.049
1050,26,10,-10.081325917766616,-45.75271200443658,518.332
1051,26,11,-17.1267847211716,-40.02076602654311,519.929
1052,26,12,-23.99721565822677,-33.8427403939561,521.724
1053,26,13,-30.59200748113691,-26.981709504746156,523.57
1054,26,14,-36.77533334051985,-19.15115887606229,525.299
1055,26,15,-42.35893443982982,-10.018755408553776,526.736
1056,26,16,-47.0852067794252,0.7427004696386118,527.72
1057,26,17,-50.626226147064514,13.306571979697903,528.117
1058,26,18,-52.63073298920693,27.434440056143988,527.835
1059,26,19,-52.84179607984408,42.2924971897731,526.836
1060,26,20,-51.22790092614552,56.68808392224795,525.139
1061,26,21,-48.001367373555695,69.66236976014567,522.821
1062,26,22,-43.503291654130436,80.84386754469844,520.013
1063,26,23,-38.07348250926706,90.33512573610484,516.887
1064,26,24,-31.98715216628747,98.44553141319894,513.647
1065,26,25,-25.44796320586311,105.51375267578663,510.503
1066,26,26,-18.603024242337717,111.83886301705527,507.662
1067,26,27,-11.560765382558888,117.66910566238899,505.304
1068,26,28,-4.405225274074458,123.21221398520454,503.57
1069,26,29,2.7927981841606293,128.65067014955716,502.549
1070,26,30,9.967172112394547,134.15771507355504,502.271
1071,26,31,17.04857905517495,139.91288710972114,502.707
1072,26,32,23.956103042065173,146.11784076311093,503.772
1073,26,33,30.58680970717853,153.01238397548354,505.333
1074,26,34,36.80188570091828,160.88663586202443,507.228
1075,26,35,42.40923195287779,170.0770652016268,509.274
1076,26,36,47.146377953631834,-179.08667211314224,511.293
1077,26,37,50.68025977358849,-166.4351400342843,513.124
1078,26,38,52.65670136843132,-152.22315561688856,514.639
1079,26,39,52.821838267089305,-137.30969711135418,515.757
1080,27,0,49.695380646218496,-107.20959302405241,516.636
1081,27,1,45.74114166398258,-95.15784717696998,516.739
1082,27,2,40.702859452911845,-84.89931285496102,516.553
1083,27,3,34.89261218637334,-76.18688747423283,516.202
1084,27,4,28.547984579551386,-68.67799606677426,515.823
1085,27,5,21.840848097625585,-62.04931113765522,515.559
1086,27,6,14.895578777834581,-56.02851645976191,515.535
1087,27,7,7.8055324995277555,-50.39075879052291,515.846
1088,27,8,0.6455995121899487,-44.944345455787236,516.548
1089,27,9,-6.518185701839745,-39.51481634867983,517.646
1090,27,10,-13.620622370187796,-33.92935743791561,519.098
1091,27,11,-20.589519875638814,-28.001289408194395,520.81
1092,27,12,-27.336537832128318,-21.514289923218104,522.651
1093,27,13,-33.74541702847259,-14.2076071199114,524.46
1094,27,14,-39.6564266607417,-5.769412553698758,526.065
1095,27,15,-44.8483027507731,4.141244439068989,527.294
1096,27,16,-49.0263294660699,15.80119868252845,527.999
1097,27,17,-51.84058938526318,29.21317328772434,528.064
1098,27,18,-52.96873173047418,43.84478403715815,527.425
1099,27,19,-52.2544886036822,58.620221495039495,526.071
1100,27,20,-49.79613959685453,72.39024486181121,524.05
1101,27,21,-45.88889573120288,84.47860735303409,521.468
1102,27,22,-40.88587778681692,94.78353915007494,518.477
1103,27,23,-35.09811208793152,103.54122136424363,515.268
1104,27,24,-28.763869783742564,111.0899737556984,512.05
1105,27,25,-22.05621249989255,117.75254325328987,509.033
1106,27,26,-15.100892556737872,123.8020554615485,506.413
1107,27,27,-7.99252600352978,129.46471941559597,504.352
1108,27,28,-0.8073745703941105,134.93363822364682,502.967
1109,27,29,6.387107114591208,140.38470291720728,502.317
1110,27,30,13.524173268918046,145.99237018805778,502.404
1111,27,31,20.529851343049582,151.94519423842573,503.168
1112,27,32,27.313702802185674,158.46202798969662,504.5
1113,27,33,33.75684393495402,165.80681727215648,506.25
1114,27,34,39.69613396548157,174.29537637264832,508.243
1115,27,35,44.90598028321927,-175.72761240008663,510.298
1116,27,36,49.08645903642811,-163.98526046202744,512.241
1117,27,37,51.88318927511655,-150.48450364290514,513.927
1118,27,38,52.973485542136515,-135.78007624672983,515.251
1119,27,39,52.20773595881346,-120.9706961637681,516.155
1120,28,0,51.15376263779962,-104.90266248093475,516.447
1121,28,1,47.875825081516275,-91.95357321088521,516.73
1122,28,2,43.336314019491134,-80.81546078794037,516.675
1123,28,3,37.87764391028987,-71.37090059988934,516.39
1124,28,4,31.7750235661398,-63.30329288813455,516.007
1125,28,5,25.231053473296434,-56.27188634517322,515.669
1126,28,6,18.391583783748928,-49.97794215708734,515.51
1127,28,7,11.36366661367983,-44.17432700423292,515.644
1128,28,8,4.230062084601719,-38.65475209820265,516.147
1129,28,9,-2.939816938828096,-33.2381252184374,517.049
1130,28,10,-10.081325917766616,-27.752731994108462,518.332
1131,28,11,-17.1267847211716,-22.020784308667693,519.929
1132,28,12,-23.99721565822677,-15.842758676080683,521.724
1133,28,13,-30.59200748113691,-8.981728640644386,523.57
1134,28,14,-36.77533334051985,-1.1511788657341666,525.299
1135,28,15,-42.35893443982982,7.981224601774347,526.736
1136,28,16,-47.0852067794252,18.742681120296968,527.72
1137,28,17,-50.626226147064514,31.30655113625238,528.117
1138,28,18,-52.63073298920693,45.434421774019405,527.835
1139,28,19,-52.84179607984408,60.292477200101224,526.836
1140,28,20,-51.22790092614552,74.68806393257607,525.139
1141,28,21,-48.001367373555695,87.6623497704738,522.821
1142,28,22,-43.503291654130436,98.84384755502657,520.013
1143,28,23,-38.07348250926706,108.33510574643297,516.887
1144,28,24,-31.98715216628747,116.44551825371623,513.647
1145,28,25,-25.44796320586311,123.51373951630393,510.503
1146,28,26,-18.603024242337717,129.83884985757257,507.662
1147,28,27,-11.560765382558888,135.6690856727171,505.304
1148,28,28,-4.405225274074458,141.21219399553266,503.57
1149,28,29,2.7927981841606293,146.6506501598853,502.549
1150,28,30,9.967172112394547,152.15769508388317,502.271
1151,28,31,17.04857905517495,157.91286712004927,502.707
1152,28,32,23.956103042065173,164.11782077343904,503.772
1153,28,33,30.58680970717853,171.01236398581165,505.333
1154,28,34,36.80188570091828,178.88661587235256,507.228
1155,28,35,42.40923195287779,-171.92296480595775,509.274
1156,28,36,47.146377953631834,-161.0866921028141,511.293
1157,28,37,50.68025977358849,-148.43516002395617,513.124
1158,28,38,52.65670136843132,-134.22317560656043,514.639
1159,28,39,52.821838267089305,-119.30971710102605,515.757
1160,29,0,49.695380646218496,-89.20958569296761,516.636
1161,29,1,45.74114166398258,-77.15783984588518,516.739
1162,29,2,40.702859452911845,-66.89930552387622,516.553
1163,29,3,34.89261218637334,-58.18688014314804,516.202
1164,29,4,28.547984579551386,-50.67799215078404,515.823
1165,29,5,21.840848097625585,-44.04930039147584,515.559
1166,29,6,14.895578777834581,-38.02850912867711,515.535
1167,29,7,7.8055324995277555,-32.39075145943811,515.846
1168,29,8,0.6455995121899487,-26.944339832249725,516.548
1169,29,9,-6.518185701839745,-21.514809017595024,517.646
1170,29,10,-13.620622370187796,-15.929350106830812,519.098
1171,29,11,-20.589519875638814,-10.001282930883237,520.81
1172,29,12,-27.336537832128318,-3.514282805576712,522.651
1173,29,13,-33.74541702847259,3.7924002111734034,524.46
1174,29,14,-39.6564266607417,12.23059520427287,526.065
1175,29,15,-44.8483027507731,22.141251770153794,527.294
1176,29,16,-49.0263294660699,33.80120601361325,527.999
1177,29,17,-51.84058938526318,47.21318061880915,528.064
1178,29,18,-52.96873173047418,61.844794783337534,527.425
1179,29,19,-52.2544886036822,76.6202288261243,526.071
1180,29,20,-49.79613959685453,90.39025219289601,524.05
1181,29,21,-45.88889573120288,102.4786146841189,521.468
1182,29,22,-40.88587778681692,112.78354648115975,518.477
1183,29,23,-35.09811208793152,121.54122186513926,515.268
1184,29,24,-28.763869783742564,129.08997425659402,512.05
1185,29,25,-22.05621249989255,135.75255058437466,509.033
1186,29,26,-15.100892556737872,141.8020627926333,506.413
1187,29,27,-7.99252600352978,147.46472674668075,504.352
1188,29,28,-0.8073745703941105,152.9336455547316,502.967
1189,29,29,6.387107114591208,158.3847102482921,502.317
1190,29,30,13.524173268918046,163.9923775191426,502.404
1191,29,31,20.529851343049582,169.94520156951052,503.168
1192,29,32,27.313702802185674,176.46203532078144,504.5
1193,29,33,33.75684393495402,-176.19317175429305,506.25
1194,29,34,39.69613396548157,-167.7046126538012,508.243
1195,29,35,44.90598028321927,-157.72760506900184,510.298
1196,29,36,49.08645903642811,-145.98525313094262,512.241
1197,29,37,51.88318927511655,-132.48449631182032,513.927
1198,29,38,52.973485542136515,-117.78006891564502,515.251
1199,29,39,52.20773595881346,-102.97069566287246,516.155
1200,30,0,51.15376263779962,-86.90265514984995,516.447
1201,30,1,47.875825081516275,-73.95356587980041,516.73
1202,30,2,43.336314019491134,-62.81545345685556,516.675
1203,30,3,37.87764391028987,-53.37089326880454,516.39
1204,30,4,31.7750235661398,-45.30328555704975,516.007
1205,30,5,25.231053473296434,-38.27187901408842,515.669
1206,30,6,18.391583783748928,-31.97793482600254,515.51
1207,30,7,11.36366661367983,-26.17432138069541,515.644
1208,30,8,4.230062084601719,-20.65474476711785,516.147
1209,30,9,-2.939816938828096,-15.23811959489989,517.049
1210,30,10,-10.081325917766616,-9.752724663023656,518.332
1211,30,11,-17.1267847211716,-4.0207778313565345,519.929
1212,30,12,-23.99721565822677,2.157248441560708,521.724
1213,30,13,-30.59200748113691,9.018278690440416,523.57
1214,30,14,-36.77533334051985,16.848828465350635,525.299
1215,30,15,-42.35893443982982,25.98123193285915,526.736
1216,30,16,-47.0852067794252,36.742688451381774,527.72
1217,30,17,-50.626226147064514,49.30655846733718,528.117
1218,30,18,-52.63073298920693,63.434425690009625,527.835
1219,30,19,-52.84179607984408,78.29248453118603,526.836
1220,30,20,-51.22790092614552,92.68807126366087,525.139
1221,30,21,-48.001367373555695,105.6623571015586,522.821
1222,30,22,-43.503291654130436,116.84385488611137,520.013
1223,30,23,-38.07348250926706,126.33511307751778,516.887
1224,30,24,-31.98715216628747,134.44552558480103,513.647
1225,30,25,-25.44796320586311,141.51374684738872,510.503
1226,30,26,-18.603024242337717,147.83885718865739,507.662
1227,30,27,-11.560765382558888,153.66909300380192,505.304
1228,30,28,-4.405225274074458,159.21220132661747,503.57
1229,30,29,2.7927981841606293,164.65065749097008,502.549
1230,30,30,9.967172112394547,170.15770241496796,502.271
1231,30,31,17.04857905517495,175.91287445113406,502.707
1232,30,32,23.956103042065173,-177.8821682530105,503.772
1233,30,33,30.58680970717853,-170.9876387010162,505.333
1234,30,34,36.80188570091828,-163.11337315409696,507.228
1235,30,35,42.40923195287779,-153.92295747487296,509.274
1236,30,36,47.146377953631834,-143.0866847717293,511.293
1237,30,37,50.68025977358849,-130.43515269287136,513.124
1238,30,38,52.65670136843132,-116.22316827547563,514.639
1239,30,39,52.821838267089305,-101.30970976994125,515.757
1240,31,0,49.695380646218496,-71.2095783618828,516.636
1241,31,1,45.74114166398258,-59.15783251480037,516.739
1242,31,2,40.702859452911845,-48.89929477769683,516.553
1243,31,3,34.89261218637334,-40.18687622715782,516.202
1244,31,4,28.547984579551386,-32.67798481969924,515.823
1245,31,5,21.840848097625585,-26.049294767938328,515.559
1246,31,6,14.895578777834581,-20.028501797592305,515.535
1247,31,7,7.8055324995277555,-14.390744128353305,515.846
1248,31,8,0.6455995121899487,-8.944331647391275,516.548
1249,31,9,-6.518185701839745,-3.5148021133970446,517.646
1250,31,10,-13.620622370187796,2.0706567973671675,519.098
1251,31,11,-20.589519875638814,7.998724400201566,520.81
1252,31,12,-27.336537832128318,14.485724738951502,522.651
1253,31,13,-33.74541702847259,21.79240668848456,524.46
1254,31,14,-39.6564266607417,30.230601681584027,526.065
1255,31,15,-44.8483027507731,40.14126080878589,527.294
1256,31,16,-49.0263294660699,51.801213344698056,527.999
1257,31,17,-51.84058938526318,65.21319136498853,528.064
1258,31,18,-52.96873173047418,79.84480211442234,527.425
1259,31,19,-52.2544886036822,94.6202361572091,526.071
1260,31,20,-49.79613959685453,108.39025952398082,524.05
1261,31,21,-45.88889573120288,120.4786220152037,521.468
1262,31,22,-40.88587778681692,130.7835606424337,518.477
1263,31,23,-35.09811208793152,139.54122919622407,515.268
1264,31,24,-28.763869783742564,147.08998158767884,512.05
1265,31,25,-22.05621249989255,153.75255791545948,509.033
1266,31,26,-15.100892556737872,159.8020701237181,506.413
1267,31,27,-7.99252600352978,165.46473407776557,504.352
1268,31,28,-0.8073745703941105,170.93365288581643,502.967
1269,31,29,6.387107114591208,176.38471757937688,502.317
1270,31,30,13.524173268918046,-178.00762516768526,502.404
1271,31,31,20.529851343049582,-172.054787456939,503.168
1272,31,32,27.313702802185674,-165.53796736604644,504.5
1273,31,33,33.75684393495402,-158.19316442320823,506.25
1274,31,34,39.69613396548157,-149.7046053227164,508.243
1275,31,35,44.90598028321927,-139.72759773791702,510.298
1276,31,36,49.08645903642811,-127.98524579985784,512.241
1277,31,37,51.88318927511655,-114.48448898073552,513.927
1278,31,38,52.973485542136515,-99.78005475437105,515.251
1279,31,39,52.20773595881346,-84.97068833178766,516.155
1280,32,0,51.15376263779962,-68.90264781876515,516.447
1281,32,1,47.875825081516275,-55.953558548715606,516.73
1282,32,2,43.336314019491134,-44.815442710676166,516.675
1283,32,3,37.87764391028987,-35.370885937719734,516.39
1284,32,4,31.7750235661398,-27.30327822596494,516.007
1285,32,5,25.231053473296434,-20.271871683003614,515.669
1286,32,6,18.391583783748928,-13.977925787370442,515.51
1287,32,7,11.36366661367983,-8.174313195836962,515.644
1288,32,8,4.230062084601719,-2.6547367957028114,516.147
1289,32,9,-2.939816938828096,2.7618881630717365,517.049
1290,32,10,-10.081325917766616,8.247282668061146,518.332
1291,32,11,-17.1267847211716,13.979229499728268,519.929
1292,32,12,-23.99721565822677,20.157255986088924,521.724
1293,32,13,-30.59200748113691,27.018285167751575,523.57
1294,32,14,-36.77533334051985,34.84883408888815,525.299
1295,32,15,-42.35893443982982,43.981237556396664,526.736
1296,32,16,-47.0852067794252,54.742695782466576,527.72
1297,32,17,-50.626226147064514,67.30656921351657,528.117
1298,32,18,-52.63073298920693,81.43443302109442,527.835
1299,32,19,-52.84179607984408,96.29249186227084,526.836
1300,32,20,-51.22790092614552,110.68807859474568,525.139
1301,32,21,-48.001367373555695,123.6623644326434,522.821
1302,32,22,-43.503291654130436,134.84386221719618,520.013
1303,32,23,-38.07348250926706,144.33512040860256,516.887
1304,32,24,-31.98715216628747,152.44553291588582,513.647
1305,32,25,-25.44796320586311,159.51375417847353,510.503
1306,32,26,-18.603024242337717,165.83886451974217,507.662
1307,32,27,-11.560765382558888,171.6691003348867,505.304
1308,32,28,-4.405225274074458,177.21220865770226,503.57
1309,32,29,2.7927981841606293,-177.34933153547945,502.549
1310,32,30,9.967172112394547,-171.84228661148157,502.271
1311,32,31,17.04857905517495,-166.0871282356938,502.707
1312,32,32,23.956103042065173,-159.88216092192567,503.772
1313,32,33,30.58680970717853,-152.9876313699314,505.333
1314,32,34,36.80188570091828,-145.11336582301217,507.228
1315,32,35,42.40923195287779,-135.92295014378814,509.274
1316,32,36,47.146377953631834,-125.0866774406445,511.293
1317,32,37,50.68025977358849,-112.43514536178655,513.124
1318,32,38,52.65670136843132,-98.22316094439083,514.639
1319,32,39,52.821838267089305,-83.30970243885645,515.757
1320,33,0,49.695380646218496,-53.20957444589259,516.636
1321,33,1,45.74114166398258,-41.157825183715566,516.739
1322,33,2,40.702859452911845,-30.89928744661203,516.553
1323,33,3,34.89261218637334,-22.186868896073015,516.202
1324,33,4,28.547984579551386,-14.677975781067143,515.823
1325,33,5,21.840848097625585,-8.049287436853524,515.559
1326,33,6,14.895578777834581,-2.028495320281148,515.535
1327,33,7,7.8055324995277555,3.609262775844675,515.846
1328,33,8,0.6455995121899487,9.05567568369353,516.548
1329,33,9,-6.518185701839745,14.485205644574581,517.646
1330,33,10,-13.620622370187796,20.070664555338794,519.098
1331,33,11,-20.589519875638814,25.998732585060015,520.81
1332,33,12,-27.336537832128318,32.485732070036306,522.651
1333,33,13,-33.74541702847259,39.792415727116655,524.46
1334,33,14,-39.6564266607417,48.23060901266883,526.065
1335,33,15,-44.8483027507731,58.14126813987069,527.294
1336,33,16,-49.0263294660699,69.80122067578286,527.999
1337,33,17,-51.84058938526318,83.21319869607333,528.064
1338,33,18,-52.96873173047418,97.84480944550714,527.425
1339,33,19,-52.2544886036822,112.62024348829391,526.071
1340,33,20,-49.79613959685453,126.3902736852548,524.05
1341,33,21,-45.88889573120288,138.4786293462885,521.468
1342,33,22,-40.88587778681692,148.78356797351853,518.477
1343,33,23,-35.09811208793152,157.54123652730885,515.268
1344,33,24,-28.763869783742564,165.08998891876365,512.05
1345,33,25,-22.05621249989255,171.75256524654426,509.033
1346,33,26,-15.100892556737872,177.8020774548029,506.413
1347,33,27,-7.99252600352978,-176.53525494868396,504.352
1348,33,28,-0.8073745703941105,-171.0663361406331,502.967
1349,33,29,6.387107114591208,-165.61527144707264,502.317
1350,33,30,13.524173268918046,-160.00761783660047,502.404
1351,33,31,20.529851343049582,-154.0547801258542,503.168
1352,33,32,27.313702802185674,-147.53796003496163,504.5
1353,33,33,33.75684393495402,-140.19315709212344,506.25
1354,33,34,39.69613396548157,-131.7045979916316,508.243
1355,33,35,44.90598028321927,-121.72759040683223,510.298
1356,33,36,49.08645903642811,-109.9852452989622,512.241
1357,33,37,51.88318927511655,-96.48448164965072,513.927
1358,33,38,52.973485542136515,-81.78004742328625,515.251
1359,33,39,52.20773595881346,-66.97068100070285,516.155
1360,34,0,51.15376263779962,-50.90266439334244,516.447
1361,34,1,47.875825081516275,-37.95357853838748,516.73
1362,34,2,43.336314019491134,-26.815464407895337,516.675
1363,34,3,37.87764391028987,-17.370905927391608,516.39
1364,34,4,31.7750235661398,-9.303299069410464,516.007
1365,34,5,25.231053473296434,-2.271890818901845,515.669
1366,34,6,18.391583783748928,4.0220542229576814,515.51
1367,34,7,11.36366661367983,9.825666814491163,515.644
1368,34,8,4.230062084601719,15.345242574295078,516.147
1369,34,9,-2.939816938828096,20.761867746513037,517.049
1370,34,10,-10.081325917766616,26.24726267838927,518.332
1371,34,11,-17.1267847211716,31.979208656282747,519.929
1372,34,12,-23.99721565822677,38.15723428886975,521.724
1373,34,13,-30.59200748113691,45.018265178079695,523.57
1374,34,14,-36.77533334051985,52.84881409921627,525.299
1375,34,15,-42.35893443982982,61.98122098181937,526.736
1376,34,16,-47.0852067794252,72.7426757927947,527.72
1377,34,17,-50.626226147064514,85.3065492238447,528.117
1378,34,18,-52.63073298920693,99.43441303142255,527.835
1379,34,19,-52.84179607984408,114.29247187259895,526.836
1380,34,20,-51.22790092614552,128.6880586050738,525.139
1381,34,21,-48.001367373555695,141.66234444297152,522.821
1382,34,22,-43.503291654130436,152.8438422275243,520.013
1383,34,23,-38.07348250926706,162.3351004189307,516.887
1384,34,24,-31.98715216628747,170.44551292621395,513.647
1385,34,25,-25.44796320586311,177.51373418880166,510.503
1386,34,26,-18.603024242337717,-176.16116548784237,507.662
1387,34,27,-11.560765382558888,-170.33091601231948,505.304
1388,34,28,-4.405225274074458,-164.78780768950392,503.57
1389,34,29,2.7927981841606293,-159.34935152515132,502.549
1390,34,30,9.967172112394547,-153.84230660115344,502.271
1391,34,31,17.04857905517495,-148.08714822536567,502.707
1392,34,32,23.956103042065173,-141.88218091159754,503.772
1393,34,33,30.58680970717853,-134.9876513596033,505.333
1394,34,34,36.80188570091828,-127.11338581268404,507.228
1395,34,35,42.40923195287779,-117.92297013346003,509.274
1396,34,36,47.146377953631834,-107.08669743031638,511.293
1397,34,37,50.68025977358849,-94.43516535145844,513.124
1398,34,38,52.65670136843132,-80.22318093406271,514.639
1399,34,39,52.821838267089305,-65.30972242852832,515.757
1400,35,0,49.695380646218496,-35.20959443556447,516.636
1401,35,1,45.74114166398258,-23.157845173387443,516.739
1402,35,2,40.702859452911845,-12.899309143831198,516.553
1403,35,3,34.89261218637334,-4.186888885744891,516.202
1404,35,4,28.547984579551386,3.3220040158175674,515.823
1405,35,5,21.840848097625585,9.9506925734746,515.559
1406,35,6,14.895578777834581,15.971485543820622,515.535
1407,35,7,7.8055324995277555,21.60924321305962,515.846
1408,35,8,0.6455995121899487,27.055654840248007,516.548
1409,35,9,-6.518185701839745,32.48518565490271,517.646
1410,35,10,-13.620622370187796,38.07064456566692,519.098
1411,35,11,-20.589519875638814,43.99871259538814,520.81
1412,35,12,-27.336537832128318,50.48571208036443,522.651
1413,35,13,-33.74541702847259,57.79239573744478,524.46
1414,35,14,-39.6564266607417,66.23058902299695,526.065
1415,35,15,-44.8483027507731,76.14124815019882,527.294
1416,35,16,-49.0263294660699,87.80120068611099,527.999
1417,35,17,-51.84058938526318,101.21317870640146,528.064
1418,35,18,-52.96873173047418,115.84478945583527,527.425
1419,35,19,-52.2544886036822,130.62022349862204,526.071
1420,35,20,-49.79613959685453,144.3902536955829,524.05
1421,35,21,-45.88889573120288,156.47860935661663,521.468
1422,35,22,-40.88587778681692,166.78354798384663,518.477
1423,35,23,-35.09811208793152,175.54121653763698,515.268
1424,35,24,-28.763869783742564,-176.91002742844256,512.05
1425,35,25,-22.05621249989255,-170.24745110066192,509.033
1426,35,26,-15.100892556737872,-164.1979388924033,506.413
1427,35,27,-7.99252600352978,-158.53527493835585,504.352
1428,35,28,-0.8073745703941105,-153.06635613030497,502.967
1429,35,29,6.387107114591208,-147.6152914367445,502.317
1430,35,30,13.524173268918046,-142.00763782627234,502.404
1431,35,31,20.529851343049582,-136.05480011552606,503.168
1432,35,32,27.313702802185674,-129.5379800246335,504.5
1433,35,33,33.75684393495402,-122.19317708179531,506.25
1434,35,34,39.69613396548157,-113.70462481149264,508.243
1435,35,35,44.90598028321927,-103.72761722669327,510.298
1436,35,36,49.08645903642811,-91.98526528863407,512.241
1437,35,37,51.88318927511655,-78.4845016393226,513.927
1438,35,38,52.973485542136515,-63.78006741295812,515.251
1439,35,39,52.20773595881346,-48.97069757528015,516.155
1440,36,0,51.15376263779962,-32.90265706225764,516.447
1441,36,1,47.875825081516275,-19.95356949975539,516.73
1442,36,2,43.336314019491134,-8.815457076810535,516.675
1443,36,3,37.87764391028987,0.6291014036931944,516.39
1444,36,4,31.7750235661398,8.69670826167434,516.007
1445,36,5,25.231053473296434,15.728115658409312,515.669
1446,36,6,18.391583783748928,22.022061554042484,515.51
1447,36,7,11.36366661367983,27.825673291802318,515.644
1448,36,8,4.230062084601719,33.34524990537988,516.147
1449,36,9,-2.939816938828096,38.761876785145134,517.049
1450,36,10,-10.081325917766616,44.24727000947407,518.332
1451,36,11,-17.1267847211716,49.979215987367546,519.929
1452,36,12,-23.99721565822677,56.157241619954554,521.724
1453,36,13,-30.59200748113691,63.018275924259086,523.57
1454,36,14,-36.77533334051985,70.84882143030107,525.299
1455,36,15,-42.35893443982982,79.98122831290418,526.736
1456,36,16,-47.0852067794252,90.7426831238795,527.72
1457,36,17,-50.626226147064514,103.3065565549295,528.117
1458,36,18,-52.63073298920693,117.43442036250735,527.835
1459,36,19,-52.84179607984408,132.2924723734946,526.836
1460,36,20,-51.22790092614552,146.6880659361586,525.139
1461,36,21,-48.001367373555695,159.66235177405633,522.821
1462,36,22,-43.503291654130436,170.8438495586091,520.013
1463,36,23,-38.07348250926706,-179.66488860751883,516.887
1464,36,24,-31.98715216628747,-171.5544897606139,513.647
1465,36,25,-25.44796320586311,-164.48626849802622,510.503
1466,36,26,-18.603024242337717,-158.16115815675755,507.662
1467,36,27,-11.560765382558888,-152.3309086812347,505.304
1468,36,28,-4.405225274074458,-146.78780035841913,503.57
1469,36,29,2.7927981841606293,-141.34934419406653,502.549
1470,36,30,9.967172112394547,-135.84229927006865,502.271
1471,36,31,17.04857905517495,-130.08714089428088,502.707
1472,36,32,23.956103042065173,-123.88217358051276,503.772
1473,36,33,30.58680970717853,-116.98764402851847,505.333
1474,36,34,36.80188570091828,-109.11337848159924,507.228
1475,36,35,42.40923195287779,-99.92295597218605,509.274
1476,36,36,47.146377953631834,-89.08669009923157,511.293
1477,36,37,50.68025977358849,-76.43515802037363,513.124
1478,36,38,52.65670136843132,-62.2231736029779,514.639
1479,36,39,52.821838267089305,-47.30971509744352,515.757
1480,37,0,49.695380646218496,-17.209587104479663,516.636
1481,37,1,45.74114166398258,-5.157837842302639,516.739
1482,37,2,40.702859452911845,5.100698187253605,516.553
1483,37,3,34.89261218637334,13.813118445339912,516.202
1484,37,4,28.547984579551386,21.322011560345782,515.823
1485,37,5,21.840848097625585,27.950699904559404,515.559
1486,37,6,14.895578777834581,33.97149287490542,515.535
1487,37,7,7.8055324995277555,39.60925054414442,515.846
1488,37,8,0.6455995121899487,45.055663878880104,516.548
1489,37,9,-6.518185701839745,50.48519298598751,517.646
1490,37,10,-13.620622370187796,56.07065189675172,519.098
1491,37,11,-20.589519875638814,61.998719926472944,520.81
1492,37,12,-27.336537832128318,68.48571941144924,522.651
1493,37,13,-33.74541702847259,75.79240306852958,524.46
1494,37,14,-39.6564266607417,84.23059635408175,526.065
1495,37,15,-44.8483027507731,94.14125548128362,527.294
1496,37,16,-49.0263294660699,105.80120801719579,527.999
1497,37,17,-51.84058938526318,119.21317920729709,528.064
1498,37,18,-52.96873173047418,133.84479678692006,527.425
1499,37,19,-52.2544886036822,148.62023082970683,526.071
1500,37,20,-49.79613959685453,162.39026102666773,524.05
1501,37,21,-45.88889573120288,174.47861668770142,521.468
1502,37,22,-40.88587778681692,-175.21645470298122,518.477
1503,37,23,-35.09811208793152,-166.45877248881254,515.268
1504,37,24,-28.763869783742564,-158.91002009735777,512.05
1505,37,25,-22.05621249989255,-152.24744376957713,509.033
1506,37,26,-15.100892556737872,-146.19793156131848,506.413
1507,37,27,-7.99252600352978,-140.53526760727104,504.352
1508,37,28,-0.8073745703941105,-135.06634879922018,502.967
1509,37,29,6.387107114591208,-129.61528410565973,502.317
1510,37,30,13.524173268918046,-124.00763049518754,502.404
1511,37,31,20.529851343049582,-118.05479278444128,503.168
1512,37,32,27.313702802185674,-111.53796586335953,504.5
1513,37,33,33.75684393495402,-104.19316975071051,506.25
1514,37,34,39.69613396548157,-95.70461748040783,508.243
1515,37,35,44.90598028321927,-85.72760989560847,510.298
1516,37,36,49.08645903642811,-73.98525795754927,512.241
1517,37,37,51.88318927511655,-60.48449430823779,513.927
1518,37,38,52.973485542136515,-45.7800634969679,515.251
1519,37,39,52.20773595881346,-30.970690244195342,516.155
1520,38,0,51.15376263779962,-14.90265143872013,516.447
1521,38,1,47.875825081516275,-1.9535628090008192,516.73
1522,38,2,43.336314019491134,9.184550254274269,516.675
1523,38,3,37.87764391028987,18.629108734777997,516.39
1524,38,4,31.7750235661398,26.69671644653279,516.007
1525,38,5,25.231053473296434,33.72812298949412,515.669
1526,38,6,18.391583783748928,40.02206717758,515.51
1527,38,7,11.36366661367983,45.82568233043442,515.644
1528,38,8,4.230062084601719,51.34525723646468,516.147
1529,38,9,-2.939816938828096,56.761884116229936,517.049
1530,38,10,-10.081325917766616,62.247277340558874,518.332
1531,38,11,-17.1267847211716,67.97922673354694,519.929
1532,38,12,-23.99721565822677,74.15724895103936,521.724
1533,38,13,-30.59200748113691,81.01828325534389,523.57
1534,38,14,-36.77533334051985,88.84882876138587,525.299
1535,38,15,-42.35893443982982,97.98123564398898,526.736
1536,38,16,-47.0852067794252,108.7426904549643,527.72
1537,38,17,-50.626226147064514,121.3065638860143,528.117
1538,38,18,-52.63073298920693,135.43442769359217,527.835
1539,38,19,-52.84179607984408,150.2924797045794,526.836
1540,38,20,-51.22790092614552,164.6880732672434,525.139
1541,38,21,-48.001367373555695,177.66235910514112,522.821
1542,38,22,-43.503291654130436,-171.15613946784043,520.013
1543,38,23,-38.07348250926706,-161.66488127643402,516.887
1544,38,24,-31.98715216628747,-153.55448242952912,513.647
1545,38,25,-25.44796320586311,-146.4862611669414,510.503
1546,38,26,-18.603024242337717,-140.16115082567276,507.662
1547,38,27,-11.560765382558888,-134.33090135014987,505.304
1548,38,28,-4.405225274074458,-128.78779302733432,503.57
1549,38,29,2.7927981841606293,-123.34933686298172,502.549
1550,38,30,9.967172112394547,-117.84229193898383,502.271
1551,38,31,17.04857905517495,-112.0871267330069,502.707
1552,38,32,23.956103042065173,-105.88216624942795,503.772
1553,38,33,30.58680970717853,-98.98762986724451,505.333
1554,38,34,36.80188570091828,-91.11337115051444,507.228
1555,38,35,42.40923195287779,-81.92294864110124,509.274
1556,38,36,47.146377953631834,-71.08668276814677,511.293
1557,38,37,50.68025977358849,-58.43515068928883,513.124
1558,38,38,52.65670136843132,-44.22316285679851,514.639
1559,38,39,52.821838267089305,-29.309707766358716,515.757
1560,39,0,49.695380646218496,0.7904207068528166,516.636
1561,39,1,45.74114166398258,12.842169488782165,516.739
1562,39,2,40.702859452911845,23.10070551833841,516.553
1563,39,3,34.89261218637334,31.813125776424716,516.202
1564,39,4,28.547984579551386,39.3220171838833,515.823
1565,39,5,21.840848097625585,45.9507089431915,515.559
1566,39,6,14.895578777834581,51.971500205990225,515.535
1567,39,7,7.8055324995277555,57.609257875229225,515.846
1568,39,8,0.6455995121899487,63.055671209964906,516.548
1569,39,9,-6.518185701839745,68.48520031707231,517.646
1570,39,10,-13.620622370187796,74.07065581274193,519.098
1571,39,11,-20.589519875638814,79.99872725755775,520.81
1572,39,12,-27.336537832128318,86.48572674253404,522.651
1573,39,13,-33.74541702847259,93.79241039961438,524.46
1574,39,14,-39.6564266607417,102.23060368516656,526.065
1575,39,15,-44.8483027507731,112.14126281236842,527.294
1576,39,16,-49.0263294660699,123.80122217846976,527.999
1577,39,17,-51.84058938526318,137.2131865383819,528.064
1578,39,18,-52.96873173047418,151.84480411800487,527.425
1579,39,19,-52.2544886036822,166.62023816079164,526.071
1580,39,20,-49.79613959685453,-179.60974166016015,524.05
1581,39,21,-45.88889573120288,-167.5213723387481,521.468
1582,39,22,-40.88587778681692,-157.2164473718964,518.477
1583,39,23,-35.09811208793152,-148.45876515772773,515.268
1584,39,24,-28.763869783742564,-140.91001276627296,512.05
1585,39,25,-22.05621249989255,-134.24743643849231,509.033
1586,39,26,-15.100892556737872,-128.1979242302337,506.413
1587,39,27,-7.99252600352978,-122.53526027618624,504.352
1588,39,28,-0.8073745703941105,-117.06634146813536,502.967
1589,39,29,6.387107114591208,-111.61527677457491,502.317
1590,39,30,13.524173268918046,-106.00761633391357,502.404
1591,39,31,20.529851343049582,-100.05478545335647,503.168
1592,39,32,27.313702802185674,-93.53795853227473,504.5
1593,39,33,33.75684393495402,-86.19316241962571,506.25
1594,39,34,39.69613396548157,-77.70461014932303,508.243
1595,39,35,44.90598028321927,-67.72760256452366,510.298
1596,39,36,49.08645903642811,-55.98525062646446,512.241
1597,39,37,51.88318927511655,-42.48448697715299,513.927
1598,39,38,52.973485542136515,-27.780056165883096,515.251
1599,39,39,52.20773595881346,-12.97068291311054,516.155
