0,0,0,40.52140864742129,30.88874163453353,516.542
1,0,1,34.690080002009545,39.55577357803781,516.188
2,0,2,28.331015082829467,47.03061990757846,515.811
3,0,3,21.614217298322682,53.63512596703565,515.553
4,0,4,14.662797393184084,59.639866285284846,515.539
5,0,5,7.569306991988279,65.2683656331039,515.863
6,0,6,0.40821300589370274,70.71147998647047,516.578
7,0,7,-6.7545960513736345,76.14337233903069,517.689
8,0,8,-13.85383491052965,81.73706504283935,519.151
9,0,9,-20.816913948581462,87.67995799815408,520.87
10,0,10,-27.554798234603368,94.18963371117482,522.713
11,0,11,-33.950042665817,101.52850804981344,524.519
12,0,12,-39.84117986269596,110.00996375356847,526.114
13,0,13,-45.0046218752126,119.97488190353691,527.328
14,0,14,-49.14326571975511,131.6950493871719,528.013
15,0,15,-51.90637093715957,145.15940129801805,528.056
16,0,16,-52.97473888184921,159.81512944541117,527.393
17,0,17,-52.19980610918707,174.5741983549466,526.016
18,0,18,-49.68807917399575,-171.70407090343718,523.974
19,0,19,-45.738973078921106,-159.6757526052079,521.376
20,0,20,-40.70539003799934,-149.42687617068535,518.375
21,0,21,-34.89614339417424,-140.7147376579023,515.162
22,0,22,-28.547077871939067,-133.20021817456762,511.946
23,0,23,-21.829436559069784,-126.56202562212393,508.939
24,0,24,-14.86765184186569,-120.52870096219823,506.335
25,0,25,-7.755607231789547,-114.87540802769203,504.295
26,0,26,-0.5690818634136479,-109.40983601233447,502.933
27,0,27,6.624563336841756,-103.95642173369953,502.308
28,0,28,13.758529865945878,-98.34048310376414,502.418
29,0,29,20.758435576455106,-92.37270093911387,503.203
30,0,30,27.53311409153587,-85.83298605412342,504.551
31,0,31,33.962487270484765,-78.45566458064681,506.312
32,0,32,39.88166239390663,-69.9233444581427,508.31
33,0,33,45.062651162401025,-59.891504114686455,510.363
34,0,34,49.203145988208604,-48.08851375717588,512.3
35,0,35,51.948024845812895,-34.53549916071381,513.976
36,0,36,52.9779524858537,-19.807922545894037,515.286
37,0,37,52.1512400490937,-5.016370110439689,516.176
38,0,38,49.58560926097264,8.695233794587264,516.643
39,0,39,45.58983589839387,20.686365127880425,516.735
40,1,0,37.684684236047836,44.3929920954163,516.377
41,1,1,31.56457519252795,52.42099837036335,515.993
42,1,2,25.008749598832736,59.42352004332469,515.659
43,1,3,18.161498616273292,65.69754739979082,515.509
44,1,4,11.12885666284584,71.48863940080201,515.654
45,1,5,3.9929904873788074,77.00200907997133,516.17
46,1,6,-3.176984799029622,82.41817150687302,517.086
47,1,7,-10.316430420508564,87.90880348629537,518.381
48,1,8,-17.3574470396321,93.65215246500817,519.986
49,1,9,-24.220516740309293,99.84874596685387,521.786
50,1,10,-30.804098515244146,106.73697808443339,523.631
51,1,11,-36.970936297970674,114.60511012147795,525.353
52,1,12,-42.53069662198271,123.78649629061921,526.778
53,1,13,-47.22331661953744,134.6062945774848,527.745
54,1,14,-50.71898353108787,147.2288120127485,528.12
55,1,15,-52.667305237117766,161.39741106853631,527.815
56,1,16,-52.817002493156934,176.25965681567396,526.792
57,1,17,-51.14523173152627,-169.3793340571533,525.073
58,1,18,-47.87086977927343,-156.46172512898835,522.736
59,1,19,-43.33679554782762,-145.33963632983634,519.914
60,1,20,-37.88128440111748,-135.89953625531334,516.782
61,1,21,-31.777072622890802,-127.82891643013458,513.541
62,1,22,-25.225664454041294,-120.7897781130328,510.404
63,1,23,-18.37264196163319,-114.48476218830233,507.576
64,1,24,-11.325379988287324,-108.66714856274396,505.236
65,1,25,-4.167338749906199,-103.13032401396482,503.524
66,1,26,3.030934650563828,-97.69238011379997,502.527
67,1,27,10.203381398234745,-92.180069113952,502.274
68,1,28,17.28041958126728,-86.41341552979111,502.732
69,1,29,24.18058916196869,-80.18972666750798,503.815
70,1,30,30.80000723193131,-73.2677056041044,505.391
71,1,31,36.99841414900163,-65.35543688464323,507.293
72,1,32,42.581584946393896,-56.11549550374744,509.341
73,1,33,47.28456634091953,-45.2203192492016,511.356
74,1,34,50.77241610096488,-32.5099689963061,513.178
75,1,35,52.69199978606195,-18.25778037790838,514.681
76,1,36,52.79532005763673,-3.3414525525923557,515.785
77,1,37,51.069286858144906,11.029630235904833,516.461
78,1,38,47.74376678900866,23.92112735087283,516.731
79,1,39,43.168636290461905,34.99953538273531,516.667
80,2,0,40.52140864742129,48.88874213542916,516.542
81,2,1,34.690080002009545,57.55577749402803,516.188
82,2,2,28.331015082829467,65.03062040847409,515.811
83,2,3,21.614217298322682,71.63512646793129,515.553
84,2,4,14.662797393184084,77.63986678618048,515.539
85,2,5,7.569306991988279,83.26836613399954,515.863
86,2,6,0.40821300589370274,88.71148048736609,516.578
87,2,7,-6.7545960513736345,94.14337283992633,517.689
88,2,8,-13.85383491052965,99.73706554373499,519.151
89,2,9,-20.816913948581462,105.67995849904972,520.87
90,2,10,-27.554798234603368,112.18963421207044,522.713
91,2,11,-33.950042665817,119.5285017205199,524.519
92,2,12,-39.84117986269596,128.00997108465327,526.114
93,2,13,-45.0046218752126,137.9748892346217,527.328
94,2,14,-49.14326571975511,149.69505671825672,528.013
95,2,15,-51.90637093715957,163.1593949687245,528.056
96,2,16,-52.97473888184921,177.81512311611763,527.393
97,2,17,-52.19980610918707,-167.42580433188127,526.016
98,2,18,-49.68807917399575,-153.7040635723524,523.974
99,2,19,-45.738973078921106,-141.6757452741231,521.376
100,2,20,-40.70539003799934,-131.42686883960053,518.375
101,2,21,-34.89614339417424,-122.71474398719583,515.162
102,2,22,-28.547077871939067,-115.20022450386116,511.946
103,2,23,-21.829436559069784,-108.56203195141747,508.939
104,2,24,-14.86765184186569,-102.52870046130259,506.335
105,2,25,-7.755607231789547,-96.87540069660723,504.295
106,2,26,-0.5690818634136479,-91.40983551143884,502.933
107,2,27,6.624563336841756,-85.9564212328039,502.308
108,2,28,13.758529865945878,-80.3404826028685,502.418
109,2,29,20.758435576455106,-74.37270043821825,503.203
110,2,30,27.53311409153587,-67.8329855532278,504.551
111,2,31,33.962487270484765,-60.45566407975117,506.312
112,2,32,39.88166239390663,-51.92334054215247,508.31
113,2,33,45.062651162401025,-41.89150019869624,510.363
114,2,34,49.203145988208604,-30.08851325628025,512.3
115,2,35,51.948024845812895,-16.535500367365472,513.976
116,2,36,52.9779524858537,-1.8079222584418142,515.286
117,2,37,52.1512400490937,12.983630390455945,516.176
118,2,38,49.58560926097264,26.695234295482898,516.643
119,2,39,45.58983589839387,38.68636562877606,516.735
120,3,0,37.684684236047836,62.39299259631193,516.377
121,3,1,31.56457519252795,70.42099887125899,515.993
122,3,2,25.008749598832736,77.42352054422032,515.659
123,3,3,18.161498616273292,83.69754790068644,515.509
124,3,4,11.12885666284584,89.48863990169765,515.654
125,3,5,3.9929904873788074,95.00200958086697,516.17
126,3,6,-3.176984799029622,100.41817200776866,517.086
127,3,7,-10.316430420508564,105.90880398719099,518.381
128,3,8,-17.3574470396321,111.65215296590381,519.986
129,3,9,-24.220516740309293,117.84873963756033,521.786
130,3,10,-30.804098515244146,124.73697175513985,523.631
131,3,11,-36.970936297970674,132.60511745256275,525.353
132,3,12,-42.53069662198271,141.78648996132569,526.778
133,3,13,-47.22331661953744,152.6063019085696,527.745
134,3,14,-50.71898353108787,165.22881934383332,528.12
135,3,15,-52.667305237117766,179.39741839962113,527.815
136,3,16,-52.817002493156934,-165.74034587115392,526.792
137,3,17,-51.14523173152627,-151.37934038644684,525.073
138,3,18,-47.87086977927343,-138.4617314582819,522.736
139,3,19,-43.33679554782762,-127.33964265912988,519.914
140,3,20,-37.88128440111748,-117.89954258460688,516.782
141,3,21,-31.777072622890802,-109.82891592923895,513.541
142,3,22,-25.225664454041294,-102.789770781948,510.404
143,3,23,-18.37264196163319,-96.48476168740669,507.576
144,3,24,-11.325379988287324,-90.66714806184834,505.236
145,3,25,-4.167338749906199,-85.1303235130692,503.524
146,3,26,3.030934650563828,-79.69237961290433,502.527
147,3,27,10.203381398234745,-74.18006861305638,502.274
148,3,28,17.28041958126728,-68.41341502889547,502.732
149,3,29,24.18058916196869,-62.18972616661235,503.815
150,3,30,30.80000723193131,-55.267705103208776,505.391
151,3,31,36.99841414900163,-47.355432968653,507.293
152,3,32,42.581584946393896,-38.11549500285181,509.341
153,3,33,47.28456634091953,-27.220318748305967,511.356
154,3,34,50.77241610096488,-14.509968495410464,513.178
155,3,35,52.69199978606195,-0.2577793167237884,514.681
156,3,36,52.79532005763673,14.658547307973043,515.785
157,3,37,51.069286858144906,29.029632444347758,516.461
158,3,38,47.74376678900866,41.92112614422117,516.731
159,3,39,43.168636290461905,52.99953588363094,516.667
160,4,0,40.52140864742129,66.88874605141937,516.542
161,4,1,34.690080002009545,75.55577799492366,516.188
162,4,2,28.331015082829467,83.03062090936973,515.811
163,4,3,21.614217298322682,89.63512696882691,515.553
164,4,4,14.662797393184084,95.63986728707611,515.539
165,4,5,7.569306991988279,101.26836663489516,515.863
166,4,6,0.40821300589370274,106.71148098826173,516.578
167,4,7,-6.7545960513736345,112.14337334082195,517.689
168,4,8,-13.85383491052965,117.73706604463062,519.151
169,4,9,-20.816913948581462,123.67995899994536,520.87
170,4,10,-27.554798234603368,130.1896347129661,522.713
171,4,11,-33.950042665817,137.52850905160471,524.519
172,4,12,-39.84117986269596,146.00996475535973,526.114
173,4,13,-45.0046218752126,155.97488290532817,527.328
174,4,14,-49.14326571975511,167.69505038896318,528.013
175,4,15,-51.90637093715957,-178.840594057725,528.056
176,4,16,-52.97473888184921,-164.18487957071022,527.393
177,4,17,-52.19980610918707,-149.42579700079648,526.016
178,4,18,-49.68807917399575,-135.7040699016459,523.974
179,4,19,-45.738973078921106,-123.67575160341663,521.376
180,4,20,-40.70539003799934,-113.42687516889407,518.375
181,4,21,-34.89614339417424,-104.7147434863002,515.162
182,4,22,-28.547077871939067,-97.20022400296553,511.946
183,4,23,-21.829436559069784,-90.56203145052184,508.939
184,4,24,-14.86765184186569,-84.52869996040697,506.335
185,4,25,-7.755607231789547,-78.87540019571159,504.295
186,4,26,-0.5690818634136479,-73.4098350105432,502.933
187,4,27,6.624563336841756,-67.95642073190827,502.308
188,4,28,13.758529865945878,-62.34048210197287,502.418
189,4,29,20.758435576455106,-56.37269993732261,503.203
190,4,30,27.53311409153587,-49.83298505233216,504.551
191,4,31,33.962487270484765,-42.45566016376095,506.312
192,4,32,39.88166239390663,-33.923340041256836,508.31
193,4,33,45.062651162401025,-23.8915014053479,510.363
194,4,34,49.203145988208604,-12.088511901610971,512.3
195,4,35,51.948024845812895,1.4645004536952788,513.976
196,4,36,52.9779524858537,16.19207845589723,515.286
197,4,37,52.1512400490937,30.98363003757793,516.176
198,4,38,49.58560926097264,44.69523479637853,516.643
199,4,39,45.58983589839387,56.68636612967169,516.735
200,5,0,37.684684236047836,80.39299309720757,516.377
201,5,1,31.56457519252795,88.42099937215463,515.993
202,5,2,25.008749598832736,95.42352104511596,515.659
203,5,3,18.161498616273292,101.69754840158208,515.509
204,5,4,11.12885666284584,107.48864040259329,515.654
205,5,5,3.9929904873788074,113.00201008176259,516.17
206,5,6,-3.176984799029622,118.41817250866428,517.086
207,5,7,-10.316430420508564,123.90879765789747,518.381
208,5,8,-17.3574470396321,129.65215346679943,519.986
209,5,9,-24.220516740309293,135.84874696864512,521.786
210,5,10,-30.804098515244146,142.73697908622464,523.631
211,5,11,-36.970936297970674,150.6051111232692,525.353
212,5,12,-42.53069662198271,159.78649729241047,526.778
213,5,13,-47.22331661953744,170.60629557927606,527.745
214,5,14,-50.71898353108787,-176.77118334299453,528.12
215,5,15,-52.667305237117766,-162.60258428720672,527.815
216,5,16,-52.817002493156934,-147.7403385400691,526.792
217,5,17,-51.14523173152627,-133.37933305536205,525.073
218,5,18,-47.87086977927343,-120.46172412719709,522.736
219,5,19,-43.33679554782762,-109.33964215823426,519.914
220,5,20,-37.88128440111748,-99.89953525352207,516.782
221,5,21,-31.777072622890802,-91.82891542834331,513.541
222,5,22,-25.225664454041294,-84.78977028105236,510.404
223,5,23,-18.37264196163319,-78.48476118651107,507.576
224,5,24,-11.325379988287324,-72.6671475609527,505.236
225,5,25,-4.167338749906199,-67.13032301217356,503.524
226,5,26,3.030934650563828,-61.6923791120087,502.527
227,5,27,10.203381398234745,-56.18007152725532,502.274
228,5,28,17.28041958126728,-50.41341794309443,502.732
229,5,29,24.18058916196869,-44.18972225062213,503.815
230,5,30,30.80000723193131,-37.267704602313145,505.391
231,5,31,36.99841414900163,-29.355432467757367,507.293
232,5,32,42.581584946393896,-20.115494501956174,509.341
233,5,33,47.28456634091953,-9.220318247410333,511.356
234,5,34,50.77241610096488,3.4900320054851703,513.178
235,5,35,52.69199978606195,17.74222062388289,514.681
236,5,36,52.79532005763673,32.65854951641597,515.785
237,5,37,51.069286858144906,47.02963294524339,516.461
238,5,38,47.74376678900866,59.92112664511681,516.731
239,5,39,43.168636290461905,70.99953638452658,516.667
240,6,0,40.52140864742129,84.88874655231501,516.542
241,6,1,34.690080002009545,93.5557784958193,516.188
242,6,2,28.331015082829467,101.03062141026535,515.811
243,6,3,21.614217298322682,107.63512746972255,515.553
244,6,4,14.662797393184084,113.63986778797175,515.539
245,6,5,7.569306991988279,119.2683671357908,515.863
246,6,6,0.40821300589370274,124.71148148915736,516.578
247,6,7,-6.7545960513736345,130.14336701152843,517.689
248,6,8,-13.85383491052965,135.73705971533707,519.151
249,6,9,-20.816913948581462,141.67995267065183,520.87
250,6,10,-27.554798234603368,148.18964204405088,522.713
251,6,11,-33.950042665817,155.52850272231117,524.519
252,6,12,-39.84117986269596,164.00997208644455,526.114
253,6,13,-45.0046218752126,173.974890236413,527.328
254,6,14,-49.14326571975511,-174.30495229786467,528.013
255,6,15,-51.90637093715957,-160.84060038701855,528.056
256,6,16,-52.97473888184921,-146.18487223962543,527.393
257,6,17,-52.19980610918707,-131.42580333009002,526.016
258,6,18,-49.68807917399575,-117.70406257056112,523.974
259,6,19,-45.738973078921106,-105.67574427233183,521.376
260,6,20,-40.70539003799934,-95.42687466799843,518.375
261,6,21,-34.89614339417424,-86.71474298540457,515.162
262,6,22,-28.547077871939067,-79.20022350206989,511.946
263,6,23,-21.829436559069784,-72.5620309496262,508.939
264,6,24,-14.86765184186569,-66.52869945951133,506.335
265,6,25,-7.755607231789547,-60.87539969481597,504.295
266,6,26,-0.5690818634136479,-55.409834509647574,502.933
267,6,27,6.624563336841756,-49.95642364610722,502.308
268,6,28,13.758529865945878,-44.34048501617182,502.418
269,6,29,20.758435576455106,-38.37269943642698,503.203
270,6,30,27.53311409153587,-31.832984551436528,504.551
271,6,31,33.962487270484765,-24.45565966286532,506.312
272,6,32,39.88166239390663,-15.923339540361201,508.31
273,6,33,45.062651162401025,-5.89150005067862,510.363
274,6,34,49.203145988208604,5.911488599284662,512.3
275,6,35,51.948024845812895,19.464500634425796,513.976
276,6,36,52.9779524858537,34.19207724924557,515.286
277,6,37,52.1512400490937,48.98363053847356,516.176
278,6,38,49.58560926097264,62.69523529727416,516.643
279,6,39,45.58983589839387,74.68636321547274,516.735
280,7,0,37.684684236047836,98.39299359810319,516.377
281,7,1,31.56457519252795,106.42099987305025,515.993
282,7,2,25.008749598832736,113.42351471582242,515.659
283,7,3,18.161498616273292,119.69754890247772,515.509
284,7,4,11.12885666284584,125.48863407329975,515.654
285,7,5,3.9929904873788074,131.00200375246905,516.17
286,7,6,-3.176984799029622,136.41816617937076,517.086
287,7,7,-10.316430420508564,141.90880498898227,518.381
288,7,8,-17.3574470396321,147.6521471375059,519.986
289,7,9,-24.220516740309293,153.8487406393516,521.786
290,7,10,-30.804098515244146,160.73697275693112,523.631
291,7,11,-36.970936297970674,168.60511845435403,525.353
292,7,12,-42.53069662198271,177.78649096311693,526.778
293,7,13,-47.22331661953744,-171.39370710755182,527.745
294,7,14,-50.71898353108787,-158.77118967228807,528.12
295,7,15,-52.667305237117766,-144.60259061650027,527.815
296,7,16,-52.817002493156934,-129.74034486936264,526.792
297,7,17,-51.14523173152627,-115.37933938465558,525.073
298,7,18,-47.87086977927343,-102.46173045649063,522.736
299,7,19,-43.33679554782762,-91.33964165733862,519.914
300,7,20,-37.88128440111748,-81.89954158281562,516.782
301,7,21,-31.777072622890802,-73.82891492744768,513.541
302,7,22,-25.225664454041294,-66.7897766103459,510.404
303,7,23,-18.37264196163319,-60.48476068561543,507.576
304,7,24,-11.325379988287324,-54.66714706005707,505.236
305,7,25,-4.167338749906199,-49.130329341467096,503.524
306,7,26,3.030934650563828,-43.692378611113064,502.527
307,7,27,10.203381398234745,-38.18007444145427,502.274
308,7,28,17.28041958126728,-32.41342085729338,502.732
309,7,29,24.18058916196869,-26.189725164821084,503.815
310,7,30,30.80000723193131,-19.267707516512093,505.391
311,7,31,36.99841414900163,-11.355435381956319,507.293
312,7,32,42.581584946393896,-2.1154974161551245,509.341
313,7,33,47.28456634091953,8.779678838390716,511.356
314,7,34,50.77241610096488,21.490029091286218,513.178
315,7,35,52.69199978606195,35.74221941723123,514.681
316,7,36,52.79532005763673,50.658546602217015,515.785
317,7,37,51.069286858144906,65.02963003104443,516.461
318,7,38,47.74376678900866,77.92112714601244,516.731
319,7,39,43.168636290461905,88.9995368854222,516.667
320,8,0,40.52140864742129,102.88874705321065,516.542
321,8,1,34.690080002009545,111.55577899671493,516.188
322,8,2,28.331015082829467,119.03062191116099,515.811
323,8,3,21.614217298322682,125.63512797061819,515.553
324,8,4,14.662797393184084,131.63987511905654,515.539
325,8,5,7.569306991988279,137.2683744668756,515.863
326,8,6,0.40821300589370274,142.71148882024215,516.578
327,8,7,-6.7545960513736345,148.1433743426132,517.689
328,8,8,-13.85383491052965,153.73706704642188,519.151
329,8,9,-20.816913948581462,159.67996000173662,520.87
330,8,10,-27.554798234603368,166.18963571475734,522.713
331,8,11,-33.950042665817,173.52851005339596,524.519
332,8,12,-39.84117986269596,-177.99003060038334,526.114
333,8,13,-45.0046218752126,-168.02511245041487,527.328
334,8,14,-49.14326571975511,-156.30494496677989,528.013
335,8,15,-51.90637093715957,-142.84059305593374,528.056
336,8,16,-52.97473888184921,-128.18487856891898,527.393
337,8,17,-52.19980610918707,-113.4257959990052,526.016
338,8,18,-49.68807917399575,-99.70406206966548,523.974
339,8,19,-45.738973078921106,-87.67574377143619,521.376
340,8,20,-40.70539003799934,-77.42687416710281,518.375
341,8,21,-34.89614339417424,-68.71474248450893,515.162
342,8,22,-28.547077871939067,-61.200223001174265,511.946
343,8,23,-21.829436559069784,-54.56203044873057,508.939
344,8,24,-14.86765184186569,-48.5286989586157,506.335
345,8,25,-7.755607231789547,-42.87539919392033,504.295
346,8,26,-0.5690818634136479,-37.409834008751936,502.933
347,8,27,6.624563336841756,-31.956423145211584,502.308
348,8,28,13.758529865945878,-26.340484515276188,502.418
349,8,29,20.758435576455106,-20.37269722798405,503.203
350,8,30,27.53311409153587,-13.832984904314541,504.551
351,8,31,33.962487270484765,-6.455659161969686,506.312
352,8,32,39.88166239390663,2.0766605336476087,508.31
353,8,33,45.062651162401025,12.108500450217013,510.363
354,8,34,49.203145988208604,23.91148824640665,512.3
355,8,35,51.948024845812895,37.46450284286872,513.976
356,8,36,52.9779524858537,52.1920777501412,515.286
357,8,37,52.1512400490937,66.9836310393692,516.176
358,8,38,49.58560926097264,80.69523579816979,516.643
359,8,39,45.58983589839387,92.68636371636838,516.735
360,9,0,37.684684236047836,116.39299409899883,516.377
361,9,1,31.56457519252795,124.42099354375672,515.993
362,9,2,25.008749598832736,131.42352204690724,515.659
363,9,3,18.161498616273292,137.6975425731842,515.509
364,9,4,11.12885666284584,143.48864140438457,515.654
365,9,5,3.9929904873788074,149.00201108355387,516.17
366,9,6,-3.176984799029622,154.41817351045555,517.086
367,9,7,-10.316430420508564,159.90879865968873,518.381
368,9,8,-17.3574470396321,165.6521544685907,519.986
369,9,9,-24.220516740309293,171.8487479704364,521.786
370,9,10,-30.804098515244146,178.7369800880159,523.631
371,9,11,-36.970936297970674,-173.39488423247386,525.353
372,9,12,-42.53069662198271,-164.21351172371092,526.778
373,9,13,-47.22331661953744,-153.393699776467,527.745
374,9,14,-50.71898353108787,-140.77118234120329,528.12
375,9,15,-52.667305237117766,-126.60258328541546,527.815
376,9,16,-52.817002493156934,-111.740344368467,526.792
377,9,17,-51.14523173152627,-97.37933888375994,525.073
378,9,18,-47.87086977927343,-84.46172995559499,522.736
379,9,19,-43.33679554782762,-73.33964115644298,519.914
380,9,20,-37.88128440111748,-63.89954108191998,516.782
381,9,21,-31.777072622890802,-55.82891784164663,513.541
382,9,22,-25.225664454041294,-48.789776109450266,510.404
383,9,23,-18.37264196163319,-42.48476018471979,507.576
384,9,24,-11.325379988287324,-36.66714655916143,505.236
385,9,25,-4.167338749906199,-31.130328840571465,503.524
386,9,26,3.030934650563828,-25.692379817764728,502.527
387,9,27,10.203381398234745,-20.18007223301135,502.274
388,9,28,17.28041958126728,-14.413420356397747,502.732
389,9,29,24.18058916196869,-8.18972466392545,503.815
390,9,30,30.80000723193131,-1.2677071223381675,505.391
391,9,31,36.99841414900163,6.6445651189393145,507.293
392,9,32,42.581584946393896,15.884503084740508,509.341
393,9,33,47.28456634091953,26.77967933928635,511.356
394,9,34,50.77241610096488,39.490029592181855,513.178
395,9,35,52.69199978606195,53.742219918126864,514.681
396,9,36,52.79532005763673,68.65854368801807,515.785
397,9,37,51.069286858144906,83.02963053194007,516.461
398,9,38,47.74376678900866,95.92112764690808,516.731
399,9,39,43.168636290461905,106.99953738631784,516.667
400,10,0,40.52140864742129,120.88874755410629,516.542
401,10,1,34.690080002009545,129.55577949761056,516.188
402,10,2,28.331015082829467,137.0306292422458,515.811
403,10,3,21.614217298322682,143.63513530170297,515.553
404,10,4,14.662797393184084,149.63986878976303,515.539
405,10,5,7.569306991988279,155.26836813758206,515.863
406,10,6,0.40821300589370274,160.7114824909486,516.578
407,10,7,-6.7545960513736345,166.14336801331967,517.689
408,10,8,-13.85383491052965,171.73706071712834,519.151
409,10,9,-20.816913948581462,177.67995367244308,520.87
410,10,10,-27.554798234603368,-175.8103669720705,522.713
411,10,11,-33.950042665817,-168.4714926334319,524.519
412,10,12,-39.84117986269596,-159.99003692967685,526.114
413,10,13,-45.0046218752126,-150.0251187797084,527.328
414,10,14,-49.14326571975511,-138.30495129607343,528.013
415,10,15,-51.90637093715957,-124.84059938522728,528.056
416,10,16,-52.97473888184921,-110.18487123783416,527.393
417,10,17,-52.19980610918707,-95.42579549810958,526.016
418,10,18,-49.68807917399575,-81.70406156876984,523.974
419,10,19,-45.738973078921106,-69.67574327054055,521.376
420,10,20,-40.70539003799934,-59.42687366620717,518.375
421,10,21,-34.89614339417424,-50.71473856851871,515.162
422,10,22,-28.547077871939067,-43.20022250027863,511.946
423,10,23,-21.829436559069784,-36.56202994783494,508.939
424,10,24,-14.86765184186569,-30.52869845772006,506.335
425,10,25,-7.755607231789547,-24.8753986930247,504.295
426,10,26,-0.5690818634136479,-19.409833507856305,502.933
427,10,27,6.624563336841756,-13.956421790542302,502.308
428,10,28,13.758529865945878,-8.34048316060691,502.418
429,10,29,20.758435576455106,-2.3726969405318283,503.203
430,10,30,27.53311409153587,4.167016023467916,504.551
431,10,31,33.962487270484765,11.544341338925946,506.312
432,10,32,39.88166239390663,20.076661461430064,508.31
433,10,33,45.062651162401025,30.108501804886295,510.363
434,10,34,49.203145988208604,41.911488747302286,512.3
435,10,35,51.948024845812895,55.464503343764356,513.976
436,10,36,52.9779524858537,70.19207825103683,515.286
437,10,37,52.1512400490937,84.98363154026484,516.176
438,10,38,49.58560926097264,98.69523629906543,516.643
439,10,39,45.58983589839387,110.686364217264,516.735
440,11,0,37.684684236047836,134.3929877697053,516.377
441,11,1,31.56457519252795,142.42100087484152,515.993
442,11,2,25.008749598832736,149.4235157176137,515.659
443,11,3,18.161498616273292,155.69754990426898,515.509
444,11,4,11.12885666284584,161.48863507509103,515.654
445,11,5,3.9929904873788074,167.00200475426033,516.17
446,11,6,-3.176984799029622,172.41816718116203,517.086
447,11,7,-10.316430420508564,177.90880599077352,518.381
448,11,8,-17.3574470396321,-176.34784821823715,519.986
449,11,9,-24.220516740309293,-170.15125471639146,521.786
450,11,10,-30.804098515244146,-163.26302259881194,523.631
451,11,11,-36.970936297970674,-155.39489056176737,525.353
452,11,12,-42.53069662198271,-146.2135043926261,526.778
453,11,13,-47.22331661953744,-135.39370610576054,527.745
454,11,14,-50.71898353108787,-122.77118867049681,528.12
455,11,15,-52.667305237117766,-108.602589614709,527.815
456,11,16,-52.817002493156934,-93.74034386757138,526.792
457,11,17,-51.14523173152627,-79.3793383828643,525.073
458,11,18,-47.87086977927343,-66.46172945469935,522.736
459,11,19,-43.33679554782762,-55.33964065554735,519.914
460,11,20,-37.88128440111748,-45.89954058102435,516.782
461,11,21,-31.777072622890802,-37.828917340751,513.541
462,11,22,-25.225664454041294,-30.78977560855463,510.404
463,11,23,-18.37264196163319,-24.48475968382416,507.576
464,11,24,-11.325379988287324,-18.66714776581309,505.236
465,11,25,-4.167338749906199,-13.130327485902185,503.524
466,11,26,3.030934650563828,-7.692378463095447,502.527
467,11,27,10.203381398234745,-2.180072372445952,502.274
468,11,28,17.28041958126728,3.5865801444978858,502.732
469,11,29,24.18058916196869,9.810275836970185,503.815
470,11,30,30.80000723193131,16.732293485279172,505.391
471,11,31,36.99841414900163,24.644565619834946,507.293
472,11,32,42.581584946393896,33.88450358563614,509.341
473,11,33,47.28456634091953,44.779679840181984,511.356
474,11,34,50.77241610096488,57.490030093077486,513.178
475,11,35,52.69199978606195,71.7422170039279,514.681
476,11,36,52.79532005763673,86.6585441889137,515.785
477,11,37,51.069286858144906,101.02963103283571,516.461
478,11,38,47.74376678900866,113.9211281478037,516.731
479,11,39,43.168636290461905,124.99953788721348,516.667
480,12,0,40.52140864742129,138.88874122481275,516.542
481,12,1,34.690080002009545,147.55577316831702,516.188
482,12,2,28.331015082829467,155.03062291295225,515.811
483,12,3,21.614217298322682,161.63512897240946,515.553
484,12,4,14.662797393184084,167.63987612084782,515.539
485,12,5,7.569306991988279,173.26837546866687,515.863
486,12,6,0.40821300589370274,178.71148982203343,516.578
487,12,7,-6.7545960513736345,-175.85662101312982,517.689
488,12,8,-13.85383491052965,-170.26292830932118,519.151
489,12,9,-20.816913948581462,-164.32003535400645,520.87
490,12,10,-27.554798234603368,-157.8103596409857,522.713
491,12,11,-33.950042665817,-150.47148530234708,524.519
492,12,12,-39.84117986269596,-141.99002959859206,526.114
493,12,13,-45.0046218752126,-132.02511144862362,527.328
494,12,14,-49.14326571975511,-120.30494396498861,528.013
495,12,15,-51.90637093715957,-106.84059888433164,528.056
496,12,16,-52.97473888184921,-92.18487073693852,527.393
497,12,17,-52.19980610918707,-77.42579499721394,526.016
498,12,18,-49.68807917399575,-63.704061067874214,523.974
499,12,19,-45.738973078921106,-51.67574276964492,521.376
500,12,20,-40.70539003799934,-41.42687316531154,518.375
501,12,21,-34.89614339417424,-32.71473806762308,515.162
502,12,22,-28.547077871939067,-25.200221999382997,511.946
503,12,23,-21.829436559069784,-18.562029446939302,508.939
504,12,24,-14.86765184186569,-12.528697956824429,506.335
505,12,25,-7.755607231789547,-6.875399045902712,504.295
506,12,26,-0.5690818634136479,-1.4098329002389662,502.933
507,12,27,6.624563336841756,4.043578283466507,502.308
508,12,28,13.758529865945878,9.659517340288724,502.418
509,12,29,20.758435576455106,15.627303773807217,503.203
510,12,30,27.53311409153587,22.16701695125037,504.551
511,12,31,33.962487270484765,29.54434183982158,506.312
512,12,32,39.88166239390663,38.0766619623257,508.31
513,12,33,45.062651162401025,48.108502305781926,510.363
514,12,34,49.203145988208604,59.91148924819792,512.3
515,12,35,51.948024845812895,73.46450384465999,513.976
516,12,36,52.9779524858537,88.19207875193247,515.286
517,12,37,52.1512400490937,102.98363204116046,516.176
518,12,38,49.58560926097264,116.69524363015023,516.643
519,12,39,45.58983589839387,128.68636471815964,516.735
520,13,0,37.684684236047836,152.3929951007901,516.377
521,13,1,31.56457519252795,160.4210082059263,515.993
522,13,2,25.008749598832736,167.42352304869848,515.659
523,13,3,18.161498616273292,173.6975572353538,515.509
524,13,4,11.12885666284584,179.4886424061758,515.654
525,13,5,3.9929904873788074,-174.9979842721892,516.17
526,13,6,-3.176984799029622,-169.5818218452875,517.086
527,13,7,-10.316430420508564,-164.09119669605434,518.381
528,13,8,-17.3574470396321,-158.34784088715236,519.986
529,13,9,-24.220516740309293,-152.15124738530668,521.786
530,13,10,-30.804098515244146,-145.26301526772716,523.631
531,13,11,-36.970936297970674,-137.39488323068258,525.353
532,13,12,-42.53069662198271,-128.21349706154132,526.778
533,13,13,-47.22331661953744,-117.39369877467574,527.745
534,13,14,-50.71898353108787,-104.77117450922285,528.12
535,13,15,-52.667305237117766,-90.6025822836242,527.815
536,13,16,-52.817002493156934,-75.74033653648658,526.792
537,13,17,-51.14523173152627,-61.37933105177951,525.073
538,13,18,-47.87086977927343,-48.46172212361455,522.736
539,13,19,-43.33679554782762,-37.33963332446255,519.914
540,13,20,-37.88128440111748,-27.899533249939545,516.782
541,13,21,-31.777072622890802,-19.828910009666192,513.541
542,13,22,-25.225664454041294,-12.789768277469827,510.404
543,13,23,-18.37264196163319,-6.484752352739356,507.576
544,13,24,-11.325379988287324,-0.6671401679240235,505.236
545,13,25,-4.167338749906199,4.869679418295794,503.524
546,13,26,3.030934650563828,10.307628867989356,502.527
547,13,27,10.203381398234745,15.819935598969087,502.274
548,13,28,17.28041958126728,21.58658747558269,502.732
549,13,29,24.18058916196869,27.810283168054987,503.815
550,13,30,30.80000723193131,34.732300816363974,505.391
551,13,31,36.99841414900163,42.64457295091975,507.293
552,13,32,42.581584946393896,51.88451091672095,509.341
553,13,33,47.28456634091953,62.7796837561722,511.356
554,13,34,50.77241610096488,75.4900374241623,513.178
555,13,35,52.69199978606195,89.74222433501272,514.681
556,13,36,52.79532005763673,104.6585515199985,515.785
557,13,37,51.069286858144906,119.02963836392051,516.461
558,13,38,47.74376678900866,131.92112864869935,516.731
559,13,39,43.168636290461905,142.99954521829827,516.667
560,14,0,40.52140864742129,156.8887348955192,516.542
561,14,1,34.690080002009545,165.55576683902348,516.188
562,14,2,28.331015082829467,173.0306165836587,515.811
563,14,3,21.614217298322682,179.63512264311592,515.553
564,14,4,14.662797393184084,-174.3601402263584,515.539
565,14,5,7.569306991988279,-168.73164087853934,515.863
566,14,6,0.40821300589370274,-163.28852652517278,516.578
567,14,7,-6.7545960513736345,-157.85662734242337,517.689
568,14,8,-13.85383491052965,-152.26293463861472,519.151
569,14,9,-20.816913948581462,-146.3200416833,520.87
570,14,10,-27.554798234603368,-139.81036597027924,522.713
571,14,11,-33.950042665817,-132.47149163164062,524.519
572,14,12,-39.84117986269596,-123.99003592788559,526.114
573,14,13,-45.0046218752126,-114.02511777791715,527.328
574,14,14,-49.14326571975511,-102.30495029428215,528.013
575,14,15,-51.90637093715957,-88.84060521362518,528.056
576,14,16,-52.97473888184921,-74.18487706623206,527.393
577,14,17,-52.19980610918707,-59.42580132650748,526.016
578,14,18,-49.68807917399575,-45.70407081226234,523.974
579,14,19,-45.738973078921106,-33.67574909893846,521.376
580,14,20,-40.70539003799934,-23.426879494605075,518.375
581,14,21,-34.89614339417424,-14.714744396916615,515.162
582,14,22,-28.547077871939067,-7.200228328676531,511.946
583,14,23,-21.829436559069784,-0.562034922459193,508.939
584,14,24,-14.86765184186569,5.471295286995211,506.335
585,14,25,-7.755607231789547,11.124594624803752,504.295
586,14,26,-0.5690818634136479,16.59016066374579,502.933
587,14,27,6.624563336841756,22.043571527286147,502.308
588,14,28,13.758529865945878,27.65951015722154,502.418
589,14,29,20.758435576455106,33.62729573696639,503.203
590,14,30,27.53311409153587,40.167010621956834,504.551
591,14,31,33.962487270484765,47.54433551052804,506.312
592,14,32,39.88166239390663,56.07665563303216,508.31
593,14,33,45.062651162401025,66.1084925613938,510.363
594,14,34,49.203145988208604,77.91148291890438,512.3
595,14,35,51.948024845812895,91.46449751536645,513.976
596,14,36,52.9779524858537,106.19207242263893,515.286
597,14,37,52.1512400490937,120.9836325420561,516.176
598,14,38,49.58560926097264,134.6952373008567,516.643
599,14,39,45.58983589839387,146.6863583888661,516.735
600,15,0,37.684684236047836,170.39298877149656,516.377
601,15,1,31.56457519252795,178.42100187663277,515.993
602,15,2,25.008749598832736,-174.57647963812937,515.659
603,15,3,18.161498616273292,-168.30245911185241,515.509
604,15,4,11.12885666284584,-162.51136028065204,515.654
605,15,5,3.9929904873788074,-156.99799060148274,516.17
606,15,6,-3.176984799029622,-151.58182817458103,517.086
607,15,7,-10.316430420508564,-146.09120302534788,518.381
608,15,8,-17.3574470396321,-140.3478472164459,519.986
609,15,9,-24.220516740309293,-134.1512537146002,521.786
610,15,10,-30.804098515244146,-127.26302159702068,523.631
611,15,11,-36.970936297970674,-119.39488955997611,525.353
612,15,12,-42.53069662198271,-110.21350339083486,526.778
613,15,13,-47.22331661953744,-99.39370510396927,527.745
614,15,14,-50.71898353108787,-86.77118083851637,528.12
615,15,15,-52.667305237117766,-72.60258861291774,527.815
616,15,16,-52.817002493156934,-57.740342865780114,526.792
617,15,17,-51.14523173152627,-43.379340796167625,525.073
618,15,18,-47.87086977927343,-30.461728452908087,522.736
619,15,19,-43.33679554782762,-19.339641361303375,519.914
620,15,20,-37.88128440111748,-9.899539579233082,516.782
621,15,21,-31.777072622890802,-1.8289159120729062,513.541
622,15,22,-25.225664454041294,5.21022582012346,510.404
623,15,23,-18.37264196163319,11.515241317967106,507.576
624,15,24,-11.325379988287324,17.332853235978174,505.236
625,15,25,-4.167338749906199,22.869672662115434,503.524
626,15,26,3.030934650563828,28.307621684922175,502.527
627,15,27,10.203381398234745,33.81992756212826,502.274
628,15,28,17.28041958126728,39.586581146289156,502.732
629,15,29,24.18058916196869,45.81027683876145,503.815
630,15,30,30.80000723193131,52.73229448707044,505.391
631,15,31,36.99841414900163,60.64456662162621,507.293
632,15,32,42.581584946393896,69.884508002522,509.341
633,15,33,47.28456634091953,80.77967742687866,511.356
634,15,34,50.77241610096488,93.49003109486875,513.178
635,15,35,52.69199978606195,107.74221800571918,514.681
636,15,36,52.79532005763673,122.65854519070497,515.785
637,15,37,51.069286858144906,137.02963203462699,516.461
638,15,38,47.74376678900866,149.9211223194058,516.731
639,15,39,43.168636290461905,160.99953888900475,516.667
640,16,0,40.52140864742129,174.88874222660402,516.542
641,16,1,34.690080002009545,-176.44422218742605,516.188
642,16,2,28.331015082829467,-168.9693724427908,515.811
643,16,3,21.614217298322682,-162.3648663833336,515.553
644,16,4,14.662797393184084,-156.36013289527358,515.539
645,16,5,7.569306991988279,-150.73163354745452,515.863
646,16,6,0.40821300589370274,-145.28851919408797,516.578
647,16,7,-6.7545960513736345,-139.85662001133858,517.689
648,16,8,-13.85383491052965,-134.2629273075299,519.151
649,16,9,-20.816913948581462,-128.32003435221517,520.87
650,16,10,-27.554798234603368,-121.81035863919445,522.713
651,16,11,-33.950042665817,-114.471491130745,524.519
652,16,12,-39.84117986269596,-105.99002859680078,526.114
653,16,13,-45.0046218752126,-96.02511044683234,527.328
654,16,14,-49.14326571975511,-84.30494296319735,528.013
655,16,15,-51.90637093715957,-70.84059788254038,528.056
656,16,16,-52.97473888184921,-56.18487315024184,527.393
657,16,17,-52.19980610918707,-41.42579741051726,526.016
658,16,18,-49.68807917399575,-27.704061773630244,523.974
659,16,19,-45.738973078921106,-15.675743475400948,521.376
660,16,20,-40.70539003799934,-5.426871736633448,518.375
661,16,21,-34.89614339417424,3.285262507281365,515.162
662,16,22,-28.547077871939067,10.799779002408272,511.946
663,16,23,-21.829436559069784,17.437971554851963,508.939
664,16,24,-14.86765184186569,23.471303044966838,506.335
665,16,25,-7.755607231789547,29.1246028096622,504.295
666,16,26,-0.5690818634136479,34.590167994830594,502.933
667,16,27,6.624563336841756,40.04357885837095,502.308
668,16,28,13.758529865945878,45.65951748830634,502.418
669,16,29,20.758435576455106,51.62730306805119,503.203
670,16,30,27.53311409153587,58.167017953041636,504.551
671,16,31,33.962487270484765,65.54433942651826,506.312
672,16,32,39.88166239390663,74.07665954902238,508.31
673,16,33,45.062651162401025,84.1084998924786,510.363
674,16,34,49.203145988208604,95.91149024998919,512.3
675,16,35,51.948024845812895,109.46450484645125,513.976
676,16,36,52.9779524858537,124.19208658391291,515.286
677,16,37,52.1512400490937,138.9836398731409,516.176
678,16,38,49.58560926097264,152.6952446319415,516.643
679,16,39,45.58983589839387,164.6863657199509,516.735
680,17,0,37.684684236047836,-171.6070139153313,516.377
681,17,1,31.56457519252795,-163.57900081019508,515.993
682,17,2,25.008749598832736,-156.5764859674229,515.659
683,17,3,18.161498616273292,-150.30246544114596,515.509
684,17,4,11.12885666284584,-144.51136660994558,515.654
685,17,5,3.9929904873788074,-138.99799693077628,516.17
686,17,6,-3.176984799029622,-133.58183450387457,517.086
687,17,7,-10.316430420508564,-128.09120935464142,518.381
688,17,8,-17.3574470396321,-122.34785354573943,519.986
689,17,9,-24.220516740309293,-116.15126004389374,521.786
690,17,10,-30.804098515244146,-109.26302792631422,523.631
691,17,11,-36.970936297970674,-101.39488905908048,525.353
692,17,12,-42.53069662198271,-92.21350972012839,526.778
693,17,13,-47.22331661953744,-81.39371143326281,527.745
694,17,14,-50.71898353108787,-68.77118716780991,528.12
695,17,15,-52.667305237117766,-54.60259152711669,527.815
696,17,16,-52.817002493156934,-39.74034919507365,526.792
697,17,17,-51.14523173152627,-25.379347125461166,525.073
698,17,18,-47.87086977927343,-12.461733928427979,522.736
699,17,19,-43.33679554782762,-1.3396472637100902,519.914
700,17,20,-37.88128440111748,8.100454091473383,516.782
701,17,21,-31.777072622890802,16.171077331746734,513.541
702,17,22,-25.225664454041294,23.2102190639431,510.404
703,17,23,-18.37264196163319,29.51523498867357,507.576
704,17,24,-11.325379988287324,35.33284861423193,505.236
705,17,25,-4.167338749906199,40.8696663328219,503.524
706,17,26,3.030934650563828,46.30761706317593,502.527
707,17,27,10.203381398234745,51.81992123283472,502.274
708,17,28,17.28041958126728,57.586574816995615,502.732
709,17,29,24.18058916196869,63.81027050946791,503.815
710,17,30,30.80000723193131,70.73228474268231,505.391
711,17,31,36.99841414900163,78.64456029233268,507.293
712,17,32,42.581584946393896,87.88450167322846,509.341
713,17,33,47.28456634091953,98.77967109758512,511.356
714,17,34,50.77241610096488,111.49002476557521,513.178
715,17,35,52.69199978606195,125.74221167642564,514.681
716,17,36,52.79532005763673,140.65853886141142,515.785
717,17,37,51.069286858144906,155.02962570533344,516.461
718,17,38,47.74376678900866,167.92111599011227,516.731
719,17,39,43.168636290461905,178.9995325597112,516.667
720,18,0,40.52140864742129,-167.11126046022386,516.542
721,18,1,34.690080002009545,-158.44422851671956,516.188
722,18,2,28.331015082829467,-150.96937877208433,515.811
723,18,3,21.614217298322682,-144.36487271262715,515.553
724,18,4,14.662797393184084,-138.36013922456712,515.539
725,18,5,7.569306991988279,-132.73163987674806,515.863
726,18,6,0.40821300589370274,-127.28852552338151,516.578
727,18,7,-6.7545960513736345,-121.8566263406321,517.689
728,18,8,-13.85383491052965,-116.26293363682345,519.151
729,18,9,-20.816913948581462,-110.32004751169788,520.87
730,18,10,-27.554798234603368,-103.81036496848797,522.713
731,18,11,-33.950042665817,-96.47149746003853,524.519
732,18,12,-39.84117986269596,-87.99003492609432,526.114
733,18,13,-45.0046218752126,-78.02511677612588,527.328
734,18,14,-49.14326571975511,-66.30494929249087,528.013
735,18,15,-51.90637093715957,-52.84060079673933,528.056
736,18,16,-52.97473888184921,-38.18487947953538,527.393
737,18,17,-52.19980610918707,-23.425803739810796,526.016
738,18,18,-49.68807917399575,-9.70406810292378,523.974
739,18,19,-45.738973078921106,2.3242506221923396,521.376
740,18,20,-40.70539003799934,12.573122360959838,518.375
741,18,21,-34.89614339417424,21.28525660487465,515.162
742,18,22,-28.547077871939067,28.799772673114735,511.946
743,18,23,-21.829436559069784,35.43796522555843,508.939
744,18,24,-14.86765184186569,41.471296715673304,506.335
745,18,25,-7.755607231789547,47.124596480368666,504.295
746,18,26,-0.5690818634136479,52.59016166553706,502.933
747,18,27,6.624563336841756,58.043575944172,502.308
748,18,28,13.758529865945878,63.65951457410739,502.418
749,18,29,20.758435576455106,69.62729673875765,503.203
750,18,30,27.53311409153587,76.16701162374811,504.551
751,18,31,33.962487270484765,83.54433309722472,506.312
752,18,32,39.88166239390663,92.07665321972884,508.31
753,18,33,45.062651162401025,102.10849356318508,510.363
754,18,34,49.203145988208604,113.91148392069564,512.3
755,18,35,51.948024845812895,127.46449851715772,513.976
756,18,36,52.9779524858537,142.19208025461938,515.286
757,18,37,52.1512400490937,156.98363354384736,516.176
758,18,38,49.58560926097264,170.69523830264797,516.643
759,18,39,45.58983589839387,-177.31363696687697,516.735
760,19,0,37.684684236047836,-153.6070065842465,516.377
761,19,1,31.56457519252795,-145.57899347911027,515.993
762,19,2,25.008749598832736,-138.5764786363381,515.659
763,19,3,18.161498616273292,-132.30245811006114,515.509
764,19,4,11.12885666284584,-126.51135927886078,515.654
765,19,5,3.9929904873788074,-120.99798959969146,516.17
766,19,6,-3.176984799029622,-115.58182717278977,517.086
767,19,7,-10.316430420508564,-110.09119519336744,518.381
768,19,8,-17.3574470396321,-104.34784621465462,519.986
769,19,9,-24.220516740309293,-98.15125271280894,521.786
770,19,10,-30.804098515244146,-91.26302059522942,523.631
771,19,11,-36.970936297970674,-83.39488172799568,525.353
772,19,12,-42.53069662198271,-74.21350238904358,526.778
773,19,13,-47.22331661953744,-63.393704102178006,527.745
774,19,14,-50.71898353108787,-50.7711832518197,528.12
775,19,15,-52.667305237117766,-36.602584196031884,527.815
776,19,16,-52.817002493156934,-21.740343571536137,526.792
777,19,17,-51.14523173152627,-7.379339794376361,525.073
778,19,18,-47.87086977927343,5.538272975770003,522.736
779,19,19,-43.33679554782762,16.66035964048789,519.914
780,19,20,-37.88128440111748,26.100461422558187,516.782
781,19,21,-31.777072622890802,34.17108466283154,513.541
782,19,22,-25.225664454041294,41.2102263950279,510.404
783,19,23,-18.37264196163319,47.51524231975837,507.576
784,19,24,-11.325379988287324,53.33285594531674,505.236
785,19,25,-4.167338749906199,58.8696736639067,503.524
786,19,26,3.030934650563828,64.30762439426073,502.527
787,19,27,10.203381398234745,69.81992856391952,502.274
788,19,28,17.28041958126728,75.58658214808042,502.732
789,19,29,24.18058916196869,81.81027784055271,503.815
790,19,30,30.80000723193131,88.73229207376713,505.391
791,19,31,36.99841414900163,96.64456762341749,507.293
792,19,32,42.581584946393896,105.88450900431326,509.341
793,19,33,47.28456634091953,116.77967842866992,511.356
794,19,34,50.77241610096488,129.49003209666003,513.178
795,19,35,52.69199978606195,143.74221900751044,514.681
796,19,36,52.79532005763673,158.65854619249623,515.785
797,19,37,51.069286858144906,173.02963303641823,516.461
798,19,38,47.74376678900866,-174.07887303633726,516.731
799,19,39,43.168636290461905,-163.0004564667383,516.667
800,20,0,40.52140864742129,-149.11125312913904,516.542
801,20,1,34.690080002009545,-140.44422118563477,516.188
802,20,2,28.331015082829467,-132.96937144099954,515.811
803,20,3,21.614217298322682,-126.36486538154234,515.553
804,20,4,14.662797393184084,-120.36013189348232,515.539
805,20,5,7.569306991988279,-114.73163254566327,515.863
806,20,6,0.40821300589370274,-109.28851136210754,516.578
807,20,7,-6.7545960513736345,-103.85662583973648,517.689
808,20,8,-13.85383491052965,-98.26293313592781,519.151
809,20,9,-20.816913948581462,-92.32004018061308,520.87
810,20,10,-27.554798234603368,-85.81035763740317,522.713
811,20,11,-33.950042665817,-78.47149012895372,524.519
812,20,12,-39.84117986269596,-69.99002759500952,526.114
813,20,13,-45.0046218752126,-60.025109445041075,527.328
814,20,14,-49.14326571975511,-48.30494537650066,528.013
815,20,15,-51.90637093715957,-34.84059346565453,528.056
816,20,16,-52.97473888184921,-20.184870440903286,527.393
817,20,17,-52.19980610918707,-5.425795981839171,526.016
818,20,18,-49.68807917399575,8.295939228161025,523.974
819,20,19,-45.738973078921106,20.32425752639032,521.376
820,20,20,-40.70539003799934,30.573128838270996,518.375
821,20,21,-34.89614339417424,39.285263935959456,515.162
822,20,22,-28.547077871939067,46.79978000419954,511.946
823,20,23,-21.829436559069784,53.43797255664323,508.939
824,20,24,-14.86765184186569,59.47130404675811,506.335
825,20,25,-7.755607231789547,65.12460381145347,504.295
826,20,26,-0.5690818634136479,70.59016899662186,502.933
827,20,27,6.624563336841756,76.04358327525681,502.308
828,20,28,13.758529865945878,81.6595219051922,502.418
829,20,29,20.758435576455106,87.62730406984245,503.203
830,20,30,27.53311409153587,94.16701895483291,504.551
831,20,31,33.962487270484765,101.54434042830952,506.312
832,20,32,39.88166239390663,110.07666055081364,508.31
833,20,33,45.062651162401025,120.10850772445905,510.363
834,20,34,49.203145988208604,131.91149808196963,512.3
835,20,35,51.948024845812895,145.4645058482425,513.976
836,20,36,52.9779524858537,160.19208758570417,515.286
837,20,37,52.1512400490937,174.98364087493218,516.176
838,20,38,49.58560926097264,-171.3047643841799,516.643
839,20,39,45.58983589839387,-159.31362963579215,516.735
840,21,0,37.684684236047836,-135.60701291354005,516.377
841,21,1,31.56457519252795,-127.57899980840381,515.993
842,21,2,25.008749598832736,-120.57648496563164,515.659
843,21,3,18.161498616273292,-114.30245760916551,515.509
844,21,4,11.12885666284584,-108.51136560815432,515.654
845,21,5,3.9929904873788074,-102.997995928985,516.17
846,21,6,-3.176984799029622,-97.58183350208331,517.086
847,21,7,-10.316430420508564,-92.09120152266097,518.381
848,21,8,-17.3574470396321,-86.34785254394816,519.986
849,21,9,-24.220516740309293,-80.15125904210247,521.786
850,21,10,-30.804098515244146,-73.26302692452295,523.631
851,21,11,-36.970936297970674,-65.39488805728921,525.353
852,21,12,-42.53069662198271,-56.213512133431706,526.778
853,21,13,-47.22331661953744,-45.39370701637696,527.745
854,21,14,-50.71898353108787,-32.771189581113234,528.12
855,21,15,-52.667305237117766,-18.60259052532542,527.815
856,21,16,-52.817002493156934,-3.740349473942852,526.792
857,21,17,-51.14523173152627,10.620653876330103,525.073
858,21,18,-47.87086977927343,23.53826621958964,522.736
859,21,19,-43.33679554782762,34.66035501874165,519.914
860,21,20,-37.88128440111748,44.10045509326465,516.782
861,21,21,-31.777072622890802,52.171078333538,513.541
862,21,22,-25.225664454041294,59.21022006573437,510.404
863,21,23,-18.37264196163319,65.51523599046483,507.576
864,21,24,-11.325379988287324,71.3328496160232,505.236
865,21,25,-4.167338749906199,76.86966733461317,503.524
866,21,26,3.030934650563828,82.3076180649672,502.527
867,21,27,10.203381398234745,87.81992223462599,502.274
868,21,28,17.28041958126728,93.58657581878688,502.732
869,21,29,24.18058916196869,99.81027151125919,503.815
870,21,30,30.80000723193131,106.73228574447359,505.391
871,21,31,36.99841414900163,114.64456129412395,507.293
872,21,32,42.581584946393896,123.88449584483055,509.341
873,21,33,47.28456634091953,134.7796720993764,511.356
874,21,34,50.77241610096488,147.4900257673665,513.178
875,21,35,52.69199978606195,161.7422126782169,514.681
876,21,36,52.79532005763673,176.6585398632027,515.785
877,21,37,51.069286858144906,-168.97036965040962,516.461
878,21,38,47.74376678900866,-156.0788793656308,516.731
879,21,39,43.168636290461905,-145.00046279603185,516.667
880,22,0,40.52140864742129,-131.11125945843258,516.542
881,22,1,34.690080002009545,-122.4442275149283,516.188
882,22,2,28.331015082829467,-114.96937777029306,515.811
883,22,3,21.614217298322682,-108.36487171083589,515.553
884,22,4,14.662797393184084,-102.36013139258668,515.539
885,22,5,7.569306991988279,-96.73163204476764,515.863
886,22,6,0.40821300589370274,-91.28851769140107,516.578
887,22,7,-6.7545960513736345,-85.85663216903001,517.689
888,22,8,-13.85383491052965,-80.26293946522135,519.151
889,22,9,-20.816913948581462,-74.32004650990662,520.87
890,22,10,-27.554798234603368,-67.81036396669671,522.713
891,22,11,-33.950042665817,-60.47149645824726,524.519
892,22,12,-39.84117986269596,-51.990037339397645,526.114
893,22,13,-45.0046218752126,-42.0251191894292,527.328
894,22,14,-49.14326571975511,-30.3049517057942,528.013
895,22,15,-51.90637093715957,-16.840599794948066,528.056
896,22,16,-52.97473888184921,-2.184877410527056,527.393
897,22,17,-52.19980610918707,12.57419726198047,526.016
898,22,18,-49.68807917399575,26.295932898867488,523.974
899,22,19,-45.738973078921106,38.32425290464408,521.376
900,22,20,-40.70539003799934,48.573122508977455,518.375
901,22,21,-34.89614339417424,57.285257606665915,515.162
902,22,22,-28.547077871939067,64.799773674906,511.946
903,22,23,-21.829436559069784,71.43796622734969,508.939
904,22,24,-14.86765184186569,77.47129771746457,506.335
905,22,25,-7.755607231789547,83.12459748215993,504.295
906,22,26,-0.5690818634136479,88.59016266732833,502.933
907,22,27,6.624563336841756,94.04357694596327,502.308
908,22,28,13.758529865945878,99.65951557589867,502.418
909,22,29,20.758435576455106,105.62729774054893,503.203
910,22,30,27.53311409153587,112.16701262553937,504.551
911,22,31,33.962487270484765,119.544334099016,506.312
912,22,32,39.88166239390663,128.0766610517093,508.31
913,22,33,45.062651162401025,138.10850139516552,510.363
914,22,34,49.203145988208604,149.91149175267608,512.3
915,22,35,51.948024845812895,163.464499518949,513.976
916,22,36,52.9779524858537,178.19208125641063,515.286
917,22,37,52.1512400490937,-167.01637547227404,516.176
918,22,38,49.58560926097264,-153.30477071347343,516.643
919,22,39,45.58983589839387,-141.3136359650857,516.735
920,23,0,37.684684236047836,-117.60700558245523,516.377
921,23,1,31.56457519252795,-109.57899930750818,515.993
922,23,2,25.008749598832736,-102.57647763454683,515.659
923,23,3,18.161498616273292,-96.30245027808071,515.509
924,23,4,11.12885666284584,-90.5113582770695,515.654
925,23,5,3.9929904873788074,-84.9979885979002,516.17
926,23,6,-3.176984799029622,-79.58182617099851,517.086
927,23,7,-10.316430420508564,-74.09119419157616,518.381
928,23,8,-17.3574470396321,-68.34784521286336,519.986
929,23,9,-24.220516740309293,-62.151251711017665,521.786
930,23,10,-30.804098515244146,-55.263023008532734,523.631
931,23,11,-36.970936297970674,-47.39488072620441,525.353
932,23,12,-42.53069662198271,-38.213504802346904,526.778
933,23,13,-47.22331661953744,-27.393701392839446,527.745
934,23,14,-50.71898353108787,-14.771180542481138,528.12
935,23,15,-52.667305237117766,-0.6025834076840315,527.815
936,23,16,-52.817002493156934,14.259657430255128,526.792
937,23,17,-51.14523173152627,28.620661207414905,525.073
938,23,18,-47.87086977927343,41.53827355067445,522.736
939,23,19,-43.33679554782762,52.66036234982645,519.914
940,23,20,-37.88128440111748,62.10046242434945,516.782
941,23,21,-31.777072622890802,70.17108907971739,513.541
942,23,22,-25.225664454041294,77.21022739681916,510.404
943,23,23,-18.37264196163319,83.51524332154965,507.576
944,23,24,-11.325379988287324,89.332856947108,505.236
945,23,25,-4.167338749906199,94.86967466569797,503.524
946,23,26,3.030934650563828,100.307625396052,502.527
947,23,27,10.203381398234745,105.8199295657108,502.274
948,23,28,17.28041958126728,111.58658314987169,502.732
949,23,29,24.18058916196869,117.81027201215481,503.815
950,23,30,30.80000723193131,124.73229990574755,505.391
951,23,31,36.99841414900163,132.64456862520873,507.293
952,23,32,42.581584946393896,141.88450317591537,509.341
953,23,33,47.28456634091953,152.7796794304612,511.356
954,23,34,50.77241610096488,165.49003309845128,513.178
955,23,35,52.69199978606195,179.74222000930172,514.681
956,23,36,52.79532005763673,-165.34144916324684,515.785
957,23,37,51.069286858144906,-150.9703623193248,516.461
958,23,38,47.74376678900866,-138.07887203454598,516.731
959,23,39,43.168636290461905,-127.00045546494705,516.667
960,24,0,40.52140864742129,-113.11125212734778,516.542
961,24,1,34.690080002009545,-104.4442201838435,516.188
962,24,2,28.331015082829467,-96.96937043920826,515.811
963,24,3,21.614217298322682,-90.36486437975108,515.553
964,24,4,14.662797393184084,-84.36012406150188,515.539
965,24,5,7.569306991988279,-78.73162471368283,515.863
966,24,6,0.40821300589370274,-73.28851036031627,516.578
967,24,7,-6.7545960513736345,-67.8566248379452,517.689
968,24,8,-13.85383491052965,-62.26293213413655,519.151
969,24,9,-20.816913948581462,-56.32003917882181,520.87
970,24,10,-27.554798234603368,-49.81035663561191,522.713
971,24,11,-33.950042665817,-42.47148912716246,524.519
972,24,12,-39.84117986269596,-33.99003000831284,526.114
973,24,13,-45.0046218752126,-24.025111858344395,527.328
974,24,14,-49.14326571975511,-12.304944374709397,528.013
975,24,15,-51.90637093715957,1.1594071092499163,528.056
976,24,16,-52.97473888184921,15.815130560887981,527.393
977,24,17,-52.19980610918707,30.57420459306527,526.016
978,24,18,-49.68807917399575,44.295938522405,523.974
979,24,19,-45.738973078921106,56.32426023572888,521.376
980,24,20,-40.70539003799934,66.57312984006226,518.375
981,24,21,-34.89614339417424,75.28526152265614,515.162
982,24,22,-28.547077871939067,82.79978100599081,511.946
983,24,23,-21.829436559069784,89.43797355843449,508.939
984,24,24,-14.86765184186569,95.47130504854937,506.335
985,24,25,-7.755607231789547,101.12460481324473,504.295
986,24,26,-0.5690818634136479,106.59016999841313,502.933
987,24,27,6.624563336841756,112.04358427704807,502.308
988,24,28,13.758529865945878,117.65951607679429,502.418
989,24,29,20.758435576455106,123.62731190182289,503.203
990,24,30,27.53311409153587,130.167013126435,504.551
991,24,31,33.962487270484765,137.5443414301008,506.312
992,24,32,39.88166239390663,146.07666838279408,508.31
993,24,33,45.062651162401025,156.1085087262503,510.363
994,24,34,49.203145988208604,167.91149908376087,512.3
995,24,35,51.948024845812895,-178.53548950750053,513.976
996,24,36,52.9779524858537,-163.80792143041722,515.286
997,24,37,52.1512400490937,-149.01636814118922,516.176
998,24,38,49.58560926097264,-135.30476338238864,516.643
999,24,39,45.58983589839387,-123.31362863400089,516.735
1000,25,0,37.684684236047836,-99.60701191174877,516.377
1001,25,1,31.56457519252795,-91.57900563680171,515.993
1002,25,2,25.008749598832736,-84.57648396384037,515.659
1003,25,3,18.161498616273292,-78.30245660737425,515.509
1004,25,4,11.12885666284584,-72.51136460636305,515.654
1005,25,5,3.9929904873788074,-66.99799492719373,516.17
1006,25,6,-3.176984799029622,-61.581832500292045,517.086
1007,25,7,-10.316430420508564,-56.09120393596429,518.381
1008,25,8,-17.3574470396321,-50.34785154215689,519.986
1009,25,9,-24.220516740309293,-44.15126145540579,521.786
1010,25,10,-30.804098515244146,-37.26302933782627,523.631
1011,25,11,-36.970936297970674,-29.394887055497946,525.353
1012,25,12,-42.53069662198271,-20.21351113164044,526.778
1013,25,13,-47.22331661953744,-9.393707722132984,527.745
1014,25,14,-50.71898353108787,3.2288124878950906,528.12
1015,25,15,-52.667305237117766,17.397410476465843,527.815
1016,25,16,-52.817002493156934,32.25965280850888,526.792
1017,25,17,-51.14523173152627,46.62065487812137,525.073
1018,25,18,-47.87086977927343,59.538267221380906,522.736
1019,25,19,-43.33679554782762,70.66035602053292,519.914
1020,25,20,-37.88128440111748,80.10045609505592,516.782
1021,25,21,-31.777072622890802,88.17108275042385,513.541
1022,25,22,-25.225664454041294,95.21022106752564,510.404
1023,25,23,-18.37264196163319,101.5152369922561,507.576
1024,25,24,-11.325379988287324,107.33285061781446,505.236
1025,25,25,-4.167338749906199,112.86966833640443,503.524
1026,25,26,3.030934650563828,118.30761906675846,502.527
1027,25,27,10.203381398234745,123.81992323641725,502.274
1028,25,28,17.28041958126728,129.58658365076732,502.732
1029,25,29,24.18058916196869,135.81026568286129,503.815
1030,25,30,30.80000723193131,142.73229357645403,505.391
1031,25,31,36.99841414900163,150.64456229591522,507.293
1032,25,32,42.581584946393896,159.88449684662183,509.341
1033,25,33,47.28456634091953,170.77967310116767,511.356
1034,25,34,50.77241610096488,-176.50996958837658,513.178
1035,25,35,52.69199978606195,-162.25778267752617,514.681
1036,25,36,52.79532005763673,-147.34145549254038,515.785
1037,25,37,51.069286858144906,-132.97036864861835,516.461
1038,25,38,47.74376678900866,-120.07887836383954,516.731
1039,25,39,43.168636290461905,-109.00046862442976,516.667
1040,26,0,40.52140864742129,-95.11124479626298,516.542
1041,26,1,34.690080002009545,-86.4442128527587,516.188
1042,26,2,28.331015082829467,-78.96936310812346,515.811
1043,26,3,21.614217298322682,-72.36485704866628,515.553
1044,26,4,14.662797393184084,-66.36011673041708,515.539
1045,26,5,7.569306991988279,-60.731617382598024,515.863
1046,26,6,0.40821300589370274,-55.288503029231464,516.578
1047,26,7,-6.7545960513736345,-49.8566175068604,517.689
1048,26,8,-13.85383491052965,-44.26292138795716,519.151
1049,26,9,-20.816913948581462,-38.320031847737006,520.87
1050,26,10,-27.554798234603368,-31.810349304527104,522.713
1051,26,11,-33.950042665817,-24.471480088530363,524.519
1052,26,12,-39.84117986269596,-15.990020969680744,526.114
1053,26,13,-45.0046218752126,-6.025103673485947,527.328
1054,26,14,-49.14326571975511,5.6950629563754065,528.013
1055,26,15,-51.90637093715957,19.159414867221543,528.056
1056,26,16,-52.97473888184921,33.81513618442549,527.393
1057,26,17,-52.19980610918707,48.57421192415008,526.016
1058,26,18,-49.68807917399575,62.29594926858439,523.974
1059,26,19,-45.738973078921106,74.32426756681369,521.376
1060,26,20,-40.70539003799934,84.57313717114707,518.375
1061,26,21,-34.89614339417424,93.28526885374094,515.162
1062,26,22,-28.547077871939067,100.79978833707561,511.946
1063,26,23,-21.829436559069784,107.4379808895193,508.939
1064,26,24,-14.86765184186569,113.47131237963417,506.335
1065,26,25,-7.755607231789547,119.12460531414037,504.295
1066,26,26,-0.5690818634136479,124.59017732949793,502.933
1067,26,27,6.624563336841756,130.04359160813289,502.308
1068,26,28,13.758529865945878,135.6595234078791,502.418
1069,26,29,20.758435576455106,141.6273192329077,503.203
1070,26,30,27.53311409153587,148.1670204575198,504.551
1071,26,31,33.962487270484765,155.5443487611856,506.312
1072,26,32,39.88166239390663,164.0766757138789,508.31
1073,26,33,45.062651162401025,174.10851605733512,510.363
1074,26,34,49.203145988208604,-174.08850360306698,512.3
1075,26,35,51.948024845812895,-160.53548217641574,513.976
1076,26,36,52.9779524858537,-145.80791409933244,515.286
1077,26,37,52.1512400490937,-131.01636081010443,516.176
1078,26,38,49.58560926097264,-117.30475605130383,516.643
1079,26,39,45.58983589839387,-105.31362130291609,516.735
1080,27,0,37.684684236047836,-81.60701824104231,516.377
1081,27,1,31.56457519252795,-73.57901196609525,515.993
1082,27,2,25.008749598832736,-66.57649029313392,515.659
1083,27,3,18.161498616273292,-60.30246293666779,515.509
1084,27,4,11.12885666284584,-54.511367520562,515.654
1085,27,5,3.9929904873788074,-48.99800467158186,516.17
1086,27,6,-3.176984799029622,-43.58183882958558,517.086
1087,27,7,-10.316430420508564,-38.09121026525783,518.381
1088,27,8,-17.3574470396321,-32.34785787145043,519.986
1089,27,9,-24.220516740309293,-26.151267784699325,521.786
1090,27,10,-30.804098515244146,-19.263033959572514,523.631
1091,27,11,-36.970936297970674,-11.39489423856513,525.353
1092,27,12,-42.53069662198271,-2.2135170340471544,526.778
1093,27,13,-47.22331661953744,8.606285948573479,527.745
1094,27,14,-50.71898353108787,21.22880679893179,528.12
1095,27,15,-52.667305237117766,35.39740414717231,527.815
1096,27,16,-52.817002493156934,50.25964647921535,526.792
1097,27,17,-51.14523173152627,64.62065196392241,525.073
1098,27,18,-47.87086977927343,77.53826089208738,522.736
1099,27,19,-43.33679554782762,88.66034969123938,519.914
1100,27,20,-37.88128440111748,98.10044976576238,516.782
1101,27,21,-31.777072622890802,106.17107642113032,513.541
1102,27,22,-25.225664454041294,113.2102147382321,510.404
1103,27,23,-18.37264196163319,119.5152238327734,507.576
1104,27,24,-11.325379988287324,125.33283745833175,505.236
1105,27,25,-4.167338749906199,130.8696620071109,503.524
1106,27,26,3.030934650563828,136.30761273746492,502.527
1107,27,27,10.203381398234745,141.8199169071237,502.274
1108,27,28,17.28041958126728,147.58657732147378,502.732
1109,27,29,24.18058916196869,153.81025935356774,503.815
1110,27,30,30.80000723193131,160.73228724716049,505.391
1111,27,31,36.99841414900163,168.64455596662168,507.293
1112,27,32,42.581584946393896,177.8844905173283,509.341
1113,27,33,47.28456634091953,-171.2203295856602,511.356
1114,27,34,50.77241610096488,-158.50997591767012,513.178
1115,27,35,52.69199978606195,-144.25778900681968,514.681
1116,27,36,52.79532005763673,-129.3414618218339,515.785
1117,27,37,51.069286858144906,-114.97037497791189,516.461
1118,27,38,47.74376678900866,-102.07888469313306,516.731
1119,27,39,43.168636290461905,-91.0004749537233,516.667
1120,28,0,40.52140864742129,-77.11126478593485,516.542
1121,28,1,34.690080002009545,-68.44423284243058,516.188
1122,28,2,28.331015082829467,-60.969383097795344,515.811
1123,28,3,21.614217298322682,-54.36488045343274,515.553
1124,28,4,14.662797393184084,-48.36013672008895,515.539
1125,28,5,7.569306991988279,-42.7316373722699,515.863
1126,28,6,0.40821300589370274,-37.28852301890334,516.578
1127,28,7,-6.7545960513736345,-31.856637496532283,517.689
1128,28,8,-13.85383491052965,-26.262941377629033,519.151
1129,28,9,-20.816913948581462,-20.320050129861592,520.87
1130,28,10,-27.554798234603368,-13.810370147972629,522.713
1131,28,11,-33.950042665817,-6.471500505089062,524.519
1132,28,12,-39.84117986269596,2.0099586137605567,526.114
1133,28,13,-45.0046218752126,11.974876336842177,527.328
1134,28,14,-49.14326571975511,23.69504296670353,528.013
1135,28,15,-51.90637093715957,37.159394877549666,528.056
1136,28,16,-52.97473888184921,51.815116194753614,527.393
1137,28,17,-52.19980610918707,66.57419534957279,526.016
1138,28,18,-49.68807917399575,80.29592927891251,523.974
1139,28,19,-45.738973078921106,92.3242475771418,521.376
1140,28,20,-40.70539003799934,102.57311718147518,518.375
1141,28,21,-34.89614339417424,111.28524886406906,515.162
1142,28,22,-28.547077871939067,118.7997751775929,511.946
1143,28,23,-21.829436559069784,125.43796773003659,508.939
1144,28,24,-14.86765184186569,131.4712923899623,506.335
1145,28,25,-7.755607231789547,137.12458532446848,504.295
1146,28,26,-0.5690818634136479,142.59015733982605,502.933
1147,28,27,6.624563336841756,148.043571618461,502.308
1148,28,28,13.758529865945878,153.6595034182072,502.418
1149,28,29,20.758435576455106,159.62729924323583,503.203
1150,28,30,27.53311409153587,166.16700046784794,504.551
1151,28,31,33.962487270484765,173.54432877151373,506.312
1152,28,32,39.88166239390663,-177.92335429370567,508.31
1153,28,33,45.062651162401025,-167.89151395024942,510.363
1154,28,34,49.203145988208604,-156.08852359273885,512.3
1155,28,35,51.948024845812895,-142.5355021660876,513.976
1156,28,36,52.9779524858537,-127.8079340890043,515.286
1157,28,37,52.1512400490937,-113.01637396958714,516.176
1158,28,38,49.58560926097264,-99.30476921078653,516.643
1159,28,39,45.58983589839387,-87.31364129258796,516.735
1160,29,0,37.684684236047836,-63.6070109099575,516.377
1161,29,1,31.56457519252795,-55.57900463501045,515.993
1162,29,2,25.008749598832736,-48.57648637714369,515.659
1163,29,3,18.161498616273292,-42.30245902067757,515.509
1164,29,4,11.12885666284584,-36.511360189477195,515.654
1165,29,5,3.9929904873788074,-30.997997340497054,516.17
1166,29,6,-3.176984799029622,-25.581831498500776,517.086
1167,29,7,-10.316430420508564,-20.091202934173022,518.381
1168,29,8,-17.3574470396321,-14.347850540365625,519.986
1169,29,9,-24.220516740309293,-8.151260453614523,521.786
1170,29,10,-30.804098515244146,-1.2630267352094162,523.631
1171,29,11,-36.970936297970674,6.605113092519675,525.353
1172,29,12,-42.53069662198271,15.786489870150826,526.778
1173,29,13,-47.22331661953744,26.60629327965828,527.745
1174,29,14,-50.71898353108787,39.2288124224693,528.12
1175,29,15,-52.667305237117766,53.39741147825711,527.815
1176,29,16,-52.817002493156934,68.25965381030015,526.792
1177,29,17,-51.14523173152627,82.62065929500721,525.073
1178,29,18,-47.87086977927343,95.53826822317218,522.736
1179,29,19,-43.33679554782762,106.66035702232418,519.914
1180,29,20,-37.88128440111748,116.10045709684718,516.782
1181,29,21,-31.777072622890802,124.17107692202595,513.541
1182,29,22,-25.225664454041294,131.21022889950606,510.404
1183,29,23,-18.37264196163319,137.5152311638582,507.576
1184,29,24,-11.325379988287324,143.33284478941655,505.236
1185,29,25,-4.167338749906199,148.8696693381957,503.524
1186,29,26,3.030934650563828,154.30762006854974,502.527
1187,29,27,10.203381398234745,159.81992423820853,502.274
1188,29,28,17.28041958126728,165.5865846525586,502.732
1189,29,29,24.18058916196869,171.81026668465253,503.815
1190,29,30,30.80000723193131,178.73229457824527,505.391
1191,29,31,36.99841414900163,-173.35543305982785,507.293
1192,29,32,42.581584946393896,-164.11549850912124,509.341
1193,29,33,47.28456634091953,-153.2203222545754,511.356
1194,29,34,50.77241610096488,-140.5099685865853,513.178
1195,29,35,52.69199978606195,-126.25778167573489,514.681
1196,29,36,52.79532005763673,-111.3414544907491,515.785
1197,29,37,51.069286858144906,-96.97037447701626,516.461
1198,29,38,47.74376678900866,-84.07887736204826,516.731
1199,29,39,43.168636290461905,-73.0004676226385,516.667
1200,30,0,40.52140864742129,-59.111257454850055,516.542
1201,30,1,34.690080002009545,-50.44422551134577,516.188
1202,30,2,28.331015082829467,-42.969379181805124,515.811
1203,30,3,21.614217298322682,-36.36487312234793,515.553
1204,30,4,14.662797393184084,-30.360129389004147,515.539
1205,30,5,7.569306991988279,-24.731631748732394,515.863
1206,30,6,0.40821300589370274,-19.28851568781854,516.578
1207,30,7,-6.7545960513736345,-13.856629311673831,517.689
1208,30,8,-13.85383491052965,-8.262934900317877,519.151
1209,30,9,-20.816913948581462,-2.3200430122202,520.87
1210,30,10,-27.554798234603368,4.189636756225352,522.713
1211,30,11,-33.950042665817,11.528507252882564,524.519
1212,30,12,-39.84117986269596,20.009966371732183,526.114
1213,30,13,-45.0046218752126,29.974882814153332,527.328
1214,30,14,-49.14326571975511,41.695050297788335,528.013
1215,30,15,-51.90637093715957,55.15940220863447,528.056
1216,30,16,-52.97473888184921,69.815126940933,527.393
1217,30,17,-52.19980610918707,84.57420268065759,526.016
1218,30,18,-49.68807917399575,98.29593660999731,523.974
1219,30,19,-45.738973078921106,110.3242549082266,521.376
1220,30,20,-40.70539003799934,120.57312451255999,518.375
1221,30,21,-34.89614339417424,129.28526302534303,515.162
1222,30,22,-28.547077871939067,136.7997825086777,511.946
1223,30,23,-21.829436559069784,143.4379750611214,508.939
1224,30,24,-14.86765184186569,149.4712997210471,506.335
1225,30,25,-7.755607231789547,155.1245926555533,504.295
1226,30,26,-0.5690818634136479,160.59016467091087,502.933
1227,30,27,6.624563336841756,166.0435789495458,502.308
1228,30,28,13.758529865945878,171.65951074929202,502.418
1229,30,29,20.758435576455106,177.6273065743206,503.203
1230,30,30,27.53311409153587,-175.83298855860158,504.551
1231,30,31,33.962487270484765,-168.4556602549358,506.312
1232,30,32,39.88166239390663,-159.92334696262085,508.31
1233,30,33,45.062651162401025,-149.89150661916463,510.363
1234,30,34,49.203145988208604,-138.08851626165406,512.3
1235,30,35,51.948024845812895,-124.53549483500281,513.976
1236,30,36,52.9779524858537,-109.80791992773032,515.286
1237,30,37,52.1512400490937,-95.01636663850233,516.176
1238,30,38,49.58560926097264,-81.30476187970173,516.643
1239,30,39,45.58983589839387,-69.31363396150316,516.735
1240,31,0,37.684684236047836,-45.6070035788727,516.377
1241,31,1,31.56457519252795,-37.57899730392565,515.993
1242,31,2,25.008749598832736,-30.576479046058886,515.659
1243,31,3,18.161498616273292,-24.302451689592765,515.509
1244,31,4,11.12885666284584,-18.511354565939687,515.654
1245,31,5,3.9929904873788074,-12.99799000941225,516.17
1246,31,6,-3.176984799029622,-7.5818241674159745,517.086
1247,31,7,-10.316430420508564,-2.0911953896448074,518.381
1248,31,8,-17.3574470396321,3.652156790719178,519.986
1249,31,9,-24.220516740309293,9.848746877470282,521.786
1250,31,10,-30.804098515244146,16.736980702597094,523.631
1251,31,11,-36.970936297970674,24.605119569830833,525.353
1252,31,12,-42.53069662198271,33.786497201235626,526.778
1253,31,13,-47.22331661953744,44.60630231829038,527.745
1254,31,14,-50.71898353108787,57.228819753554106,528.12
1255,31,15,-52.667305237117766,71.39741539424733,527.815
1256,31,16,-52.817002493156934,86.25966114138495,526.792
1257,31,17,-51.14523173152627,100.62066662609202,525.073
1258,31,18,-47.87086977927343,113.53827555425698,522.736
1259,31,19,-43.33679554782762,124.66036435340898,519.914
1260,31,20,-37.88128440111748,134.100464427932,516.782
1261,31,21,-31.777072622890802,142.17108425311076,513.541
1262,31,22,-25.225664454041294,149.21023623059088,510.404
1263,31,23,-18.37264196163319,155.515238494943,507.576
1264,31,24,-11.325379988287324,161.33285212050137,505.236
1265,31,25,-4.167338749906199,166.8696766692805,503.524
1266,31,26,3.030934650563828,172.30762739963453,502.527
1267,31,27,10.203381398234745,177.81993156929332,502.274
1268,31,28,17.28041958126728,-176.41341803426928,502.732
1269,31,29,24.18058916196869,-170.18972234179697,503.815
1270,31,30,30.80000723193131,-163.26770810858258,505.391
1271,31,31,36.99841414900163,-155.35542572874306,507.293
1272,31,32,42.581584946393896,-146.11549117803645,509.341
1273,31,33,47.28456634091953,-135.2203149234906,511.356
1274,31,34,50.77241610096488,-122.50996125550051,513.178
1275,31,35,52.69199978606195,-108.25777434465009,514.681
1276,31,36,52.79532005763673,-93.3414471596643,515.785
1277,31,37,51.069286858144906,-78.97036714593146,516.461
1278,31,38,47.74376678900866,-66.07887003096346,516.731
1279,31,39,43.168636290461905,-55.000460291553686,516.667
1280,32,0,40.52140864742129,-41.111250123765245,516.542
1281,32,1,34.690080002009545,-32.44421818026097,516.188
1282,32,2,28.331015082829467,-24.969371850720318,515.811
1283,32,3,21.614217298322682,-18.364865791263128,515.553
1284,32,4,14.662797393184084,-12.36012291169299,515.539
1285,32,5,7.569306991988279,-6.7316244176475895,515.863
1286,32,6,0.40821300589370274,-1.2885086768988527,516.578
1287,32,7,-6.7545960513736345,4.143378019410972,517.689
1288,32,8,-13.85383491052965,9.737072430766926,519.151
1289,32,9,-20.816913948581462,15.679964532308015,520.87
1290,32,10,-27.554798234603368,22.189643660423332,522.713
1291,32,11,-33.950042665817,29.528512876420077,524.519
1292,32,12,-39.84117986269596,38.009971995269694,526.114
1293,32,13,-45.0046218752126,47.974890145238135,527.328
1294,32,14,-49.14326571975511,59.69506104396772,528.013
1295,32,15,-51.90637093715957,73.15940612462468,528.056
1296,32,16,-52.97473888184921,87.81513427201781,527.393
1297,32,17,-52.19980610918707,102.5742100117424,526.016
1298,32,18,-49.68807917399575,116.29593711089295,523.974
1299,32,19,-45.738973078921106,128.32425540912223,521.376
1300,32,20,-40.70539003799934,138.5731318436448,518.375
1301,32,21,-34.89614339417424,147.28527035642784,515.162
1302,32,22,-28.547077871939067,154.7997898397625,511.946
1303,32,23,-21.829436559069784,161.4379823922062,508.939
1304,32,24,-14.86765184186569,167.4713070521319,506.335
1305,32,25,-7.755607231789547,173.1245999866381,504.295
1306,32,26,-0.5690818634136479,178.59017200199565,502.933
1307,32,27,6.624563336841756,-175.95641007690372,502.308
1308,32,28,13.758529865945878,-170.3404782771575,502.418
1309,32,29,20.758435576455106,-164.37269611250724,503.203
1310,32,30,27.53311409153587,-157.8329812275168,504.551
1311,32,31,33.962487270484765,-150.455652923851,506.312
1312,32,32,39.88166239390663,-141.92333963153604,508.31
1313,32,33,45.062651162401025,-131.8914992880798,510.363
1314,32,34,49.203145988208604,-120.08850893056925,512.3
1315,32,35,51.948024845812895,-106.53549433410717,513.976
1316,32,36,52.9779524858537,-91.80791259664552,515.286
1317,32,37,52.1512400490937,-77.01635930741753,516.176
1318,32,38,49.58560926097264,-63.304754548616934,516.643
1319,32,39,45.58983589839387,-51.313626630418355,516.735
1320,33,0,37.684684236047836,-27.606996247787897,516.377
1321,33,1,31.56457519252795,-19.57898997284084,515.993
1322,33,2,25.008749598832736,-12.576470861200438,515.659
1323,33,3,18.161498616273292,-6.302443504734314,515.509
1324,33,4,11.12885666284584,-0.5113469146897648,515.654
1325,33,5,3.9929904873788074,5.002017321672553,516.17
1326,33,6,-3.176984799029622,10.418183163668829,517.086
1327,33,7,-10.316430420508564,15.908811727996584,518.381
1328,33,8,-17.3574470396321,21.65216412180398,519.986
1329,33,9,-24.220516740309293,27.848754208555086,521.786
1330,33,10,-30.804098515244146,34.736986326134605,523.631
1331,33,11,-36.970936297970674,42.60512860846293,525.353
1332,33,12,-42.53069662198271,51.786504532320436,526.778
1333,33,13,-47.22331661953744,62.606306234280595,527.745
1334,33,14,-50.71898353108787,75.22883049973349,528.12
1335,33,15,-52.667305237117766,89.39742272533213,527.815
1336,33,16,-52.817002493156934,104.25966847246976,526.792
1337,33,17,-51.14523173152627,118.62067395717683,525.073
1338,33,18,-47.87086977927343,131.53828288534177,522.736
1339,33,19,-43.33679554782762,142.66037168449378,519.914
1340,33,20,-37.88128440111748,152.10047175901678,516.782
1341,33,21,-31.777072622890802,160.17109158419555,513.541
1342,33,22,-25.225664454041294,167.21024356167567,510.404
1343,33,23,-18.37264196163319,173.5152458260278,507.576
1344,33,24,-11.325379988287324,179.33285945158616,505.236
1345,33,25,-4.167338749906199,-175.13031235716903,503.524
1346,33,26,3.030934650563828,-169.692361626815,502.527
1347,33,27,10.203381398234745,-164.1800574571562,502.274
1348,33,28,17.28041958126728,-158.41341070318447,502.732
1349,33,29,24.18058916196869,-152.18971501071218,503.815
1350,33,30,30.80000723193131,-145.26770077749777,505.391
1351,33,31,36.99841414900163,-137.35541839765824,507.293
1352,33,32,42.581584946393896,-128.11548384695163,509.341
1353,33,33,47.28456634091953,-117.22030759240579,511.356
1354,33,34,50.77241610096488,-104.50996075460488,513.178
1355,33,35,52.69199978606195,-90.25776701356527,514.681
1356,33,36,52.79532005763673,-75.3414398285795,515.785
1357,33,37,51.069286858144906,-60.97035981484665,516.461
1358,33,38,47.74376678900866,-48.078862699878655,516.731
1359,33,39,43.168636290461905,-37.000452960468884,516.667
1360,34,0,40.52140864742129,-23.111268405889835,516.542
1361,34,1,34.690080002009545,-14.444236462385552,516.188
1362,34,2,28.331015082829467,-6.969391413505373,515.811
1363,34,3,21.614217298322682,-0.3648853807286095,515.553
1364,34,4,14.662797393184084,5.639856671748309,515.539
1365,34,5,7.569306991988279,11.268355592680534,515.863
1366,34,6,0.40821300589370274,16.711471653594387,516.578
1367,34,7,-6.7545960513736345,22.14335888351274,517.689
1368,34,8,-13.85383491052965,27.737053294868694,519.151
1369,34,9,-20.816913948581462,33.679942835088845,520.87
1370,34,10,-27.554798234603368,40.18962537829875,522.713
1371,34,11,-33.950042665817,47.5284928867482,524.519
1372,34,12,-39.84117986269596,56.00995200559782,526.114
1373,34,13,-45.0046218752126,65.97487357066085,527.328
1374,34,14,-49.14326571975511,77.69504105429584,528.013
1375,34,15,-51.90637093715957,91.15938613495281,528.056
1376,34,16,-52.97473888184921,105.81511428234593,527.393
1377,34,17,-52.19980610918707,120.57419002207051,526.016
1378,34,18,-49.68807917399575,134.29591712122107,523.974
1379,34,19,-45.738973078921106,146.32423541945036,521.376
1380,34,20,-40.70539003799934,156.57311185397293,518.375
1381,34,21,-34.89614339417424,165.28525036675597,515.162
1382,34,22,-28.547077871939067,172.79976985009063,511.946
1383,34,23,-21.829436559069784,179.4379624025343,508.939
1384,34,24,-14.86765184186569,-174.5287092950743,506.335
1385,34,25,-7.755607231789547,-168.8754163605681,504.295
1386,34,26,-0.5690818634136479,-163.40984434521053,502.933
1387,34,27,6.624563336841756,-157.9564300665756,502.308
1388,34,28,13.758529865945878,-152.34049826682937,502.418
1389,34,29,20.758435576455106,-146.3727161021791,503.203
1390,34,30,27.53311409153587,-139.83300121718867,504.551
1391,34,31,33.962487270484765,-132.45567291352287,506.312
1392,34,32,39.88166239390663,-123.92335962120792,508.31
1393,34,33,45.062651162401025,-113.89151244756253,510.363
1394,34,34,49.203145988208604,-102.08852209005195,512.3
1395,34,35,51.948024845812895,-88.53551432377905,513.976
1396,34,36,52.9779524858537,-73.80793258631739,515.286
1397,34,37,52.1512400490937,-59.01637929708941,516.176
1398,34,38,49.58560926097264,-45.30477795338339,516.643
1399,34,39,45.58983589839387,-33.31364662009023,516.735
1400,35,0,37.684684236047836,-9.607016237459774,516.377
1401,35,1,31.56457519252795,-1.579009322182483,515.993
1402,35,2,25.008749598832736,5.423508722240863,515.659
1403,35,3,18.161498616273292,11.697536505593808,515.509
1404,35,4,11.12885666284584,17.488632775473242,515.654
1405,35,5,3.9929904873788074,23.001997332000677,516.17
1406,35,6,-3.176984799029622,28.418163173996952,517.086
1407,35,7,-10.316430420508564,33.90879173832471,518.381
1408,35,8,-17.3574470396321,39.65214413213211,519.986
1409,35,9,-24.220516740309293,45.84873421888321,521.786
1410,35,10,-30.804098515244146,52.73696633646273,523.631
1411,35,11,-36.970936297970674,60.60510861879105,525.353
1412,35,12,-42.53069662198271,69.78648795774315,526.778
1413,35,13,-47.22331661953744,80.60628624460873,527.745
1414,35,14,-50.71898353108787,93.22881051006162,528.12
1415,35,15,-52.667305237117766,107.39740273566025,527.815
1416,35,16,-52.817002493156934,122.25964848279789,526.792
1417,35,17,-51.14523173152627,136.62065396750495,525.073
1418,35,18,-47.87086977927343,149.5382628956699,522.736
1419,35,19,-43.33679554782762,160.6603516948219,519.914
1420,35,20,-37.88128440111748,170.10045176934491,516.782
1421,35,21,-31.777072622890802,178.17107159452368,513.541
1422,35,22,-25.225664454041294,-174.78978644590887,510.404
1423,35,23,-18.37264196163319,-168.4847705211784,507.576
1424,35,24,-11.325379988287324,-162.66715689562002,505.236
1425,35,25,-4.167338749906199,-157.1303323468409,503.524
1426,35,26,3.030934650563828,-151.69238161648687,502.527
1427,35,27,10.203381398234745,-146.18007744682808,502.274
1428,35,28,17.28041958126728,-140.41343069285634,502.732
1429,35,29,24.18058916196869,-134.18973500038405,503.815
1430,35,30,30.80000723193131,-127.26772076716965,505.391
1431,35,31,36.99841414900163,-119.35543838733012,507.293
1432,35,32,42.581584946393896,-110.1155038366235,509.341
1433,35,33,47.28456634091953,-99.22032758207767,511.356
1434,35,34,50.77241610096488,-86.50998074427675,513.178
1435,35,35,52.69199978606195,-72.25778700323715,514.681
1436,35,36,52.79532005763673,-57.341459818251366,515.785
1437,35,37,51.069286858144906,-42.97037638942395,516.461
1438,35,38,47.74376678900866,-30.078882689550532,516.731
1439,35,39,43.168636290461905,-19.00047295014076,516.667
1440,36,0,40.52140864742129,-5.111261501691852,516.542
1441,36,1,34.690080002009545,3.5557704418124274,516.188
1442,36,2,28.331015082829467,11.030616344466253,515.811
1443,36,3,21.614217298322682,17.635121550149798,515.553
1444,36,4,14.662797393184084,23.63986357594629,515.539
1445,36,5,7.569306991988279,29.26836463131263,515.863
1446,36,6,0.40821300589370274,34.71147898467919,516.578
1447,36,7,-6.7545960513736345,40.14336450705025,517.689
1448,36,8,-13.85383491052965,45.7370606259535,519.151
1449,36,9,-20.816913948581462,51.67995016617365,520.87
1450,36,10,-27.554798234603368,58.18963270938355,522.713
1451,36,11,-33.950042665817,65.528500217833,524.519
1452,36,12,-39.84117986269596,74.00996275177721,526.114
1453,36,13,-45.0046218752126,83.97488090174565,527.328
1454,36,14,-49.14326571975511,95.69504838538064,528.013
1455,36,15,-51.90637093715957,109.15939346603761,528.056
1456,36,16,-52.97473888184921,123.81511478324157,527.393
1457,36,17,-52.19980610918707,138.5741973531553,526.016
1458,36,18,-49.68807917399575,152.29592445230588,523.974
1459,36,19,-45.738973078921106,164.32424275053518,521.376
1460,36,20,-40.70539003799934,174.57311918505772,518.375
1461,36,21,-34.89614339417424,-176.7147523200719,515.162
1462,36,22,-28.547077871939067,-169.20023283673723,511.946
1463,36,23,-21.829436559069784,-162.56204028429354,508.939
1464,36,24,-14.86765184186569,-156.5287019639895,506.335
1465,36,25,-7.755607231789547,-150.8754090294833,504.295
1466,36,26,-0.5690818634136479,-145.40983701412574,502.933
1467,36,27,6.624563336841756,-139.9564227354908,502.308
1468,36,28,13.758529865945878,-134.34049093574458,502.418
1469,36,29,20.758435576455106,-128.37270877109432,503.203
1470,36,30,27.53311409153587,-121.83299388610386,504.551
1471,36,31,33.962487270484765,-114.45566558243807,506.312
1472,36,32,39.88166239390663,-105.92334545993396,508.31
1473,36,33,45.062651162401025,-95.89150511647773,510.363
1474,36,34,49.203145988208604,-84.08851475896715,512.3
1475,36,35,51.948024845812895,-70.53550699269425,513.976
1476,36,36,52.9779524858537,-55.80792867032718,515.286
1477,36,37,52.1512400490937,-41.01637538109919,516.176
1478,36,38,49.58560926097264,-27.304770622298587,516.643
1479,36,39,45.58983589839387,-15.313639289005428,516.735
1480,37,0,37.684684236047836,8.392991093625028,516.377
1481,37,1,31.56457519252795,16.420997368572085,515.993
1482,37,2,25.008749598832736,23.423515626438842,515.659
1483,37,3,18.161498616273292,29.697542982904967,515.509
1484,37,4,11.12885666284584,35.488641814105335,515.654
1485,37,5,3.9929904873788074,41.00200466308548,516.17
1486,37,6,-3.176984799029622,46.418170505081754,517.086
1487,37,7,-10.316430420508564,51.90879906940951,518.381
1488,37,8,-17.3574470396321,57.65215146321691,519.986
1489,37,9,-24.220516740309293,63.84874496506259,521.786
1490,37,10,-30.804098515244146,70.73697708264211,523.631
1491,37,11,-36.970936297970674,78.60511594987585,525.353
1492,37,12,-42.53069662198271,87.78649528882795,526.778
1493,37,13,-47.22331661953744,98.60629357569353,527.745
1494,37,14,-50.71898353108787,111.22881784114642,528.12
1495,37,15,-52.667305237117766,125.39741006674505,527.815
1496,37,16,-52.817002493156934,140.2596558138827,526.792
1497,37,17,-51.14523173152627,154.62066129858977,525.073
1498,37,18,-47.87086977927343,167.53827022675472,522.736
1499,37,19,-43.33679554782762,178.6603590259067,519.914
1500,37,20,-37.88128440111748,-171.8995372571046,516.782
1501,37,21,-31.777072622890802,-163.82891743192584,513.541
1502,37,22,-25.225664454041294,-156.78977911482406,510.404
1503,37,23,-18.37264196163319,-150.4847631900936,507.576
1504,37,24,-11.325379988287324,-144.66714956453524,505.236
1505,37,25,-4.167338749906199,-139.13032501575609,503.524
1506,37,26,3.030934650563828,-133.69237428540205,502.527
1507,37,27,10.203381398234745,-128.18007011574326,502.274
1508,37,28,17.28041958126728,-122.41342336177155,502.732
1509,37,29,24.18058916196869,-116.18972766929924,503.815
1510,37,30,30.80000723193131,-109.26770660589568,505.391
1511,37,31,36.99841414900163,-101.35543788643449,507.293
1512,37,32,42.581584946393896,-92.1154965055387,509.341
1513,37,33,47.28456634091953,-81.22032025099287,511.356
1514,37,34,50.77241610096488,-68.50997341319194,513.178
1515,37,35,52.69199978606195,-54.25777967215235,514.681
1516,37,36,52.79532005763673,-39.34145248716656,515.785
1517,37,37,51.069286858144906,-24.970370765886432,516.461
1518,37,38,47.74376678900866,-12.078873650918437,516.731
1519,37,39,43.168636290461905,-1.0004648720040172,516.667
1520,38,0,40.52140864742129,12.888746256279774,516.542
1521,38,1,34.690080002009545,21.555778199784054,516.188
1522,38,2,28.331015082829467,29.03062282177741,515.811
1523,38,3,21.614217298322682,35.6351288812346,515.553
1524,38,4,14.662797393184084,41.63987261457839,515.539
1525,38,5,7.569306991988279,47.26837196239743,515.863
1526,38,6,0.40821300589370274,52.71148631576399,516.578
1527,38,7,-6.7545960513736345,58.14337183813505,517.689
1528,38,8,-13.85383491052965,63.73706454194372,519.151
1529,38,9,-20.816913948581462,69.67995749725846,520.87
1530,38,10,-27.554798234603368,76.18964004046836,522.713
1531,38,11,-33.950042665817,83.5285075489178,524.519
1532,38,12,-39.84117986269596,92.00997008286201,526.114
1533,38,13,-45.0046218752126,101.97488823283045,527.328
1534,38,14,-49.14326571975511,113.69505571646545,528.013
1535,38,15,-51.90637093715957,127.1594076273116,528.056
1536,38,16,-52.97473888184921,141.81512211432636,527.393
1537,38,17,-52.19980610918707,156.57420468424013,526.016
1538,38,18,-49.68807917399575,170.29593178339067,523.974
1539,38,19,-45.738973078921106,-177.67574627591435,521.376
1540,38,20,-40.70539003799934,-167.4268698413918,518.375
1541,38,21,-34.89614339417424,-158.7147449889871,515.162
1542,38,22,-28.547077871939067,-151.20022550565244,511.946
1543,38,23,-21.829436559069784,-144.56203295320873,508.939
1544,38,24,-14.86765184186569,-138.5286946329047,506.335
1545,38,25,-7.755607231789547,-132.8754016983985,504.295
1546,38,26,-0.5690818634136479,-127.40982968304094,502.933
1547,38,27,6.624563336841756,-121.956415404406,502.308
1548,38,28,13.758529865945878,-116.34048360465977,502.418
1549,38,29,20.758435576455106,-110.37269460982034,503.203
1550,38,30,27.53311409153587,-103.83298655501906,504.551
1551,38,31,33.962487270484765,-96.45565825135327,506.312
1552,38,32,39.88166239390663,-87.92333812884915,508.31
1553,38,33,45.062651162401025,-77.89149778539293,510.363
1554,38,34,49.203145988208604,-66.08850742788235,512.3
1555,38,35,51.948024845812895,-52.53549624651486,513.976
1556,38,36,52.9779524858537,-37.80792133924238,515.286
1557,38,37,52.1512400490937,-23.016368050014382,516.176
1558,38,38,49.58560926097264,-9.304763291213785,516.643
1559,38,39,45.58983589839387,2.6863674017491403,516.735
1560,39,0,37.684684236047836,26.39299842470983,516.377
1561,39,1,31.56457519252795,34.42100469965689,515.993
1562,39,2,25.008749598832736,41.423522957523645,515.659
1563,39,3,18.161498616273292,47.69755031398977,515.509
1564,39,4,11.12885666284584,53.48864914519014,515.654
1565,39,5,3.9929904873788074,59.00201540926487,516.17
1566,39,6,-3.176984799029622,64.41817783616656,517.086
1567,39,7,-10.316430420508564,69.9088098155889,518.381
1568,39,8,-17.3574470396321,75.65215879430171,519.986
1569,39,9,-24.220516740309293,81.8487522961474,521.786
1570,39,10,-30.804098515244146,88.73698441372692,523.631
1571,39,11,-36.970936297970674,96.60512328096065,525.353
1572,39,12,-42.53069662198271,105.78650261991275,526.778
1573,39,13,-47.22331661953744,116.60630090677833,527.745
1574,39,14,-50.71898353108787,129.22881834204205,528.12
1575,39,15,-52.667305237117766,143.39741739782986,527.815
1576,39,16,-52.817002493156934,158.25966314496748,526.792
1577,39,17,-51.14523173152627,172.62066862967455,525.073
1578,39,18,-47.87086977927343,-174.4617187996948,522.736
1579,39,19,-43.33679554782762,-163.3396300005428,519.914
1580,39,20,-37.88128440111748,-153.8995299260198,516.782
1581,39,21,-31.777072622890802,-145.82891010084103,513.541
1582,39,22,-25.225664454041294,-138.78977178373927,510.404
1583,39,23,-18.37264196163319,-132.4847558590088,507.576
1584,39,24,-11.325379988287324,-126.66714223345043,505.236
1585,39,25,-4.167338749906199,-121.1303176846713,503.524
1586,39,26,3.030934650563828,-115.69236695431727,502.527
1587,39,27,10.203381398234745,-110.18006278465847,502.274
1588,39,28,17.28041958126728,-104.41341603068675,502.732
1589,39,29,24.18058916196869,-98.18972033821444,503.815
1590,39,30,30.80000723193131,-91.26769927481088,505.391
1591,39,31,36.99841414900163,-83.35543055534968,507.293
1592,39,32,42.581584946393896,-74.1154891744539,509.341
1593,39,33,47.28456634091953,-63.22031291990806,511.356
1594,39,34,50.77241610096488,-50.50996266701256,513.178
1595,39,35,52.69199978606195,-36.25777234106755,514.681
1596,39,36,52.79532005763673,-21.341446863629052,515.785
1597,39,37,51.069286858144906,-6.97036343480163,516.461
1598,39,38,47.74376678900866,5.921133253279543,516.731
1599,39,39,43.168636290461905,16.999541712028847,516.667
