0,0,0,-17.38039476769605,-136.8496838707538,507.215
1,0,1,-10.312701137221737,-131.08385673948248,504.955
2,0,2,-3.144842569125777,-125.5718257773905,503.339
3,0,3,4.053803076654016,-120.13383406590145,502.445
4,0,4,11.217107829564283,-114.5966953284205,502.294
5,0,5,18.274367492307753,-108.77814596694584,502.845
6,0,6,25.14164117441909,-102.47095121187014,504.005
7,0,7,31.71081295775251,-95.42717519632191,505.636
8,0,8,37.835095246855275,-87.34740291765533,507.568
9,0,9,43.31107305541335,-77.89048008720658,509.621
10,0,10,47.86303213720084,-66.74002551243153,511.617
11,0,11,51.148626335543774,-53.78013771330419,513.399
12,0,12,52.82071811606542,-39.36667637577142,514.849
13,0,13,52.65835085911588,-24.45380355895837,515.893
14,0,14,50.68638303817941,-10.249111222275273,516.509
15,0,15,47.16089893580728,2.3912451729966446,516.727
16,0,16,42.43700350204306,13.215147336336344,516.624
17,0,17,36.84771968534364,22.39324306184495,516.314
18,0,18,30.654906693203557,30.25537136260908,515.93
19,0,19,24.049881539369448,37.13743240427349,515.616
20,0,20,17.170470611103,43.32890667933626,515.504
21,0,21,10.118539349685785,49.06873469553192,515.7
22,0,22,2.97378901909927,54.55764205218884,516.275
23,0,23,-4.1957796576101325,59.973937667779346,517.249
24,0,24,-11.325542205280112,65.48929493199712,518.596
25,0,25,-18.346472091828286,71.28415036724101,520.239
26,0,26,-25.176645893915403,77.56349844107056,522.057
27,0,27,-31.710331429416023,84.57225607674414,523.897
28,0,28,-37.803888112537486,92.60608167286404,525.589
29,0,29,-43.25793418367065,102.00211336686212,526.959
30,0,30,-47.801765340345824,113.07488137001747,527.85
31,0,31,-51.098028294172316,125.94610648352887,528.134
32,0,32,-52.801713114699865,140.27852079637026,527.728
33,0,33,-52.6875465027231,155.14306148706902,526.603
34,0,34,-50.77004602532289,169.34365314892915,524.789
35,0,35,-47.29464428503989,-177.9863013170965,522.374
36,0,36,-42.610141967313716,-167.1176261965303,519.496
37,0,37,-37.04752662422861,-157.89318251486128,516.334
38,0,38,-30.868961406697174,-149.98926028656584,513.093
39,0,39,-24.266871526658875,-143.0714261291235,509.986
40,1,0,-13.863751491430863,-124.92312173077937,506.012
41,1,1,-6.736787613773296,-119.30768170465339,504.06
42,1,2,0.4547499395146293,-113.854369878856,502.799
43,1,3,7.644089879437103,-108.38866125971504,502.278
44,1,4,14.76381418346128,-102.73478092894022,502.486
45,1,5,21.737790788333847,-96.7000014387213,503.357
46,1,6,28.47156159292811,-90.05859186717854,504.772
47,1,7,34.83972944672452,-82.53750857205148,506.576
48,1,8,40.66954520523511,-73.81285032251981,508.591
49,1,9,45.722744549453154,-63.541864565653924,510.636
50,1,10,49.68697268335021,-51.478261510172345,512.543
51,1,11,52.20493899634834,-37.70813910565766,514.172
52,1,12,52.97371435347371,-22.895692267758598,515.425
53,1,13,51.88669657725535,-8.195444093581688,516.254
54,1,14,49.09620230127913,5.295692404094653,516.664
55,1,15,44.92650500167516,17.0260189403464,516.71
56,1,16,39.73235787374473,26.990622901613023,516.487
57,1,17,33.81331935410627,35.4669901144364,516.122
58,1,18,27.394273421182437,42.799549943187344,515.756
59,1,19,20.63744731304479,49.303484882210675,515.528
60,1,20,13.660710457973893,55.24201334664578,515.558
61,1,21,6.553345381252855,60.8330730125294,515.938
62,1,22,-0.6119206498054092,66.26415940276756,516.712
63,1,23,-7.769754261107936,71.70834609583382,517.88
64,1,24,-14.854310774869363,77.33972778348262,519.387
65,1,25,-21.791312150670066,83.34906481904324,521.135
66,1,26,-28.48843045263075,89.95944484118664,522.985
67,1,27,-34.82306378514969,97.44057835985828,524.773
68,1,28,-40.62598225870877,106.11227532256568,526.325
69,1,29,-45.66348241311954,116.31388684803174,527.474
70,1,30,-49.628441377257786,128.29285019931854,528.074
71,1,31,-52.16761201253422,141.97500318241802,528.02
72,1,32,-52.977293372598794,156.71998824188486,527.255
73,1,33,-51.94307295866464,171.39410325852367,525.778
74,1,34,-49.2059702714304,-175.0997267700657,523.649
75,1,35,-45.081488824131924,-163.32998577343474,520.982
76,1,36,-39.92043737782479,-153.3186496578669,517.938
77,1,37,-34.02174257662921,-144.79781108335757,514.71
78,1,38,-27.611128512235755,-137.42643870464804,511.51
79,1,39,-20.85206893223952,-130.88961981986566,508.547
80,2,0,-17.38039476769605,-118.84969020004735,507.215
81,2,1,-10.312701137221737,-113.0838494083977,504.955
82,2,2,-3.144842569125777,-107.5718184463057,503.339
83,2,3,4.053803076654016,-102.133840395195,502.445
84,2,4,11.217107829564283,-96.59670165771404,502.294
85,2,5,18.274367492307753,-90.7781454660502,502.845
86,2,6,25.14164117441909,-84.4709507109745,504.005
87,2,7,31.71081295775251,-77.42717469542629,505.636
88,2,8,37.835095246855275,-69.3474024167597,507.568
89,2,9,43.31107305541335,-59.89047958631096,509.621
90,2,10,47.86303213720084,-48.74002501153589,511.617
91,2,11,51.148626335543774,-35.780137212408555,513.399
92,2,12,52.82071811606542,-21.36667587487579,514.849
93,2,13,52.65835085911588,-6.453803484949559,515.893
94,2,14,50.68638303817941,7.750889278620361,516.509
95,2,15,47.16089893580728,20.391246314222514,516.727
96,2,16,42.43700350204306,31.215146129684683,516.624
97,2,17,36.84771968534364,40.39324356274059,516.314
98,2,18,30.654906693203557,48.25537186350471,515.93
99,2,19,24.049881539369448,55.13743290516912,515.616
100,2,20,17.170470611103,61.32891059532647,515.504
101,2,21,10.118539349685785,67.06873519642755,515.7
102,2,22,2.97378901909927,72.55763913798988,516.275
103,2,23,-4.1957796576101325,77.97393816867498,517.249
104,2,24,-11.325542205280112,83.48929543289276,518.596
105,2,25,-18.346472091828286,89.28415086813663,520.239
106,2,26,-25.176645893915403,95.5634989419662,522.057
107,2,27,-31.710331429416023,102.57225657763976,523.897
108,2,28,-37.803888112537486,110.60608217375967,525.589
109,2,29,-43.25793418367065,120.00210703756859,526.959
110,2,30,-47.801765340345824,131.0748818709131,527.85
111,2,31,-51.098028294172316,143.94610015423532,528.134
112,2,32,-52.801713114699865,158.27851446707672,527.728
113,2,33,-52.6875465027231,173.1430688181538,526.603
114,2,34,-50.77004602532289,-172.6563495378987,524.789
115,2,35,-47.29464428503989,-159.9862939860117,522.374
116,2,36,-42.610141967313716,-149.1176188654455,519.496
117,2,37,-37.04752662422861,-139.89318884415482,516.334
118,2,38,-30.868961406697174,-131.98925295548105,513.093
119,2,39,-24.266871526658875,-125.07141879803869,509.986
120,3,0,-13.863751491430863,-106.92312122988373,506.012
121,3,1,-6.736787613773296,-101.30768120375775,504.06
122,3,2,0.4547499395146293,-95.85436937796037,502.799
123,3,3,7.644089879437103,-90.3886607588194,502.278
124,3,4,14.76381418346128,-84.73478042804459,502.486
125,3,5,21.737790788333847,-78.70000093782568,503.357
126,3,6,28.47156159292811,-72.0585913662829,504.772
127,3,7,34.83972944672452,-64.53750807115586,506.576
128,3,8,40.66954520523511,-55.81284982162418,508.591
129,3,9,45.722744549453154,-45.54186406475829,510.636
130,3,10,49.68697268335021,-33.47826100927671,512.543
131,3,11,52.20493899634834,-19.708138604762027,514.172
132,3,12,52.97371435347371,-4.895690913089318,515.425
133,3,13,51.88669657725535,9.804556407313944,516.254
134,3,14,49.09620230127913,23.29569205121664,516.664
135,3,15,44.92650500167516,35.026019441242035,516.71
136,3,16,39.73235787374473,44.99062340250865,516.487
137,3,17,33.81331935410627,53.46699061533203,516.122
138,3,18,27.394273421182437,60.799550444082975,515.756
139,3,19,20.63744731304479,67.30348196801172,515.528
140,3,20,13.660710457973893,73.242017262636,515.558
141,3,21,6.553345381252855,78.83307351342503,515.938
142,3,22,-0.6119206498054092,84.2641599036632,516.712
143,3,23,-7.769754261107936,89.70834659672946,517.88
144,3,24,-14.854310774869363,95.33972828437824,519.387
145,3,25,-21.791312150670066,101.34906531993886,521.135
146,3,26,-28.48843045263075,107.95944534208226,522.985
147,3,27,-34.82306378514969,115.44057886075392,524.773
148,3,28,-40.62598225870877,124.11228265365048,526.325
149,3,29,-45.66348241311954,134.31388051873822,527.474
150,3,30,-49.628441377257786,146.292843870025,528.074
151,3,31,-52.16761201253422,159.97499685312448,528.02
152,3,32,-52.977293372598794,174.71999557296968,527.255
153,3,33,-51.94307295866464,-170.60588576792586,525.778
154,3,34,-49.2059702714304,-157.09973309935924,523.649
155,3,35,-45.081488824131924,-145.32997844234995,520.982
156,3,36,-39.92043737782479,-135.31865598716044,517.938
157,3,37,-34.02174257662921,-126.79780375227277,514.71
158,3,38,-27.611128512235755,-119.42644503394158,511.51
159,3,39,-20.85206893223952,-112.88961931897003,508.547
160,4,0,-17.38039476769605,-100.84968286896255,507.215
161,4,1,-10.312701137221737,-95.08384890750206,504.955
162,4,2,-3.144842569125777,-89.57181794541006,503.339
163,4,3,4.053803076654016,-84.13383989429936,502.445
164,4,4,11.217107829564283,-78.5967011568184,502.294
165,4,5,18.274367492307753,-72.77814496515458,502.845
166,4,6,25.14164117441909,-66.47095021007887,504.005
167,4,7,31.71081295775251,-59.42717419453065,505.636
168,4,8,37.835095246855275,-51.34740191586407,507.568
169,4,9,43.31107305541335,-41.89047908541532,509.621
170,4,10,47.86303213720084,-30.740024510640257,511.617
171,4,11,51.148626335543774,-17.780138419060215,513.399
172,4,12,52.82071811606542,-3.3666760143103898,514.849
173,4,13,52.65835085911588,11.546197442832897,515.893
174,4,14,50.68638303817941,25.75088892574235,516.509
175,4,15,47.16089893580728,38.391246815118144,516.727
176,4,16,42.43700350204306,49.215146630580314,516.624
177,4,17,36.84771968534364,58.3932474787308,516.314
178,4,18,30.654906693203557,66.25537577949493,515.93
179,4,19,24.049881539369448,73.13743340606476,515.616
180,4,20,17.170470611103,79.3289110962221,515.504
181,4,21,10.118539349685785,85.06873569732319,515.7
182,4,22,2.97378901909927,90.55763963888552,516.275
183,4,23,-4.1957796576101325,95.97393866957061,517.249
184,4,24,-11.325542205280112,101.4892959337884,518.596
185,4,25,-18.346472091828286,107.28415136903227,520.239
186,4,26,-25.176645893915403,113.56349944286184,522.057
187,4,27,-31.710331429416023,120.57225024834624,523.897
188,4,28,-37.803888112537486,128.6060826746553,525.589
189,4,29,-43.25793418367065,138.0021143686534,526.959
190,4,30,-47.801765340345824,149.0748892019979,527.85
191,4,31,-51.098028294172316,161.94610748532014,528.134
192,4,32,-52.801713114699865,176.27852179816153,527.728
193,4,33,-52.6875465027231,-168.85693386867405,526.603
194,4,34,-50.77004602532289,-154.6563422068139,524.789
195,4,35,-47.29464428503989,-141.98630031530521,522.374
196,4,36,-42.610141967313716,-131.11762519473905,519.496
197,4,37,-37.04752662422861,-121.89318151307002,516.334
198,4,38,-30.868961406697174,-113.98925245458541,513.093
199,4,39,-24.266871526658875,-107.07142512733223,509.986
200,5,0,-13.863751491430863,-88.92312072898811,506.012
201,5,1,-6.736787613773296,-83.30768070286213,504.06
202,5,2,0.4547499395146293,-77.85436887706473,502.799
203,5,3,7.644089879437103,-72.38866025792377,502.278
204,5,4,14.76381418346128,-66.73477992714895,502.486
205,5,5,21.737790788333847,-60.70000043693004,503.357
206,5,6,28.47156159292811,-54.058594280481856,504.772
207,5,7,34.83972944672452,-46.53751098535481,506.576
208,5,8,40.66954520523511,-37.81284932072854,508.591
209,5,9,45.722744549453154,-27.541861856315364,510.636
210,5,10,49.68697268335021,-15.478260508381076,512.543
211,5,11,52.20493899634834,-1.708137570257865,514.172
212,5,12,52.97371435347371,13.104309587806314,515.425
213,5,13,51.88669657725535,27.804557761983226,516.254
214,5,14,49.09620230127913,41.29569255211227,516.664
215,5,15,44.92650500167516,53.026019942137665,516.71
216,5,16,39.73235787374473,62.9906204883097,516.487
217,5,17,33.81331935410627,71.46698770113308,516.122
218,5,18,27.394273421182437,78.7995509449786,515.756
219,5,19,20.63744731304479,85.30348246890736,515.528
220,5,20,13.660710457973893,91.24201776353162,515.558
221,5,21,6.553345381252855,96.83307401432066,515.938
222,5,22,-0.6119206498054092,102.26416040455884,516.712
223,5,23,-7.769754261107936,107.70834709762508,517.88
224,5,24,-14.854310774869363,113.33972878527388,519.387
225,5,25,-21.791312150670066,119.34907265102366,521.135
226,5,26,-28.48843045263075,125.95945267316706,522.985
227,5,27,-34.82306378514969,133.44057253146036,524.773
228,5,28,-40.62598225870877,142.11227632435694,526.325
229,5,29,-45.66348241311954,152.313887849823,527.474
230,5,30,-49.628441377257786,164.29285120110978,528.074
231,5,31,-52.16761201253422,177.9750041842093,528.02
232,5,32,-52.977293372598794,-167.28000711385818,527.255
233,5,33,-51.94307295866464,-152.6058920972194,525.778
234,5,34,-49.2059702714304,-139.09972576827442,523.649
235,5,35,-45.081488824131924,-127.32998477164348,520.982
236,5,36,-39.92043737782479,-117.31864865607564,517.938
237,5,37,-34.02174257662921,-108.79780325137715,514.71
238,5,38,-27.611128512235755,-101.42644453304594,511.51
239,5,39,-20.85206893223952,-94.88961881807441,508.547
240,6,0,-17.38039476769605,-82.84968236806692,507.215
241,6,1,-10.312701137221737,-77.08384840660642,504.955
242,6,2,-3.144842569125777,-71.57181744451444,503.339
243,6,3,4.053803076654016,-66.13383939340372,502.445
244,6,4,11.217107829564283,-60.59670065592277,502.294
245,6,5,18.274367492307753,-54.778147879353526,502.845
246,6,6,25.14164117441909,-48.47095312427782,504.005
247,6,7,31.71081295775251,-41.4271771087296,505.636
248,6,8,37.835095246855275,-33.34740141496844,507.568
249,6,9,43.31107305541335,-23.89047858451969,509.621
250,6,10,47.86303213720084,-12.740023155970977,511.617
251,6,11,51.148626335543774,0.2198629356090642,513.399
252,6,12,52.82071811606542,14.633325126915478,514.849
253,6,13,52.65835085911588,29.54619623618124,515.893
254,6,14,50.68638303817941,43.75088942663798,516.509
255,6,15,47.16089893580728,56.39124731601378,516.727
256,6,16,42.43700350204306,67.21514713147594,516.624
257,6,17,36.84771968534364,76.39324797962644,516.314
258,6,18,30.654906693203557,84.25537628039056,515.93
259,6,19,24.049881539369448,91.1374339069604,515.616
260,6,20,17.170470611103,97.32891159711774,515.504
261,6,21,10.118539349685785,103.06873619821883,515.7
262,6,22,2.97378901909927,108.55764013978116,516.275
263,6,23,-4.1957796576101325,113.97393917046624,517.249
264,6,24,-11.325542205280112,119.48929643468404,518.596
265,6,25,-18.346472091828286,125.28415186992791,520.239
266,6,26,-25.176645893915403,131.56349994375748,522.057
267,6,27,-31.710331429416023,138.57225757943104,523.897
268,6,28,-37.803888112537486,146.6060900057401,525.589
269,6,29,-43.25793418367065,156.00210803935985,526.959
270,6,30,-47.801765340345824,167.07488287270436,527.85
271,6,31,-51.098028294172316,179.9461011560266,528.134
272,6,32,-52.801713114699865,-165.72148088866635,527.728
273,6,33,-52.6875465027231,-150.85692653758926,526.603
274,6,34,-50.77004602532289,-136.65634853610743,524.789
275,6,35,-47.29464428503989,-123.98629298422043,522.374
276,6,36,-42.610141967313716,-113.11762469384341,519.496
277,6,37,-37.04752662422861,-103.89318101217438,516.334
278,6,38,-30.868961406697174,-95.98925195368977,513.093
279,6,39,-24.266871526658875,-89.0714246264366,509.986
280,7,0,-13.863751491430863,-70.92312022809247,506.012
281,7,1,-6.736787613773296,-65.30768020196649,504.06
282,7,2,0.4547499395146293,-59.85437520635827,502.799
283,7,3,7.644089879437103,-54.38865975702814,502.278
284,7,4,14.76381418346128,-48.73477942625332,502.486
285,7,5,21.737790788333847,-42.70000335112899,503.357
286,7,6,28.47156159292811,-36.05859719468081,504.772
287,7,7,34.83972944672452,-28.537513899553755,506.576
288,7,8,40.66954520523511,-19.812852234927494,508.591
289,7,9,45.722744549453154,-9.541864770514316,510.636
290,7,10,49.68697268335021,2.5217367908633843,512.543
291,7,11,52.20493899634834,16.291858981934656,514.172
292,7,12,52.97371435347371,31.104305819833716,515.425
293,7,13,51.88669657725535,45.80455314023698,516.254
294,7,14,49.09620230127913,59.29569305300791,516.664
295,7,15,44.92650500167516,71.02601702793872,516.71
296,7,16,39.73235787374473,80.99062098920534,516.487
297,7,17,33.81331935410627,89.46698820202872,516.122
298,7,18,27.394273421182437,96.79955144587424,515.756
299,7,19,20.63744731304479,103.303482969803,515.528
300,7,20,13.660710457973893,109.2420114342381,515.558
301,7,21,6.553345381252855,114.8330745152163,515.938
302,7,22,-0.6119206498054092,120.2641540752653,516.712
303,7,23,-7.769754261107936,125.70834759852072,517.88
304,7,24,-14.854310774869363,131.3397292861695,519.387
305,7,25,-21.791312150670066,137.34906632173013,521.135
306,7,26,-28.48843045263075,143.95944634387354,522.985
307,7,27,-34.82306378514969,151.44057986254518,524.773
308,7,28,-40.62598225870877,160.1122699950634,526.325
309,7,29,-45.66348241311954,170.31388152052946,527.474
310,7,30,-49.628441377257786,-177.70715148571807,528.074
311,7,31,-52.16761201253422,-164.02499850261856,528.02
312,7,32,-52.977293372598794,-149.28001344315172,527.255
313,7,33,-51.94307295866464,-134.60589842651294,525.778
314,7,34,-49.2059702714304,-121.09973209756798,523.649
315,7,35,-45.081488824131924,-109.32998427074786,520.982
316,7,36,-39.92043737782479,-99.31865498536918,517.938
317,7,37,-34.02174257662921,-90.79780958067067,514.71
318,7,38,-27.611128512235755,-83.4264440321503,511.51
319,7,39,-20.85206893223952,-76.88961831717877,508.547
320,8,0,-17.38039476769605,-64.84968186717128,507.215
321,8,1,-10.312701137221737,-59.08384790571079,504.955
322,8,2,-3.144842569125777,-53.57182035871339,503.339
323,8,3,4.053803076654016,-48.133835477413506,502.445
324,8,4,11.217107829564283,-42.59669673993255,502.294
325,8,5,18.274367492307753,-36.778147378457895,502.845
326,8,6,25.14164117441909,-30.47095262338219,504.005
327,8,7,31.71081295775251,-23.42717660783397,505.636
328,8,8,37.835095246855275,-15.347402621620095,507.568
329,8,9,43.31107305541335,-5.890478083624057,509.621
330,8,10,47.86303213720084,5.259977771811479,511.617
331,8,11,51.148626335543774,18.21986258273105,513.399
332,8,12,52.82071811606542,32.63332562781111,514.849
333,8,13,52.65835085911588,47.54619673707687,515.893
334,8,14,50.68638303817941,61.7508933426282,516.509
335,8,15,47.16089893580728,74.39124440181483,516.727
336,8,16,42.43700350204306,85.21514763237158,516.624
337,8,17,36.84771968534364,94.39324848052208,516.314
338,8,18,30.654906693203557,102.2553767812862,515.93
339,8,19,24.049881539369448,109.13743440785602,515.616
340,8,20,17.170470611103,115.3289052678242,515.504
341,8,21,10.118539349685785,121.06873669911445,515.7
342,8,22,2.97378901909927,126.55764064067678,516.275
343,8,23,-4.1957796576101325,131.97393967136188,517.249
344,8,24,-11.325542205280112,137.4892901053905,518.596
345,8,25,-18.346472091828286,143.28414554063437,520.239
346,8,26,-25.176645893915403,149.56350727484227,522.057
347,8,27,-31.710331429416023,156.5722512501375,523.897
348,8,28,-37.803888112537486,164.6060836764466,525.589
349,8,29,-43.25793418367065,174.00211537044467,526.959
350,8,30,-47.801765340345824,-174.9251198141235,527.85
351,8,31,-51.098028294172316,-162.05390153080128,528.134
352,8,32,-52.801713114699865,-147.72147355758153,527.728
353,8,33,-52.6875465027231,-132.85693286688277,526.603
354,8,34,-50.77004602532289,-118.65634120502263,524.789
355,8,35,-47.29464428503989,-105.98629248332479,522.374
356,8,36,-42.610141967313716,-95.11762419294777,519.496
357,8,37,-37.04752662422861,-85.89318051127874,516.334
358,8,38,-30.868961406697174,-77.98925145279415,513.093
359,8,39,-24.266871526658875,-71.07142412554096,509.986
360,9,0,-13.863751491430863,-52.92312314229142,506.012
361,9,1,-6.736787613773296,-47.30768311616544,504.06
362,9,2,0.4547499395146293,-41.85437129036805,502.799
363,9,3,7.644089879437103,-36.3886592561325,502.278
364,9,4,14.76381418346128,-30.734778925357688,502.486
365,9,5,21.737790788333847,-24.700004557780648,503.357
366,9,6,28.47156159292811,-18.058596693785173,504.772
367,9,7,34.83972944672452,-10.537512544884475,506.576
368,9,8,40.66954520523511,-1.812851947475271,508.591
369,9,9,45.722744549453154,8.458135730381317,510.636
370,9,10,49.68697268335021,20.521737078315606,512.543
371,9,11,52.20493899634834,34.29185948283029,514.172
372,9,12,52.97371435347371,49.10430632072935,515.425
373,9,13,51.88669657725535,63.804553641132614,516.254
374,9,14,49.09620230127913,77.29569355390353,516.664
375,9,15,44.92650500167516,89.02601752883434,516.71
376,9,16,39.73235787374473,98.99062149010098,516.487
377,9,17,33.81331935410627,107.46698870292434,516.122
378,9,18,27.394273421182437,114.79955194676987,515.756
379,9,19,20.63744731304479,121.30347664050946,515.528
380,9,20,13.660710457973893,127.24201193513372,515.558
381,9,21,6.553345381252855,132.83306818592277,515.938
382,9,22,-0.6119206498054092,138.2641614063501,516.712
383,9,23,-7.769754261107936,143.7083412692272,517.88
384,9,24,-14.854310774869363,149.339722956876,519.387
385,9,25,-21.791312150670066,155.3490599924366,521.135
386,9,26,-28.48843045263075,161.95944001458,522.985
387,9,27,-34.82306378514969,169.44057353325164,524.773
388,9,28,-40.62598225870877,178.11227732614822,526.325
389,9,29,-45.66348241311954,-171.6861211662984,527.474
390,9,30,-49.628441377257786,-159.7071578150116,528.074
391,9,31,-52.16761201253422,-146.0250048319121,528.02
392,9,32,-52.977293372598794,-131.28000611206693,527.255
393,9,33,-51.94307295866464,-116.60589109542812,525.778
394,9,34,-49.2059702714304,-103.09973159667234,523.649
395,9,35,-45.081488824131924,-91.32998376985222,520.982
396,9,36,-39.92043737782479,-81.31865448447354,517.938
397,9,37,-34.02174257662921,-72.79780907977505,514.71
398,9,38,-27.611128512235755,-65.42644353125468,511.51
399,9,39,-20.85206893223952,-58.88961781628314,508.547
400,10,0,-17.38039476769605,-46.849681366275654,507.215
401,10,1,-10.312701137221737,-41.08384740481516,504.955
402,10,2,-3.144842569125777,-35.57181985781775,503.339
403,10,3,4.053803076654016,-30.13383497651787,502.445
404,10,4,11.217107829564283,-24.596696239036913,502.294
405,10,5,18.274367492307753,-18.77814687756226,502.845
406,10,6,25.14164117441909,-12.470950414939264,504.005
407,10,7,31.71081295775251,-5.42717525316469,505.636
408,10,8,37.835095246855275,2.652598306162363,507.568
409,10,9,43.31107305541335,12.109522417271577,509.621
410,10,10,47.86303213720084,23.259978699593937,511.617
411,10,11,51.148626335543774,36.219864791173976,513.399
412,10,12,52.82071811606542,50.63332612870674,514.849
413,10,13,52.65835085911588,65.5461972379725,515.893
414,10,14,50.68638303817941,79.75089384352383,516.509
415,10,15,47.16089893580728,92.39124490271045,516.727
416,10,16,42.43700350204306,103.21514813326722,516.624
417,10,17,36.84771968534364,112.3932489814177,516.314
418,10,18,30.654906693203557,120.25537045199266,515.93
419,10,19,24.049881539369448,127.13744173894082,515.616
420,10,20,17.170470611103,133.328912598909,515.504
421,10,21,10.118539349685785,139.0687303698209,515.7
422,10,22,2.97378901909927,144.55764797176158,516.275
423,10,23,-4.1957796576101325,149.9739470024467,517.249
424,10,24,-11.325542205280112,155.48929743647528,518.596
425,10,25,-18.346472091828286,161.2841528717192,520.239
426,10,26,-25.176645893915403,167.56350094554872,522.057
427,10,27,-31.710331429416023,174.57225858122231,523.897
428,10,28,-37.803888112537486,-177.3939190103813,525.589
429,10,29,-43.25793418367065,-167.9978873163832,526.959
430,10,30,-47.801765340345824,-156.9251124830387,527.85
431,10,31,-51.098028294172316,-144.05389419971647,528.134
432,10,32,-52.801713114699865,-129.72147988687507,527.728
433,10,33,-52.6875465027231,-114.85692553579798,526.603
434,10,34,-50.77004602532289,-100.65634753431617,524.789
435,10,35,-47.29464428503989,-87.98629198242915,522.374
436,10,36,-42.610141967313716,-77.11762369205213,519.496
437,10,37,-37.04752662422861,-67.89318001038312,516.334
438,10,38,-30.868961406697174,-59.98925095189851,513.093
439,10,39,-24.266871526658875,-53.07142362464533,509.986
440,11,0,-13.863751491430863,-34.92312264139579,506.012
441,11,1,-6.736787613773296,-29.30768261526981,504.06
442,11,2,0.4547499395146293,-23.85437078947242,502.799
443,11,3,7.644089879437103,-18.388660462784163,502.278
444,11,4,14.76381418346128,-12.734778424462053,502.486
445,11,5,21.737790788333847,-6.700004056885016,503.357
446,11,6,28.47156159292811,-0.058595806023355936,504.772
447,11,7,34.83972944672452,7.462487956011158,506.576
448,11,8,40.66954520523511,16.187148766863775,508.591
449,11,9,45.722744549453154,26.45813623127695,510.636
450,11,10,49.68697268335021,38.52173757921124,512.543
451,11,11,52.20493899634834,52.29185998372592,514.172
452,11,12,52.97371435347371,67.10430682162499,515.425
453,11,13,51.88669657725535,81.80455414202825,516.254
454,11,14,49.09620230127913,95.29569405479917,516.664
455,11,15,44.92650500167516,107.02601802972998,516.71
456,11,16,39.73235787374473,116.9906219909966,516.487
457,11,17,33.81331935410627,125.46698237363081,516.122
458,11,18,27.394273421182437,132.79954561747633,515.756
459,11,19,20.63744731304479,139.30348397159426,515.528
460,11,20,13.660710457973893,145.24201926621853,515.558
461,11,21,6.553345381252855,150.83307551700756,515.938
462,11,22,-0.6119206498054092,156.26415507705656,516.712
463,11,23,-7.769754261107936,161.70834860031198,517.88
464,11,24,-14.854310774869363,167.33973028796078,519.387
465,11,25,-21.791312150670066,173.3490673235214,521.135
466,11,26,-28.48843045263075,179.95944734566478,522.985
467,11,27,-34.82306378514969,-172.55942915357622,524.773
468,11,28,-40.62598225870877,-163.88772536067967,526.325
469,11,29,-45.66348241311954,-153.68611383521358,527.474
470,11,30,-49.628441377257786,-141.7071504839268,528.074
471,11,31,-52.16761201253422,-128.0249975008273,528.02
472,11,32,-52.977293372598794,-113.28001244136045,527.255
473,11,33,-51.94307295866464,-98.6058905945325,525.778
474,11,34,-49.2059702714304,-85.0997310957767,523.649
475,11,35,-45.081488824131924,-73.32998326895658,520.982
476,11,36,-39.92043737782479,-63.31865398357791,517.938
477,11,37,-34.02174257662921,-54.79780857887941,514.71
478,11,38,-27.611128512235755,-47.42644644545362,511.51
479,11,39,-20.85206893223952,-40.88962073048209,508.547
480,12,0,-17.38039476769605,-28.84968086538002,507.215
481,12,1,-10.312701137221737,-23.083846903919525,504.955
482,12,2,-3.144842569125777,-17.571817649374825,503.339
483,12,3,4.053803076654016,-12.13383618316953,502.445
484,12,4,11.217107829564283,-6.596696165028103,502.294
485,12,5,18.274367492307753,-0.7781458430580988,502.845
486,12,6,25.14164117441909,5.529049659069546,504.005
487,12,7,31.71081295775251,12.572825247730943,505.636
488,12,8,37.835095246855275,20.652598380171174,507.568
489,12,9,43.31107305541335,30.10952291816721,509.621
490,12,10,47.86303213720084,41.25997749294228,511.617
491,12,11,51.148626335543774,54.21986529206961,513.399
492,12,12,52.82071811606542,68.63332662960238,514.849
493,12,13,52.65835085911588,83.54619773886814,515.893
494,12,14,50.68638303817941,97.75089434441946,516.509
495,12,15,47.16089893580728,110.39124540360609,516.727
496,12,16,42.43700350204306,121.21514863416284,516.624
497,12,17,36.84771968534364,130.39324265212417,516.314
498,12,18,30.654906693203557,138.25537778307745,515.93
499,12,19,24.049881539369448,145.13743540964728,515.616
500,12,20,17.170470611103,151.32890626961546,515.504
501,12,21,10.118539349685785,157.06873770090573,515.7
502,12,22,2.97378901909927,162.55764164246804,516.275
503,12,23,-4.1957796576101325,167.97394067315315,517.249
504,12,24,-11.325542205280112,173.48929110718177,518.596
505,12,25,-18.346472091828286,179.28414654242565,520.239
506,12,26,-25.176645893915403,-174.43650174127913,522.057
507,12,27,-31.710331429416023,-167.42774410560557,523.897
508,12,28,-37.803888112537486,-159.39391167929648,525.589
509,12,29,-43.25793418367065,-149.9978799852984,526.959
510,12,30,-47.801765340345824,-138.92511881233224,527.85
511,12,31,-51.098028294172316,-126.05390052901001,528.134
512,12,32,-52.801713114699865,-111.72147938597944,527.728
513,12,33,-52.6875465027231,-96.85693186509151,526.603
514,12,34,-50.77004602532289,-82.65634703342053,524.789
515,12,35,-47.29464428503989,-69.98629148153353,522.374
516,12,36,-42.610141967313716,-59.117623191156504,519.496
517,12,37,-37.04752662422861,-49.89317950948748,516.334
518,12,38,-30.868961406697174,-41.989250451002874,513.093
519,12,39,-24.266871526658875,-35.071423123749696,509.986
520,13,0,-13.863751491430863,-16.923115310310987,506.012
521,13,1,-6.736787613773296,-11.307674430411359,504.06
522,13,2,0.4547499395146293,-5.854363885274437,502.799
523,13,3,7.644089879437103,-0.3886528382146672,502.278
524,13,4,14.76381418346128,5.265228479735926,502.486
525,13,5,21.737790788333847,11.300003274199788,503.357
526,13,6,28.47156159292811,17.941411138195264,504.772
527,13,7,34.83972944672452,25.462494433322316,506.576
528,13,8,40.66954520523511,34.18715609794858,508.591
529,13,9,45.722744549453154,44.458141854814464,510.636
530,13,10,49.68697268335021,56.52174491029604,512.543
531,13,11,52.20493899634834,70.29186731481073,514.172
532,13,12,52.97371435347371,85.10431415270979,515.425
533,13,13,51.88669657725535,99.80456147311305,516.254
534,13,14,49.09620230127913,113.29570138588397,516.664
535,13,15,44.92650500167516,125.02602536081478,516.71
536,13,16,39.73235787374473,134.99062932208142,516.487
537,13,17,33.81331935410627,143.46698970471562,516.122
538,13,18,27.394273421182437,150.79955294856114,515.756
539,13,19,20.63744731304479,157.30349130267905,515.528
540,13,20,13.660710457973893,163.24202659730332,515.558
541,13,21,6.553345381252855,168.83308284809237,515.938
542,13,22,-0.6119206498054092,174.26416240814137,516.712
543,13,23,-7.769754261107936,179.7083559313968,517.88
544,13,24,-14.854310774869363,-174.66025873848875,519.387
545,13,25,-21.791312150670066,-168.65092170292812,521.135
546,13,26,-28.48843045263075,-162.0405416807847,522.985
547,13,27,-34.82306378514969,-154.55942182249143,524.773
548,13,28,-40.62598225870877,-145.88771802959485,526.325
549,13,29,-45.66348241311954,-135.6861065041288,527.474
550,13,30,-49.628441377257786,-123.70714315284201,528.074
551,13,31,-52.16761201253422,-110.0249901697425,528.02
552,13,32,-52.977293372598794,-95.28000511027565,527.255
553,13,33,-51.94307295866464,-80.6058832634477,525.778
554,13,34,-49.2059702714304,-67.0997237646919,523.649
555,13,35,-45.081488824131924,-55.32997935296637,520.982
556,13,36,-39.92043737782479,-45.3186466524931,517.938
557,13,37,-34.02174257662921,-36.79780124779461,514.71
558,13,38,-27.611128512235755,-29.42643911436882,511.51
559,13,39,-20.85206893223952,-22.889611691849993,508.547
560,14,0,-17.38039476769605,-10.849687194673555,507.215
561,14,1,-10.312701137221737,-5.083853233213061,504.955
562,14,2,-3.144842569125777,0.42817548772310793,503.339
563,14,3,4.053803076654016,5.866157487536934,502.445
564,14,4,11.217107829564283,11.403297932565183,502.294
565,14,5,18.274367492307753,17.221847294039836,502.845
566,14,6,25.14164117441909,23.529043756662833,504.005
567,14,7,31.71081295775251,30.57281806466376,505.636
568,14,8,37.835095246855275,38.65259375842493,507.568
569,14,9,43.31107305541335,48.109516588873674,509.621
570,14,10,47.86303213720084,59.25997116364874,511.617
571,14,11,51.148626335543774,72.21985896277607,513.399
572,14,12,52.82071811606542,86.63332030030884,514.849
573,14,13,52.65835085911588,101.5461914095746,515.893
574,14,14,50.68638303817941,115.75088801512592,516.509
575,14,15,47.16089893580728,128.39124590450172,516.727
576,14,16,42.43700350204306,139.21514230486932,516.624
577,14,17,36.84771968534364,148.39323632283063,516.314
578,14,18,30.654906693203557,156.25537145378394,515.93
579,14,19,24.049881539369448,163.13742908035374,515.616
580,14,20,17.170470611103,169.32889994032195,515.504
581,14,21,10.118539349685785,175.0687313716122,515.7
582,14,22,2.97378901909927,-179.4423610443598,516.275
583,14,23,-4.1957796576101325,-174.02606201367473,517.249
584,14,24,-11.325542205280112,-168.5107115796461,518.596
585,14,25,-18.346472091828286,-162.71585614440224,520.239
586,14,26,-25.176645893915403,-156.43650807057267,522.057
587,14,27,-31.710331429416023,-149.4277504348991,523.897
588,14,28,-37.803888112537486,-141.39391800859002,525.589
589,14,29,-43.25793418367065,-131.99788631459194,526.959
590,14,30,-47.801765340345824,-120.92512514162577,527.85
591,14,31,-51.098028294172316,-108.05390002811437,528.134
592,14,32,-52.801713114699865,-93.72148571527298,527.728
593,14,33,-52.6875465027231,-78.85693819438505,526.603
594,14,34,-50.77004602532289,-64.65635336271407,524.789
595,14,35,-47.29464428503989,-51.98629781082706,522.374
596,14,36,-42.610141967313716,-41.11762952045004,519.496
597,14,37,-37.04752662422861,-31.89318583878102,516.334
598,14,38,-30.868961406697174,-23.989258487843706,513.093
599,14,39,-24.266871526658875,-17.07142945304323,509.986
600,15,0,-13.863751491430863,1.0768788940040044,506.012
601,15,1,-6.736787613773296,6.692319240295105,504.06
602,15,2,0.4547499395146293,12.145629358545202,502.799
603,15,3,7.644089879437103,17.611340539007106,502.278
604,15,4,14.76381418346128,23.26522257732921,502.486
605,15,5,21.737790788333847,29.299998652453542,503.357
606,15,6,28.47156159292811,35.94140480890173,504.772
607,15,7,34.83972944672452,43.46248810402878,506.576
608,15,8,40.66954520523511,52.18714976865504,508.591
609,15,9,45.722744549453154,62.45813894061551,510.636
610,15,10,49.68697268335021,74.52174199609709,512.543
611,15,11,52.20493899634834,88.29186098551719,514.172
612,15,12,52.97371435347371,103.10430782341625,515.425
613,15,13,51.88669657725535,117.80456197400868,516.254
614,15,14,49.09620230127913,131.29568822640127,516.664
615,15,15,44.92650500167516,143.02601903152126,516.71
616,15,16,39.73235787374473,152.99062299278788,516.487
617,15,17,33.81331935410627,161.46698337542207,516.122
618,15,18,27.394273421182437,168.7995466192676,515.756
619,15,19,20.63744731304479,175.30348497338554,515.528
620,15,20,13.660710457973893,-178.75798974990286,515.558
621,15,21,6.553345381252855,-173.16693349911384,515.938
622,15,22,-0.6119206498054092,-167.7358402786865,516.712
623,15,23,-7.769754261107936,-162.29166041580942,517.88
624,15,24,-14.854310774869363,-156.6602650677823,519.387
625,15,25,-21.791312150670066,-150.65092803222166,521.135
626,15,26,-28.48843045263075,-144.04054801007825,522.985
627,15,27,-34.82306378514969,-136.55942815178494,524.773
628,15,28,-40.62598225870877,-127.88772435888839,526.325
629,15,29,-45.66348241311954,-117.68611283342233,527.474
630,15,30,-49.628441377257786,-105.70715631232471,528.074
631,15,31,-52.16761201253422,-92.02499649903604,528.02
632,15,32,-52.977293372598794,-77.2800114395692,527.255
633,15,33,-51.94307295866464,-62.60588959274123,525.778
634,15,34,-49.2059702714304,-49.09972667889086,523.649
635,15,35,-45.081488824131924,-37.3299856822599,520.982
636,15,36,-39.92043737782479,-27.318651274239347,517.938
637,15,37,-34.02174257662921,-18.79780586954085,514.71
638,15,38,-27.611128512235755,-11.426445443662356,511.51
639,15,39,-20.85206893223952,-4.889618874917177,508.547
640,16,0,-17.38039476769605,7.1503197095244255,507.215
641,16,1,-10.312701137221737,12.916154097871743,504.955
642,16,2,-3.144842569125777,18.42818335241644,503.339
643,16,3,4.053803076654016,23.866164818621737,502.445
644,16,4,11.217107829564283,29.403305263649987,502.294
645,16,5,18.274367492307753,35.22185462512464,502.845
646,16,6,25.14164117441909,41.52904938020034,504.005
647,16,7,31.71081295775251,48.572825395748566,505.636
648,16,8,37.835095246855275,56.65260108950973,507.568
649,16,9,43.31107305541335,66.10952391995848,509.621
650,16,10,47.86303213720084,77.25997849473355,511.617
651,16,11,51.148626335543774,90.21986629386087,513.399
652,16,12,52.82071811606542,104.63332763139364,514.849
653,16,13,52.65835085911588,119.54620557084857,515.893
654,16,14,50.68638303817941,133.75089534621074,516.509
655,16,15,47.16089893580728,146.39125323558653,516.727
656,16,16,42.43700350204306,157.2151496359541,516.624
657,16,17,36.84771968534364,166.39324365391542,516.314
658,16,18,30.654906693203557,174.25537878486873,515.93
659,16,19,24.049881539369448,-178.86255994609576,515.616
660,16,20,17.170470611103,-172.67108908612758,515.504
661,16,21,10.118539349685785,-166.93125765483734,515.7
662,16,22,2.97378901909927,-161.442353713275,516.275
663,16,23,-4.1957796576101325,-156.02605468258992,517.249
664,16,24,-11.325542205280112,-150.5107042485613,518.596
665,16,25,-18.346472091828286,-144.71584881331742,520.239
666,16,26,-25.176645893915403,-138.43650073948785,522.057
667,16,27,-31.710331429416023,-131.4277431038143,523.897
668,16,28,-37.803888112537486,-123.39391067750522,525.589
669,16,29,-43.25793418367065,-113.99788581369631,526.959
670,16,30,-47.801765340345824,-102.92511098035179,527.85
671,16,31,-51.098028294172316,-90.05389269702957,528.134
672,16,32,-52.801713114699865,-75.72147838418817,527.728
673,16,33,-52.6875465027231,-60.85693086330025,526.603
674,16,34,-50.77004602532289,-46.65634603162927,524.789
675,16,35,-47.29464428503989,-33.98629047974226,522.374
676,16,36,-42.610141967313716,-23.11762218936524,519.496
677,16,37,-37.04752662422861,-13.893178507696216,516.334
678,16,38,-30.868961406697174,-5.98925072987208,513.093
679,16,39,-24.266871526658875,0.9285784116501025,509.986
680,17,0,-13.863751491430863,19.07687203110194,506.012
681,17,1,-6.736787613773296,24.692312057227923,504.06
682,17,2,0.4547499395146293,30.145623883025312,502.799
683,17,3,7.644089879437103,35.61133591726086,502.278
684,17,4,14.76381418346128,41.26521624803568,502.486
685,17,5,21.737790788333847,47.299992323160005,503.357
686,17,6,28.47156159292811,53.94139847960819,504.772
687,17,7,34.83972944672452,61.46248177473524,506.576
688,17,8,40.66954520523511,70.18714002426692,508.591
689,17,9,45.722744549453154,80.45813261132197,510.636
690,17,10,49.68697268335021,92.52173566680355,512.543
691,17,11,52.20493899634834,106.29185465622365,514.172
692,17,12,52.97371435347371,121.10430832431189,515.425
693,17,13,51.88669657725535,135.80455564471515,516.254
694,17,14,49.09620230127913,149.29568189710773,516.664
695,17,15,44.92650500167516,161.02601270222772,516.71
696,17,16,39.73235787374473,170.99061666349434,516.487
697,17,17,33.81331935410627,179.46697704612853,516.122
698,17,18,27.394273421182437,-173.20045606756025,515.756
699,17,19,20.63744731304479,-166.69651771344235,515.528
700,17,20,13.660710457973893,-160.7579960791964,515.558
701,17,21,6.553345381252855,-155.16693982840738,515.938
702,17,22,-0.6119206498054092,-149.73584660798002,516.712
703,17,23,-7.769754261107936,-144.29166674510296,517.88
704,17,24,-14.854310774869363,-138.66027139707583,519.387
705,17,25,-21.791312150670066,-132.6509343615152,521.135
706,17,26,-28.48843045263075,-126.0405543393718,522.985
707,17,27,-34.82306378514969,-118.5594344810785,524.773
708,17,28,-40.62598225870877,-109.88773068818192,526.325
709,17,29,-45.66348241311954,-99.68611916271585,527.474
710,17,30,-49.628441377257786,-87.70716264161824,528.074
711,17,31,-52.16761201253422,-74.02500282832958,528.02
712,17,32,-52.977293372598794,-59.28001776886273,527.255
713,17,33,-51.94307295866464,-44.60589592203476,525.778
714,17,34,-49.2059702714304,-31.099733008184394,523.649
715,17,35,-45.081488824131924,-19.32999030400615,520.982
716,17,36,-39.92043737782479,-9.31865845730653,517.938
717,17,37,-34.02174257662921,-0.7978125723603572,514.71
718,17,38,-27.611128512235755,6.573548227044107,511.51
719,17,39,-20.85206893223952,13.110374795789287,508.547
720,18,0,-17.38039476769605,25.150313807117712,507.215
721,18,1,-10.312701137221737,30.916147768578206,504.955
722,18,2,-3.144842569125777,36.42817531557561,503.339
723,18,3,4.053803076654016,41.86616019687549,502.445
724,18,4,11.217107829564283,47.40329893435645,502.294
725,18,5,18.274367492307753,53.2218482958311,502.845
726,18,6,25.14164117441909,59.52904646600139,504.005
727,18,7,31.71081295775251,66.57282248154961,505.636
728,18,8,37.835095246855275,74.65259476021619,507.568
729,18,9,43.31107305541335,84.10951759066494,509.621
730,18,10,47.86303213720084,95.25997216544,511.617
731,18,11,51.148626335543774,108.21985996456733,513.399
732,18,12,52.82071811606542,122.63331447191094,514.849
733,18,13,52.65835085911588,137.54619924155503,515.893
734,18,14,50.68638303817941,151.7508890169172,516.509
735,18,15,47.16089893580728,164.391246906293,516.727
736,18,16,42.43700350204306,175.2151433066606,516.624
737,18,17,36.84771968534364,-175.60675903291244,516.314
738,18,18,30.654906693203557,-167.74462390195913,515.93
739,18,19,24.049881539369448,-160.8625662753893,515.616
740,18,20,17.170470611103,-154.67109541542112,515.504
741,18,21,10.118539349685785,-148.93126398413088,515.7
742,18,22,2.97378901909927,-143.44236004256854,516.275
743,18,23,-4.1957796576101325,-138.02606101188346,517.249
744,18,24,-11.325542205280112,-132.51071057785484,518.596
745,18,25,-18.346472091828286,-126.71585514261096,520.239
746,18,26,-25.176645893915403,-120.4365070687814,522.057
747,18,27,-31.710331429416023,-113.42774943310783,523.897
748,18,28,-37.803888112537486,-105.39392383698792,525.589
749,18,29,-43.25793418367065,-95.99789214298984,526.959
750,18,30,-47.801765340345824,-84.92511730964533,527.85
751,18,31,-51.098028294172316,-72.05389902632311,528.134
752,18,32,-52.801713114699865,-57.72148471348171,527.728
753,18,33,-52.6875465027231,-42.85693719259379,526.603
754,18,34,-50.77004602532289,-28.656352360922806,524.789
755,18,35,-47.29464428503989,-15.986298516583087,522.374
756,18,36,-42.610141967313716,-5.117628091771951,519.496
757,18,37,-37.04752662422861,4.106815163010247,516.334
758,18,38,-30.868961406697174,12.01074251394756,513.093
759,18,39,-24.266871526658875,18.928571548748035,509.986
760,19,0,-13.863751491430863,37.076879362186745,506.012
761,19,1,-6.736787613773296,42.692319388312725,504.06
762,19,2,0.4547499395146293,48.14563121411012,502.799
763,19,3,7.644089879437103,53.61134324834566,502.278
764,19,4,14.76381418346128,59.26522357912048,502.486
765,19,5,21.737790788333847,65.29999623915023,503.357
766,19,6,28.47156159292811,71.941405810693,504.772
767,19,7,34.83972944672452,79.46248910582004,506.576
768,19,8,40.66954520523511,88.18714735535173,508.591
769,19,9,45.722744549453154,98.45813994240677,510.636
770,19,10,49.68697268335021,110.52174299788835,512.543
771,19,11,52.20493899634834,124.29186198730845,514.172
772,19,12,52.97371435347371,139.10431565539668,515.425
773,19,13,51.88669657725535,153.80456297579994,516.254
774,19,14,49.09620230127913,167.29568922819254,516.664
775,19,15,44.92650500167516,179.0260200333125,516.71
776,19,16,39.73235787374473,-171.0093723629552,516.487
777,19,17,33.81331935410627,-162.533011980321,516.122
778,19,18,27.394273421182437,-155.20044873647547,515.756
779,19,19,20.63744731304479,-148.69651038235753,515.528
780,19,20,13.660710457973893,-142.75798874811161,515.558
781,19,21,6.553345381252855,-137.16693249732256,515.938
782,19,22,-0.6119206498054092,-131.73583927689523,516.712
783,19,23,-7.769754261107936,-126.29165941401814,517.88
784,19,24,-14.854310774869363,-120.66026406599102,519.387
785,19,25,-21.791312150670066,-114.6509270304304,521.135
786,19,26,-28.48843045263075,-108.04055383847617,522.985
787,19,27,-34.82306378514969,-100.55942031980452,524.773
788,19,28,-40.62598225870877,-91.88772335709712,526.325
789,19,29,-45.66348241311954,-81.68611183163105,527.474
790,19,30,-49.628441377257786,-69.70715531053344,528.074
791,19,31,-52.16761201253422,-56.024998912339356,528.02
792,19,32,-52.977293372598794,-41.280007022683336,527.255
793,19,33,-51.94307295866464,-26.60589029849725,525.778
794,19,34,-49.2059702714304,-13.099726530873237,523.649
795,19,35,-45.081488824131924,-1.32998361325158,520.982
796,19,36,-39.92043737782479,8.681348873778273,517.938
797,19,37,-34.02174257662921,17.202195132250417,514.71
798,19,38,-27.611128512235755,24.57355555812891,511.51
799,19,39,-20.85206893223952,31.110381273100444,508.547
800,20,0,-17.38039476769605,43.150321138202514,507.215
801,20,1,-10.312701137221737,48.91615509966301,504.955
802,20,2,-3.144842569125777,54.42818264666042,503.339
803,20,3,4.053803076654016,59.86616411286571,502.445
804,20,4,11.217107829564283,65.40330285034666,502.294
805,20,5,18.274367492307753,71.2218590420105,502.845
806,20,6,25.14164117441909,77.52905379708619,504.005
807,20,7,31.71081295775251,84.57282981263441,505.636
808,20,8,37.835095246855275,92.652602091301,507.568
809,20,9,43.31107305541335,102.10952492174974,509.621
810,20,10,47.86303213720084,113.2599794965248,511.617
811,20,11,51.148626335543774,126.21986046546297,513.399
812,20,12,52.82071811606542,140.63332180299574,514.849
813,20,13,52.65835085911588,155.54620657263985,515.893
814,20,14,50.68638303817941,169.750896348002,516.509
815,20,15,47.16089893580728,-177.60875578053486,516.727
816,20,16,42.43700350204306,-166.78484571978893,516.624
817,20,17,36.84771968534364,-157.60675170182762,516.314
818,20,18,30.654906693203557,-149.74461657087434,515.93
819,20,19,24.049881539369448,-142.8625589443045,515.616
820,20,20,17.170470611103,-136.67108808433633,515.504
821,20,21,10.118539349685785,-130.93125665304606,515.7
822,20,22,2.97378901909927,-125.44235271148374,516.275
823,20,23,-4.1957796576101325,-120.02605368079865,517.249
824,20,24,-11.325542205280112,-114.51070324677003,518.596
825,20,25,-18.346472091828286,-108.71584781152616,520.239
826,20,26,-25.176645893915403,-102.43649290750743,522.057
827,20,27,-31.710331429416023,-95.42774210202303,523.897
828,20,28,-37.803888112537486,-87.39391650590312,525.589
829,20,29,-43.25793418367065,-77.99788481190504,526.959
830,20,30,-47.801765340345824,-66.92510997856053,527.85
831,20,31,-51.098028294172316,-54.05389511033289,528.134
832,20,32,-52.801713114699865,-39.721477382396905,527.728
833,20,33,-52.6875465027231,-24.856928153961693,526.603
834,20,34,-50.77004602532289,-10.656344176064358,524.789
835,20,35,-47.29464428503989,2.013708814501717,522.374
836,20,36,-42.610141967313716,12.88237881242603,519.496
837,20,37,-37.04752662422861,22.10682249409505,516.334
838,20,38,-30.868961406697174,30.010751552579656,513.093
839,20,39,-24.266871526658875,36.92857887983284,509.986
840,21,0,-13.863751491430863,55.076873032893204,506.012
841,21,1,-6.736787613773296,60.692316474113774,504.06
842,21,2,0.4547499395146293,66.14562146972199,502.799
843,21,3,7.644089879437103,71.61133691905212,502.278
844,21,4,14.76381418346128,77.26521724982695,502.486
845,21,5,21.737790788333847,83.29998990985669,503.357
846,21,6,28.47156159292811,89.94139948139946,504.772
847,21,7,34.83972944672452,97.46248277652651,506.576
848,21,8,40.66954520523511,106.18714102605819,508.591
849,21,9,45.722744549453154,116.45812678292407,510.636
850,21,10,49.68697268335021,128.52172983840566,512.543
851,21,11,52.20493899634834,142.29185565801492,514.172
852,21,12,52.97371435347371,157.10430932610316,515.425
853,21,13,51.88669657725535,171.80455664650643,516.254
854,21,14,49.09620230127913,-174.70431345863534,516.664
855,21,15,44.92650500167516,-162.97398265351535,516.71
856,21,16,39.73235787374473,-153.00937869224873,516.487
857,21,17,33.81331935410627,-144.53301830961453,516.122
858,21,18,27.394273421182437,-137.200455065769,515.756
859,21,19,20.63744731304479,-130.69651671165107,515.528
860,21,20,13.660710457973893,-124.75799507740514,515.558
861,21,21,6.553345381252855,-119.1669388266161,515.938
862,21,22,-0.6119206498054092,-113.73584560618878,516.712
863,21,23,-7.769754261107936,-108.29165891312252,517.88
864,21,24,-14.854310774869363,-102.66027722547372,519.387
865,21,25,-21.791312150670066,-96.6509401899131,521.135
866,21,26,-28.48843045263075,-90.0405601677697,522.985
867,21,27,-34.82306378514969,-82.55942664909806,524.773
868,21,28,-40.62598225870877,-73.88772968639066,526.325
869,21,29,-45.66348241311954,-63.68611816092459,527.474
870,21,30,-49.628441377257786,-51.70716163982698,528.074
871,21,31,-52.16761201253422,-38.02500524163289,528.02
872,21,32,-52.977293372598794,-23.280013351976876,527.255
873,21,33,-51.94307295866464,-8.605896627790788,525.778
874,21,34,-49.2059702714304,4.900267139833227,523.649
875,21,35,-45.081488824131924,16.670010697785116,520.982
876,21,36,-39.92043737782479,26.68134339825838,517.938
877,21,37,-34.02174257662921,35.202187095409585,514.71
878,21,38,-27.611128512235755,42.573549228835375,511.51
879,21,39,-20.85206893223952,49.11037494380691,508.547
880,22,0,-17.38039476769605,61.15031480890898,507.215
881,22,1,-10.312701137221737,66.91614877036947,504.955
882,22,2,-3.144842569125777,72.42817973246146,503.339
883,22,3,4.053803076654016,77.86615778357218,502.445
884,22,4,11.217107829564283,83.40329652105314,502.294
885,22,5,18.274367492307753,89.22185271271695,502.845
886,22,6,25.14164117441909,95.52904746779267,504.005
887,22,7,31.71081295775251,102.57282348334088,505.636
888,22,8,37.835095246855275,110.65259576200746,507.568
889,22,9,43.31107305541335,120.10951859245621,509.621
890,22,10,47.86303213720084,131.25997999742043,511.617
891,22,11,51.148626335543774,144.21985413616943,513.399
892,22,12,52.82071811606542,158.6333154737022,514.849
893,22,13,52.65835085911588,173.5462002433463,515.893
894,22,14,50.68638303817941,-172.24910633882587,516.509
895,22,15,47.16089893580728,-159.6087621098284,516.727
896,22,16,42.43700350204306,-148.78485204908247,516.624
897,22,17,36.84771968534364,-139.60675803112116,516.314
898,22,18,30.654906693203557,-131.74462290016785,515.93
899,22,19,24.049881539369448,-124.86256527359804,515.616
900,22,20,17.170470611103,-118.67109441362986,515.504
901,22,21,10.118539349685785,-112.93126981252878,515.7
902,22,22,2.97378901909927,-107.44235904077728,516.275
903,22,23,-4.1957796576101325,-102.0260600100922,517.249
904,22,24,-11.325542205280112,-96.51070957606358,518.596
905,22,25,-18.346472091828286,-90.71585414081969,520.239
906,22,26,-25.176645893915403,-84.43649923680096,522.057
907,22,27,-31.710331429416023,-77.42774843131657,523.897
908,22,28,-37.803888112537486,-69.39392283519666,525.589
909,22,29,-43.25793418367065,-59.99789114119858,526.959
910,22,30,-47.801765340345824,-48.92511630785407,527.85
911,22,31,-51.098028294172316,-36.05390143962642,528.134
912,22,32,-52.801713114699865,-21.72148371169044,527.728
913,22,33,-52.6875465027231,-6.856935337028875,526.603
914,22,34,-50.77004602532289,7.343649494642106,524.789
915,22,35,-47.29464428503989,20.01370248520818,522.374
916,22,36,-42.610141967313716,30.882372483132492,519.496
917,22,37,-37.04752662422861,40.106816164801515,516.334
918,22,38,-30.868961406697174,48.01074522328612,513.093
919,22,39,-24.266871526658875,54.9285725505393,509.986
920,23,0,-13.863751491430863,73.07688377907259,506.012
921,23,1,-6.736787613773296,78.69232380519858,504.06
922,23,2,0.4547499395146293,84.1456288008068,502.799
923,23,3,7.644089879437103,89.61134425013694,502.278
924,23,4,14.76381418346128,95.26522458091175,502.486
925,23,5,21.737790788333847,101.2999972409415,503.357
926,23,6,28.47156159292811,107.94140681248426,504.772
927,23,7,34.83972944672452,115.46249010761132,506.576
928,23,8,40.66954520523511,124.18715518733217,508.591
929,23,9,45.722744549453154,134.45813411400889,510.636
930,23,10,49.68697268335021,146.52173716949045,512.543
931,23,11,52.20493899634834,160.2918629890997,514.172
932,23,12,52.97371435347371,175.10431665718795,515.425
933,23,13,51.88669657725535,-170.19544604032146,516.254
934,23,14,49.09620230127913,-156.70430612755052,516.664
935,23,15,44.92650500167516,-144.97397532243053,516.71
936,23,16,39.73235787374473,-135.00937136116391,516.487
937,23,17,33.81331935410627,-126.53301097852972,516.122
938,23,18,27.394273421182437,-119.20044773468419,515.756
939,23,19,20.63744731304479,-112.69651621075543,515.528
940,23,20,13.660710457973893,-106.75798091613117,515.558
941,23,21,6.553345381252855,-101.16692466534214,515.938
942,23,22,-0.6119206498054092,-95.73583827510396,516.712
943,23,23,-7.769754261107936,-90.29165158203772,517.88
944,23,24,-14.854310774869363,-84.66026989438892,519.387
945,23,25,-21.791312150670066,-78.6509328588283,521.135
946,23,26,-28.48843045263075,-72.0405528366849,522.985
947,23,27,-34.82306378514969,-64.55941931801325,524.773
948,23,28,-40.62598225870877,-55.887722355305854,526.325
949,23,29,-45.66348241311954,-45.68611424493437,527.474
950,23,30,-49.628441377257786,-33.707154308742176,528.074
951,23,31,-52.16761201253422,-20.024997910548088,528.02
952,23,32,-52.977293372598794,-5.280006447778895,527.255
953,23,33,-51.94307295866464,9.394110703294015,525.778
954,23,34,-49.2059702714304,22.900275324691677,523.649
955,23,35,-45.081488824131924,34.67001632132263,520.982
956,23,36,-39.92043737782479,44.681349021795896,517.938
957,23,37,-34.02174257662921,53.202194426494394,514.71
958,23,38,-27.611128512235755,60.57355997501476,511.51
959,23,39,-20.85206893223952,67.1103856899863,508.547
960,24,0,-17.38039476769605,79.15032213999378,507.215
961,24,1,-10.312701137221737,84.91615610145428,504.955
962,24,2,-3.144842569125777,90.42818706354626,503.339
963,24,3,4.053803076654016,95.86616511465698,502.445
964,24,4,11.217107829564283,101.40330385213794,502.294
965,24,5,18.274367492307753,107.22186004380175,502.845
966,24,6,25.14164117441909,113.52905479887747,504.005
967,24,7,31.71081295775251,120.5728239842365,505.636
968,24,8,37.835095246855275,128.6525962629031,507.568
969,24,9,43.31107305541335,138.109525923541,509.621
970,24,10,47.86303213720084,149.25998732850525,511.617
971,24,11,51.148626335543774,162.21986146725425,513.399
972,24,12,52.82071811606542,176.633322804787,514.849
973,24,13,52.65835085911588,-168.45380244348155,515.893
974,24,14,50.68638303817941,-154.24909900774105,516.509
975,24,15,47.16089893580728,-141.60875477874362,516.727
976,24,16,42.43700350204306,-130.7848447179977,516.624
977,24,17,36.84771968534364,-121.60675070003636,516.314
978,24,18,30.654906693203557,-113.74462239927223,515.93
979,24,19,24.049881539369448,-106.86256477270241,515.616
980,24,20,17.170470611103,-100.67108708254506,515.504
981,24,21,10.118539349685785,-94.93126248144397,515.7
982,24,22,2.97378901909927,-89.44235170969247,516.275
983,24,23,-4.1957796576101325,-84.02605267900738,517.249
984,24,24,-11.325542205280112,-78.51070224497877,518.596
985,24,25,-18.346472091828286,-72.71584680973488,520.239
986,24,26,-25.176645893915403,-66.43649190571615,522.057
987,24,27,-31.710331429416023,-59.42774110023176,523.897
988,24,28,-37.803888112537486,-51.39391208901727,525.589
989,24,29,-43.25793418367065,-41.99788039501919,526.959
990,24,30,-47.801765340345824,-30.925108976769263,527.85
991,24,31,-51.098028294172316,-18.053892400994325,528.134
992,24,32,-52.801713114699865,-3.7214759537188145,527.728
993,24,33,-52.6875465027231,11.143071994055928,526.603
994,24,34,-50.77004602532289,25.343657679500556,524.789
995,24,35,-47.29464428503989,38.01371152384028,522.374
996,24,36,-42.610141967313716,48.882379814217295,519.496
997,24,37,-37.04752662422861,58.10682349588632,516.334
998,24,38,-30.868961406697174,66.01075255437092,513.093
999,24,39,-24.266871526658875,72.9285798816241,509.986
1000,25,0,-13.863751491430863,91.07687744977906,506.012
1001,25,1,-6.736787613773296,96.69231747590504,504.06
1002,25,2,0.4547499395146293,102.14562247151326,502.799
1003,25,3,7.644089879437103,107.6113379208434,502.278
1004,25,4,14.76381418346128,113.26521825161821,502.486
1005,25,5,21.737790788333847,119.29999091164795,503.357
1006,25,6,28.47156159292811,125.9414073133799,504.772
1007,25,7,34.83972944672452,133.46248377831776,506.576
1008,25,8,40.66954520523511,142.18714885803863,508.591
1009,25,9,45.722744549453154,152.45812778471534,510.636
1010,25,10,49.68697268335021,164.5217308401969,512.543
1011,25,11,52.20493899634834,178.29185665980617,514.172
1012,25,12,52.97371435347371,-166.89569969001826,515.425
1013,25,13,51.88669657725535,-152.195452369615,516.254
1014,25,14,49.09620230127913,-138.70431245684406,516.664
1015,25,15,44.92650500167516,-126.97398165172409,516.71
1016,25,16,39.73235787374473,-117.00937769045746,516.487
1017,25,17,33.81331935410627,-108.53301730782326,516.122
1018,25,18,27.394273421182437,-101.20045406397773,515.756
1019,25,19,20.63744731304479,-94.69652254004897,515.528
1020,25,20,13.660710457973893,-88.75798724542472,515.558
1021,25,21,6.553345381252855,-83.16693099463568,515.938
1022,25,22,-0.6119206498054092,-77.7358446043975,516.712
1023,25,23,-7.769754261107936,-72.29165791133124,517.88
1024,25,24,-14.854310774869363,-66.66027622368246,519.387
1025,25,25,-21.791312150670066,-60.65093918812184,521.135
1026,25,26,-28.48843045263075,-54.040555750883854,522.985
1027,25,27,-34.82306378514969,-46.55942906240138,524.773
1028,25,28,-40.62598225870877,-37.88772868459939,526.325
1029,25,29,-45.66348241311954,-27.68611886668062,527.474
1030,25,30,-49.628441377257786,-15.70715893048842,528.074
1031,25,31,-52.16761201253422,-2.0250035995113906,528.02
1032,25,32,-52.977293372598794,12.719987649814392,527.255
1033,25,33,-51.94307295866464,27.394104374000477,525.778
1034,25,34,-49.2059702714304,40.90026899539814,523.649
1035,25,35,-45.081488824131924,52.670009992029094,520.982
1036,25,36,-39.92043737782479,62.681342692502355,517.938
1037,25,37,-34.02174257662921,71.20218809720086,514.71
1038,25,38,-27.611128512235755,78.57355364572122,511.51
1039,25,39,-20.85206893223952,85.11037936069276,508.547
1040,26,0,-17.38039476769605,97.15032947107859,507.215
1041,26,1,-10.312701137221737,102.91616343253908,504.955
1042,26,2,-3.144842569125777,108.42819439463106,503.339
1043,26,3,4.053803076654016,113.86617244574178,502.445
1044,26,4,11.217107829564283,119.4033180134119,502.294
1045,26,5,18.274367492307753,125.22186054469739,502.845
1046,26,6,25.14164117441909,131.52906212996226,504.005
1047,26,7,31.71081295775251,138.5728313153213,505.636
1048,26,8,37.835095246855275,146.6526035939879,507.568
1049,26,9,43.31107305541335,156.1095332546258,509.621
1050,26,10,47.86303213720084,167.25999465959006,511.617
1051,26,11,51.148626335543774,-179.78012755919528,513.399
1052,26,12,52.82071811606542,-165.3666662216625,514.849
1053,26,13,52.65835085911588,-150.45379511239676,515.893
1054,26,14,50.68638303817941,-136.24909167665626,516.509
1055,26,15,47.16089893580728,-123.6087474476588,516.727
1056,26,16,42.43700350204306,-112.78483738691287,516.624
1057,26,17,36.84771968534364,-103.60674336895156,516.314
1058,26,18,30.654906693203557,-95.74461506818743,515.93
1059,26,19,24.049881539369448,-88.8625574416176,515.616
1060,26,20,17.170470611103,-82.67107975146025,515.504
1061,26,21,10.118539349685785,-76.93125515035916,515.7
1062,26,22,2.97378901909927,-71.44234437860767,516.275
1063,26,23,-4.1957796576101325,-66.02604534792258,517.249
1064,26,24,-11.325542205280112,-60.510694913893964,518.596
1065,26,25,-18.346472091828286,-54.7158360635555,520.239
1066,26,26,-25.176645893915403,-48.43648798972594,522.057
1067,26,27,-31.710331429416023,-41.42773376914696,523.897
1068,26,28,-37.803888112537486,-33.39390475793247,525.589
1069,26,29,-43.25793418367065,-23.99787477148168,526.959
1070,26,30,-47.801765340345824,-12.925102499458106,527.85
1071,26,31,-51.098028294172316,-0.053885646873744975,528.134
1072,26,32,-52.801713114699865,14.278530950479166,527.728
1073,26,33,-52.6875465027231,29.143078471367087,526.603
1074,26,34,-50.77004602532289,43.34366330303806,524.789
1075,26,35,-47.29464428503989,56.01371885492508,522.374
1076,26,36,-42.610141967313716,66.8823871453021,519.496
1077,26,37,-37.04752662422861,76.10683082697112,516.334
1078,26,38,-30.868961406697174,84.01075988545573,513.093
1079,26,39,-24.266871526658875,90.9285872127089,509.986
1080,27,0,-13.863751491430863,109.07687112048552,506.012
1081,27,1,-6.736787613773296,114.69230431642234,504.06
1082,27,2,0.4547499395146293,120.1456229724089,502.799
1083,27,3,7.644089879437103,125.61133159154986,502.278
1084,27,4,14.76381418346128,131.26521192232468,502.486
1085,27,5,21.737790788333847,137.29998458235443,503.357
1086,27,6,28.47156159292811,143.94140098408636,504.772
1087,27,7,34.83972944672452,151.46247744902425,506.576
1088,27,8,40.66954520523511,160.18714252874508,508.591
1089,27,9,45.722744549453154,170.4581214554218,510.636
1090,27,10,49.68697268335021,-177.47827184663095,512.543
1091,27,11,52.20493899634834,-163.70814602702168,514.172
1092,27,12,52.97371435347371,-148.89570601931177,515.425
1093,27,13,51.88669657725535,-134.1954586989085,516.254
1094,27,14,49.09620230127913,-120.70431878613759,516.664
1095,27,15,44.92650500167516,-108.97398798101761,516.71
1096,27,16,39.73235787374473,-99.00939084994016,516.487
1097,27,17,33.81331935410627,-90.5330236371168,516.122
1098,27,18,27.394273421182437,-83.20046039327126,515.756
1099,27,19,20.63744731304479,-76.69652886934252,515.528
1100,27,20,13.660710457973893,-70.75799357471824,515.558
1101,27,21,6.553345381252855,-65.1669373239292,515.938
1102,27,22,-0.6119206498054092,-59.73585093369104,516.712
1103,27,23,-7.769754261107936,-54.29166765571937,517.88
1104,27,24,-14.854310774869363,-48.66028255297599,519.387
1105,27,25,-21.791312150670066,-42.65094551741537,521.135
1106,27,26,-28.48843045263075,-36.04056208017739,522.985
1107,27,27,-34.82306378514969,-28.55943539169491,524.773
1108,27,28,-40.62598225870877,-19.88773501389293,526.325
1109,27,29,-45.66348241311954,-9.686126049747802,527.474
1110,27,30,-49.628441377257786,2.2928340998878083,528.074
1111,27,31,-52.16761201253422,15.974989430864838,528.02
1112,27,32,-52.977293372598794,30.719981320520855,527.255
1113,27,33,-51.94307295866464,45.394099752254235,525.778
1114,27,34,-49.2059702714304,58.90025925101002,523.649
1115,27,35,-45.081488824131924,70.67000707783014,520.982
1116,27,36,-39.92043737782479,80.68133636320881,517.938
1117,27,37,-34.02174257662921,89.20218176790732,514.71
1118,27,38,-27.611128512235755,96.57354731642769,511.51
1119,27,39,-20.85206893223952,103.11037303139922,508.547
1120,28,0,-17.38039476769605,115.15030948140671,507.215
1121,28,1,-10.312701137221737,120.91613661267803,504.955
1122,28,2,-3.144842569125777,126.42816757477003,503.339
1123,28,3,4.053803076654016,131.86615928625906,502.445
1124,28,4,11.217107829564283,137.40329802374004,502.294
1125,28,5,18.274367492307753,143.22184055502552,502.845
1126,28,6,25.14164117441909,149.5290421402904,504.005
1127,28,7,31.71081295775251,156.57281132564944,505.636
1128,28,8,37.835095246855275,164.65258360431602,507.568
1129,28,9,43.31107305541335,174.10951326495393,509.621
1130,28,10,47.86303213720084,-174.7400353479945,511.617
1131,28,11,51.148626335543774,-161.78014754886715,513.399
1132,28,12,52.82071811606542,-147.36668621133438,514.849
1133,28,13,52.65835085911588,-132.45381510206863,515.893
1134,28,14,50.68638303817941,-118.24911166632813,516.509
1135,28,15,47.16089893580728,-105.6087606071415,516.727
1136,28,16,42.43700350204306,-94.78485737658475,516.624
1137,28,17,36.84771968534364,-85.60676335862344,516.314
1138,28,18,30.654906693203557,-77.74463505785931,515.93
1139,28,19,24.049881539369448,-70.86257743128948,515.616
1140,28,20,17.170470611103,-64.67109974113212,515.504
1141,28,21,10.118539349685785,-58.93127514003105,515.7
1142,28,22,2.97378901909927,-53.44236778337413,516.275
1143,28,23,-4.1957796576101325,-48.02606875268904,517.249
1144,28,24,-11.325542205280112,-42.51071490356584,518.596
1145,28,25,-18.346472091828286,-36.71585605322738,520.239
1146,28,26,-25.176645893915403,-30.436507979397817,522.057
1147,28,27,-31.710331429416023,-23.427753758818834,523.897
1148,28,28,-37.803888112537486,-15.393924747604343,525.589
1149,28,29,-43.25793418367065,-5.9978939073799085,526.959
1150,28,30,-47.801765340345824,5.074877510870018,527.85
1151,28,31,-51.098028294172316,17.9460949404186,528.134
1152,28,32,-52.801713114699865,32.27851096080729,527.728
1153,28,33,-52.6875465027231,47.143058481695206,526.603
1154,28,34,-50.77004602532289,61.34364331336619,524.789
1155,28,35,-47.29464428503989,74.0136988652532,522.374
1156,28,36,-42.610141967313716,84.88236715563022,519.496
1157,28,37,-37.04752662422861,94.10681083729925,516.334
1158,28,38,-30.868961406697174,102.01073989578384,513.093
1159,28,39,-24.266871526658875,108.92856722303704,509.986
1160,29,0,-13.863751491430863,127.07687162138116,506.012
1161,29,1,-6.736787613773296,132.69231164750713,504.06
1162,29,2,0.4547499395146293,138.1456303034937,502.799
1163,29,3,7.644089879437103,143.61133892263467,502.278
1164,29,4,14.76381418346128,149.26521925340947,502.486
1165,29,5,21.737790788333847,155.29999191343921,503.357
1166,29,6,28.47156159292811,161.94140831517117,504.772
1167,29,7,34.83972944672452,169.46248478010904,506.576
1168,29,8,40.66954520523511,178.1871498598299,508.591
1169,29,9,45.722744549453154,-171.54186757102772,510.636
1170,29,10,49.68697268335021,-159.47826451554613,512.543
1171,29,11,52.20493899634834,-145.70813869593687,514.172
1172,29,12,52.97371435347371,-130.895698688227,515.425
1173,29,13,51.88669657725535,-116.19545136782372,516.254
1174,29,14,49.09620230127913,-102.70431145505279,516.664
1175,29,15,44.92650500167516,-90.97398064993281,516.71
1176,29,16,39.73235787374473,-81.00938351885536,516.487
1177,29,17,33.81331935410627,-72.53301630603198,516.122
1178,29,18,27.394273421182437,-65.20045306218645,515.756
1179,29,19,20.63744731304479,-58.696521538257706,515.528
1180,29,20,13.660710457973893,-52.75798965872803,515.558
1181,29,21,6.553345381252855,-47.16693340793899,515.938
1182,29,22,-0.6119206498054092,-41.73584018751165,516.712
1183,29,23,-7.769754261107936,-36.29166032463456,517.88
1184,29,24,-14.854310774869363,-30.660275221891187,519.387
1185,29,25,-21.791312150670066,-24.650936478783276,521.135
1186,29,26,-28.48843045263075,-18.040556456639877,522.985
1187,29,27,-34.82306378514969,-10.559428060610108,524.773
1188,29,28,-40.62598225870877,-1.8877278962515356,526.325
1189,29,29,-45.66348241311954,8.313881281337002,527.474
1190,29,30,-49.628441377257786,20.292842071302847,528.074
1191,29,31,-52.16761201253422,33.97499676194964,528.02
1192,29,32,-52.977293372598794,48.71998865160566,527.255
1193,29,33,-51.94307295866464,63.39410708333904,525.778
1194,29,34,-49.2059702714304,76.90026658209482,523.649
1195,29,35,-45.081488824131924,88.67001440891494,520.982
1196,29,36,-39.92043737782479,98.68134369429363,517.938
1197,29,37,-34.02174257662921,107.20218909899212,514.71
1198,29,38,-27.611128512235755,114.5735546475125,511.51
1199,29,39,-20.85206893223952,121.11037353229486,508.547
1200,30,0,-17.38039476769605,133.15031681249152,507.215
1201,30,1,-10.312701137221737,138.91614394376285,504.955
1202,30,2,-3.144842569125777,144.42817490585483,503.339
1203,30,3,4.053803076654016,149.86616661734388,502.445
1204,30,4,11.217107829564283,155.40330535482482,502.294
1205,30,5,18.274367492307753,161.2218478861103,502.845
1206,30,6,25.14164117441909,167.5290494713752,504.005
1207,30,7,31.71081295775251,174.57281865673426,505.636
1208,30,8,37.835095246855275,-177.3474054221335,507.568
1209,30,9,43.31107305541335,-167.8904757614956,509.621
1210,30,10,47.86303213720084,-156.7400280169097,511.617
1211,30,11,51.148626335543774,-143.78014021778236,513.399
1212,30,12,52.82071811606542,-129.3666788802496,514.849
1213,30,13,52.65835085911588,-114.45380094079466,515.893
1214,30,14,50.68638303817941,-100.2491111654325,516.509
1215,30,15,47.16089893580728,-87.6087532760567,516.727
1216,30,16,42.43700350204306,-76.78485004549995,516.624
1217,30,17,36.84771968534364,-67.60675602753864,516.314
1218,30,18,30.654906693203557,-59.7446277267745,515.93
1219,30,19,24.049881539369448,-52.86256668511009,515.616
1220,30,20,17.170470611103,-46.67109241004733,515.504
1221,30,21,10.118539349685785,-40.931264393851656,515.7
1222,30,22,2.97378901909927,-35.44236045228933,516.275
1223,30,23,-4.1957796576101325,-30.02606142160424,517.249
1224,30,24,-11.325542205280112,-24.510705864933744,518.596
1225,30,25,-18.346472091828286,-18.715850429689866,520.239
1226,30,26,-25.176645893915403,-12.436499794539365,522.057
1227,30,27,-31.710331429416023,-5.427746427734033,523.897
1228,30,28,-37.803888112537486,2.60608258348046,525.589
1229,30,29,-43.25793418367065,12.002113423704895,526.959
1230,30,30,-47.801765340345824,23.07488569572847,527.85
1231,30,31,-51.098028294172316,35.94610056395611,528.134
1232,30,32,-52.801713114699865,50.27851829189209,527.728
1233,30,33,-52.6875465027231,65.14306581278001,526.603
1234,30,34,-50.77004602532289,79.34365064445099,524.789
1235,30,35,-47.29464428503989,92.013706196338,522.374
1236,30,36,-42.610141967313716,102.88237448671502,519.496
1237,30,37,-37.04752662422861,112.10681816838405,516.334
1238,30,38,-30.868961406697174,120.01074039667948,513.093
1239,30,39,-24.266871526658875,126.92857455412184,509.986
1240,31,0,-13.863751491430863,145.07687895246596,506.012
1241,31,1,-6.736787613773296,150.69231897859194,504.06
1242,31,2,0.4547499395146293,156.1456376345785,502.799
1243,31,3,7.644089879437103,161.61134625371946,502.278
1244,31,4,14.76381418346128,167.2652265844943,502.486
1245,31,5,21.737790788333847,173.29999924452403,503.357
1246,31,6,28.47156159292811,179.94141564625596,504.772
1247,31,7,34.83972944672452,-172.5375042463405,506.576
1248,31,8,40.66954520523511,-163.81285282699798,508.591
1249,31,9,45.722744549453154,-153.5418602399429,510.636
1250,31,10,49.68697268335021,-141.47825718446134,512.543
1251,31,11,52.20493899634834,-127.70813136485208,514.172
1252,31,12,52.97371435347371,-112.895684526953,515.425
1253,31,13,51.88669657725535,-98.19543720654974,516.254
1254,31,14,49.09620230127913,-84.70430412396799,516.664
1255,31,15,44.92650500167516,-72.97397331884801,516.71
1256,31,16,39.73235787374473,-63.009376187770556,516.487
1257,31,17,33.81331935410627,-54.5330055598526,516.122
1258,31,18,27.394273421182437,-47.20044573110166,515.756
1259,31,19,20.63744731304479,-40.69651079207832,515.528
1260,31,20,13.660710457973893,-34.75798232764323,515.558
1261,31,21,6.553345381252855,-29.166926076854185,515.938
1262,31,22,-0.6119206498054092,-23.735834563974137,516.712
1263,31,23,-7.769754261107936,-18.29165128600247,517.88
1264,31,24,-14.854310774869363,-12.660266183259093,519.387
1265,31,25,-21.791312150670066,-6.650929574585297,521.135
1266,31,26,-28.48843045263075,-0.04054880872500916,522.985
1267,31,27,-34.82306378514969,7.440579270474696,524.773
1268,31,28,-40.62598225870877,16.11227964827668,526.325
1269,31,29,-45.66348241311954,26.31388946619545,527.474
1270,31,30,-49.628441377257786,38.292847694840354,528.074
1271,31,31,-52.16761201253422,51.97500409303444,528.02
1272,31,32,-52.977293372598794,66.71999256759588,527.255
1273,31,33,-51.94307295866464,81.39411441442384,525.778
1274,31,34,-49.2059702714304,94.90027391317963,523.649
1275,31,35,-45.081488824131924,106.67002173999975,520.982
1276,31,36,-39.92043737782479,116.68135102537843,517.938
1277,31,37,-34.02174257662921,125.20220326026609,514.71
1278,31,38,-27.611128512235755,132.5735619785973,511.51
1279,31,39,-20.85206893223952,139.11038086337965,508.547
1280,32,0,-17.38039476769605,151.1503241435763,507.215
1281,32,1,-10.312701137221737,156.91615127484764,504.955
1282,32,2,-3.144842569125777,162.42818223693962,503.339
1283,32,3,4.053803076654016,167.8661739484287,502.445
1284,32,4,11.217107829564283,173.40331268590964,502.294
1285,32,5,18.274367492307753,179.22185521719513,502.845
1286,32,6,25.14164117441909,-174.47093955507432,504.005
1287,32,7,31.71081295775251,-167.42717036971527,505.636
1288,32,8,37.835095246855275,-159.3473980910487,507.568
1289,32,9,43.31107305541335,-149.89046843041078,509.621
1290,32,10,47.86303213720084,-138.74002068582487,511.617
1291,32,11,51.148626335543774,-125.78013288669756,513.399
1292,32,12,52.82071811606542,-111.36667154916479,514.849
1293,32,13,52.65835085911588,-96.45379360970986,515.893
1294,32,14,50.68638303817941,-82.2491038343477,516.509
1295,32,15,47.16089893580728,-69.6087459449719,516.727
1296,32,16,42.43700350204306,-58.78484271441514,516.624
1297,32,17,36.84771968534364,-49.60674869645383,516.314
1298,32,18,30.654906693203557,-41.7446203956897,515.93
1299,32,19,24.049881539369448,-34.86255935402529,515.616
1300,32,20,17.170470611103,-28.671085078962523,515.504
1301,32,21,10.118539349685785,-22.931258770314148,515.7
1302,32,22,2.97378901909927,-17.442351413657235,516.275
1303,32,23,-4.1957796576101325,-12.02605323674579,517.249
1304,32,24,-11.325542205280112,-6.510698960735765,518.596
1305,32,25,-18.346472091828286,-0.7158428851616523,520.239
1306,32,26,-25.176645893915403,5.563507963432261,522.057
1307,32,27,-31.710331429416023,12.57226090335077,523.897
1308,32,28,-37.803888112537486,20.606089914565263,525.589
1309,32,29,-43.25793418367065,30.002121608563346,526.959
1310,32,30,-47.801765340345824,41.07489302681327,527.85
1311,32,31,-51.098028294172316,53.94610789504092,528.134
1312,32,32,-52.801713114699865,68.2785256229769,527.728
1313,32,33,-52.6875465027231,83.14307314386481,526.603
1314,32,34,-50.77004602532289,97.34365797553579,524.789
1315,32,35,-47.29464428503989,110.01371352742281,522.374
1316,32,36,-42.610141967313716,120.88238181779982,519.496
1317,32,37,-37.04752662422861,130.10682549946884,516.334
1318,32,38,-30.868961406697174,138.01074772776428,513.093
1319,32,39,-24.266871526658875,144.92858188520665,509.986
1320,33,0,-13.863751491430863,163.07688628355075,506.012
1321,33,1,-6.736787613773296,168.69232630967673,504.06
1322,33,2,0.4547499395146293,174.1456449656633,502.799
1323,33,3,7.644089879437103,179.61135358480428,502.278
1324,33,4,14.76381418346128,-174.73476244195524,502.486
1325,33,5,21.737790788333847,-168.6999897819255,503.357
1326,33,6,28.47156159292811,-162.0585870405719,504.772
1327,33,7,34.83972944672452,-154.53749691525567,506.576
1328,33,8,40.66954520523511,-145.81284549591317,508.591
1329,33,9,45.722744549453154,-135.54185290885812,510.636
1330,33,10,49.68697268335021,-123.47824985337654,512.543
1331,33,11,52.20493899634834,-109.70812403376726,514.172
1332,33,12,52.97371435347371,-94.8956771958682,515.425
1333,33,13,51.88669657725535,-80.19542987546494,516.254
1334,33,14,49.09620230127913,-66.70429679288318,516.664
1335,33,15,44.92650500167516,-54.97396940285779,516.71
1336,33,16,39.73235787374473,-45.00936544159117,516.487
1337,33,17,33.81331935410627,-36.532998228767795,516.122
1338,33,18,27.394273421182437,-29.200438400016854,515.756
1339,33,19,20.63744731304479,-22.696503460993515,515.528
1340,33,20,13.660710457973893,-16.75797499655842,515.558
1341,33,21,6.553345381252855,-11.166917891995736,515.938
1342,33,22,-0.6119206498054092,-5.735826806002512,516.712
1343,33,23,-7.769754261107936,-0.2916447286500339,517.88
1344,33,24,-14.854310774869363,5.339740720938888,519.387
1345,33,25,-21.791312150670066,11.349078183386329,521.135
1346,33,26,-28.48843045263075,17.95945820552973,522.985
1347,33,27,-34.82306378514969,25.4405866015595,524.773
1348,33,28,-40.62598225870877,34.112286979361485,526.325
1349,33,29,-45.66348241311954,44.31389508973296,527.474
1350,33,30,-49.628441377257786,56.292855025925164,528.074
1351,33,31,-52.16761201253422,69.97501483921383,528.02
1352,33,32,-52.977293372598794,84.71999989868068,527.255
1353,33,33,-51.94307295866464,99.39412174550864,525.778
1354,33,34,-49.2059702714304,112.90028124426443,523.649
1355,33,35,-45.081488824131924,124.67002224089538,520.982
1356,33,36,-39.92043737782479,134.68135835646322,517.938
1357,33,37,-34.02174257662921,143.2022105913509,514.71
1358,33,38,-27.611128512235755,150.57356930968209,511.51
1359,33,39,-20.85206893223952,157.11038819446446,508.547
1360,34,0,-17.38039476769605,169.15030415390444,507.215
1361,34,1,-10.312701137221737,174.91613128517577,504.955
1362,34,2,-3.144842569125777,-179.57183411026656,503.339
1363,34,3,4.053803076654016,-174.13385605915587,502.445
1364,34,4,11.217107829564283,-168.5967173216749,502.294
1365,34,5,18.274367492307753,-162.77816113001109,502.845
1366,34,6,25.14164117441909,-156.47095954474622,504.005
1367,34,7,31.71081295775251,-149.42719035938717,505.636
1368,34,8,37.835095246855275,-141.3474180807206,507.568
1369,34,9,43.31107305541335,-131.89048842008265,509.621
1370,34,10,47.86303213720084,-120.74004067549676,511.617
1371,34,11,51.148626335543774,-107.78015287636943,513.399
1372,34,12,52.82071811606542,-93.36669153883666,514.849
1373,34,13,52.65835085911588,-78.45381359938173,515.893
1374,34,14,50.68638303817941,-64.24912382401958,516.509
1375,34,15,47.16089893580728,-51.60876593464378,516.727
1376,34,16,42.43700350204306,-40.78486611918161,516.624
1377,34,17,36.84771968534364,-31.606768686125704,516.314
1378,34,18,30.654906693203557,-23.744638677814287,515.93
1379,34,19,24.049881539369448,-16.862579343697163,515.616
1380,34,20,17.170470611103,-10.671104214860755,515.504
1381,34,21,10.118539349685785,-4.9312783330992005,515.7
1382,34,22,2.97378901909927,0.5576284899491827,516.275
1383,34,23,-4.1957796576101325,5.973926773582334,517.249
1384,34,24,-11.325542205280112,11.489281476479182,518.596
1385,34,25,-18.346472091828286,17.28413691172306,520.239
1386,34,26,-25.176645893915403,23.563488400647206,522.057
1387,34,27,-31.710331429416023,30.572240913678893,523.897
1388,34,28,-37.803888112537486,38.60606992489339,525.589
1389,34,29,-43.25793418367065,48.002101618891466,526.959
1390,34,30,-47.801765340345824,59.074873037141394,527.85
1391,34,31,-51.098028294172316,71.94609132046362,528.134
1392,34,32,-52.801713114699865,86.27850563330502,527.728
1393,34,33,-52.6875465027231,101.14305315419294,526.603
1394,34,34,-50.77004602532289,115.34364481605309,524.789
1395,34,35,-47.29464428503989,128.01368670756176,522.374
1396,34,36,-42.610141967313716,138.88236182812796,519.496
1397,34,37,-37.04752662422861,148.10680550979697,516.334
1398,34,38,-30.868961406697174,156.0107277380924,513.093
1399,34,39,-24.266871526658875,162.92856189553476,509.986
1400,35,0,-13.863751491430863,-178.92313006365544,506.012
1401,35,1,-6.736787613773296,-173.30769003752945,504.06
1402,35,2,0.4547499395146293,-167.85438504192123,502.799
1403,35,3,7.644089879437103,-162.38866276240194,502.278
1404,35,4,14.76381418346128,-156.7347824316271,502.486
1405,35,5,21.737790788333847,-150.70000977159737,503.357
1406,35,6,28.47156159292811,-144.05860703024376,504.772
1407,35,7,34.83972944672452,-136.53751690492754,506.576
1408,35,8,40.66954520523511,-127.81286548558505,508.591
1409,35,9,45.722744549453154,-117.54187289852999,510.636
1410,35,10,49.68697268335021,-105.47826984304841,512.543
1411,35,11,52.20493899634834,-91.70814402343915,514.172
1412,35,12,52.97371435347371,-76.89569718554009,515.425
1413,35,13,51.88669657725535,-62.19544986513682,516.254
1414,35,14,49.09620230127913,-48.70431678255506,516.664
1415,35,15,44.92650500167516,-36.97398939252967,516.71
1416,35,16,39.73235787374473,-27.00938713881034,516.487
1417,35,17,33.81331935410627,-18.533019925986967,516.122
1418,35,18,27.394273421182437,-11.20045838968873,515.756
1419,35,19,20.63744731304479,-4.696523877552216,515.528
1420,35,20,13.660710457973893,1.2420054406565268,515.558
1421,35,21,6.553345381252855,6.833062118332387,515.938
1422,35,22,-0.6119206498054092,12.264153631212434,516.712
1423,35,23,-7.769754261107936,17.708336055410456,517.88
1424,35,24,-14.854310774869363,23.339721158153836,519.387
1425,35,25,-21.791312150670066,29.34905648616716,521.135
1426,35,26,-28.48843045263075,35.95943992340515,522.985
1427,35,27,-34.82306378514969,43.440566611887625,524.773
1428,35,28,-40.62598225870877,52.11226698968961,526.325
1429,35,29,-45.66348241311954,62.31387851515567,527.474
1430,35,30,-49.628441377257786,74.29283503625328,528.074
1431,35,31,-52.16761201253422,87.97499484954196,528.02
1432,35,32,-52.977293372598794,102.7199799090088,527.255
1433,35,33,-51.94307295866464,117.3940949256476,525.778
1434,35,34,-49.2059702714304,130.90026125459255,523.649
1435,35,35,-45.081488824131924,142.6700022512235,520.982
1436,35,36,-39.92043737782479,152.68133836679135,517.938
1437,35,37,-34.02174257662921,161.202190601679,514.71
1438,35,38,-27.611128512235755,168.57354932001022,511.51
1439,35,39,-20.85206893223952,175.1103682047926,508.547
1440,36,0,-17.38039476769605,-172.84968487254508,507.215
1441,36,1,-10.312701137221737,-167.08385774127376,504.955
1442,36,2,-3.144842569125777,-161.57182677918178,503.339
1443,36,3,4.053803076654016,-156.13384872807106,502.445
1444,36,4,11.217107829564283,-150.5967099905901,502.294
1445,36,5,18.274367492307753,-144.77815379892627,502.845
1446,36,6,25.14164117441909,-138.4709522136614,504.005
1447,36,7,31.71081295775251,-131.42718302830235,505.636
1448,36,8,37.835095246855275,-123.34741074963577,507.568
1449,36,9,43.31107305541335,-113.89048791918702,509.621
1450,36,10,47.86303213720084,-102.74002651422279,511.617
1451,36,11,51.148626335543774,-89.78014554528463,513.399
1452,36,12,52.82071811606542,-75.36668420775186,514.849
1453,36,13,52.65835085911588,-60.45380626829693,515.893
1454,36,14,50.68638303817941,-46.24911649293477,516.509
1455,36,15,47.16089893580728,-33.608758603558975,516.727
1456,36,16,42.43700350204306,-22.784857080549507,516.624
1457,36,17,36.84771968534364,-13.606760501267255,516.314
1458,36,18,30.654906693203557,-5.744632200503128,515.93
1459,36,19,24.049881539369448,1.1374278806659326,515.616
1460,36,20,17.170470611103,7.3289031162240486,515.504
1461,36,21,10.118539349685785,13.068729424872426,515.7
1462,36,22,2.97378901909927,18.55763592775569,516.275
1463,36,23,-4.1957796576101325,23.973934958440783,517.249
1464,36,24,-11.325542205280112,29.489287100016693,518.596
1465,36,25,-18.346472091828286,35.28414595035515,520.239
1466,36,26,-25.176645893915403,41.56349402418472,522.057
1467,36,27,-31.710331429416023,48.5722482447637,523.897
1468,36,28,-37.803888112537486,56.60607725597819,525.589
1469,36,29,-43.25793418367065,66.0021055348817,526.959
1470,36,30,-47.801765340345824,77.0748803682262,527.85
1471,36,31,-51.098028294172316,89.94609865154843,528.134
1472,36,32,-52.801713114699865,104.27851296438982,527.728
1473,36,33,-52.6875465027231,119.14306048527774,526.603
1474,36,34,-50.77004602532289,133.3436521471379,524.789
1475,36,35,-47.29464428503989,146.01369403864658,522.374
1476,36,36,-42.610141967313716,156.88236915921274,519.496
1477,36,37,-37.04752662422861,166.1068128408818,516.334
1478,36,38,-30.868961406697174,174.0107350691772,513.093
1479,36,39,-24.266871526658875,-179.07142713091477,509.986
1480,37,0,-13.863751491430863,-160.92312273257065,506.012
1481,37,1,-6.736787613773296,-155.30768270644467,504.06
1482,37,2,0.4547499395146293,-149.85437771083645,502.799
1483,37,3,7.644089879437103,-144.38865543131712,502.278
1484,37,4,14.76381418346128,-138.73477510054232,502.486
1485,37,5,21.737790788333847,-132.70000244051258,503.357
1486,37,6,28.47156159292811,-126.05859969915898,504.772
1487,37,7,34.83972944672452,-118.53750957384275,506.576
1488,37,8,40.66954520523511,-109.81285132431107,508.591
1489,37,9,45.722744549453154,-99.54186556744519,510.636
1490,37,10,49.68697268335021,-87.4782625119636,512.543
1491,37,11,52.20493899634834,-73.70813669235434,514.172
1492,37,12,52.97371435347371,-58.89568985445528,515.425
1493,37,13,51.88669657725535,-44.1954459491466,516.254
1494,37,14,49.09620230127913,-30.70430945147026,516.664
1495,37,15,44.92650500167516,-18.973982061444868,516.71
1496,37,16,39.73235787374473,-9.00937895395189,516.487
1497,37,17,33.81331935410627,-0.533011901211075,516.122
1498,37,18,27.394273421182437,6.7995493682828965,515.756
1499,37,19,20.63744731304479,13.30348388041941,515.528
1500,37,20,13.660710457973893,19.24201234485451,515.558
1501,37,21,6.553345381252855,24.833068595643546,515.938
1502,37,22,-0.6119206498054092,30.264161816070885,516.712
1503,37,23,-7.769754261107936,35.70834167894797,517.88
1504,37,24,-14.854310774869363,41.33972678169135,519.387
1505,37,25,-21.791312150670066,47.34906381725197,521.135
1506,37,26,-28.48843045263075,53.95944725448995,522.985
1507,37,27,-34.82306378514969,61.44057735806701,524.773
1508,37,28,-40.62598225870877,70.1122743207744,526.325
1509,37,29,-45.66348241311954,80.31388584624048,527.474
1510,37,30,-49.628441377257786,92.29284236733808,528.074
1511,37,31,-52.16761201253422,105.97500218062676,528.02
1512,37,32,-52.977293372598794,120.7199872400936,527.255
1513,37,33,-51.94307295866464,135.3941022567324,525.778
1514,37,34,-49.2059702714304,148.90026858567737,523.649
1515,37,35,-45.081488824131924,160.6700095823083,520.982
1516,37,36,-39.92043737782479,170.68134569787617,517.938
1517,37,37,-34.02174257662921,179.20219793276382,514.71
1518,37,38,-27.611128512235755,-173.42645336681764,511.51
1519,37,39,-20.85206893223952,-166.88962082165693,508.547
1520,38,0,-17.38039476769605,-154.8496775414603,507.215
1521,38,1,-10.312701137221737,-149.08385041018894,504.955
1522,38,2,-3.144842569125777,-143.57181944809696,503.339
1523,38,3,4.053803076654016,-138.13384139698624,502.445
1524,38,4,11.217107829564283,-132.5967026595053,502.294
1525,38,5,18.274367492307753,-126.77814646784148,502.845
1526,38,6,25.14164117441909,-120.4709448825766,504.005
1527,38,7,31.71081295775251,-113.42717569721755,505.636
1528,38,8,37.835095246855275,-105.34740341855097,507.568
1529,38,9,43.31107305541335,-95.89048058810222,509.621
1530,38,10,47.86303213720084,-84.74001918313799,511.617
1531,38,11,51.148626335543774,-71.78013821419982,513.399
1532,38,12,52.82071811606542,-57.36667687666706,514.849
1533,38,13,52.65835085911588,-42.45380235230671,515.893
1534,38,14,50.68638303817941,-28.249109161849965,516.509
1535,38,15,47.16089893580728,-15.608752980021462,516.727
1536,38,16,42.43700350204306,-4.7848501763515285,516.624
1537,38,17,36.84771968534364,4.393246402930725,516.314
1538,38,18,30.654906693203557,12.255375130581676,515.93
1539,38,19,24.049881539369448,19.13743531847244,515.616
1540,38,20,17.170470611103,25.328909593535204,515.504
1541,38,21,10.118539349685785,31.068737609730874,515.7
1542,38,22,2.97378901909927,36.5576415512932,516.275
1543,38,23,-4.1957796576101325,41.9739405819783,517.249
1544,38,24,-11.325542205280112,47.4892944311015,518.596
1545,38,25,-18.346472091828286,53.284153281439956,520.239
1546,38,26,-25.176645893915403,59.563504770364105,522.057
1547,38,27,-31.710331429416023,66.5722555758485,523.897
1548,38,28,-37.803888112537486,74.60608117196841,525.589
1549,38,29,-43.25793418367065,84.0021128659665,526.959
1550,38,30,-47.801765340345824,95.074887699311,527.85
1551,38,31,-51.098028294172316,107.94610598263323,528.134
1552,38,32,-52.801713114699865,122.2785271256638,527.728
1553,38,33,-52.6875465027231,137.14306781636256,526.603
1554,38,34,-50.77004602532289,151.3436594782227,524.789
1555,38,35,-47.29464428503989,164.01370136973136,522.374
1556,38,36,-42.610141967313716,174.88237649029756,519.496
1557,38,37,-37.04752662422861,-175.89317618556774,516.334
1558,38,38,-30.868961406697174,-167.98925395727233,513.093
1559,38,39,-24.266871526658875,-161.07141979982995,509.986
1560,39,0,-13.863751491430863,-142.92311540148583,506.012
1561,39,1,-6.736787613773296,-137.30767537535985,504.06
1562,39,2,0.4547499395146293,-131.85437037975163,502.799
1563,39,3,7.644089879437103,-126.38864810023233,502.278
1564,39,4,14.76381418346128,-120.73476776945752,502.486
1565,39,5,21.737790788333847,-114.69999510942777,503.357
1566,39,6,28.47156159292811,-108.058585537885,504.772
1567,39,7,34.83972944672452,-100.53750224275795,506.576
1568,39,8,40.66954520523511,-91.81284399322627,508.591
1569,39,9,45.722744549453154,-81.54185823636038,510.636
1570,39,10,49.68697268335021,-69.4782551808788,512.543
1571,39,11,52.20493899634834,-55.708132776364124,514.172
1572,39,12,52.97371435347371,-40.895685938465064,515.425
1573,39,13,51.88669657725535,-26.195438618061797,516.254
1574,39,14,49.09620230127913,-12.704301266611811,516.664
1575,39,15,44.92650500167516,-0.9739746236383575,516.71
1576,39,16,39.73235787374473,8.990628377132913,516.487
1577,39,17,33.81331935410627,17.46699473618264,516.122
1578,39,18,27.394273421182437,24.799556272480878,515.756
1579,39,19,20.63744731304479,31.303491211504213,515.528
1580,39,20,13.660710457973893,37.24201967593931,515.558
1581,39,21,6.553345381252855,42.83307592672835,515.938
1582,39,22,-0.6119206498054092,48.264169147155684,516.712
1583,39,23,-7.769754261107936,53.70834901003277,517.88
1584,39,24,-14.854310774869363,59.33973411277615,519.387
1585,39,25,-21.791312150670066,65.34907114833676,521.135
1586,39,26,-28.48843045263075,71.95945117048016,522.985
1587,39,27,-34.82306378514969,79.44058468915182,524.773
1588,39,28,-40.62598225870877,88.1122816518592,526.325
1589,39,29,-45.66348241311954,98.31389317732528,527.474
1590,39,30,-49.628441377257786,110.29284969842288,528.074
1591,39,31,-52.16761201253422,123.97500951171156,528.02
1592,39,32,-52.977293372598794,138.7199945711784,527.255
1593,39,33,-51.94307295866464,153.3941095878172,525.778
1594,39,34,-49.2059702714304,166.90027591676215,523.649
1595,39,35,-45.081488824131924,178.6700169133931,520.982
1596,39,36,-39.92043737782479,-171.31864332857336,517.938
1597,39,37,-34.02174257662921,-162.79780475406403,514.71
1598,39,38,-27.611128512235755,-155.42644603573285,511.51
1599,39,39,-20.85206893223952,-148.88961349057215,508.547
