0,0,0,-52.8430904006918,156.84167489213783,526.85
1,0,1,-51.23236445476813,171.23905796436438,525.153
2,0,2,-48.00846394010333,-175.78359263052405,522.836
3,0,3,-43.5123860510103,-164.59888465706138,520.028
4,0,4,-38.08401124587263,-155.10482608809528,516.902
5,0,5,-31.998688355795622,-146.9922552410343,513.66
6,0,6,-25.46017899919368,-139.9224357141808,510.515
7,0,7,-18.615716441362895,-133.59623254264497,507.671
8,0,8,-11.573721397640757,-127.7652727274484,505.311
9,0,9,-4.41833069954442,-122.22182289517436,503.574
10,0,10,2.7796752563309193,-116.78332574968671,502.549
11,0,11,9.954151210515564,-111.27656769363398,502.268
12,0,12,17.035803186332444,-105.52203086506069,502.701
13,0,13,23.94374039966745,-99.3180812494789,503.763
14,0,14,30.575065196900695,-92.42504067872369,505.323
15,0,15,36.7910837567459,-84.55281735836628,507.215
16,0,16,42.39976531068815,-75.3650791132969,509.261
17,0,17,47.13877595308561,-64.53200976887399,511.279
18,0,18,50.675174697751416,-51.88366738835845,513.109
19,0,19,52.65472061357202,-37.67385497111878,514.625
20,0,20,52.823224795490816,-22.760545022198848,515.744
21,0,21,51.1583012985031,-8.35151818498471,516.435
22,0,22,47.88294896882059,4.600733035763726,516.719
23,0,23,43.345360605046814,15.742124376397008,516.665
24,0,24,37.88805311858496,25.18948664955503,516.381
25,0,25,31.786371925445774,33.25925440863484,516
26,0,26,25.243021672269588,40.29225580076736,515.663
27,0,27,18.403982284639792,46.58727574364752,515.506
28,0,28,11.376309293833524,52.39158074560811,515.641
29,0,29,4.242824293065888,57.911500576191465,516.144
30,0,30,-2.9270536631468693,63.32816160690256,517.048
31,0,31,-10.06866786968729,68.81327479347553,518.332
32,0,32,-17.11436231461864,74.5446094694383,519.93
33,0,33,-23.98517574226733,80.7216344793119,521.726
34,0,34,-30.580536178425874,87.58117297218818,523.574
35,0,35,-36.76474313221174,95.40969674223585,525.305
36,0,36,-42.34961123161275,104.53943985106265,526.744
37,0,37,-47.077679910959844,115.29770496369558,527.729
38,0,38,-50.62114107122744,127.85836820583567,528.128
39,0,39,-52.62868734755052,141.98395073023073,527.848
40,1,0,-52.25741875483613,173.1701027068887,526.085
41,1,1,-49.801996484067814,-173.05729530255678,524.065
42,1,2,-45.8970680525448,-160.96568847147816,521.483
43,1,3,-40.895750825262176,-150.65771724025666,518.493
44,1,4,-35.10919065476528,-141.8975488372301,515.283
45,1,5,-28.775774803465897,-134.3469113135644,512.062
46,1,6,-22.068692963053454,-127.6830235894631,509.043
47,1,7,-15.113726482188325,-121.63260979623404,506.421
48,1,8,-8.005575933712736,-115.96942674780966,504.357
49,1,9,-0.8205041149695791,-110.50031669446203,502.969
50,1,10,6.374016203273232,-105.04937494430663,502.316
51,1,11,13.51125567365026,-99.44216529613051,502.4
52,1,12,20.517253059125494,-93.49014037789547,503.161
53,1,13,27.30161165980746,-86.97457021162101,504.49
54,1,14,33.74551948131014,-79.63152945758868,506.239
55,1,15,39.68593990814533,-71.14531994217133,508.23
56,1,16,44.89737082977047,-61.17127665947175,510.284
57,1,17,49.08003182841912,-49.432230532970834,512.226
58,1,18,51.87959659561312,-35.93429458197574,513.913
59,1,19,52.97318159871845,-21.231111987776668,515.237
60,1,20,52.21075490242661,-6.42077994719937,516.143
61,1,21,49.70129559003973,7.343058683278899,516.624
62,1,22,45.749303740040745,19.39813680890266,516.728
63,1,23,40.712647113992475,29.65975496132187,516.544
64,1,24,34.90354048904536,38.3746528705296,516.194
65,1,25,28.559669325673983,45.88542599510452,515.817
66,1,26,21.85306218340886,52.5154223205442,515.554
67,1,27,14.908120712698016,58.53709126265127,515.531
68,1,28,7.818249457988673,64.17536461117261,515.843
69,1,29,0.6583734066809006,69.62196919120504,516.546
70,1,30,-6.505460632529188,75.05137535490739,517.646
71,1,31,-13.608067628719667,80.63639371847013,519.098
72,1,32,-20.57726651626781,86.56366603115305,520.812
73,1,33,-27.324767708641094,93.0494429122679,522.654
74,1,34,-33.73434870692258,100.35437121073157,524.465
75,1,35,-39.64641018832388,108.79021491120926,526.071
76,1,36,-44.83980258035102,118.69790973631133,527.303
77,1,37,-49.01993982410135,130.35457012104357,528.009
78,1,38,-51.8369625548139,143.7636658015043,528.076
79,1,39,-52.96834582478608,158.39387636215824,527.439
80,2,0,-52.8430904006918,174.8416685628443,526.85
81,2,1,-51.23236445476813,-170.76094472246348,525.153
82,2,2,-48.00846394010333,-157.78358529943927,522.836
83,2,3,-43.5123860510103,-146.5988773259766,520.028
84,2,4,-38.08401124587263,-137.10483241738882,516.902
85,2,5,-31.998688355795622,-128.9922479099495,513.66
86,2,6,-25.46017899919368,-121.922428383096,510.515
87,2,7,-18.615716441362895,-115.59622521156017,507.671
88,2,8,-11.573721397640757,-109.7652653963636,505.311
89,2,9,-4.41833069954442,-104.22182239427872,503.574
90,2,10,2.7796752563309193,-98.78333207898025,502.549
91,2,11,9.954151210515564,-93.27656719273834,502.268
92,2,12,17.035803186332444,-87.52203036416505,502.701
93,2,13,23.94374039966745,-81.31808074858326,503.763
94,2,14,30.575065196900695,-74.42504017782805,505.323
95,2,15,36.7910837567459,-66.55281685747065,507.215
96,2,16,42.39976531068815,-57.36507861240127,509.261
97,2,17,47.13877595308561,-46.53201268307294,511.279
98,2,18,50.675174697751416,-33.883666887462816,513.109
99,2,19,52.65472061357202,-19.673854470223148,514.625
100,2,20,52.823224795490816,-4.760544948190038,515.744
101,2,21,51.1583012985031,9.648482315910922,516.435
102,2,22,47.88294896882059,22.600733963546183,516.719
103,2,23,43.345360605046814,33.74212487729264,516.665
104,2,24,37.88805311858496,43.18948544290337,516.381
105,2,25,31.786371925445774,51.25925490953047,516
106,2,26,25.243021672269588,58.292256301662995,515.663
107,2,27,18.403982284639792,64.58727965963773,515.506
108,2,28,11.376309293833524,70.39158124650375,515.641
109,2,29,4.242824293065888,75.9115010770871,516.144
110,2,30,-2.9270536631468693,81.32816210779819,517.048
111,2,31,-10.06866786968729,86.81327529437117,518.332
112,2,32,-17.11436231461864,92.54460997033392,519.93
113,2,33,-23.98517574226733,98.72163498020753,521.726
114,2,34,-30.580536178425874,105.58117347308382,523.574
115,2,35,-36.76474313221174,113.40969724313149,525.305
116,2,36,-42.34961123161275,122.53944035195828,526.744
117,2,37,-47.077679910959844,133.29771229478038,527.729
118,2,38,-50.62114107122744,145.85837553692048,528.128
119,2,39,-52.62868734755052,159.98394440093722,527.848
120,3,0,-52.25741875483613,-168.82989997993914,526.085
121,3,1,-49.801996484067814,-155.057287971472,524.065
122,3,2,-45.8970680525448,-142.9656948007717,521.483
123,3,3,-40.895750825262176,-132.65770990917184,518.493
124,3,4,-35.10919065476528,-123.89755516652362,515.283
125,3,5,-28.775774803465897,-116.34691764285792,512.062
126,3,6,-22.068692963053454,-109.6830162583783,509.043
127,3,7,-15.113726482188325,-103.63260246514923,506.421
128,3,8,-8.005575933712736,-97.96941941672486,504.357
129,3,9,-0.8205041149695791,-92.50031619356639,502.969
130,3,10,6.374016203273232,-87.049374443411,502.316
131,3,11,13.51125567365026,-81.44216479523489,502.4
132,3,12,20.517253059125494,-75.49013987699983,503.161
133,3,13,27.30161165980746,-68.97456971072539,504.49
134,3,14,33.74551948131014,-61.63152895669306,506.239
135,3,15,39.68593990814533,-53.14532285637028,508.23
136,3,16,44.89737082977047,-43.1712795736707,510.284
137,3,17,49.08003182841912,-31.4322300320752,512.226
138,3,18,51.87959659561312,-17.934295788627402,513.913
139,3,19,52.97318159871845,-3.2311119137678577,515.237
140,3,20,52.21075490242661,11.579220553696263,516.143
141,3,21,49.70129559003973,25.343058330400886,516.624
142,3,22,45.749303740040745,37.398137309798294,516.728
143,3,23,40.712647113992475,47.659755462217504,516.544
144,3,24,34.90354048904536,56.37465337142523,516.194
145,3,25,28.559669325673983,63.88542308090557,515.817
146,3,26,21.85306218340886,70.51541940634525,515.554
147,3,27,14.908120712698016,76.5370917635469,515.531
148,3,28,7.818249457988673,82.17536511206823,515.843
149,3,29,0.6583734066809006,87.62196969210068,516.546
150,3,30,-6.505460632529188,93.05137585580303,517.646
151,3,31,-13.608067628719667,98.63639421936577,519.098
152,3,32,-20.57726651626781,104.56366653204869,520.812
153,3,33,-27.324767708641094,111.04944341316354,522.654
154,3,34,-33.73434870692258,118.35436488143803,524.465
155,3,35,-39.64641018832388,126.79020858191572,526.071
156,3,36,-44.83980258035102,136.69791706739613,527.303
157,3,37,-49.01993982410135,148.35456379175002,528.009
158,3,38,-51.8369625548139,161.76365947221075,528.076
159,3,39,-52.96834582478608,176.3938700328647,527.439
160,4,0,-52.8430904006918,-167.15832046360524,526.85
161,4,1,-51.23236445476813,-152.7609373913787,525.153
162,4,2,-48.00846394010333,-139.7835916287328,522.836
163,4,3,-43.5123860510103,-128.59888365527013,520.028
164,4,4,-38.08401124587263,-119.10482508630402,516.902
165,4,5,-31.998688355795622,-110.99225423924302,513.66
166,4,6,-25.46017899919368,-103.92242788220038,510.515
167,4,7,-18.615716441362895,-97.59622471066453,507.671
168,4,8,-11.573721397640757,-91.76526489546796,505.311
169,4,9,-4.41833069954442,-86.22182189338308,503.574
170,4,10,2.7796752563309193,-80.78333157808463,502.549
171,4,11,9.954151210515564,-75.27656669184272,502.268
172,4,12,17.035803186332444,-69.52202986326942,502.701
173,4,13,23.94374039966745,-63.318080247687625,503.763
174,4,14,30.575065196900695,-56.425043092027,505.323
175,4,15,36.7910837567459,-48.55281635657501,507.215
176,4,16,42.39976531068815,-39.36507811150564,509.261
177,4,17,47.13877595308561,-28.532010474630017,511.279
178,4,18,50.675174697751416,-15.883668094114475,513.109
179,4,19,52.65472061357202,-1.6738533289972801,514.625
180,4,20,52.823224795490816,13.239455125818772,515.744
181,4,21,51.1583012985031,27.648482816806556,516.435
182,4,22,47.88294896882059,40.600734464441814,516.719
183,4,23,43.345360605046814,51.74212537818828,516.665
184,4,24,37.88805311858496,61.189485943799,516.381
185,4,25,31.786371925445774,69.25925199533151,516
186,4,26,25.243021672269588,76.29225680255863,515.663
187,4,27,18.403982284639792,82.58728016053337,515.506
188,4,28,11.376309293833524,88.39158174739937,515.641
189,4,29,4.242824293065888,93.91150157798273,516.144
190,4,30,-2.9270536631468693,99.32816260869383,517.048
191,4,31,-10.06866786968729,104.8132757952668,518.332
192,4,32,-17.11436231461864,110.54461047122956,519.93
193,4,33,-23.98517574226733,116.72163548110316,521.726
194,4,34,-30.580536178425874,123.58118080416862,523.574
195,4,35,-36.76474313221174,131.4096977440271,525.305
196,4,36,-42.34961123161275,140.53943402266475,526.744
197,4,37,-47.077679910959844,151.29770596548684,527.729
198,4,38,-50.62114107122744,163.85836920762694,528.128
199,4,39,-52.62868734755052,177.983951732022,527.848
200,5,0,-52.25741875483613,-150.82990630923268,526.085
201,5,1,-49.801996484067814,-137.05729430076553,524.065
202,5,2,-45.8970680525448,-124.9656874696869,521.483
203,5,3,-40.895750825262176,-114.65771623846538,518.493
204,5,4,-35.10919065476528,-105.89755466562798,515.283
205,5,5,-28.775774803465897,-98.3469171419623,512.062
206,5,6,-22.068692963053454,-91.68301575748266,509.043
207,5,7,-15.113726482188325,-85.6326019642536,506.421
208,5,8,-8.005575933712736,-79.96941891582922,504.357
209,5,9,-0.8205041149695791,-74.50031569267077,502.969
210,5,10,6.374016203273232,-69.04937394251536,502.316
211,5,11,13.51125567365026,-63.44216429433925,502.4
212,5,12,20.517253059125494,-57.4901393761042,503.161
213,5,13,27.30161165980746,-50.97456579473517,504.49
214,5,14,33.74551948131014,-43.63153187089201,506.239
215,5,15,39.68593990814533,-35.14532235547465,508.23
216,5,16,44.89737082977047,-25.171277365227773,510.284
217,5,17,49.08003182841912,-13.43222867740592,512.226
218,5,18,51.87959659561312,0.06570527922729212,513.913
219,5,19,52.97318159871845,14.768889014014599,515.237
220,5,20,52.21075490242661,29.57922020081825,516.143
221,5,21,49.70129559003973,43.34305883129652,516.624
222,5,22,45.749303740040745,55.398137810693925,516.728
223,5,23,40.712647113992475,65.65975596311314,516.544
224,5,24,34.90354048904536,74.37465387232086,516.194
225,5,25,28.559669325673983,81.88542358180119,515.817
226,5,26,21.85306218340886,88.51541990724087,515.554
227,5,27,14.908120712698016,94.53709226444253,515.531
228,5,28,7.818249457988673,100.17536561296387,515.843
229,5,29,0.6583734066809006,105.62197019299632,516.546
230,5,30,-6.505460632529188,111.05137635669865,517.646
231,5,31,-13.608067628719667,116.6363947202614,519.098
232,5,32,-20.57726651626781,122.56366020275514,520.812
233,5,33,-27.324767708641094,129.04944391405917,522.654
234,5,34,-33.73434870692258,136.35437221252283,524.465
235,5,35,-39.64641018832388,144.7902159130005,526.071
236,5,36,-44.83980258035102,154.6979107381026,527.303
237,5,37,-49.01993982410135,166.3545711228348,528.009
238,5,38,-51.8369625548139,179.76366680329556,528.076
239,5,39,-52.96834582478608,-165.60611899358483,527.439
240,6,0,-52.8430904006918,-149.15832679289878,526.85
241,6,1,-51.23236445476813,-134.76094372067223,525.153
242,6,2,-48.00846394010333,-121.78358429764799,522.836
243,6,3,-43.5123860510103,-110.59887632418531,520.028
244,6,4,-38.08401124587263,-101.10483141559754,516.902
245,6,5,-31.998688355795622,-92.99225373834739,513.66
246,6,6,-25.46017899919368,-85.92242738130474,510.515
247,6,7,-18.615716441362895,-79.59622420976889,507.671
248,6,8,-11.573721397640757,-73.76526439457233,505.311
249,6,9,-4.41833069954442,-68.22182139248746,503.574
250,6,10,2.7796752563309193,-62.78333107718899,502.549
251,6,11,9.954151210515564,-57.27656960604166,502.268
252,6,12,17.035803186332444,-51.5220259472792,502.701
253,6,13,23.94374039966745,-45.318076331697405,503.763
254,6,14,30.575065196900695,-38.425042591131366,505.323
255,6,15,36.7910837567459,-30.552815855679377,507.215
256,6,16,42.39976531068815,-21.365075903062714,509.261
257,6,17,47.13877595308561,-10.53201082750803,511.279
258,6,18,50.675174697751416,2.1163328336679816,513.109
259,6,19,52.65472061357202,16.326146531568117,514.625
260,6,20,52.823224795490816,31.23945477294076,515.744
261,6,21,51.1583012985031,45.64848331770219,516.435
262,6,22,47.88294896882059,58.60073496533745,516.719
263,6,23,43.345360605046814,69.74212587908391,516.665
264,6,24,37.88805311858496,79.18948644469464,516.381
265,6,25,31.786371925445774,87.25925249622715,516
266,6,26,25.243021672269588,94.29225730345426,515.663
267,6,27,18.403982284639792,100.587280661429,515.506
268,6,28,11.376309293833524,106.39158224829501,515.641
269,6,29,4.242824293065888,111.91150207887836,516.144
270,6,30,-2.9270536631468693,117.32815627940029,517.048
271,6,31,-10.06866786968729,122.81327629616243,518.332
272,6,32,-17.11436231461864,128.54461097212518,519.93
273,6,33,-23.98517574226733,134.72164281218795,521.726
274,6,34,-30.580536178425874,141.5811744748751,523.574
275,6,35,-36.76474313221174,149.40970507511193,525.305
276,6,36,-42.34961123161275,158.53944135374954,526.744
277,6,37,-47.077679910959844,169.29771329657166,527.729
278,6,38,-50.62114107122744,-178.14163347920092,528.128
279,6,39,-52.62868734755052,-164.01605095480585,527.848
280,7,0,-52.25741875483613,-132.82989897814787,526.085
281,7,1,-49.801996484067814,-119.05730063005906,524.065
282,7,2,-45.8970680525448,-106.96569379898042,521.483
283,7,3,-40.895750825262176,-96.65771573756976,518.493
284,7,4,-35.10919065476528,-87.89755416473236,515.283
285,7,5,-28.775774803465897,-80.34691664106666,512.062
286,7,6,-22.068692963053454,-73.6830220867762,509.043
287,7,7,-15.113726482188325,-67.63260829354714,506.421
288,7,8,-8.005575933712736,-61.96942524512276,504.357
289,7,9,-0.8205041149695791,-56.5003220219643,502.969
290,7,10,6.374016203273232,-51.04937685671432,502.316
291,7,11,13.51125567365026,-45.4421672085382,502.4
292,7,12,20.517253059125494,-39.490145705397744,503.161
293,7,13,27.30161165980746,-32.97456870893412,504.49
294,7,14,33.74551948131014,-25.63153478509096,506.239
295,7,15,39.68593990814533,-17.1453252696736,508.23
296,7,16,44.89737082977047,-7.171281133200371,510.284
297,7,17,49.08003182841912,4.567768408395128,512.226
298,7,18,51.87959659561312,18.065701798069277,513.913
299,7,19,52.97318159871845,32.768884392268355,515.237
300,7,20,52.21075490242661,47.5792172866193,516.143
301,7,21,49.70129559003973,61.343055917097566,516.624
302,7,22,45.749303740040745,73.39813489649498,516.728
303,7,23,40.712647113992475,83.6597496338196,516.544
304,7,24,34.90354048904536,92.3746543732165,516.194
305,7,25,28.559669325673983,99.88542408269683,515.817
306,7,26,21.85306218340886,106.5154204081365,515.554
307,7,27,14.908120712698016,112.53709276533817,515.531
308,7,28,7.818249457988673,118.17535928367033,515.843
309,7,29,0.6583734066809006,123.62197069389194,516.546
310,7,30,-6.505460632529188,129.0513700274051,517.646
311,7,31,-13.608067628719667,134.63638839096788,519.098
312,7,32,-20.57726651626781,140.56366753383995,520.812
313,7,33,-27.324767708641094,147.04943758476563,522.654
314,7,34,-33.73434870692258,154.3543658832293,524.465
315,7,35,-39.64641018832388,162.790209583707,526.071
316,7,36,-44.83980258035102,172.6979180691874,527.303
317,7,37,-49.01993982410135,-175.64543156399304,528.009
318,7,38,-51.8369625548139,-162.23633588353232,528.076
319,7,39,-52.96834582478608,-147.60612532287837,527.439
320,8,0,-52.8430904006918,-131.15831946181396,526.85
321,8,1,-51.23236445476813,-116.76093638958741,525.153
322,8,2,-48.00846394010333,-103.78359062694153,522.836
323,8,3,-43.5123860510103,-92.59887582328967,520.028
324,8,4,-38.08401124587263,-83.10483091470192,516.902
325,8,5,-31.998688355795622,-74.99225323745176,513.66
326,8,6,-25.46017899919368,-67.9224268804091,510.515
327,8,7,-18.615716441362895,-61.59622370887326,507.671
328,8,8,-11.573721397640757,-55.76526730877128,505.311
329,8,9,-4.41833069954442,-50.22182089159182,503.574
330,8,10,2.7796752563309193,-44.78332716119877,502.549
331,8,11,9.954151210515564,-39.27656910514603,502.268
332,8,12,17.035803186332444,-33.522025446383566,502.701
333,8,13,23.94374039966745,-27.318075830801774,503.763
334,8,14,30.575065196900695,-20.425042090235735,505.323
335,8,15,36.7910837567459,-12.552815354783744,507.215
336,8,16,42.39976531068815,-3.3650760424973143,509.261
337,8,17,47.13877595308561,7.467989673387603,511.279
338,8,18,50.675174697751416,20.116332907676792,513.109
339,8,19,52.65472061357202,34.32614703246375,514.625
340,8,20,52.823224795490816,49.23945527383639,515.744
341,8,21,51.1583012985031,63.648483818597825,516.435
342,8,22,47.88294896882059,76.60073546623308,516.719
343,8,23,43.345360605046814,87.74212637997954,516.665
344,8,24,37.88805311858496,97.18948694559028,516.381
345,8,25,31.786371925445774,105.25925299712279,516
346,8,26,25.243021672269588,112.29225780434989,515.663
347,8,27,18.403982284639792,118.58727433213546,515.506
348,8,28,11.376309293833524,124.39158274919065,515.641
349,8,29,4.242824293065888,129.91149574958482,516.144
350,8,30,-2.9270536631468693,135.3281636104851,517.048
351,8,31,-10.06866786968729,140.81328362724724,518.332
352,8,32,-17.11436231461864,146.54461830321,519.93
353,8,33,-23.98517574226733,152.72163648289444,521.726
354,8,34,-30.580536178425874,159.5811818059599,523.574
355,8,35,-36.76474313221174,167.4096987458184,525.305
356,8,36,-42.34961123161275,176.53943502445603,526.744
357,8,37,-47.077679910959844,-172.7022893902562,527.729
358,8,38,-50.62114107122744,-160.14162614811613,528.128
359,8,39,-52.62868734755052,-146.01604362372106,527.848
360,9,0,-52.25741875483613,-114.82990530744141,526.085
361,9,1,-49.801996484067814,-101.05729329897426,524.065
362,9,2,-45.8970680525448,-88.9656932980848,521.483
363,9,3,-40.895750825262176,-78.65771523667412,518.493
364,9,4,-35.10919065476528,-69.89755366383672,515.283
365,9,5,-28.775774803465897,-62.346916140171025,512.062
366,9,6,-22.068692963053454,-55.683018170785985,509.043
367,9,7,-15.113726482188325,-49.63260437755691,506.421
368,9,8,-8.005575933712736,-43.96942132913254,504.357
369,9,9,-0.8205041149695791,-38.50032152106866,502.969
370,9,10,6.374016203273232,-33.04937635581868,502.316
371,9,11,13.51125567365026,-27.442166707642567,502.4
372,9,12,20.517253059125494,-21.49014520450211,503.161
373,9,13,27.30161165980746,-14.974569915585779,504.49
374,9,14,33.74551948131014,-7.631533430421681,506.239
375,9,15,39.68593990814533,0.8546755513871529,508.23
376,9,16,44.89737082977047,10.828719367695262,510.284
377,9,17,49.08003182841912,22.56776976306441,512.226
378,9,18,51.87959659561312,36.065704006512206,513.913
379,9,19,52.97318159871845,50.768884893163985,515.237
380,9,20,52.21075490242661,65.57922120260952,516.143
381,9,21,49.70129559003973,79.3430564179932,516.624
382,9,22,45.749303740040745,91.3981353973906,516.728
383,9,23,40.712647113992475,101.65975013471524,516.544
384,9,24,34.90354048904536,110.37465487411214,516.194
385,9,25,28.559669325673983,117.88541775340329,515.817
386,9,26,21.85306218340886,124.51541407884297,515.554
387,9,27,14.908120712698016,130.53708643604463,515.531
388,9,28,7.818249457988673,136.17536661475515,515.843
389,9,29,0.6583734066809006,141.6219643645984,516.546
390,9,30,-6.505460632529188,147.05137735848993,517.646
391,9,31,-13.608067628719667,152.63639572205267,519.098
392,9,32,-20.57726651626781,158.5636612045464,520.812
393,9,33,-27.324767708641094,165.04944491585044,522.654
394,9,34,-33.73434870692258,172.3543732143141,524.465
395,9,35,-39.64641018832388,-179.2097931031209,526.071
396,9,36,-44.83980258035102,-169.30208461764047,527.303
397,9,37,-49.01993982410135,-157.64543789328658,528.009
398,9,38,-51.8369625548139,-144.23634221282586,528.076
399,9,39,-52.96834582478608,-129.60613165217188,527.439
400,10,0,-52.8430904006918,-113.15832579110752,526.85
401,10,1,-51.23236445476813,-98.76093588869178,525.153
402,10,2,-48.00846394010333,-85.7835901260459,522.836
403,10,3,-43.5123860510103,-74.59887532239405,520.028
404,10,4,-38.08401124587263,-65.10483041380628,516.902
405,10,5,-31.998688355795622,-56.99224932146154,513.66
406,10,6,-25.46017899919368,-49.922426379513475,510.515
407,10,7,-18.615716441362895,-43.59622662307221,507.671
408,10,8,-11.573721397640757,-37.76526680787565,505.311
409,10,9,-4.41833069954442,-32.22182039069618,503.574
410,10,10,2.7796752563309193,-26.783328367850427,502.549
411,10,11,9.954151210515564,-21.276566896703102,502.268
412,10,12,17.035803186332444,-15.522026653035224,502.701
413,10,13,23.94374039966745,-9.318076183679787,503.763
414,10,14,30.575065196900695,-2.4250415893401023,505.323
415,10,15,36.7910837567459,5.447185572998713,507.215
416,10,16,42.39976531068815,14.634925098728553,509.261
417,10,17,47.13877595308561,25.467991028056883,511.279
418,10,18,50.675174697751416,38.116335116119714,513.109
419,10,19,52.65472061357202,52.32614753335938,514.625
420,10,20,52.823224795490816,67.23945577473202,515.744
421,10,21,51.1583012985031,81.64848431949346,516.435
422,10,22,47.88294896882059,94.60073596712871,516.719
423,10,23,43.345360605046814,105.74212688087518,516.665
424,10,24,37.88805311858496,115.1894874464859,516.381
425,10,25,31.786371925445774,123.25926032820759,516
426,10,26,25.243021672269588,130.2922651354347,515.663
427,10,27,18.403982284639792,136.58728166322027,515.506
428,10,28,11.376309293833524,142.3915764198971,515.641
429,10,29,4.242824293065888,147.91150308066963,516.144
430,10,30,-2.9270536631468693,153.32815728119155,517.048
431,10,31,-10.06866786968729,158.8132772979537,518.332
432,10,32,-17.11436231461864,164.54461197391646,519.93
433,10,33,-23.98517574226733,170.72164381397923,521.726
434,10,34,-30.580536178425874,177.58117547666635,523.574
435,10,35,-36.76474313221174,-174.59030394100947,525.305
436,10,36,-42.34961123161275,-165.4605540019935,526.744
437,10,37,-47.077679910959844,-154.70229571954974,527.729
438,10,38,-50.62114107122744,-142.14163247740964,528.128
439,10,39,-52.62868734755052,-128.0160499530146,527.848
440,11,0,-52.25741875483613,-96.82990480654578,526.085
441,11,1,-49.801996484067814,-83.05729279807862,524.065
442,11,2,-45.8970680525448,-70.96569279718916,521.483
443,11,3,-40.895750825262176,-60.65771473577849,518.493
444,11,4,-35.10919065476528,-51.89755657803567,515.283
445,11,5,-28.775774803465897,-44.34691905436998,512.062
446,11,6,-22.068692963053454,-37.683017669890354,509.043
447,11,7,-15.113726482188325,-31.63260387666128,506.421
448,11,8,-8.005575933712736,-25.969420828236906,504.357
449,11,9,-0.8205041149695791,-20.500319312625738,502.969
450,11,10,6.374016203273232,-15.04937585492305,502.316
451,11,11,13.51125567365026,-9.442165352973285,502.4
452,11,12,20.517253059125494,-3.4901442767196524,503.161
453,11,13,27.30161165980746,3.0254305853098558,504.49
454,11,14,33.74551948131014,10.368467070473953,506.239
455,11,15,39.68593990814533,18.85467573211767,508.23
456,11,16,44.89737082977047,28.82871901481725,510.284
457,11,17,49.08003182841912,40.56776855641275,512.226
458,11,18,51.87959659561312,54.06570450740784,513.913
459,11,19,52.97318159871845,68.76888539405962,515.237
460,11,20,52.21075490242661,83.57922170350516,516.143
461,11,21,49.70129559003973,97.34305691888883,516.624
462,11,22,45.749303740040745,109.39813589828624,516.728
463,11,23,40.712647113992475,119.65975063561086,516.544
464,11,24,34.90354048904536,128.3746485448186,516.194
465,11,25,28.559669325673983,135.8854250844881,515.817
466,11,26,21.85306218340886,142.51542140992777,515.554
467,11,27,14.908120712698016,148.53709376712945,515.531
468,11,28,7.818249457988673,154.1753602854616,515.843
469,11,29,0.6583734066809006,159.62197169568321,516.546
470,11,30,-6.505460632529188,165.0513710291964,517.646
471,11,31,-13.608067628719667,170.63638939275913,519.098
472,11,32,-20.57726651626781,176.56366853563122,520.812
473,11,33,-27.324767708641094,-176.9505577709774,522.654
474,11,34,-33.73434870692258,-169.64562947251378,524.465
475,11,35,-39.64641018832388,-161.20978577203607,526.071
476,11,36,-44.83980258035102,-151.302090946934,527.303
477,11,37,-49.01993982410135,-139.64543056220177,528.009
478,11,38,-51.8369625548139,-126.23633488174104,528.076
479,11,39,-52.96834582478608,-111.6061243210871,527.439
480,12,0,-52.8430904006918,-95.15832529021188,526.85
481,12,1,-51.23236445476813,-80.76093538779615,525.153
482,12,2,-48.00846394010333,-67.78358962515026,522.836
483,12,3,-43.5123860510103,-56.59887482149841,520.028
484,12,4,-38.08401124587263,-47.104829912910645,516.902
485,12,5,-31.998688355795622,-38.992248820565905,513.66
486,12,6,-25.46017899919368,-31.922425878617844,510.515
487,12,7,-18.615716441362895,-25.596226122176578,507.671
488,12,8,-11.573721397640757,-19.765264599432722,505.311
489,12,9,-4.41833069954442,-14.22181988980055,503.574
490,12,10,2.7796752563309193,-8.783327013181149,502.549
491,12,11,9.954151210515564,-3.2765666092508807,502.268
492,12,12,17.035803186332444,2.477974488190643,502.701
493,12,13,23.94374039966745,8.681924317215847,503.763
494,12,14,30.575065196900695,15.574958911555532,505.323
495,12,15,36.7910837567459,23.447185647007522,507.215
496,12,16,42.39976531068815,32.63492389207689,509.261
497,12,17,47.13877595308561,43.467989821405226,511.279
498,12,18,50.675174697751416,56.11633561701535,513.109
499,12,19,52.65472061357202,70.32614803425501,514.625
500,12,20,52.823224795490816,85.23945627562766,515.744
501,12,21,51.1583012985031,99.64848482038909,516.435
502,12,22,47.88294896882059,112.60073646802435,516.719
503,12,23,43.345360605046814,123.74212738177081,516.665
504,12,24,37.88805311858496,133.1894947775707,516.381
505,12,25,31.786371925445774,141.25925399891406,516
506,12,26,25.243021672269588,148.29225880614115,515.663
507,12,27,18.403982284639792,154.58727533392673,515.506
508,12,28,11.376309293833524,160.3915837509819,515.641
509,12,29,4.242824293065888,165.9114967513761,516.144
510,12,30,-2.9270536631468693,171.32816461227637,517.048
511,12,31,-10.06866786968729,176.8132846290385,518.332
512,12,32,-17.11436231461864,-177.4553907129114,519.93
513,12,33,-23.98517574226733,-171.27835887284863,521.726
514,12,34,-30.580536178425874,-164.4188272101615,523.574
515,12,35,-36.76474313221174,-156.59029660992468,525.305
516,12,36,-42.34961123161275,-147.46056033128704,526.744
517,12,37,-47.077679910959844,-136.70228838846495,527.729
518,12,38,-50.62114107122744,-124.14162514632486,528.128
519,12,39,-52.62868734755052,-110.01604945211895,527.848
520,13,0,-52.25741875483613,-78.82989747546097,526.085
521,13,1,-49.801996484067814,-65.05728546699382,524.065
522,13,2,-45.8970680525448,-52.96568546610436,521.483
523,13,3,-40.895750825262176,-42.65770740469369,518.493
524,13,4,-35.10919065476528,-33.89754924695087,515.283
525,13,5,-28.775774803465897,-26.34691172328517,512.062
526,13,6,-22.068692963053454,-19.683010338805552,509.043
527,13,7,-15.113726482188325,-13.632598253123767,506.421
528,13,8,-8.005575933712736,-7.969413497152103,504.357
529,13,9,-0.8205041149695791,-2.5003126218711698,502.969
530,13,10,6.374016203273232,2.9506319030485764,502.316
531,13,11,13.51125567365026,8.557841978111517,502.4
532,13,12,20.517253059125494,14.509862627478327,503.161
533,13,13,27.30161165980746,21.025437916394658,504.49
534,13,14,33.74551948131014,28.36847354778511,506.239
535,13,15,39.68593990814533,36.85468306320247,508.23
536,13,16,44.89737082977047,46.828726345902055,510.284
537,13,17,49.08003182841912,58.567779302592136,512.226
538,13,18,51.87959659561312,72.06570842339805,513.913
539,13,19,52.97318159871845,86.76889272514443,515.237
540,13,20,52.21075490242661,101.57922903458996,516.143
541,13,21,49.70129559003973,115.34307108016282,516.624
542,13,22,45.749303740040745,127.39813639918188,516.728
543,13,23,40.712647113992475,137.65975796669568,516.544
544,13,24,34.90354048904536,146.3746558759034,516.194
545,13,25,28.559669325673983,153.8854324155729,515.817
546,13,26,21.85306218340886,160.51542874101258,515.554
547,13,27,14.908120712698016,166.53710109821424,515.531
548,13,28,7.818249457988673,172.1753676165464,515.843
549,13,29,0.6583734066809006,177.621979026768,516.546
550,13,30,-6.505460632529188,-176.94861799725314,517.646
551,13,31,-13.608067628719667,-171.3635996336904,519.098
552,13,32,-20.57726651626781,-165.43633415119663,520.812
553,13,33,-27.324767708641094,-158.95055043989262,522.654
554,13,34,-33.73434870692258,-151.64562214142896,524.465
555,13,35,-39.64641018832388,-143.20977844095128,526.071
556,13,36,-44.83980258035102,-133.3020836158492,527.303
557,13,37,-49.01993982410135,-121.64542323111698,528.009
558,13,38,-51.8369625548139,-108.2363343808454,528.076
559,13,39,-52.96834582478608,-93.60611699000229,527.439
560,14,0,-52.8430904006918,-77.15833161950542,526.85
561,14,1,-51.23236445476813,-62.760941717089686,525.153
562,14,2,-48.00846394010333,-49.7835959544438,522.836
563,14,3,-43.5123860510103,-38.59888115079195,520.028
564,14,4,-38.08401124587263,-29.104836242204186,516.902
565,14,5,-31.998688355795622,-20.992255149859446,513.66
566,14,6,-25.46017899919368,-13.922432207911381,510.515
567,14,7,-18.615716441362895,-7.596232451470116,507.671
568,14,8,-11.573721397640757,-1.7652712488913753,505.311
569,14,9,-4.41833069954442,3.7781742077927363,503.574
570,14,10,2.7796752563309193,9.216666657525314,502.549
571,14,11,9.954151210515564,14.723427274898993,502.268
572,14,12,17.035803186332444,20.47796751856687,502.701
573,14,13,23.94374039966745,26.681918841695957,503.763
574,14,14,30.575065196900695,33.57495258226199,505.323
575,14,15,36.7910837567459,41.44717931771399,507.215
576,14,16,42.39976531068815,50.63491756278336,509.261
577,14,17,47.13877595308561,61.467986907206274,511.279
578,14,18,50.675174697751416,74.11632928772181,513.109
579,14,19,52.65472061357202,88.32614170496149,514.625
580,14,20,52.823224795490816,103.23944994633412,515.744
581,14,21,51.1583012985031,117.64847849109555,516.435
582,14,22,47.88294896882059,130.60073013873082,516.719
583,14,23,43.345360605046814,141.74212105247727,516.665
584,14,24,37.88805311858496,151.18948844827716,516.381
585,14,25,31.786371925445774,159.25924766962052,516
586,14,26,25.243021672269588,166.29225247684764,515.663
587,14,27,18.403982284639792,172.58726900463319,515.506
588,14,28,11.376309293833524,178.39157742168837,515.641
589,14,29,4.242824293065888,-176.08850593545176,516.144
590,14,30,-2.9270536631468693,-170.6718380745515,517.048
591,14,31,-10.06866786968729,-165.1867317181677,518.332
592,14,32,-17.11436231461864,-159.45539704220494,519.93
593,14,33,-23.98517574226733,-153.27836520214217,521.726
594,14,34,-30.580536178425874,-146.41883353945505,523.574
595,14,35,-36.76474313221174,-138.59030293921822,525.305
596,14,36,-42.34961123161275,-129.46056666058058,526.744
597,14,37,-47.077679910959844,-118.70229471775848,527.729
598,14,38,-50.62114107122744,-106.14163830580756,528.128
599,14,39,-52.62868734755052,-92.01605578141249,527.848
600,15,0,-52.25741875483613,-60.82990380475451,526.085
601,15,1,-49.801996484067814,-47.05729521138194,524.065
602,15,2,-45.8970680525448,-34.965691795397895,521.483
603,15,3,-40.895750825262176,-24.657715441534513,518.493
604,15,4,-35.10919065476528,-15.897553868697111,515.283
605,15,5,-28.775774803465897,-8.346918052578708,512.062
606,15,6,-22.068692963053454,-1.6830167748207927,509.043
607,15,7,-15.113726482188325,4.367395844469519,506.421
608,15,8,-8.005575933712736,10.03058017355436,504.357
609,15,9,-0.8205041149695791,15.499681689165529,502.969
610,15,10,6.374016203273232,20.950625146868216,502.316
611,15,11,13.51125567365026,26.557834795044336,502.4
612,15,12,20.517253059125494,32.50985629818479,503.161
613,15,13,27.30161165980746,39.025433294648415,504.49
614,15,14,33.74551948131014,46.368467218491574,506.239
615,15,15,39.68593990814533,54.85467673390894,508.23
616,15,16,44.89737082977047,64.82872001660851,510.284
617,15,17,49.08003182841912,76.5677729732986,512.226
618,15,18,51.87959659561312,90.06570209410452,513.913
619,15,19,52.97318159871845,104.76888639585088,515.237
620,15,20,52.21075490242661,119.57922270529642,516.143
621,15,21,49.70129559003973,133.34306475086927,516.624
622,15,22,45.749303740040745,145.39813006988834,516.728
623,15,23,40.712647113992475,155.65975163740214,516.544
624,15,24,34.90354048904536,164.37464954660987,516.194
625,15,25,28.559669325673983,171.88542608627935,515.817
626,15,26,21.85306218340886,178.51542241171904,515.554
627,15,27,14.908120712698016,-175.46290158861362,515.531
628,15,28,7.818249457988673,-169.82463507028146,515.843
629,15,29,0.6583734066809006,-164.37803732043818,516.546
630,15,30,-6.505460632529188,-158.94862432654668,517.646
631,15,31,-13.608067628719667,-153.36360596298394,519.098
632,15,32,-20.57726651626781,-147.43634048049017,520.812
633,15,33,-27.324767708641094,-140.95055676918616,522.654
634,15,34,-33.73434870692258,-133.6456284707225,524.465
635,15,35,-39.64641018832388,-125.20978477024481,526.071
636,15,36,-44.83980258035102,-115.30208994514273,527.303
637,15,37,-49.01993982410135,-103.6454295604105,528.009
638,15,38,-51.8369625548139,-90.23634071013895,528.076
639,15,39,-52.96834582478608,-75.60612331929583,527.439
640,16,0,-52.8430904006918,-59.15832428842061,526.85
641,16,1,-51.23236445476813,-44.760937801099466,525.153
642,16,2,-48.00846394010333,-31.783588623358995,522.836
643,16,3,-43.5123860510103,-20.598873819707144,520.028
644,16,4,-38.08401124587263,-11.104828057345735,516.902
645,16,5,-31.998688355795622,-2.9922480322180527,513.66
646,16,6,-25.46017899919368,4.077575123173422,510.515
647,16,7,-18.615716441362895,10.403774879614687,507.671
648,16,8,-11.573721397640757,16.234736402358546,505.311
649,16,9,-4.41833069954442,21.778181111990715,503.574
650,16,10,2.7796752563309193,27.216673134836473,502.549
651,16,11,9.954151210515564,32.723432898436506,502.268
652,16,12,17.035803186332444,38.477976557198964,502.701
653,16,13,23.94374039966745,44.68192617278076,503.763
654,16,14,30.575065196900695,51.574959913346795,505.323
655,16,15,36.7910837567459,59.44718664879879,507.215
656,16,16,42.39976531068815,68.63492489386816,509.261
657,16,17,47.13877595308561,79.46799423829107,511.279
658,16,18,50.675174697751416,92.11633661880661,513.109
659,16,19,52.65472061357202,106.32614903604629,514.625
660,16,20,52.823224795490816,121.2394641076081,515.744
661,16,21,51.1583012985031,135.64848582218036,516.435
662,16,22,47.88294896882059,148.6007374698156,516.719
663,16,23,43.345360605046814,159.74212838356206,516.665
664,16,24,37.88805311858496,169.18949577936198,516.381
665,16,25,31.786371925445774,177.2592550007053,516
666,16,26,25.243021672269588,-175.7077365496019,515.663
667,16,27,18.403982284639792,-169.41272002181634,515.506
668,16,28,11.376309293833524,-163.60841160476116,515.641
669,16,29,4.242824293065888,-158.08849860436698,516.144
670,16,30,-2.9270536631468693,-152.6718307434667,517.048
671,16,31,-10.06866786968729,-147.1867243870829,518.332
672,16,32,-17.11436231461864,-141.45538971112015,519.93
673,16,33,-23.98517574226733,-135.27835787105735,521.726
674,16,34,-30.580536178425874,-128.41882620837023,523.574
675,16,35,-36.76474313221174,-120.5902956081334,525.305
676,16,36,-42.34961123161275,-111.46055932949578,526.744
677,16,37,-47.077679910959844,-100.70229421686285,527.729
678,16,38,-50.62114107122744,-88.14163097472276,528.128
679,16,39,-52.62868734755052,-74.01604845032769,527.848
680,17,0,-52.25741875483613,-42.82991013404805,526.085
681,17,1,-49.801996484067814,-29.057301540675482,524.065
682,17,2,-45.8970680525448,-16.965698124691432,521.483
683,17,3,-40.895750825262176,-6.657721343941228,518.493
684,17,4,-35.10919065476528,2.1024391616791176,515.283
685,17,5,-28.775774803465897,9.653075618127756,512.062
686,17,6,-22.068692963053454,16.316977002607377,509.043
687,17,7,-15.113726482188325,22.36738908828916,506.421
688,17,8,-8.005575933712736,28.030573844260825,504.357
689,17,9,-0.8205041149695791,33.4996736523247,502.969
690,17,10,6.374016203273232,38.95061881757468,502.316
691,17,11,13.51125567365026,44.557828465750795,502.4
692,17,12,20.517253059125494,50.50984996889125,503.161
693,17,13,27.30161165980746,57.025426965354875,504.49
694,17,14,33.74551948131014,64.36846088919803,506.239
695,17,15,39.68593990814533,72.8546704046154,508.23
696,17,16,44.89737082977047,82.82871368731497,510.284
697,17,17,49.08003182841912,94.56776664400506,512.226
698,17,18,51.87959659561312,108.06569576481098,513.913
699,17,19,52.97318159871845,122.76888006655736,515.237
700,17,20,52.21075490242661,137.57921637600288,516.143
701,17,21,49.70129559003973,151.34305842157573,516.624
702,17,22,45.749303740040745,163.3981237405948,516.728
703,17,23,40.712647113992475,173.6597453081086,516.544
704,17,24,34.90354048904536,-177.625353140218,516.194
705,17,25,28.559669325673983,-170.1145766005485,515.817
706,17,26,21.85306218340886,-163.4845802751088,515.554
707,17,27,14.908120712698016,-157.46290791790716,515.531
708,17,28,7.818249457988673,-151.824641399575,515.843
709,17,29,0.6583734066809006,-146.37804364973172,516.546
710,17,30,-6.505460632529188,-140.94863065584022,517.646
711,17,31,-13.608067628719667,-135.36361229227745,519.098
712,17,32,-20.57726651626781,-129.4363468097837,520.812
713,17,33,-27.324767708641094,-122.95056309847969,522.654
714,17,34,-33.73434870692258,-115.64563480001604,524.465
715,17,35,-39.64641018832388,-107.20979109953835,526.071
716,17,36,-44.83980258035102,-97.3020894442471,527.303
717,17,37,-49.01993982410135,-85.64543588970405,528.009
718,17,38,-51.8369625548139,-72.23634703943249,528.076
719,17,39,-52.96834582478608,-57.60612964858936,527.439
720,18,0,-52.8430904006918,-41.15833061771415,526.85
721,18,1,-51.23236445476813,-26.760942422845712,525.153
722,18,2,-48.00846394010333,-13.783594098878886,522.836
723,18,3,-43.5123860510103,-2.5988805758875047,520.028
724,18,4,-38.08401124587263,6.895165613360729,516.902
725,18,5,-31.998688355795622,15.007745851931823,513.66
726,18,6,-25.46017899919368,22.077568793879884,510.515
727,18,7,-18.615716441362895,28.40376855032115,507.671
728,18,8,-11.573721397640757,34.23472836551772,505.311
729,18,9,-4.41833069954442,39.77817478269718,503.574
730,18,10,2.7796752563309193,45.21666851309023,502.549
731,18,11,9.954151210515564,50.723426569142966,502.268
732,18,12,17.035803186332444,56.47797022790543,502.701
733,18,13,23.94374039966745,62.68191642839264,503.763
734,18,14,30.575065196900695,69.57495699914784,505.323
735,18,15,36.7910837567459,77.44718031950525,507.215
736,18,16,42.39976531068815,86.63491856457462,509.261
737,18,17,47.13877595308561,97.46798790899754,511.279
738,18,18,50.675174697751416,110.11633028951309,513.109
739,18,19,52.65472061357202,124.32614953694191,514.625
740,18,20,52.823224795490816,139.23945777831457,515.744
741,18,21,51.1583012985031,153.64847949288682,516.435
742,18,22,47.88294896882059,166.60073114052207,516.719
743,18,23,43.345360605046814,177.74212205426855,516.665
744,18,24,37.88805311858496,-172.81052056784424,516.381
745,18,25,31.786371925445774,-164.74074768612255,516
746,18,26,25.243021672269588,-157.70774287889543,515.663
747,18,27,18.403982284639792,-151.41272635110985,515.506
748,18,28,11.376309293833524,-145.6084179340547,515.641
749,18,29,4.242824293065888,-140.08850493366052,516.144
750,18,30,-2.9270536631468693,-134.67183707276024,517.048
751,18,31,-10.06866786968729,-129.18673071637645,518.332
752,18,32,-17.11436231461864,-123.45539604041367,519.93
753,18,33,-23.98517574226733,-117.27836420035091,521.726
754,18,34,-30.580536178425874,-110.41882570747461,523.574
755,18,35,-36.76474313221174,-102.59030193742694,525.305
756,18,36,-42.34961123161275,-93.46056565878932,526.744
757,18,37,-47.077679910959844,-82.70230054615638,527.729
758,18,38,-50.62114107122744,-70.1416373040163,528.128
759,18,39,-52.62868734755052,-56.01605136452664,527.848
760,19,0,-52.25741875483613,-24.829901095415952,526.085
761,19,1,-49.801996484067814,-11.05729335581703,524.065
762,19,2,-45.8970680525448,1.0343099534453113,521.483
763,19,3,-40.895750825262176,11.342285560256752,518.493
764,19,4,-35.10919065476528,20.102447133094156,515.283
765,19,5,-28.775774803465897,27.65308294921256,512.062
766,19,6,-22.068692963053454,34.31698433369218,509.043
767,19,7,-15.113726482188325,40.36739812692125,506.421
768,19,8,-8.005575933712736,46.030581175345624,504.357
769,19,9,-0.8205041149695791,51.499680983409505,502.969
770,19,10,6.374016203273232,56.95062614865948,502.316
771,19,11,13.51125567365026,62.55783921193019,502.4
772,19,12,20.517253059125494,68.50985729997606,503.161
773,19,13,27.30161165980746,75.02543429643968,504.49
774,19,14,33.74551948131014,82.36846822028284,506.239
775,19,15,39.68593990814533,90.85467773570021,508.23
776,19,16,44.89737082977047,100.82872101839978,510.284
777,19,17,49.08003182841912,112.56777397508986,512.226
778,19,18,51.87959659561312,126.06570309589578,513.913
779,19,19,52.97318159871845,140.76888739764215,515.237
780,19,20,52.21075490242661,155.5792237070877,516.143
781,19,21,49.70129559003973,169.34306575266055,516.624
782,19,22,45.749303740040745,-178.60186528585473,516.728
783,19,23,40.712647113992475,-168.34024371834093,516.544
784,19,24,34.90354048904536,-159.6253458091332,516.194
785,19,25,28.559669325673983,-152.1145692694637,515.817
786,19,26,21.85306218340886,-145.48457294402402,515.554
787,19,27,14.908120712698016,-139.46290058682234,515.531
788,19,28,7.818249457988673,-133.82463406849018,515.843
789,19,29,0.6583734066809006,-128.37803631864693,516.546
790,19,30,-6.505460632529188,-122.9486233247554,517.646
791,19,31,-13.608067628719667,-117.36360496119266,519.098
792,19,32,-20.57726651626781,-111.43633264850975,520.812
793,19,33,-27.324767708641094,-104.95055576739489,522.654
794,19,34,-33.73434870692258,-97.64562746893122,524.465
795,19,35,-39.64641018832388,-89.20978376845355,526.071
796,19,36,-44.83980258035102,-79.3020821131623,527.303
797,19,37,-49.01993982410135,-67.64542855861924,528.009
798,19,38,-51.8369625548139,-54.23633970834768,528.076
799,19,39,-52.96834582478608,-39.60612231750456,527.439
800,20,0,-52.8430904006918,-23.158323286629344,526.85
801,20,1,-51.23236445476813,-8.760935091760908,525.153
802,20,2,-48.00846394010333,4.216413659092741,522.836
803,20,3,-43.5123860510103,15.401127182084121,520.028
804,20,4,-38.08401124587263,24.895172090671885,516.902
805,20,5,-31.998688355795622,33.007753183016625,513.66
806,20,6,-25.46017899919368,40.077576124964686,510.515
807,20,7,-18.615716441362895,46.403775881405956,507.671
808,20,8,-11.573721397640757,52.23473569660252,505.311
809,20,9,-4.41833069954442,57.77818211378198,503.574
810,20,10,2.7796752563309193,63.21667242908045,502.549
811,20,11,9.954151210515564,68.72343731532236,502.268
812,20,12,17.035803186332444,74.47797414389565,502.701
813,20,13,23.94374039966745,80.68192375947744,503.763
814,20,14,30.575065196900695,87.57496433023265,505.323
815,20,15,36.7910837567459,95.44718765059005,507.215
816,20,16,42.39976531068815,104.63492589565942,509.261
817,20,17,47.13877595308561,115.46799524008235,511.279
818,20,18,50.675174697751416,128.1163307904087,513.109
819,20,19,52.65472061357202,142.32615686802671,514.625
820,20,20,52.823224795490816,157.23946510939936,515.744
821,20,21,51.1583012985031,171.6484868239716,516.435
822,20,22,47.88294896882059,-175.39925788592745,516.719
823,20,23,43.345360605046814,-164.25786697218098,516.665
824,20,24,37.88805311858496,-154.81051323675942,516.381
825,20,25,31.786371925445774,-146.74074035503773,516
826,20,26,25.243021672269588,-139.70773554781064,515.663
827,20,27,18.403982284639792,-133.41271902002507,515.506
828,20,28,11.376309293833524,-127.60841060296988,515.641
829,20,29,4.242824293065888,-122.0884976025757,516.144
830,20,30,-2.9270536631468693,-116.67182974167542,517.048
831,20,31,-10.06866786968729,-111.18671655510246,518.332
832,20,32,-17.11436231461864,-105.4553818791397,519.93
833,20,33,-23.98517574226733,-99.2783568692661,521.726
834,20,34,-30.580536178425874,-92.41881837638981,523.574
835,20,35,-36.76474313221174,-84.59029460634214,525.305
836,20,36,-42.34961123161275,-75.46055832770452,526.744
837,20,37,-47.077679910959844,-64.70229321507158,527.729
838,20,38,-50.62114107122744,-52.14162655783691,528.128
839,20,39,-52.62868734755052,-38.01604403344184,527.848
840,21,0,-52.25741875483613,-6.8299074247094875,526.085
841,21,1,-49.801996484067814,6.942700741776255,524.065
842,21,2,-45.8970680525448,19.034302877099833,521.483
843,21,3,-40.895750825262176,29.34228093851051,518.493
844,21,4,-35.10919065476528,38.10243909625333,515.283
845,21,5,-28.775774803465897,45.65307661991902,512.062
846,21,6,-22.068692963053454,52.31697800439864,509.043
847,21,7,-15.113726482188325,58.367388382533136,506.421
848,21,8,-8.005575933712736,64.03057143095751,504.357
849,21,9,-0.8205041149695791,69.49967465411596,502.969
850,21,10,6.374016203273232,74.95062323446054,502.316
851,21,11,13.51125567365026,80.55783288263665,502.4
852,21,12,20.517253059125494,86.50985097068252,503.161
853,21,13,27.30161165980746,93.02542796714614,504.49
854,21,14,33.74551948131014,100.36846189098931,506.239
855,21,15,39.68593990814533,108.85467140640667,508.23
856,21,16,44.89737082977047,118.82872151929541,510.284
857,21,17,49.08003182841912,130.56776764579632,512.226
858,21,18,51.87959659561312,144.06569676660226,513.913
859,21,19,52.97318159871845,158.7688810683486,515.237
860,21,20,52.21075490242661,173.57921737779415,516.143
861,21,21,49.70129559003973,-172.65695059454566,516.624
862,21,22,45.749303740040745,-160.60187161514827,516.728
863,21,23,40.712647113992475,-150.34025004763447,516.544
864,21,24,34.90354048904536,-141.62535213842673,516.194
865,21,25,28.559669325673983,-134.11457559875723,515.817
866,21,26,21.85306218340886,-127.48457927331755,515.554
867,21,27,14.908120712698016,-121.4629069161159,515.531
868,21,28,7.818249457988673,-115.82464039778372,515.843
869,21,29,0.6583734066809006,-110.3780358177513,516.546
870,21,30,-6.505460632529188,-104.94862965404894,517.646
871,21,31,-13.608067628719667,-99.36361129048619,519.098
872,21,32,-20.57726651626781,-93.43633897780329,520.812
873,21,33,-27.324767708641094,-86.95056209668843,522.654
874,21,34,-33.73434870692258,-79.64563379822476,524.465
875,21,35,-39.64641018832388,-71.20979009774707,526.071
876,21,36,-44.83980258035102,-61.30208844245583,527.303
877,21,37,-49.01993982410135,-49.64543830300737,528.009
878,21,38,-51.8369625548139,-36.23634603764122,528.076
879,21,39,-52.96834582478608,-21.60613035434539,527.439
880,22,0,-52.8430904006918,-5.15832961592288,526.85
881,22,1,-51.23236445476813,9.239058578945555,525.153
882,22,2,-48.00846394010333,22.216407756686028,522.836
883,22,3,-43.5123860510103,33.401120852790584,520.028
884,22,4,-38.08401124587263,42.89516576137835,516.902
885,22,5,-31.998688355795622,51.00774685372309,513.66
886,22,6,-25.46017899919368,58.07756979567115,510.515
887,22,7,-18.615716441362895,64.403772967207,507.671
888,22,8,-11.573721397640757,70.23473278240357,505.311
889,22,9,-4.41833069954442,75.77817578448845,503.574
890,22,10,2.7796752563309193,81.2166660997869,502.549
891,22,11,9.954151210515564,86.72343098602882,502.268
892,22,12,17.035803186332444,92.47796781460211,502.701
893,22,13,23.94374039966745,98.6819174301839,503.763
894,22,14,30.575065196900695,105.57495800093912,505.323
895,22,15,36.7910837567459,113.44718132129653,507.215
896,22,16,42.39976531068815,122.63492639655506,509.261
897,22,17,47.13877595308561,133.46798891078882,511.279
898,22,18,50.675174697751416,146.11632446111517,513.109
899,22,19,52.65472061357202,160.32615053873317,514.625
900,22,20,52.823224795490816,175.23945878010582,515.744
901,22,21,51.1583012985031,-170.35151586285625,516.435
902,22,22,47.88294896882059,-157.399264215221,516.719
903,22,23,43.345360605046814,-146.25787330147452,516.665
904,22,24,37.88805311858496,-136.81051956605296,516.381
905,22,25,31.786371925445774,-128.74074668433127,516
906,22,26,25.243021672269588,-121.70774187710417,515.663
907,22,27,18.403982284639792,-115.41272534931859,515.506
908,22,28,11.376309293833524,-109.60842376245259,515.641
909,22,29,4.242824293065888,-104.08850393186924,516.144
910,22,30,-2.9270536631468693,-98.67184290115813,517.048
911,22,31,-10.06866786968729,-93.18672288439599,518.332
912,22,32,-17.11436231461864,-87.45538820843323,519.93
913,22,33,-23.98517574226733,-81.27836319855963,521.726
914,22,34,-30.580536178425874,-74.41882470568333,523.574
915,22,35,-36.76474313221174,-66.59030093563567,525.305
916,22,36,-42.34961123161275,-57.46056465699805,526.744
917,22,37,-47.077679910959844,-46.70229612927053,527.729
918,22,38,-50.62114107122744,-34.14163288713044,528.128
919,22,39,-52.62868734755052,-20.01605036273537,527.848
920,23,0,-52.25741875483613,11.170099906375315,526.085
921,23,1,-49.801996484067814,24.942708499747884,524.065
922,23,2,-45.8970680525448,37.034310208184635,521.483
923,23,3,-40.895750825262176,47.34228826959531,518.493
924,23,4,-35.10919065476528,56.10244642733813,515.283
925,23,5,-28.775774803465897,63.65308736609841,512.062
926,23,6,-22.068692963053454,70.31698192038886,509.043
927,23,7,-15.113726482188325,76.36739571361794,506.421
928,23,8,-8.005575933712736,82.03057876204231,504.357
929,23,9,-0.8205041149695791,87.49968198520077,502.969
930,23,10,6.374016203273232,92.95063056554534,502.316
931,23,11,13.51125567365026,98.55784021372145,502.4
932,23,12,20.517253059125494,104.50985830176732,503.161
933,23,13,27.30161165980746,111.02543529823095,504.49
934,23,14,33.74551948131014,118.36847605226328,506.239
935,23,15,39.68593990814533,126.85468556768063,508.23
936,23,16,44.89737082977047,136.82872885038023,510.284
937,23,17,49.08003182841912,148.56777497688114,512.226
938,23,18,51.87959659561312,162.06570409768705,513.913
939,23,19,52.97318159871845,176.76888839943342,515.237
940,23,20,52.21075490242661,-168.42077164865537,516.143
941,23,21,49.70129559003973,-154.65694326346087,516.624
942,23,22,45.749303740040745,-142.60186428406345,516.728
943,23,23,40.712647113992475,-132.34024271654965,516.544
944,23,24,34.90354048904536,-123.62534480734193,516.194
945,23,25,28.559669325673983,-116.11456826767242,515.817
946,23,26,21.85306218340886,-109.48457877242193,515.554
947,23,27,14.908120712698016,-103.46290641522026,515.531
948,23,28,7.818249457988673,-97.82463306669892,515.843
949,23,29,0.6583734066809006,-92.37802848666648,516.546
950,23,30,-6.505460632529188,-86.94862232296414,517.646
951,23,31,-13.608067628719667,-81.36360395940139,519.098
952,23,32,-20.57726651626781,-75.43633164671847,520.812
953,23,33,-27.324767708641094,-68.95055476560363,522.654
954,23,34,-33.73434870692258,-61.64562646713996,524.465
955,23,35,-39.64641018832388,-53.20978276666227,526.071
956,23,36,-44.83980258035102,-43.30208452646561,527.303
957,23,37,-49.01993982410135,-31.64543097192256,528.009
958,23,38,-51.8369625548139,-18.236336999009122,528.076
959,23,39,-52.96834582478608,-3.6061230232605848,527.439
960,24,0,-52.8430904006918,12.841677715161923,526.85
961,24,1,-51.23236445476813,27.23906591003036,525.153
962,24,2,-48.00846394010333,40.216413380223536,522.836
963,24,3,-43.5123860510103,51.401128183875386,520.028
964,24,4,-38.08401124587263,60.89517309246315,516.902
965,24,5,-31.998688355795622,69.00775076971331,513.66
966,24,6,-25.46017899919368,76.07757712675595,510.515
967,24,7,-18.615716441362895,82.4037802982918,507.671
968,24,8,-11.573721397640757,88.23474011348837,505.311
969,24,9,-4.41833069954442,93.77818311557326,503.574
970,24,10,2.7796752563309193,99.21667343087171,502.549
971,24,11,9.954151210515564,104.72343831711362,502.268
972,24,12,17.035803186332444,110.47797514568691,502.701
973,24,13,23.94374039966745,116.6819247612687,503.763
974,24,14,30.575065196900695,123.57496533202392,505.323
975,24,15,36.7910837567459,131.4471954825705,507.215
976,24,16,42.39976531068815,140.63493372763986,509.261
977,24,17,47.13877595308561,151.4679962418736,511.279
978,24,18,50.675174697751416,164.1163317922,513.109
979,24,19,52.65472061357202,178.326157869818,514.625
980,24,20,52.823224795490816,-166.76054390672203,515.744
981,24,21,51.1583012985031,-152.35150853177143,516.435
982,24,22,47.88294896882059,-139.39925688413618,516.719
983,24,23,43.345360605046814,-128.25786597038973,516.665
984,24,24,37.88805311858496,-118.81051223496816,516.381
985,24,25,31.786371925445774,-110.74073935324648,516
986,24,26,25.243021672269588,-103.70773454601937,515.663
987,24,27,18.403982284639792,-97.41271801823379,515.506
988,24,28,11.376309293833524,-91.60841643136779,515.641
989,24,29,4.242824293065888,-86.08849660078444,516.144
990,24,30,-2.9270536631468693,-80.67183557007333,517.048
991,24,31,-10.06866786968729,-75.18671555331119,518.332
992,24,32,-17.11436231461864,-69.45538087734843,519.93
993,24,33,-23.98517574226733,-63.27835586747483,521.726
994,24,34,-30.580536178425874,-56.41882078969312,523.574
995,24,35,-36.76474313221174,-48.590297019645455,525.305
996,24,36,-42.34961123161275,-39.46055732591325,526.744
997,24,37,-47.077679910959844,-28.702288798185727,527.729
998,24,38,-50.62114107122744,-16.14162555604564,528.128
999,24,39,-52.62868734755052,-2.016043885424215,527.848
1000,25,0,-52.25741875483613,29.170091869534485,526.085
1001,25,1,-49.801996484067814,42.942700462907055,524.065
1002,25,2,-45.8970680525448,55.0343038788911,521.483
1003,25,3,-40.895750825262176,65.34228194030177,518.493
1004,25,4,-35.10919065476528,74.10244351313918,515.283
1005,25,5,-28.775774803465897,81.65308103680488,512.062
1006,25,6,-22.068692963053454,88.31697559109533,509.043
1007,25,7,-15.113726482188325,94.3673893843244,506.421
1008,25,8,-8.005575933712736,100.03057243274877,504.357
1009,25,9,-0.8205041149695791,105.49967565590724,502.969
1010,25,10,6.374016203273232,110.9506242362518,502.316
1011,25,11,13.51125567365026,116.55783388442792,502.4
1012,25,12,20.517253059125494,122.50985197247378,503.161
1013,25,13,27.30161165980746,129.0254289689374,504.49
1014,25,14,33.74551948131014,136.36846972296973,506.239
1015,25,15,39.68593990814533,144.8546792383871,508.23
1016,25,16,44.89737082977047,154.8287225210867,510.284
1017,25,17,49.08003182841912,166.5677686475876,512.226
1018,25,18,51.87959659561312,-179.9342985891408,513.913
1019,25,19,52.97318159871845,-165.23111428739443,515.237
1020,25,20,52.21075490242661,-150.42077797794892,516.143
1021,25,21,49.70129559003973,-136.6569495927544,516.624
1022,25,22,45.749303740040745,-124.601870613357,516.728
1023,25,23,40.712647113992475,-114.3402490458432,516.544
1024,25,24,34.90354048904536,-105.62535113663547,516.194
1025,25,25,28.559669325673983,-98.11458142715513,515.817
1026,25,26,21.85306218340886,-91.48458510171545,515.554
1027,25,27,14.908120712698016,-85.4629127445138,515.531
1028,25,28,7.818249457988673,-79.82463939599246,515.843
1029,25,29,0.6583734066809006,-74.37803481596002,516.546
1030,25,30,-6.505460632529188,-68.94862865225768,517.646
1031,25,31,-13.608067628719667,-63.36361028869493,519.098
1032,25,32,-20.57726651626781,-57.43633797601201,520.812
1033,25,33,-27.324767708641094,-50.95056109489716,522.654
1034,25,34,-33.73434870692258,-43.645636211528085,524.465
1035,25,35,-39.64641018832388,-35.20978909595581,526.071
1036,25,36,-44.83980258035102,-25.30209085575915,527.303
1037,25,37,-49.01993982410135,-13.645436447442453,528.009
1038,25,38,-51.8369625548139,-0.23634415539587852,528.076
1039,25,39,-52.96834582478608,14.393870647445878,527.439
1040,26,0,-52.8430904006918,30.841685046246727,526.85
1041,26,1,-51.23236445476813,45.239071533567866,525.153
1042,26,2,-48.00846394010333,58.216420711308345,522.836
1043,26,3,-43.5123860510103,69.40113551496019,520.028
1044,26,4,-38.08401124587263,78.89518042354796,516.902
1045,26,5,-31.998688355795622,87.00775810079811,513.66
1046,26,6,-25.46017899919368,94.07758445784076,510.515
1047,26,7,-18.615716441362895,100.40378762937661,507.671
1048,26,8,-11.573721397640757,106.23474744457317,505.311
1049,26,9,-4.41833069954442,111.77819044665806,503.574
1050,26,10,2.7796752563309193,117.21668759214569,502.549
1051,26,11,9.954151210515564,122.72344564819842,502.268
1052,26,12,17.035803186332444,128.4779893069609,502.701
1053,26,13,23.94374039966745,134.68193209235352,503.763
1054,26,14,30.575065196900695,141.57497266310872,505.323
1055,26,15,36.7910837567459,149.4472028136553,507.215
1056,26,16,42.39976531068815,158.63494105872468,509.261
1057,26,17,47.13877595308561,169.46800357295842,511.279
1058,26,18,50.675174697751416,-177.88365723424954,513.109
1059,26,19,52.65472061357202,-163.67384481700986,514.625
1060,26,20,52.823224795490816,-148.76053657563725,515.744
1061,26,21,51.1583012985031,-134.35150120068664,516.435
1062,26,22,47.88294896882059,-121.39924955305138,516.719
1063,26,23,43.345360605046814,-110.25786546949409,516.665
1064,26,24,37.88805311858496,-100.81049807369419,516.381
1065,26,25,31.786371925445774,-92.74073202216168,516
1066,26,26,25.243021672269588,-85.70772721493456,515.663
1067,26,27,18.403982284639792,-79.41271068714899,515.506
1068,26,28,11.376309293833524,-73.60840910028298,515.641
1069,26,29,4.242824293065888,-68.08848926969964,516.144
1070,26,30,-2.9270536631468693,-62.67182823898853,517.048
1071,26,31,-10.06866786968729,-57.186711637320975,518.332
1072,26,32,-17.11436231461864,-51.45537354626363,519.93
1073,26,33,-23.98517574226733,-45.27834853639003,521.726
1074,26,34,-30.580536178425874,-38.41881345860832,523.574
1075,26,35,-36.76474313221174,-30.590289688560652,525.305
1076,26,36,-42.34961123161275,-21.460549994828444,526.744
1077,26,37,-47.077679910959844,-10.702281467100924,527.729
1078,26,38,-50.62114107122744,1.8583815615957529,528.128
1079,26,39,-52.62868734755052,15.983964299434234,527.848
1080,27,0,-52.25741875483613,47.17008554024095,526.085
1081,27,1,-49.801996484067814,60.942697548708104,524.065
1082,27,2,-45.8970680525448,73.03429754959757,521.483
1083,27,3,-40.895750825262176,83.34227561100823,518.493
1084,27,4,-35.10919065476528,92.10243718384564,515.283
1085,27,5,-28.775774803465897,99.65307470751134,512.062
1086,27,6,-22.068692963053454,106.31696926180179,509.043
1087,27,7,-15.113726482188325,112.36738305503086,506.421
1088,27,8,-8.005575933712736,118.03057293364441,504.357
1089,27,9,-0.8205041149695791,123.4996693266137,502.969
1090,27,10,6.374016203273232,128.9506110767691,502.316
1091,27,11,13.51125567365026,134.55782755513437,502.4
1092,27,12,20.517253059125494,140.50984564318026,503.161
1093,27,13,27.30161165980746,147.02542263964386,504.49
1094,27,14,33.74551948131014,154.3684633936762,506.239
1095,27,15,39.68593990814533,162.85467290909358,508.23
1096,27,16,44.89737082977047,172.82871619179315,510.284
1097,27,17,49.08003182841912,-175.43223403924026,512.226
1098,27,18,51.87959659561312,-161.93430491843435,513.913
1099,27,19,52.97318159871845,-147.23112061668797,515.237
1100,27,20,52.21075490242661,-132.42078430724246,516.143
1101,27,21,49.70129559003973,-118.65695592204794,516.624
1102,27,22,45.749303740040745,-106.60187694265053,516.728
1103,27,23,40.712647113992475,-96.34025537513673,516.544
1104,27,24,34.90354048904536,-87.625357465929,516.194
1105,27,25,28.559669325673983,-80.11458775644867,515.817
1106,27,26,21.85306218340886,-73.484591431009,515.554
1107,27,27,14.908120712698016,-67.46291907380733,515.531
1108,27,28,7.818249457988673,-61.824645725286,515.843
1109,27,29,0.6583734066809006,-56.378044560348144,516.546
1110,27,30,-6.505460632529188,-50.9486383966458,517.646
1111,27,31,-13.608067628719667,-45.36361661798847,519.098
1112,27,32,-20.57726651626781,-39.436347720400136,520.812
1113,27,33,-27.324767708641094,-32.950567424190695,522.654
1114,27,34,-33.73434870692258,-25.645642540821623,524.465
1115,27,35,-39.64641018832388,-17.20979713279664,526.071
1116,27,36,-44.83980258035102,-7.30209633127904,527.303
1117,27,37,-49.01993982410135,4.354557223264011,528.009
1118,27,38,-51.8369625548139,17.763650342403803,528.076
1119,27,39,-52.96834582478608,32.39386602569964,527.439
1120,28,0,-52.8430904006918,48.84166505657485,526.85
1121,28,1,-51.23236445476813,63.23905495899058,525.153
1122,28,2,-48.00846394010333,76.21640072163646,522.836
1123,28,3,-43.5123860510103,87.40111552528832,520.028
1124,28,4,-38.08401124587263,96.89516043387609,516.902
1125,28,5,-31.998688355795622,105.00773811112623,513.66
1126,28,6,-25.46017899919368,112.07756446816889,510.515
1127,28,7,-18.615716441362895,118.40376080951556,507.671
1128,28,8,-11.573721397640757,124.23472062471212,505.311
1129,28,9,-4.41833069954442,129.77817045698617,503.574
1130,28,10,2.7796752563309193,135.21666760247382,502.549
1131,28,11,9.954151210515564,140.72342565852654,502.268
1132,28,12,17.035803186332444,146.47796931728902,502.701
1133,28,13,23.94374039966745,152.68191210268162,503.763
1134,28,14,30.575065196900695,159.57495267343685,505.323
1135,28,15,36.7910837567459,167.4471828239834,507.215
1136,28,16,42.39976531068815,176.63492106905278,509.261
1137,28,17,47.13877595308561,-172.5320127742478,511.279
1138,28,18,50.675174697751416,-159.8836772239214,513.109
1139,28,19,52.65472061357202,-145.67386480668176,514.625
1140,28,20,52.823224795490816,-130.76055656530912,515.744
1141,28,21,51.1583012985031,-116.35152119035851,516.435
1142,28,22,47.88294896882059,-103.39927637291242,516.719
1143,28,23,43.345360605046814,-92.25788545916596,516.665
1144,28,24,37.88805311858496,-82.81051806336606,516.381
1145,28,25,31.786371925445774,-74.74075201183355,516
1146,28,26,25.243021672269588,-67.70774720460643,515.663
1147,28,27,18.403982284639792,-61.41273067682087,515.506
1148,28,28,11.376309293833524,-55.60842567486028,515.641
1149,28,29,4.242824293065888,-50.08850584427692,516.144
1150,28,30,-2.9270536631468693,-44.67184822866041,517.048
1151,28,31,-10.06866786968729,-39.18673162699285,518.332
1152,28,32,-17.11436231461864,-33.45539353593551,519.93
1153,28,33,-23.98517574226733,-27.278368526061904,521.726
1154,28,34,-30.580536178425874,-20.4188317407329,523.574
1155,28,35,-36.76474313221174,-12.59030967823253,525.305
1156,28,36,-42.34961123161275,-3.460569771056909,526.744
1157,28,37,-47.077679910959844,7.297698543227199,527.729
1158,28,38,-50.62114107122744,19.858361785367286,528.128
1159,28,39,-52.62868734755052,33.98394430976236,527.848
1160,29,0,-52.25741875483613,65.17009287132575,526.085
1161,29,1,-49.801996484067814,78.9427048797929,524.065
1162,29,2,-45.8970680525448,91.03430488068237,521.483
1163,29,3,-40.895750825262176,101.34228294209304,518.493
1164,29,4,-35.10919065476528,110.10244451493044,515.283
1165,29,5,-28.775774803465897,117.65308203859614,512.062
1166,29,6,-22.068692963053454,124.31698342307577,509.043
1167,29,7,-15.113726482188325,130.36739721630482,506.421
1168,29,8,-8.005575933712736,136.0305802647292,504.357
1169,29,9,-0.8205041149695791,141.4996766576985,502.969
1170,29,10,6.374016203273232,146.9506184078539,502.316
1171,29,11,13.51125567365026,152.55783488621918,502.4
1172,29,12,20.517253059125494,158.50985297426504,503.161
1173,29,13,27.30161165980746,165.02542997072868,504.49
1174,29,14,33.74551948131014,172.368470724761,506.239
1175,29,15,39.68593990814533,-179.1453297777343,508.23
1176,29,16,44.89737082977047,-169.1712864950347,510.284
1177,29,17,49.08003182841912,-157.43222670815547,512.226
1178,29,18,51.87959659561312,-143.93429758734953,513.913
1179,29,19,52.97318159871845,-129.2311132856032,515.237
1180,29,20,52.21075490242661,-114.42078380634682,516.143
1181,29,21,49.70129559003973,-100.65694176077396,516.624
1182,29,22,45.749303740040745,-88.60186961156573,516.728
1183,29,23,40.712647113992475,-78.34024804405193,516.544
1184,29,24,34.90354048904536,-69.6253501348442,516.194
1185,29,25,28.559669325673983,-62.11458042536387,515.817
1186,29,26,21.85306218340886,-55.48458409992419,515.554
1187,29,27,14.908120712698016,-49.46291174272253,515.531
1188,29,28,7.818249457988673,-43.824638394201195,515.843
1189,29,29,0.6583734066809006,-38.37803722926334,516.546
1190,29,30,-6.505460632529188,-32.948631065560996,517.646
1191,29,31,-13.608067628719667,-27.363607579356373,519.098
1192,29,32,-20.57726651626781,-21.436338681768042,520.812
1193,29,33,-27.324767708641094,-14.950558385558598,522.654
1194,29,34,-33.73434870692258,-7.6456352097368185,524.465
1195,29,35,-39.64641018832388,0.79021051845328,526.071
1196,29,36,-44.83980258035102,10.697910999805762,527.303
1197,29,37,-49.01993982410135,22.354563700575167,528.009
1198,29,38,-51.8369625548139,35.76365596594132,528.076
1199,29,39,-52.96834582478608,50.39387335678444,527.439
1200,30,0,-52.8430904006918,66.84167238765966,526.85
1201,30,1,-51.23236445476813,81.23906229007538,525.153
1202,30,2,-48.00846394010333,94.21640805272126,522.836
1203,30,3,-43.5123860510103,105.40112285637312,520.028
1204,30,4,-38.08401124587263,114.89517459515005,516.902
1205,30,5,-31.998688355795622,123.00774544221103,513.66
1206,30,6,-25.46017899919368,130.07756496906453,510.515
1207,30,7,-18.615716441362895,136.40376814060036,507.671
1208,30,8,-11.573721397640757,142.23472795579693,505.311
1209,30,9,-4.41833069954442,147.778177788071,503.574
1210,30,10,2.7796752563309193,153.2166749335586,502.549
1211,30,11,9.954151210515564,158.72343298961135,502.268
1212,30,12,17.035803186332444,164.4779766483738,502.701
1213,30,13,23.94374039966745,170.68191943376644,503.763
1214,30,14,30.575065196900695,177.57496000452164,505.323
1215,30,15,36.7910837567459,-174.55281986284444,507.215
1216,30,16,42.39976531068815,-165.36508161777508,509.261
1217,30,17,47.13877595308561,-154.532005443163,511.279
1218,30,18,50.675174697751416,-141.88366989283662,513.109
1219,30,19,52.65472061357202,-127.67385747559695,514.625
1220,30,20,52.823224795490816,-112.76054240403514,515.744
1221,30,21,51.1583012985031,-98.35151385927371,516.435
1222,30,22,47.88294896882059,-85.39926904182762,516.719
1223,30,23,43.345360605046814,-74.25787812808116,516.665
1224,30,24,37.88805311858496,-64.81051073228126,516.381
1225,30,25,31.786371925445774,-56.74074468074875,516
1226,30,26,25.243021672269588,-49.70774328861622,515.663
1227,30,27,18.403982284639792,-43.41272334573606,515.506
1228,30,28,11.376309293833524,-37.608418343775476,515.641
1229,30,29,4.242824293065888,-32.08849851319212,516.144
1230,30,30,-2.9270536631468693,-26.67183919002831,517.048
1231,30,31,-10.06866786968729,-21.186724295908046,518.332
1232,30,32,-17.11436231461864,-15.455386204850702,519.93
1233,30,33,-23.98517574226733,-9.278362048750747,521.726
1234,30,34,-30.580536178425874,-2.4188250499783326,523.574
1235,30,35,-36.76474313221174,5.409698079739098,525.305
1236,30,36,-42.34961123161275,14.539437346584483,526.744
1237,30,37,-47.077679910959844,25.297705874312,527.729
1238,30,38,-50.62114107122744,37.85836911645209,528.128
1239,30,39,-52.62868734755052,51.98395164084716,527.848
1240,31,0,-52.25741875483613,83.17010020241055,526.085
1241,31,1,-49.801996484067814,96.9427122108777,524.065
1242,31,2,-45.8970680525448,109.03431221176717,521.483
1243,31,3,-40.895750825262176,119.34228344298867,518.493
1244,31,4,-35.10919065476528,128.10245184601524,515.283
1245,31,5,-28.775774803465897,135.65308936968094,512.062
1246,31,6,-22.068692963053454,142.31699075416057,509.043
1247,31,7,-15.113726482188325,148.36740454738964,506.421
1248,31,8,-8.005575933712736,154.030587595814,504.357
1249,31,9,-0.8205041149695791,159.4996839887833,502.969
1250,31,10,6.374016203273232,164.9506257389387,502.316
1251,31,11,13.51125567365026,170.557842217304,502.4
1252,31,12,20.517253059125494,176.50986030534986,503.161
1253,31,13,27.30161165980746,-176.97455905572085,504.49
1254,31,14,33.74551948131014,-169.63153196206684,506.239
1255,31,15,39.68593990814533,-161.1453224466495,508.23
1256,31,16,44.89737082977047,-151.17127916394992,510.284
1257,31,17,49.08003182841912,-139.43221937707065,512.226
1258,31,18,51.87959659561312,-125.93429025626475,513.913
1259,31,19,52.97318159871845,-111.23110595451837,515.237
1260,31,20,52.21075490242661,-96.42077647526202,516.143
1261,31,21,49.70129559003973,-82.65693442968916,516.624
1262,31,22,45.749303740040745,-70.60186228048093,516.728
1263,31,23,40.712647113992475,-60.34024071296712,516.544
1264,31,24,34.90354048904536,-51.625342803759395,516.194
1265,31,25,28.559669325673983,-44.11456967918448,515.817
1266,31,26,21.85306218340886,-37.48457676883939,515.554
1267,31,27,14.908120712698016,-31.462904411637727,515.531
1268,31,28,7.818249457988673,-25.824631063116392,515.843
1269,31,29,0.6583734066809006,-20.37802989817854,516.546
1270,31,30,-6.505460632529188,-14.948622026928899,517.646
1271,31,31,-13.608067628719667,-9.363600248271569,519.098
1272,31,32,-20.57726651626781,-3.436331564126649,520.812
1273,31,33,-27.324767708641094,3.049448518639382,522.654
1274,31,34,-33.73434870692258,10.354372121347986,524.465
1275,31,35,-39.64641018832388,18.790217529372967,526.071
1276,31,36,-44.83980258035102,28.69791747711692,527.303
1277,31,37,-49.01993982410135,40.35457103165997,528.009
1278,31,38,-51.8369625548139,53.76366329702612,528.076
1279,31,39,-52.96834582478608,68.39388068786924,527.439
1280,32,0,-52.8430904006918,84.84167971874446,526.85
1281,32,1,-51.23236445476813,99.23906962116018,525.153
1282,32,2,-48.00846394010333,112.21641538380607,522.836
1283,32,3,-43.5123860510103,123.40112335726876,520.028
1284,32,4,-38.08401124587263,132.89518192623487,516.902
1285,32,5,-31.998688355795622,141.00775277329583,513.66
1286,32,6,-25.46017899919368,148.0775723001493,510.515
1287,32,7,-18.615716441362895,154.40377547168518,507.671
1288,32,8,-11.573721397640757,160.23473528688174,505.311
1289,32,9,-4.41833069954442,165.77818511915578,503.574
1290,32,10,2.7796752563309193,171.21668226464342,502.549
1291,32,11,9.954151210515564,176.72344032069617,502.268
1292,32,12,17.035803186332444,-177.52202603845404,502.701
1293,32,13,23.94374039966745,-171.3180695926831,503.763
1294,32,14,30.575065196900695,-164.4250426823062,505.323
1295,32,15,36.7910837567459,-156.55281253175963,507.215
1296,32,16,42.39976531068815,-147.36507428669026,509.261
1297,32,17,47.13877595308561,-136.53199811207818,511.279
1298,32,18,50.675174697751416,-123.88366256175182,513.109
1299,32,19,52.65472061357202,-109.67384331432298,514.625
1300,32,20,52.823224795490816,-94.76053507295033,515.744
1301,32,21,51.1583012985031,-80.3515065281889,516.435
1302,32,22,47.88294896882059,-67.39926171074282,516.719
1303,32,23,43.345360605046814,-56.25786738190177,516.665
1304,32,24,37.88805311858496,-46.810506816291046,516.381
1305,32,25,31.786371925445774,-38.740737349663945,516
1306,32,26,25.243021672269588,-31.70773595753142,515.663
1307,32,27,18.403982284639792,-25.412716014651263,515.506
1308,32,28,11.376309293833524,-19.608412720237965,515.641
1309,32,29,4.242824293065888,-14.088492035880963,516.144
1310,32,30,-2.9270536631468693,-8.671832712717153,517.048
1311,32,31,-10.06866786968729,-3.186716537936421,518.332
1312,32,32,-17.11436231461864,2.544620912790689,519.93
1313,32,33,-23.98517574226733,8.721645282334055,521.726
1314,32,34,-30.580536178425874,15.581182921436705,523.574
1315,32,35,-36.76474313221174,23.40970498393708,525.305
1316,32,36,-42.34961123161275,32.53944467766929,526.744
1317,32,37,-47.077679910959844,43.2977132053968,527.729
1318,32,38,-50.62114107122744,55.85837644753689,528.128
1319,32,39,-52.62868734755052,69.98395555683739,527.848
1320,33,0,-52.25741875483613,101.17010753349535,526.085
1321,33,1,-49.801996484067814,114.94271271177334,524.065
1322,33,2,-45.8970680525448,127.03431954285197,521.483
1323,33,3,-40.895750825262176,137.3422907740735,518.493
1324,33,4,-35.10919065476528,146.10245917710006,515.283
1325,33,5,-28.775774803465897,153.65309670076576,512.062
1326,33,6,-22.068692963053454,160.31699808524536,509.043
1327,33,7,-15.113726482188325,166.36741187847446,506.421
1328,33,8,-8.005575933712736,172.03059492689883,504.357
1329,33,9,-0.8205041149695791,177.4996913198681,502.969
1330,33,10,6.374016203273232,-177.04936328751083,502.316
1331,33,11,13.51125567365026,-171.44214680914553,502.4
1332,33,12,20.517253059125494,-165.49012872109967,503.161
1333,33,13,27.30161165980746,-158.97455172463603,504.49
1334,33,14,33.74551948131014,-151.63152463098206,506.239
1335,33,15,39.68593990814533,-143.1453151155647,508.23
1336,33,16,44.89737082977047,-133.1712718328651,510.284
1337,33,17,49.08003182841912,-121.43221204598585,512.226
1338,33,18,51.87959659561312,-107.93428292517994,513.913
1339,33,19,52.97318159871845,-93.23109862343357,515.237
1340,33,20,52.21075490242661,-78.42076914417721,516.143
1341,33,21,49.70129559003973,-64.65692709860436,516.624
1342,33,22,45.749303740040745,-52.60185153430154,516.728
1343,33,23,40.712647113992475,-42.34023338188232,516.544
1344,33,24,34.90354048904536,-33.62533547267459,516.194
1345,33,25,28.559669325673983,-26.11456405564697,515.817
1346,33,26,21.85306218340886,-19.484567730207292,515.554
1347,33,27,14.908120712698016,-13.462895373005631,515.531
1348,33,28,7.818249457988673,-7.824623732031587,515.843
1349,33,29,0.6583734066809006,-2.3780221402069115,516.546
1350,33,30,-6.505460632529188,3.051384663825669,517.646
1351,33,31,-13.608067628719667,8.636407082813236,519.098
1352,33,32,-20.57726651626781,14.563675980401566,520.812
1353,33,33,-27.324767708641094,21.049456276611007,522.654
1354,33,34,-33.73434870692258,28.354379452432788,524.465
1355,33,35,-39.64641018832388,36.79022656800506,526.071
1356,33,36,-44.83980258035102,46.697924808201726,527.303
1357,33,37,-49.01993982410135,58.35458177783936,528.009
1358,33,38,-51.8369625548139,71.76367062811092,528.076
1359,33,39,-52.96834582478608,86.39388801895404,527.439
1360,34,0,-52.8430904006918,102.84165972907257,526.85
1361,34,1,-51.23236445476813,117.23904963148831,525.153
1362,34,2,-48.00846394010333,130.2163953941342,522.836
1363,34,3,-43.5123860510103,141.40110336759687,520.028
1364,34,4,-38.08401124587263,150.89516193656297,516.902
1365,34,5,-31.998688355795622,159.00773278362396,513.66
1366,34,6,-25.46017899919368,166.07755231047744,510.515
1367,34,7,-18.615716441362895,172.40375548201328,507.671
1368,34,8,-11.573721397640757,178.23471529720985,505.311
1369,34,9,-4.41833069954442,-176.22183122805043,503.574
1370,34,10,2.7796752563309193,-170.78334774294112,502.549
1371,34,11,9.954151210515564,-165.27657602651004,502.268
1372,34,12,17.035803186332444,-159.5220460281259,502.701
1373,34,13,23.94374039966745,-153.31808958235496,503.763
1374,34,14,30.575065196900695,-146.42506267197808,505.323
1375,34,15,36.7910837567459,-138.55283252143153,507.215
1376,34,16,42.39976531068815,-129.36509427636216,509.261
1377,34,17,47.13877595308561,-118.53201810175007,511.279
1378,34,18,50.675174697751416,-105.88368255142369,513.109
1379,34,19,52.65472061357202,-91.67386330399485,514.625
1380,34,20,52.823224795490816,-76.76055506262222,515.744
1381,34,21,51.1583012985031,-62.35152651786078,516.435
1382,34,22,47.88294896882059,-49.39927828532011,516.719
1383,34,23,43.345360605046814,-38.257887371573645,516.665
1384,34,24,37.88805311858496,-28.81052680596292,516.381
1385,34,25,31.786371925445774,-20.740759046883113,516
1386,34,26,25.243021672269588,-13.707755093429649,515.663
1387,34,27,18.403982284639792,-7.412736004323138,515.506
1388,34,28,11.376309293833524,-1.6084320695796055,515.641
1389,34,29,4.242824293065888,3.911487974447161,516.144
1390,34,30,-2.9270536631468693,9.32814729761097,517.048
1391,34,31,-10.06866786968729,14.813263045504879,518.332
1392,34,32,-17.11436231461864,20.544601136562225,519.93
1393,34,33,-23.98517574226733,26.721626146435824,521.726
1394,34,34,-30.580536178425874,33.58116122421754,523.574
1395,34,35,-36.76474313221174,41.4096849942652,525.305
1396,34,36,-42.34961123161275,50.53942468799741,526.744
1397,34,37,-47.077679910959844,61.297689800630344,527.729
1398,34,38,-50.62114107122744,73.85835304277043,528.128
1399,34,39,-52.62868734755052,87.9839355671655,527.848
1400,35,0,-52.25741875483613,119.17009437401265,526.085
1401,35,1,-49.801996484067814,132.94269272210147,524.065
1402,35,2,-45.8970680525448,145.0342995531801,521.483
1403,35,3,-40.895750825262176,155.3422707844016,518.493
1404,35,4,-35.10919065476528,164.1024391874282,515.283
1405,35,5,-28.775774803465897,171.65307671109386,512.062
1406,35,6,-22.068692963053454,178.3169780955735,509.043
1407,35,7,-15.113726482188325,-175.6326181291101,506.421
1408,35,8,-8.005575933712736,-169.96943508068574,504.357
1409,35,9,-0.8205041149695791,-164.5003250273381,502.969
1410,35,10,6.374016203273232,-159.0493832771827,502.316
1411,35,11,13.51125567365026,-153.44216679881742,502.4
1412,35,12,20.517253059125494,-147.49014871077154,503.161
1413,35,13,27.30161165980746,-140.97457171430793,504.49
1414,35,14,33.74551948131014,-133.63154462065393,506.239
1415,35,15,39.68593990814533,-125.14533510523657,508.23
1416,35,16,44.89737082977047,-115.17129182253699,510.284
1417,35,17,49.08003182841912,-103.4322388658469,512.226
1418,35,18,51.87959659561312,-89.93430291485181,513.913
1419,35,19,52.97318159871845,-75.23111861310545,515.237
1420,35,20,52.21075490242661,-60.420789133849084,516.143
1421,35,21,49.70129559003973,-46.656950503370815,516.624
1422,35,22,45.749303740040745,-34.601871523973415,516.728
1423,35,23,40.712647113992475,-24.340255079101492,516.544
1424,35,24,34.90354048904536,-15.62535546234647,516.194
1425,35,25,28.559669325673983,-8.1145831915452,515.817
1426,35,26,21.85306218340886,-1.4845879333225807,515.554
1427,35,27,14.908120712698016,4.537084637322493,515.531
1428,35,28,7.818249457988673,10.175356278296537,515.843
1429,35,29,0.6583734066809006,15.62195744323439,516.546
1430,35,30,-6.505460632529188,21.051365314484027,517.646
1431,35,31,-13.608067628719667,26.63638709314136,519.098
1432,35,32,-20.57726651626781,32.563654283182395,520.812
1433,35,33,-27.324767708641094,39.04943457939184,522.654
1434,35,34,-33.73434870692258,46.35435946276091,524.465
1435,35,35,-39.64641018832388,54.79020657833318,526.071
1436,35,36,-44.83980258035102,64.69790823362443,527.303
1437,35,37,-49.01993982410135,76.35456178816749,528.009
1438,35,38,-51.8369625548139,89.76365063843905,528.076
1439,35,39,-52.96834582478608,104.39386802928217,527.439
1440,36,0,-52.8430904006918,120.84167389034656,526.85
1441,36,1,-51.23236445476813,135.2390569625731,525.153
1442,36,2,-48.00846394010333,148.216402725219,522.836
1443,36,3,-43.5123860510103,159.4011106986817,520.028
1444,36,4,-38.08401124587263,168.8951692676478,516.902
1445,36,5,-31.998688355795622,177.00774011470878,513.66
1446,36,6,-25.46017899919368,-175.92243671597208,510.515
1447,36,7,-18.615716441362895,-169.59623354443625,507.671
1448,36,8,-11.573721397640757,-163.76527372923965,505.311
1449,36,9,-4.41833069954442,-158.22182389696562,503.574
1450,36,10,2.7796752563309193,-152.78334041185633,502.549
1451,36,11,9.954151210515564,-147.27656869542525,502.268
1452,36,12,17.035803186332444,-141.52203869704113,502.701
1453,36,13,23.94374039966745,-135.31808225127017,503.763
1454,36,14,30.575065196900695,-128.4250553408933,505.323
1455,36,15,36.7910837567459,-120.55282519034671,507.215
1456,36,16,42.39976531068815,-111.36508011508818,509.261
1457,36,17,47.13877595308561,-100.53201760085443,511.279
1458,36,18,50.675174697751416,-87.88367522033889,513.109
1459,36,19,52.65472061357202,-73.67385597291005,514.625
1460,36,20,52.823224795490816,-58.76054773153741,515.744
1461,36,21,51.1583012985031,-44.35152260187056,516.435
1462,36,22,47.88294896882059,-31.399270954235302,516.719
1463,36,23,43.345360605046814,-20.257880040488843,516.665
1464,36,24,37.88805311858496,-10.810518621104471,516.381
1465,36,25,31.786371925445774,-2.740751288911486,516
1466,36,26,25.243021672269588,4.292252237655155,515.663
1467,36,27,18.403982284639792,10.587271326761664,515.506
1468,36,28,11.376309293833524,16.391574621174964,515.641
1469,36,29,4.242824293065888,21.91149615930561,516.144
1470,36,30,-2.9270536631468693,27.32815548246942,517.048
1471,36,31,-10.06866786968729,32.813270376589685,518.332
1472,36,32,-17.11436231461864,38.54460846764703,519.93
1473,36,33,-23.98517574226733,44.721633477520626,521.726
1474,36,34,-30.580536178425874,51.58116855530234,523.574
1475,36,35,-36.76474313221174,59.40969574044459,525.305
1476,36,36,-42.34961123161275,68.53943201908221,526.744
1477,36,37,-47.077679910959844,79.29769713171515,527.729
1478,36,38,-50.62114107122744,91.85836037385523,528.128
1479,36,39,-52.62868734755052,105.9839428982503,527.848
1480,37,0,-52.25741875483613,137.17010170509747,526.085
1481,37,1,-49.801996484067814,150.94270005318626,524.065
1482,37,2,-45.8970680525448,163.0343068842649,521.483
1483,37,3,-40.895750825262176,173.3422781154864,518.493
1484,37,4,-35.10919065476528,-177.89754983902134,515.283
1485,37,5,-28.775774803465897,-170.34691231535567,512.062
1486,37,6,-22.068692963053454,-163.68302459125437,509.043
1487,37,7,-15.113726482188325,-157.6326107980253,506.421
1488,37,8,-8.005575933712736,-151.96942774960092,504.357
1489,37,9,-0.8205041149695791,-146.5003176962533,502.969
1490,37,10,6.374016203273232,-141.0493759460979,502.316
1491,37,11,13.51125567365026,-135.4421594677326,502.4
1492,37,12,20.517253059125494,-129.49014137968675,503.161
1493,37,13,27.30161165980746,-122.97456438322311,504.49
1494,37,14,33.74551948131014,-115.63153728956912,506.239
1495,37,15,39.68593990814533,-107.14532094396259,508.23
1496,37,16,44.89737082977047,-97.17127766126302,510.284
1497,37,17,49.08003182841912,-85.4322315347621,512.226
1498,37,18,51.87959659561312,-71.93429558376701,513.913
1499,37,19,52.97318159871845,-57.231114697115224,515.237
1500,37,20,52.21075490242661,-42.42078180276428,516.143
1501,37,21,49.70129559003973,-28.656943172286013,516.624
1502,37,22,45.749303740040745,-16.6018659004359,516.728
1503,37,23,40.712647113992475,-6.3402473211298656,516.544
1504,37,24,34.90354048904536,2.374652295625156,516.194
1505,37,25,28.559669325673983,9.885424139539603,515.817
1506,37,26,21.85306218340886,16.515419611205633,515.554
1507,37,27,14.908120712698016,22.537091968407296,515.531
1508,37,28,7.818249457988673,28.17536360938134,515.843
1509,37,29,0.6583734066809006,33.621964774319196,516.546
1510,37,30,-6.505460632529188,39.05137093802154,517.646
1511,37,31,-13.608067628719667,44.63639271667887,519.098
1512,37,32,-20.57726651626781,50.5636616142672,520.812
1513,37,33,-27.324767708641094,57.049441910476645,522.654
1514,37,34,-33.73434870692258,64.3543702089403,524.465
1515,37,35,-39.64641018832388,72.79021390941799,526.071
1516,37,36,-44.83980258035102,82.69791556470923,527.303
1517,37,37,-49.01993982410135,94.35456911925229,528.009
1518,37,38,-51.8369625548139,107.76365796952385,528.076
1519,37,39,-52.96834582478608,122.39387536036698,527.439
1520,38,0,-52.8430904006918,138.84168122143134,526.85
1521,38,1,-51.23236445476813,153.23906429365792,525.153
1522,38,2,-48.00846394010333,166.2164100563038,522.836
1523,38,3,-43.5123860510103,177.40111802976648,520.028
1524,38,4,-38.08401124587263,-173.10483341918007,516.902
1525,38,5,-31.998688355795622,-164.99224891174075,513.66
1526,38,6,-25.46017899919368,-157.92242938488727,510.515
1527,38,7,-18.615716441362895,-151.59622621335143,507.671
1528,38,8,-11.573721397640757,-145.76526639815486,505.311
1529,38,9,-4.41833069954442,-140.2218165658808,503.574
1530,38,10,2.7796752563309193,-134.7833330807715,502.549
1531,38,11,9.954151210515564,-129.27656136434044,502.268
1532,38,12,17.035803186332444,-123.52203136595632,502.701
1533,38,13,23.94374039966745,-117.31807492018535,503.763
1534,38,14,30.575065196900695,-110.42504117961931,505.323
1535,38,15,36.7910837567459,-102.55281102907274,507.215
1536,38,16,42.39976531068815,-93.36507278400337,509.261
1537,38,17,47.13877595308561,-82.53201026976963,511.279
1538,38,18,50.675174697751416,-69.88366788925408,513.109
1539,38,19,52.65472061357202,-55.67385205691983,514.625
1540,38,20,52.823224795490816,-40.76054381554719,515.744
1541,38,21,51.1583012985031,-26.35151527078576,516.435
1542,38,22,47.88294896882059,-13.399264476924145,516.719
1543,38,23,43.345360605046814,-2.257873349734275,516.665
1544,38,24,37.88805311858496,7.189488709980333,516.381
1545,38,25,31.786371925445774,15.259255615286495,516
1546,38,26,25.243021672269588,22.292258714966312,515.663
1547,38,27,18.403982284639792,28.58727865784647,515.506
1548,38,28,11.376309293833524,34.39158365980706,515.641
1549,38,29,4.242824293065888,39.911503490390416,516.144
1550,38,30,-2.9270536631468693,45.32816110600693,517.048
1551,38,31,-10.06866786968729,50.81327770767449,518.332
1552,38,32,-17.11436231461864,56.54461579873183,519.93
1553,38,33,-23.98517574226733,62.72164080860543,521.726
1554,38,34,-30.580536178425874,69.58117930148173,523.574
1555,38,35,-36.76474313221174,77.40970307152939,525.305
1556,38,36,-42.34961123161275,86.53943935016702,526.744
1557,38,37,-47.077679910959844,97.29770446279996,527.729
1558,38,38,-50.62114107122744,109.85836770494004,528.128
1559,38,39,-52.62868734755052,123.98395705952429,527.848
1560,39,0,-52.25741875483613,155.17010903618225,526.085
1561,39,1,-49.801996484067814,168.94270738427107,524.065
1562,39,2,-45.8970680525448,-178.96568214218462,521.483
1563,39,3,-40.895750825262176,-168.65771091096312,518.493
1564,39,4,-35.10919065476528,-159.89754250793655,515.283
1565,39,5,-28.775774803465897,-152.34690498427085,512.062
1566,39,6,-22.068692963053454,-145.68301726016958,509.043
1567,39,7,-15.113726482188325,-139.63260346694048,506.421
1568,39,8,-8.005575933712736,-133.9694204185161,504.357
1569,39,9,-0.8205041149695791,-128.5003103651685,502.969
1570,39,10,6.374016203273232,-123.0493686150131,502.316
1571,39,11,13.51125567365026,-117.4421521366478,502.4
1572,39,12,20.517253059125494,-111.49013404860193,503.161
1573,39,13,27.30161165980746,-104.97456388232749,504.49
1574,39,14,33.74551948131014,-97.63152312829516,506.239
1575,39,15,39.68593990814533,-89.14531361287779,508.23
1576,39,16,44.89737082977047,-79.17127033017822,510.284
1577,39,17,49.08003182841912,-67.4322242036773,512.226
1578,39,18,51.87959659561312,-53.93428825268221,513.913
1579,39,19,52.97318159871845,-39.23110736603042,515.237
1580,39,20,52.21075490242661,-24.42077447167948,516.143
1581,39,21,49.70129559003973,-10.656934987427563,516.624
1582,39,22,45.749303740040745,1.3981420709791372,516.728
1583,39,23,40.712647113992475,11.659760436841761,516.544
1584,39,24,34.90354048904536,20.374659199823135,516.194
1585,39,25,28.559669325673983,27.885430616850762,515.817
1586,39,26,21.85306218340886,34.51542523474315,515.554
1587,39,27,14.908120712698016,40.53709759194481,515.531
1588,39,28,7.818249457988673,46.175370940466145,515.843
1589,39,29,0.6583734066809006,51.621972105404,516.546
1590,39,30,-6.505460632529188,57.051378269106344,517.646
1591,39,31,-13.608067628719667,62.63640004776367,519.098
1592,39,32,-20.57726651626781,68.56367236044659,520.812
1593,39,33,-27.324767708641094,75.04944924156145,522.654
1594,39,34,-33.73434870692258,82.3543775400251,524.465
1595,39,35,-39.64641018832388,90.79022124050279,526.071
1596,39,36,-44.83980258035102,100.69792289579404,527.303
1597,39,37,-49.01993982410135,112.35457645033709,528.009
1598,39,38,-51.8369625548139,125.76367213079783,528.076
1599,39,39,-52.96834582478608,140.39388269145178,527.439
