0,0,0,52.02593681367523,-55.01800021734228,514.016
1,0,1,52.98063675019752,-40.26335727038904,515.31
2,0,2,52.07835168536591,-25.49569598287775,516.183
3,0,3,49.44699057176723,-11.846543058753161,516.634
4,0,4,45.40013422438594,0.06923262503646076,516.713
5,0,5,40.294680517922714,10.20228686042025,516.512
6,0,6,34.43747228574579,18.81346066311852,516.156
7,0,7,28.060693270953287,26.24649257456035,515.785
8,0,8,21.33204510823653,32.821364150756146,515.537
9,0,9,14.373098334632578,38.80649841099282,515.538
10,0,10,7.275431272759311,44.42377917310013,515.881
11,0,11,0.11299446080173903,49.863058375247725,516.616
12,0,12,-7.048511044190331,55.298143841244936,517.746
13,0,13,-14.143647520976108,60.902351621280836,519.224
14,0,14,-21.09934397830878,66.86400027605643,520.954
15,0,15,-27.82566646161315,73.4022535005645,522.802
16,0,16,-34.203695401023765,80.78160354022461,524.605
17,0,17,-40.06975214327044,89.31733192712456,526.189
18,0,18,-45.197369813590356,99.35009434611874,527.386
19,0,19,-49.28650844702861,111.14510021248957,528.048
20,0,20,-51.98551233907251,124.6736149203988,528.064
21,0,21,-52.979359504822725,139.3574561264157,527.372
22,0,22,-52.129188783358316,154.09435424190525,525.966
23,0,23,-49.55164614532475,167.75499212911922,523.898
24,0,24,-45.55111214089449,179.70857449745023,521.278
25,0,25,-40.48007917275354,-170.1118445248805,518.263
26,0,26,-34.64450556477263,-161.4557272236699,515.044
27,0,27,-28.277348578973385,-153.98329536600085,511.83
28,0,28,-21.547505133151876,-147.3749780609868,508.833
29,0,29,-14.57787423613873,-141.3614199685191,506.246
30,0,30,-7.461365243666337,-135.71945148765678,504.229
31,0,31,-0.2732642893871329,-130.2578000008828,502.893
32,0,32,6.919294110377445,-124.80117553333797,502.295
33,0,33,14.049308094386246,-119.17467060075656,502.431
34,0,34,21.041903794936268,-113.18798930267288,503.239
35,0,35,27.80503075258325,-106.61943052881746,504.604
36,0,36,34.217082571796986,-99.20120305240164,506.376
37,0,37,40.110938183965615,-90.61398869953813,508.377
38,0,38,45.25565181777807,-80.5135664266258,510.427
39,0,39,49.34597548903733,-68.63510930897576,512.354
40,1,0,52.7330560531629,-38.72068391426079,514.714
41,1,1,52.759543526764205,-23.80264576688791,515.8
42,1,2,50.9618479825006,-9.477685751751936,516.459
43,1,3,47.57772147519107,3.3418085762028427,516.715
44,1,4,42.95882995463204,14.346288134592985,516.64
45,1,5,37.44382103006192,23.676787578599377,516.345
46,1,6,31.302248117075273,31.656120217973633,515.964
47,1,7,24.7318810506371,38.623189794048024,515.637
48,1,8,17.875096831543612,44.87284020536637,515.5
49,1,9,10.836690198456667,50.64869405433927,515.663
50,1,10,3.6981094496813776,56.1546119971241,516.198
51,1,11,-3.471882058426331,61.57046023532397,517.133
52,1,12,-10.608659210373913,67.06787459259213,518.447
53,1,13,-17.644021286638324,72.82570357234538,520.065
54,1,14,-24.497764364003864,79.04572462304421,521.873
55,1,15,-31.067187156789284,85.96821013931134,523.72
56,1,16,-37.21320310783103,93.88355927408821,525.435
57,1,17,-42.74290376930584,103.12629420235452,526.846
58,1,18,-47.393162933628155,114.01887498501576,527.792
59,1,19,-50.831886558068184,126.71383340661663,528.142
60,1,20,-52.70997342886284,140.93160982442853,527.808
61,1,21,-52.78338430206213,155.79705210009774,526.756
62,1,22,-51.04006730887559,170.11357939292967,525.009
63,1,23,-47.70685644673391,-177.03981468305113,522.648
64,1,24,-43.128621627209384,-165.9913689835302,519.809
65,1,25,-37.64160281785798,-156.61431155504644,516.666
66,1,26,-31.515537849381843,-148.59262320508165,513.423
67,1,27,-24.94920742474315,-141.58916579620401,510.292
68,1,28,-18.08631530898438,-135.30873855248558,507.477
69,1,29,-11.032983005013664,-129.5065065129381,505.158
70,1,30,-3.871974476324991,-123.97723615338099,503.471
71,1,31,3.3265584713334966,-118.53962693248546,502.501
72,1,32,10.496513480617828,-113.020506234035,502.274
73,1,33,17.568016649101715,-107.23927019599611,502.757
74,1,34,24.45889204989003,-100.99195570937391,503.86
75,1,35,31.064103326379023,-94.0353465680134,505.45
76,1,36,37.2415210721299,-86.07534848663217,507.359
77,1,37,42.79429069752643,-76.77335483712682,509.407
78,1,38,47.45435118330771,-65.80468574711163,511.416
79,1,39,50.88450633543396,-53.021501772001706,513.226
80,2,0,52.02593681367523,-37.017999716446646,514.016
81,2,1,52.98063675019752,-22.263356769493402,515.31
82,2,2,52.07835168536591,-7.495695481982113,516.183
83,2,3,49.44699057176723,6.153457869029296,516.634
84,2,4,45.40013422438594,18.069233005870174,516.713
85,2,5,40.294680517922714,28.202286507542237,516.512
86,2,6,34.43747228574579,36.81346287156145,516.156
87,2,7,28.060693270953287,44.24649478300328,515.785
88,2,8,21.33204510823653,50.821364651651784,515.537
89,2,9,14.373098334632578,56.80649891188846,515.538
90,2,10,7.275431272759311,62.42378308909035,515.881
91,2,11,0.11299446080173903,67.86305887614336,516.616
92,2,12,-7.048511044190331,73.29814775723516,517.746
93,2,13,-14.143647520976108,78.90235212217647,519.224
94,2,14,-21.09934397830878,84.86400077695205,520.954
95,2,15,-27.82566646161315,91.40225400146012,522.802
96,2,16,-34.203695401023765,98.78160404112025,524.605
97,2,17,-40.06975214327044,107.3173324280202,526.189
98,2,18,-45.197369813590356,117.35009484701438,527.386
99,2,19,-49.28650844702861,129.14510754357437,528.048
100,2,20,-51.98551233907251,142.67360859110528,528.064
101,2,21,-52.979359504822725,157.3574634575005,527.372
102,2,22,-52.129188783358316,172.0943479126117,525.966
103,2,23,-49.55164614532475,-174.24501055770864,523.898
104,2,24,-45.55111214089449,-162.29142818937763,521.278
105,2,25,-40.48007917275354,-152.11183719379568,518.263
106,2,26,-34.64450556477263,-143.45573355296344,515.044
107,2,27,-28.277348578973385,-135.9833016952944,511.83
108,2,28,-21.547505133151876,-129.37497072990197,508.833
109,2,29,-14.57787423613873,-123.36142629781264,506.246
110,2,30,-7.461365243666337,-117.71945781695032,504.229
111,2,31,-0.2732642893871329,-112.25779949998717,502.893
112,2,32,6.919294110377445,-106.80118186263151,502.295
113,2,33,14.049308094386246,-101.17466326967175,502.431
114,2,34,21.041903794936268,-95.18798880177724,503.239
115,2,35,27.80503075258325,-88.61943002792182,504.604
116,2,36,34.217082571796986,-81.201202551506,506.376
117,2,37,40.110938183965615,-72.61398819864249,508.377
118,2,38,45.25565181777807,-62.51356592573016,510.427
119,2,39,49.34597548903733,-50.63510880808012,512.354
120,3,0,52.7330560531629,-20.72068341336515,514.714
121,3,1,52.759543526764205,-5.802646119765924,515.8
122,3,2,50.9618479825006,8.522314749143696,516.459
123,3,3,47.57772147519107,21.341808863655064,516.715
124,3,4,42.95882995463204,32.34628692794133,516.64
125,3,5,37.44382103006192,41.6767897870423,516.345
126,3,6,31.302248117075273,49.65612071886927,515.964
127,3,7,24.7318810506371,56.623190294943655,515.637
128,3,8,17.875096831543612,62.872840706262004,515.5
129,3,9,10.836690198456667,68.64869455523491,515.663
130,3,10,3.6981094496813776,74.15461249801973,516.198
131,3,11,-3.471882058426331,79.5704607362196,517.133
132,3,12,-10.608659210373913,85.06787509348777,518.447
133,3,13,-17.644021286638324,90.82570407324101,520.065
134,3,14,-24.497764364003864,97.04572512393985,521.873
135,3,15,-31.067187156789284,103.96821064020698,523.72
136,3,16,-37.21320310783103,111.88355977498384,525.435
137,3,17,-42.74290376930584,121.12630153343933,526.846
138,3,18,-47.393162933628155,132.01888231610056,527.792
139,3,19,-50.831886558068184,144.71384073770145,528.142
140,3,20,-52.70997342886284,158.93161715551335,527.808
141,3,21,-52.78338430206213,173.79705943118253,526.756
142,3,22,-51.04006730887559,-171.88640963351986,525.009
143,3,23,-47.70685644673391,-159.03980735196635,522.648
144,3,24,-43.128621627209384,-147.99137531282375,519.809
145,3,25,-37.64160281785798,-138.61430422396162,516.666
146,3,26,-31.515537849381843,-130.59261587399683,513.423
147,3,27,-24.94920742474315,-123.58917212549754,510.292
148,3,28,-18.08631530898438,-117.30873122140078,507.477
149,3,29,-11.032983005013664,-111.50650601204245,505.158
150,3,30,-3.871974476324991,-105.97723565248535,503.471
151,3,31,3.3265584713334966,-100.53961960140066,502.501
152,3,32,10.496513480617828,-95.02050573313936,502.274
153,3,33,17.568016649101715,-89.23926969510049,502.757
154,3,34,24.45889204989003,-82.99195520847829,503.86
155,3,35,31.064103326379023,-76.03534606711777,505.45
156,3,36,37.2415210721299,-68.07534798573653,507.359
157,3,37,42.79429069752643,-58.77335433623118,509.407
158,3,38,47.45435118330771,-47.804685246216,511.416
159,3,39,50.88450633543396,-35.02150127110607,513.226
160,4,0,52.02593681367523,-19.017999215551015,514.016
161,4,1,52.98063675019752,-4.2633566954845925,515.31
162,4,2,52.07835168536591,10.50430501891352,516.183
163,4,3,49.44699057176723,24.153457943038106,516.634
164,4,4,45.40013422438594,36.0692352143131,516.713
165,4,5,40.294680517922714,46.20228871598516,516.512
166,4,6,34.43747228574579,54.81346337245708,516.156
167,4,7,28.060693270953287,62.24649186880433,515.785
168,4,8,21.33204510823653,68.82136173745283,515.537
169,4,9,14.373098334632578,74.80649941278409,515.538
170,4,10,7.275431272759311,80.42378358998597,515.881
171,4,11,0.11299446080173903,85.863059377039,516.616
172,4,12,-7.048511044190331,91.2981482581308,517.746
173,4,13,-14.143647520976108,96.9023526230721,519.224
174,4,14,-21.09934397830878,102.86400127784769,520.954
175,4,15,-27.82566646161315,109.40225450235576,522.802
176,4,16,-34.203695401023765,116.78160454201587,524.605
177,4,17,-40.06975214327044,125.31733292891583,526.189
178,4,18,-45.197369813590356,135.35010217809918,527.386
179,4,19,-49.28650844702861,147.14510121428083,528.048
180,4,20,-51.98551233907251,160.67361592219007,528.064
181,4,21,-52.979359504822725,175.35745712820696,527.372
182,4,22,-52.129188783358316,-169.90565477421615,525.966
183,4,23,-49.55164614532475,-156.24500322662385,523.898
184,4,24,-45.55111214089449,-144.29142085829284,521.278
185,4,25,-40.48007917275354,-134.11184352308922,518.263
186,4,26,-34.64450556477263,-125.45572622187862,515.044
187,4,27,-28.277348578973385,-117.98329436420958,511.83
188,4,28,-21.547505133151876,-111.37497022900635,508.833
189,4,29,-14.57787423613873,-105.36141896672784,506.246
190,4,30,-7.461365243666337,-99.71945731605469,504.229
191,4,31,-0.2732642893871329,-94.25779899909155,502.893
192,4,32,6.919294110377445,-88.80118136173587,502.295
193,4,33,14.049308094386246,-83.17466276877613,502.431
194,4,34,21.041903794936268,-77.18798830088161,503.239
195,4,35,27.80503075258325,-70.6194295270262,504.604
196,4,36,34.217082571796986,-63.20120205061037,506.376
197,4,37,40.110938183965615,-54.61398769774686,508.377
198,4,38,45.25565181777807,-44.51356542483453,510.427
199,4,39,49.34597548903733,-32.63510830718449,512.354
200,5,0,52.7330560531629,-2.720682485582696,514.714
201,5,1,52.759543526764205,12.19735438112971,515.8
202,5,2,50.9618479825006,26.522316103812976,516.459
203,5,3,47.57772147519107,39.34181107209799,516.715
204,5,4,42.95882995463204,50.34628742883696,516.64
205,5,5,37.44382103006192,59.67679028793794,516.345
206,5,6,31.302248117075273,67.65612463485948,515.964
207,5,7,24.7318810506371,74.62319079583929,515.637
208,5,8,17.875096831543612,80.87284120715763,515.5
209,5,9,10.836690198456667,86.64869505613053,515.663
210,5,10,3.6981094496813776,92.15461299891537,516.198
211,5,11,-3.471882058426331,97.57046123711524,517.133
212,5,12,-10.608659210373913,103.06787559438341,518.447
213,5,13,-17.644021286638324,108.82570457413664,520.065
214,5,14,-24.497764364003864,115.04572562483547,521.873
215,5,15,-31.067187156789284,121.96821797129178,523.72
216,5,16,-37.21320310783103,129.88356027587946,525.435
217,5,17,-42.74290376930584,139.12629520414578,526.846
218,5,18,-47.393162933628155,150.01887598680702,527.792
219,5,19,-50.831886558068184,162.7138344084079,528.142
220,5,20,-52.70997342886284,176.9316108262198,527.808
221,5,21,-52.78338430206213,-168.20294325564532,526.756
222,5,22,-51.04006730887559,-153.88641596281337,525.009
223,5,23,-47.70685644673391,-141.0398136812599,522.648
224,5,24,-43.128621627209384,-129.99136798173896,519.809
225,5,25,-37.64160281785798,-120.61431055325517,516.666
226,5,26,-31.515537849381843,-112.59262220329038,513.423
227,5,27,-24.94920742474315,-105.5891716246019,510.292
228,5,28,-18.08631530898438,-99.30873072050514,507.477
229,5,29,-11.032983005013664,-93.50650551114683,505.158
230,5,30,-3.871974476324991,-87.97723515158972,503.471
231,5,31,3.3265584713334966,-82.53961910050502,502.501
232,5,32,10.496513480617828,-77.02050523224372,502.274
233,5,33,17.568016649101715,-71.23926919420485,502.757
234,5,34,24.45889204989003,-64.99195470758265,503.86
235,5,35,31.064103326379023,-58.035345566222134,505.45
236,5,36,37.2415210721299,-50.07534748484089,507.359
237,5,37,42.79429069752643,-40.77335383533555,509.407
238,5,38,47.45435118330771,-29.804684745320372,511.416
239,5,39,50.88450633543396,-17.021500770210437,513.226
240,6,0,52.02593681367523,-1.0179993549856152,514.016
241,6,1,52.98063675019752,13.736643378524217,515.31
242,6,2,52.07835168536591,28.504305519809154,516.183
243,6,3,49.44699057176723,42.15345844393374,516.634
244,6,4,45.40013422438594,54.069235715208734,516.713
245,6,5,40.294680517922714,64.2022892168808,516.512
246,6,6,34.43747228574579,72.81346387335272,516.156
247,6,7,28.060693270953287,80.24649236969996,515.785
248,6,8,21.33204510823653,86.82136223834846,515.537
249,6,9,14.373098334632578,92.80649991367973,515.538
250,6,10,7.275431272759311,98.42378409088161,515.881
251,6,11,0.11299446080173903,103.86305987793463,516.616
252,6,12,-7.048511044190331,109.29814875902642,517.746
253,6,13,-14.143647520976108,114.9023599541569,519.224
254,6,14,-21.09934397830878,120.86399494855415,520.954
255,6,15,-27.82566646161315,127.40226183344056,522.802
256,6,16,-34.203695401023765,134.78161187310067,524.605
257,6,17,-40.06975214327044,143.31734026000063,526.189
258,6,18,-45.197369813590356,153.35009584880564,527.386
259,6,19,-49.28650844702861,165.14510854536564,528.048
260,6,20,-51.98551233907251,178.67360959289653,528.064
261,6,21,-52.979359504822725,-166.6425455586209,527.372
262,6,22,-52.129188783358316,-151.90564744313136,525.966
263,6,23,-49.55164614532475,-138.2450095559174,523.898
264,6,24,-45.55111214089449,-126.29142718758636,521.278
265,6,25,-40.48007917275354,-116.11183619200442,518.263
266,6,26,-34.64450556477263,-107.45573255117216,515.044
267,6,27,-28.277348578973385,-99.98330069350311,511.83
268,6,28,-21.547505133151876,-93.37496972811071,508.833
269,6,29,-14.57787423613873,-87.3614184658322,506.246
270,6,30,-7.461365243666337,-81.71945681515906,504.229
271,6,31,-0.2732642893871329,-76.25779849819591,502.893
272,6,32,6.919294110377445,-70.80118086084023,502.295
273,6,33,14.049308094386246,-65.17466226788049,502.431
274,6,34,21.041903794936268,-59.187987799985976,503.239
275,6,35,27.80503075258325,-52.61942561103598,504.604
276,6,36,34.217082571796986,-45.20120154971473,506.376
277,6,37,40.110938183965615,-36.61398719685122,508.377
278,6,38,45.25565181777807,-26.513564923938898,510.427
279,6,39,49.34597548903733,-14.635107806288852,512.354
280,7,0,52.7330560531629,15.27931417333153,514.714
281,7,1,52.759543526764205,30.197352320704404,515.8
282,7,2,50.9618479825006,44.52231148206673,516.459
283,7,3,47.57772147519107,57.34180815789904,516.715
284,7,4,42.95882995463204,68.3462879297326,516.64
285,7,5,37.44382103006192,77.6767839586444,516.345
286,7,6,31.302248117075273,85.65611830556595,515.964
287,7,7,24.7318810506371,92.62319129673493,515.637
288,7,8,17.875096831543612,98.87284170805327,515.5
289,7,9,10.836690198456667,104.64869555702617,515.663
290,7,10,3.6981094496813776,110.154613499811,516.198
291,7,11,-3.471882058426331,115.57046173801088,517.133
292,7,12,-10.608659210373913,121.06787609527903,518.447
293,7,13,-17.644021286638324,126.82569824484311,520.065
294,7,14,-24.497764364003864,133.04571929554194,521.873
295,7,15,-31.067187156789284,139.96821164199824,523.72
296,7,16,-37.21320310783103,147.88355394658595,525.435
297,7,17,-42.74290376930584,157.12628887485226,526.846
298,7,18,-47.393162933628155,168.01886965751348,527.792
299,7,19,-50.831886558068184,-179.28616827841995,528.142
300,7,20,-52.70997342886284,-165.06839186060805,527.808
301,7,21,-52.78338430206213,-150.20294958493886,526.756
302,7,22,-51.04006730887559,-135.88642229210691,525.009
303,7,23,-47.70685644673391,-123.03982001055341,522.648
304,7,24,-43.128621627209384,-111.99137431103249,519.809
305,7,25,-37.64160281785798,-102.61431005235954,516.666
306,7,26,-31.515537849381843,-94.59262170239474,513.423
307,7,27,-24.94920742474315,-87.58917112370628,510.292
308,7,28,-18.08631530898438,-81.30873704979868,507.477
309,7,29,-11.032983005013664,-75.50651184044035,505.158
310,7,30,-3.871974476324991,-69.97723465069409,503.471
311,7,31,3.3265584713334966,-64.53962542979856,502.501
312,7,32,10.496513480617828,-59.02050473134809,502.274
313,7,33,17.568016649101715,-53.2392721084038,502.757
314,7,34,24.45889204989003,-46.9919576217816,503.86
315,7,35,31.064103326379023,-40.0353450653265,505.45
316,7,36,37.2415210721299,-32.07535039903985,507.359
317,7,37,42.79429069752643,-22.7733567495345,509.407
318,7,38,47.45435118330771,-11.80468851329297,511.416
319,7,39,50.88450633543396,0.9784963155906117,513.226
320,8,0,52.02593681367523,16.982001786240254,514.016
321,8,1,52.98063675019752,31.736644733193497,515.31
322,8,2,52.07835168536591,46.50430602070479,516.183
323,8,3,49.44699057176723,60.15346235992396,516.634
324,8,4,45.40013422438594,72.06923280100979,516.713
325,8,5,40.294680517922714,82.20228971777642,516.512
326,8,6,34.43747228574579,90.81346437424834,516.156
327,8,7,28.060693270953287,98.24649287059559,515.785
328,8,8,21.33204510823653,104.8213627392441,515.537
329,8,9,14.373098334632578,110.80650041457535,515.538
330,8,10,7.275431272759311,116.42378459177725,515.881
331,8,11,0.11299446080173903,121.86306037883026,516.616
332,8,12,-7.048511044190331,127.29814242973289,517.746
333,8,13,-14.143647520976108,132.90235362486337,519.224
334,8,14,-21.09934397830878,138.86400227963895,520.954
335,8,15,-27.82566646161315,145.40225550414704,522.802
336,8,16,-34.203695401023765,152.78160554380713,524.605
337,8,17,-40.06975214327044,161.3173339307071,526.189
338,8,18,-45.197369813590356,171.35010317989045,527.386
339,8,19,-49.28650844702861,-176.8548941414622,528.048
340,8,20,-51.98551233907251,-163.32639309393133,528.064
341,8,21,-52.979359504822725,-148.6425382275361,527.372
342,8,22,-52.129188783358316,-133.90565377242487,525.966
343,8,23,-49.55164614532475,-120.24500222483258,523.898
344,8,24,-45.55111214089449,-108.29142668669074,521.278
345,8,25,-40.48007917275354,-98.11184252129796,518.263
346,8,26,-34.64450556477263,-89.45573205027654,515.044
347,8,27,-28.277348578973385,-81.98330019260749,511.83
348,8,28,-21.547505133151876,-75.37496922721509,508.833
349,8,29,-14.57787423613873,-69.36141796493656,506.246
350,8,30,-7.461365243666337,-63.719456314263425,504.229
351,8,31,-0.2732642893871329,-58.25779799730028,502.893
352,8,32,6.919294110377445,-52.8011803599446,502.295
353,8,33,14.049308094386246,-47.174661766984855,502.431
354,8,34,21.041903794936268,-41.187983883995756,503.239
355,8,35,27.80503075258325,-34.61942511014034,504.604
356,8,36,34.217082571796986,-27.20119934127181,506.376
357,8,37,40.110938183965615,-18.613988403502884,508.377
358,8,38,45.25565181777807,-8.513564423043263,510.427
359,8,39,49.34597548903733,3.3648924811633703,512.354
360,9,0,52.7330560531629,33.279314674227166,514.714
361,9,1,52.759543526764205,48.197352821600035,515.8
362,9,2,50.9618479825006,62.52231539805695,516.459
363,9,3,47.57772147519107,75.34180865879468,516.715
364,9,4,42.95882995463204,86.34628843062822,516.64
365,9,5,37.44382103006192,95.67678445954003,516.345
366,9,6,31.302248117075273,103.65611880646158,515.964
367,9,7,24.7318810506371,110.62319179763055,515.637
368,9,8,17.875096831543612,116.87284220894891,515.5
369,9,9,10.836690198456667,122.64869605792181,515.663
370,9,10,3.6981094496813776,128.15460717051747,516.198
371,9,11,-3.471882058426331,133.57045540871735,517.133
372,9,12,-10.608659210373913,139.0678697659855,518.447
373,9,13,-17.644021286638324,144.8257055759279,520.065
374,9,14,-24.497764364003864,151.04572662662673,521.873
375,9,15,-31.067187156789284,157.9682053127047,523.72
376,9,16,-37.21320310783103,165.88356127767074,525.435
377,9,17,-42.74290376930584,175.12629620593705,526.846
378,9,18,-47.393162933628155,-173.98111936893605,527.792
379,9,19,-50.831886558068184,-161.28616094733516,528.142
380,9,20,-52.70997342886284,-147.06838452952326,527.808
381,9,21,-52.78338430206213,-132.20294225385408,526.756
382,9,22,-51.04006730887559,-117.88641496102211,525.009
383,9,23,-47.70685644673391,-105.03981267946861,522.648
384,9,24,-43.128621627209384,-93.99137381013686,519.809
385,9,25,-37.64160281785798,-84.6143095514639,516.666
386,9,26,-31.515537849381843,-76.59262120149911,513.423
387,9,27,-24.94920742474315,-69.58917062281064,510.292
388,9,28,-18.08631530898438,-63.30873654890305,507.477
389,9,29,-11.032983005013664,-57.50651133954473,505.158
390,9,30,-3.871974476324991,-51.977234149798456,503.471
391,9,31,3.3265584713334966,-46.539621513808335,502.501
392,9,32,10.496513480617828,-41.02050764554704,502.274
393,9,33,17.568016649101715,-35.23927160750817,502.757
394,9,34,24.45889204989003,-28.991957120885967,503.86
395,9,35,31.064103326379023,-22.03534456443087,505.45
396,9,36,37.2415210721299,-14.075349898144212,507.359
397,9,37,42.79429069752643,-4.773357102412512,509.407
398,9,38,47.45435118330771,6.1953124144894876,511.416
399,9,39,50.88450633543396,18.978496816486246,513.226
400,10,0,52.02593681367523,34.982002287135884,514.016
401,10,1,52.98063675019752,49.73664523408913,515.31
402,10,2,52.07835168536591,64.50430652160043,516.183
403,10,3,49.44699057176723,78.15346286081959,516.634
404,10,4,45.40013422438594,90.06923330190541,516.713
405,10,5,40.294680517922714,100.20229021867206,516.512
406,10,6,34.43747228574579,108.81346487514398,516.156
407,10,7,28.060693270953287,116.24650020168039,515.785
408,10,8,21.33204510823653,122.82136324013973,515.537
409,10,9,14.373098334632578,128.80650774566016,515.538
410,10,10,7.275431272759311,134.42377826248372,515.881
411,10,11,0.11299446080173903,139.86305404953671,516.616
412,10,12,-7.048511044190331,145.2981497608177,517.746
413,10,13,-14.143647520976108,150.90236095594818,519.224
414,10,14,-21.09934397830878,156.8639959503454,520.954
415,10,15,-27.82566646161315,163.40226283523182,522.802
416,10,16,-34.203695401023765,170.78161287489195,524.605
417,10,17,-40.06975214327044,179.3173412617919,526.189
418,10,18,-45.197369813590356,-170.64989950693743,527.386
419,10,19,-49.28650844702861,-158.85490047075575,528.048
420,10,20,-51.98551233907251,-145.3263857628465,528.064
421,10,21,-52.979359504822725,-130.64254455682962,527.372
422,10,22,-52.129188783358316,-115.90564644134008,525.966
423,10,23,-49.55164614532475,-102.24500855412612,523.898
424,10,24,-45.55111214089449,-90.2914261857951,521.278
425,10,25,-40.48007917275354,-80.11184202040232,518.263
426,10,26,-34.64450556477263,-71.4557315493809,515.044
427,10,27,-28.277348578973385,-63.98329969171185,511.83
428,10,28,-21.547505133151876,-57.37496872631945,508.833
429,10,29,-14.57787423613873,-51.36142087913552,506.246
430,10,30,-7.461365243666337,-45.719452398273205,504.229
431,10,31,-0.2732642893871329,-40.25779749640464,502.893
432,10,32,6.919294110377445,-34.80117985904897,502.295
433,10,33,14.049308094386246,-29.174661266089224,502.431
434,10,34,21.041903794936268,-23.187985090647416,503.239
435,10,35,27.80503075258325,-16.619426316792005,504.604
436,10,36,34.217082571796986,-9.201198840376176,506.376
437,10,37,40.110938183965615,-0.6139874223595727,508.377
438,10,38,45.25565181777807,9.48643607785237,510.427
439,10,39,49.34597548903733,21.364893195502415,512.354
440,11,0,52.7330560531629,51.2793151751228,514.714
441,11,1,52.759543526764205,66.19735332249567,515.8
442,11,2,50.9618479825006,80.52231589895258,516.459
443,11,3,47.57772147519107,93.3418091596903,516.715
444,11,4,42.95882995463204,104.34628893152386,516.64
445,11,5,37.44382103006192,113.67678496043567,516.345
446,11,6,31.302248117075273,121.65611930735722,515.964
447,11,7,24.7318810506371,128.62318546833703,515.637
448,11,8,17.875096831543612,134.87283587965536,515.5
449,11,9,10.836690198456667,140.64868972862828,515.663
450,11,10,3.6981094496813776,146.15461450160228,516.198
451,11,11,-3.471882058426331,151.57046273980214,517.133
452,11,12,-10.608659210373913,157.0678770970703,518.447
453,11,13,-17.644021286638324,162.82569924663437,520.065
454,11,14,-24.497764364003864,169.0457202973332,521.873
455,11,15,-31.067187156789284,175.9682126437895,523.72
456,11,16,-37.21320310783103,-176.11644140915712,525.435
457,11,17,-42.74290376930584,-166.8737064808908,526.846
458,11,18,-47.393162933628155,-155.98112569822956,527.792
459,11,19,-50.831886558068184,-143.2861672766287,528.142
460,11,20,-52.70997342886284,-129.0683908588168,527.808
461,11,21,-52.78338430206213,-114.20294175295842,526.756
462,11,22,-51.04006730887559,-99.88641446012649,525.009
463,11,23,-47.70685644673391,-87.03981217857299,522.648
464,11,24,-43.128621627209384,-75.99137330924123,519.809
465,11,25,-37.64160281785798,-66.61430905056827,516.666
466,11,26,-31.515537849381843,-58.592620700603476,513.423
467,11,27,-24.94920742474315,-51.58917012191501,510.292
468,11,28,-18.08631530898438,-45.30873604800742,507.477
469,11,29,-11.032983005013664,-39.50650742355451,505.158
470,11,30,-3.871974476324991,-33.97723364890282,503.471
471,11,31,3.3265584713334966,-28.539621012912704,502.501
472,11,32,10.496513480617828,-23.02050714465141,502.274
473,11,33,17.568016649101715,-17.239271106612538,502.757
474,11,34,24.45889204989003,-10.99195576621669,503.86
475,11,35,31.064103326379023,-4.035344490422056,505.45
476,11,36,37.2415210721299,3.9246501758645986,507.359
477,11,37,42.79429069752643,13.226643398483121,509.407
478,11,38,47.45435118330771,24.195313342271945,511.416
479,11,39,50.88450633543396,36.97849731738188,513.226
480,12,0,52.02593681367523,52.98200278803152,514.016
481,12,1,52.98063675019752,67.73664573498476,515.31
482,12,2,52.07835168536591,82.50430702249605,516.183
483,12,3,49.44699057176723,96.15346336171523,516.634
484,12,4,45.40013422438594,108.06923380280105,516.713
485,12,5,40.294680517922714,118.20228388937852,516.512
486,12,6,34.43747228574579,126.81345854585044,516.156
487,12,7,28.060693270953287,134.24649387238685,515.785
488,12,8,21.33204510823653,140.82137057122452,515.537
489,12,9,14.373098334632578,146.80650141636661,515.538
490,12,10,7.275431272759311,152.4237855935685,515.881
491,12,11,0.11299446080173903,157.86306138062153,516.616
492,12,12,-7.048511044190331,163.29814343152415,517.746
493,12,13,-14.143647520976108,168.90235462665464,519.224
494,12,14,-21.09934397830878,174.86400328143023,520.954
495,12,15,-27.82566646161315,-178.59773985159603,522.802
496,12,16,-34.203695401023765,-171.2183898119359,524.605
497,12,17,-40.06975214327044,-162.68266142503597,526.189
498,12,18,-45.197369813590356,-152.64990583623094,527.386
499,12,19,-49.28650844702861,-140.85489313967096,528.048
500,12,20,-51.98551233907251,-127.32639209214005,528.064
501,12,21,-52.979359504822725,-112.64253722574483,527.372
502,12,22,-52.129188783358316,-97.90564594044444,525.966
503,12,23,-49.55164614532475,-84.24500805323048,523.898
504,12,24,-45.55111214089449,-72.29142568489947,521.278
505,12,25,-40.48007917275354,-62.1118415195067,518.263
506,12,26,-34.64450556477263,-53.45572763339068,515.044
507,12,27,-28.277348578973385,-45.98329919081621,511.83
508,12,28,-21.547505133151876,-39.374968225423814,508.833
509,12,29,-14.57787423613873,-33.361420378239885,506.246
510,12,30,-7.461365243666337,-27.719453604924865,504.229
511,12,31,-0.2732642893871329,-22.25779699550901,502.893
512,12,32,6.919294110377445,-16.801177650606043,502.295
513,12,33,14.049308094386246,-11.174661618967237,502.431
514,12,34,21.041903794936268,-5.18798416286496,503.239
515,12,35,27.80503075258325,1.380575037877276,504.604
516,12,36,34.217082571796986,8.798801660519459,506.376
517,12,37,40.110938183965615,17.386012598288385,508.377
518,12,38,45.25565181777807,27.486436578748002,510.427
519,12,39,49.34597548903733,39.36489369639805,512.354
520,13,0,52.7330560531629,69.27932592130219,514.714
521,13,1,52.759543526764205,84.19736065358047,515.8
522,13,2,50.9618479825006,98.52232323003739,516.459
523,13,3,47.57772147519107,111.3418164907751,516.715
524,13,4,42.95882995463204,122.34629626260866,516.64
525,13,5,37.44382103006192,131.67679912170965,516.345
526,13,6,31.302248117075273,139.656126638442,515.964
527,13,7,24.7318810506371,146.62319279942182,515.637
528,13,8,17.875096831543612,152.87284321074017,515.5
529,13,9,10.836690198456667,158.64869705971307,515.663
530,13,10,3.6981094496813776,164.15462183268707,516.198
531,13,11,-3.471882058426331,169.57047007088696,517.133
532,13,12,-10.608659210373913,175.0678844281551,518.447
533,13,13,-17.644021286638324,-179.17428977981515,520.065
534,13,14,-24.497764364003864,-172.9542687291163,521.873
535,13,15,-31.067187156789284,-166.03177638266,523.72
536,13,16,-37.21320310783103,-158.11643407807233,525.435
537,13,17,-42.74290376930584,-148.87369914980601,526.846
538,13,18,-47.393162933628155,-137.98111836714477,527.792
539,13,19,-50.831886558068184,-125.28615994554389,528.142
540,13,20,-52.70997342886284,-111.06838352773198,527.808
541,13,21,-52.78338430206213,-96.20293442187362,526.756
542,13,22,-51.04006730887559,-81.88640712904169,525.009
543,13,23,-47.70685644673391,-69.03980484748817,522.648
544,13,24,-43.128621627209384,-57.99136597815642,519.809
545,13,25,-37.64160281785798,-48.614301719483464,516.666
546,13,26,-31.515537849381843,-40.592616784613256,513.423
547,13,27,-24.94920742474315,-33.58916279083021,510.292
548,13,28,-18.08631530898438,-27.308727009375318,507.477
549,13,29,-11.032983005013664,-21.506500092469704,505.158
550,13,30,-3.871974476324991,-15.97722802536531,503.471
551,13,31,3.3265584713334966,-10.5396136818279,502.501
552,13,32,10.496513480617828,-5.020499813566608,502.274
553,13,33,17.568016649101715,0.7607365979982355,502.757
554,13,34,24.45889204989003,7.008051564868114,503.86
555,13,35,31.064103326379023,13.96466326754957,505.45
556,13,36,37.2415210721299,21.924657933836226,507.359
557,13,37,42.79429069752643,31.22665158334157,509.407
558,13,38,47.45435118330771,42.19532067335675,511.416
559,13,39,50.88450633543396,54.97850464846668,513.226
560,14,0,52.02593681367523,70.98199645873798,514.016
561,14,1,52.98063675019752,85.73663940569122,515.31
562,14,2,52.07835168536591,100.50430069320252,516.183
563,14,3,49.44699057176723,114.15345703242168,516.634
564,14,4,45.40013422438594,126.06922747350751,516.713
565,14,5,40.294680517922714,136.20227756008498,516.512
566,14,6,34.43747228574579,144.8134522165569,516.156
567,14,7,28.060693270953287,152.2464875430933,515.785
568,14,8,21.33204510823653,158.821364241931,515.537
569,14,9,14.373098334632578,164.8064950870731,515.538
570,14,10,7.275431272759311,170.42377926427497,515.881
571,14,11,0.11299446080173903,175.863055051328,516.616
572,14,12,-7.048511044190331,-178.7018592553037,517.746
573,14,13,-14.143647520976108,-173.09764806017324,519.224
574,14,14,-21.09934397830878,-167.13599940539763,520.954
575,14,15,-27.82566646161315,-160.59774618088957,522.802
576,14,16,-34.203695401023765,-153.21839614122945,524.605
577,14,17,-40.06975214327044,-144.68266775432951,526.189
578,14,18,-45.197369813590356,-134.64991216552448,527.386
579,14,19,-49.28650844702861,-122.85489946896449,528.048
580,14,20,-51.98551233907251,-109.32639159124443,528.064
581,14,21,-52.979359504822725,-94.64254355503836,527.372
582,14,22,-52.129188783358316,-79.90565226973798,525.966
583,14,23,-49.55164614532475,-66.24501438252402,523.898
584,14,24,-45.55111214089449,-54.291432014193006,521.278
585,14,25,-40.48007917275354,-44.11184784880023,518.263
586,14,26,-34.64450556477263,-35.455733962684214,515.044
587,14,27,-28.277348578973385,-27.983303812562458,511.83
588,14,28,-21.547505133151876,-21.374976262264646,508.833
589,14,29,-14.57787423613873,-15.361426707533422,506.246
590,14,30,-7.461365243666337,-9.719459934218403,504.229
591,14,31,-0.2732642893871329,-4.257803751689372,502.893
592,14,32,6.919294110377445,1.198815379770186,502.295
593,14,33,14.049308094386246,6.825331624852403,502.431
594,14,34,21.041903794936268,12.812009080954681,503.239
595,14,35,27.80503075258325,19.380567854810092,504.604
596,14,36,34.217082571796986,26.79879533122592,506.376
597,14,37,40.110938183965615,35.38600797654214,508.377
598,14,38,45.25565181777807,45.486430249454465,510.427
599,14,39,49.34597548903733,57.364887367104515,512.354
600,15,0,52.7330560531629,87.27931959200865,514.714
601,15,1,52.759543526764205,102.19735432428693,515.8
602,15,2,50.9618479825006,116.52231690074385,516.459
603,15,3,47.57772147519107,129.3418033312924,516.715
604,15,4,42.95882995463204,140.34628993331512,516.64
605,15,5,37.44382103006192,149.6767927924161,516.345
606,15,6,31.302248117075273,157.6561203091485,515.964
607,15,7,24.7318810506371,164.62318647012827,515.637
608,15,8,17.875096831543612,170.87283688144663,515.5
609,15,9,10.836690198456667,176.64869073041953,515.663
610,15,10,3.6981094496813776,-177.84538085414079,516.198
611,15,11,-3.471882058426331,-172.42953261594093,517.133
612,15,12,-10.608659210373913,-166.9321319190511,518.447
613,15,13,-17.644021286638324,-161.1742961091087,520.065
614,15,14,-24.497764364003864,-154.95427505840985,521.873
615,15,15,-31.067187156789284,-148.03178271195355,523.72
616,15,16,-37.21320310783103,-140.11644040736584,525.435
617,15,17,-42.74290376930584,-130.87370547909956,526.846
618,15,18,-47.393162933628155,-119.9811246964383,527.792
619,15,19,-50.831886558068184,-107.28616627483743,528.142
620,15,20,-52.70997342886284,-93.06838985702552,527.808
621,15,21,-52.78338430206213,-78.20294075116716,526.756
622,15,22,-51.04006730887559,-63.88641345833522,525.009
623,15,23,-47.70685644673391,-51.03981117678171,522.648
624,15,24,-43.128621627209384,-39.99137230744996,519.809
625,15,25,-37.64160281785798,-30.614308048777,516.666
626,15,26,-31.515537849381843,-22.5926214063595,513.423
627,15,27,-24.94920742474315,-15.589169120123742,510.292
628,15,28,-18.08631530898438,-9.308733338668855,507.477
629,15,29,-11.032983005013664,-3.5065070620934757,505.158
630,15,30,-3.871974476324991,2.0227662856713886,503.471
631,15,31,3.3265584713334966,7.460379988878563,502.501
632,15,32,10.496513480617828,12.979493857139856,502.274
633,15,33,17.568016649101715,18.760729895178727,502.757
634,15,34,24.45889204989003,25.008046089348223,503.86
635,15,35,31.064103326379023,31.964656938256034,505.45
636,15,36,37.2415210721299,39.92465160454269,507.359
637,15,37,42.79429069752643,49.22664525404804,509.407
638,15,38,47.45435118330771,60.195310928968624,511.416
639,15,39,50.88450633543396,72.97850173426772,513.226
640,16,0,52.02593681367523,88.98200378982278,514.016
641,16,1,52.98063675019752,103.73664673677604,515.31
642,16,2,52.07835168536591,118.50430119409815,516.183
643,16,3,49.44699057176723,132.1534643635065,516.634
644,16,4,45.40013422438594,144.06923480459233,516.713
645,16,5,40.294680517922714,154.2022848911698,516.512
646,16,6,34.43747228574579,162.8134595476417,516.156
647,16,7,28.060693270953287,170.24649487417813,515.785
648,16,8,21.33204510823653,176.8213715730158,515.537
649,16,9,14.373098334632578,-177.19349393937642,515.538
650,16,10,7.275431272759311,-171.57620976217456,515.881
651,16,11,0.11299446080173903,-166.13693397512154,516.616
652,16,12,-7.048511044190331,-160.70185192421891,517.746
653,16,13,-14.143647520976108,-155.09764072908843,519.224
654,16,14,-21.09934397830878,-149.13599207431284,520.954
655,16,15,-27.82566646161315,-142.59773884980476,522.802
656,16,16,-34.203695401023765,-135.21838881014466,524.605
657,16,17,-40.06975214327044,-126.6826604232447,526.189
658,16,18,-45.197369813590356,-116.6499048344397,527.386
659,16,19,-49.28650844702861,-104.85489213787969,528.048
660,16,20,-51.98551233907251,-91.32638426015963,528.064
661,16,21,-52.979359504822725,-76.64253622395356,527.372
662,16,22,-52.129188783358316,-61.905644938653175,525.966
663,16,23,-49.55164614532475,-48.245003636344634,523.898
664,16,24,-45.55111214089449,-36.291424683108204,521.278
665,16,25,-40.48007917275354,-26.11184051771543,518.263
666,16,26,-34.64450556477263,-17.455728339146706,515.044
667,16,27,-28.277348578973385,-9.983296481477655,511.83
668,16,28,-21.547505133151876,-3.374968931179843,508.833
669,16,29,-14.57787423613873,2.6385812638816155,506.246
670,16,30,-7.461365243666337,8.280547396866401,504.229
671,16,31,-0.2732642893871329,13.742204006282254,502.893
672,16,32,6.919294110377445,19.198823351185222,502.295
673,16,33,14.049308094386246,24.825338529050384,502.431
674,16,34,21.041903794936268,30.812018119586778,503.239
675,16,35,27.80503075258325,37.38057689344219,504.604
676,16,36,34.217082571796986,44.798800954763436,506.376
677,16,37,40.110938183965615,53.38601530762694,508.377
678,16,38,45.25565181777807,63.48643758053927,510.427
679,16,39,49.34597548903733,75.36489469818932,512.354
680,17,0,52.7330560531629,105.2793132627151,514.714
681,17,1,52.759543526764205,120.19734116480423,515.8
682,17,2,50.9618479825006,134.5223105714503,516.459
683,17,3,47.57772147519107,147.34179700199886,516.715
684,17,4,42.95882995463204,158.34628360402158,516.64
685,17,5,37.44382103006192,167.67678646312257,516.345
686,17,6,31.302248117075273,175.65611397985495,515.964
687,17,7,24.7318810506371,-177.37681621669958,515.637
688,17,8,17.875096831543612,-171.12716580538122,515.5
689,17,9,10.836690198456667,-165.35131195640832,515.663
690,17,10,3.6981094496813776,-159.84538718343433,516.198
691,17,11,-3.471882058426331,-154.42953894523447,517.133
692,17,12,-10.608659210373913,-148.93213824834464,518.447
693,17,13,-17.644021286638324,-143.17430243840224,520.065
694,17,14,-24.497764364003864,-136.9542813877034,521.873
695,17,15,-31.067187156789284,-130.0317890412471,523.72
696,17,16,-37.21320310783103,-122.1164467366594,525.435
697,17,17,-42.74290376930584,-112.87371180839308,526.846
698,17,18,-47.393162933628155,-101.98113102573184,527.792
699,17,19,-50.831886558068184,-89.28617260413097,528.142
700,17,20,-52.70997342886284,-75.06839618631906,527.808
701,17,21,-52.78338430206213,-60.2029470804607,526.756
702,17,22,-51.04006730887559,-45.88641978762875,525.009
703,17,23,-47.70685644673391,-33.03981750607525,522.648
704,17,24,-43.128621627209384,-21.991378636743494,519.809
705,17,25,-37.64160281785798,-12.614312670523246,516.666
706,17,26,-31.515537849381843,-4.5926277356530365,513.423
707,17,27,-24.94920742474315,2.4108245505827206,510.292
708,17,28,-18.08631530898438,8.691260332037608,507.477
709,17,29,-11.032983005013664,14.493487248943222,505.158
710,17,30,-3.871974476324991,20.022759316047615,503.471
711,17,31,3.3265584713334966,25.460373659585027,502.501
712,17,32,10.496513480617828,30.97948752784632,502.274
713,17,33,17.568016649101715,36.76072356588519,502.757
714,17,34,24.45889204989003,43.008038052507395,503.86
715,17,35,31.064103326379023,49.96465060896249,505.45
716,17,36,37.2415210721299,57.924641860154566,507.359
717,17,37,42.79429069752643,67.22663550965991,509.407
718,17,38,47.45435118330771,78.19530459967508,511.416
719,17,39,50.88450633543396,90.9784954049742,513.226
720,18,0,52.02593681367523,106.98199746052924,514.016
721,18,1,52.98063675019752,121.73663357729332,515.31
722,18,2,52.07835168536591,136.50429486480462,516.183
723,18,3,49.44699057176723,150.15345803421295,516.634
724,18,4,45.40013422438594,162.0692284752988,516.713
725,18,5,40.294680517922714,172.20227856187626,516.512
726,18,6,34.43747228574579,-179.18654313918614,516.156
727,18,7,28.060693270953287,-171.75350781264973,515.785
728,18,8,21.33204510823653,-165.17864477419042,515.537
729,18,9,14.373098334632578,-159.19350026866996,515.538
730,18,10,7.275431272759311,-153.5762160914681,515.881
731,18,11,0.11299446080173903,-148.13694030441508,516.616
732,18,12,-7.048511044190331,-142.70185825351246,517.746
733,18,13,-14.143647520976108,-137.09764705838197,519.224
734,18,14,-21.09934397830878,-131.13599840360638,520.954
735,18,15,-27.82566646161315,-124.59774517909831,522.802
736,18,16,-34.203695401023765,-117.21839513943819,524.605
737,18,17,-40.06975214327044,-108.68266675253824,526.189
738,18,18,-45.197369813590356,-98.64990433354406,527.386
739,18,19,-49.28650844702861,-86.85489846717323,528.048
740,18,20,-51.98551233907251,-73.32639058945315,528.064
741,18,21,-52.979359504822725,-58.6425425532471,527.372
742,18,22,-52.129188783358316,-43.905651267946716,525.966
743,18,23,-49.55164614532475,-30.245009965638168,523.898
744,18,24,-45.55111214089449,-18.291429304854447,521.278
745,18,25,-40.48007917275354,-8.111846847008964,518.263
746,18,26,-34.64450556477263,0.544265598364023,515.044
747,18,27,-28.277348578973385,8.01669718922881,511.83
748,18,28,-21.547505133151876,14.625024739526621,508.833
749,18,29,-14.57787423613873,20.638574294257843,506.246
750,18,30,-7.461365243666337,26.280541067572866,504.229
751,18,31,-0.2732642893871329,31.742197676988717,502.893
752,18,32,6.919294110377445,37.198815314344394,502.295
753,18,33,14.049308094386246,42.82533390730414,502.431
754,18,34,21.041903794936268,48.81201179029324,503.239
755,18,35,27.80503075258325,55.380570564148655,504.604
756,18,36,34.217082571796986,62.798794625469895,506.376
757,18,37,40.110938183965615,71.38600897833341,508.377
758,18,38,45.25565181777807,81.48643125124573,510.427
759,18,39,49.34597548903733,93.36488836889578,512.354
760,19,0,52.7330560531629,123.27931376361074,514.714
761,19,1,52.759543526764205,138.19734849588903,515.8
762,19,2,50.9618479825006,152.52231790253512,516.459
763,19,3,47.57772147519107,165.34180433308367,516.715
764,19,4,42.95882995463204,176.3462909351064,516.64
765,19,5,37.44382103006192,-174.3232162237053,516.345
766,19,6,31.302248117075273,-166.34387504659458,515.964
767,19,7,24.7318810506371,-159.37680888561476,515.637
768,19,8,17.875096831543612,-153.12715847429644,515.5
769,19,9,10.836690198456667,-147.35130462532354,515.663
770,19,10,3.6981094496813776,-141.84537985234954,516.198
771,19,11,-3.471882058426331,-136.42953161414965,517.133
772,19,12,-10.608659210373913,-130.93213091725983,518.447
773,19,13,-17.644021286638324,-125.17429510731742,520.065
774,19,14,-24.497764364003864,-118.95427405661859,521.873
775,19,15,-31.067187156789284,-112.03178854035146,523.72
776,19,16,-37.21320310783103,-104.1164394055746,525.435
777,19,17,-42.74290376930584,-94.87370447730828,526.846
778,19,18,-47.393162933628155,-83.98112369464704,527.792
779,19,19,-50.831886558068184,-71.28616527304617,528.142
780,19,20,-52.70997342886284,-57.06838544013967,527.808
781,19,21,-52.78338430206213,-42.20293974937589,526.756
782,19,22,-51.04006730887559,-27.886414164091242,525.009
783,19,23,-47.70685644673391,-15.039810174990446,522.648
784,19,24,-43.128621627209384,-3.991370878771868,519.809
785,19,25,-37.64160281785798,5.3856946605615565,516.666
786,19,26,-31.515537849381843,13.407379595431767,513.423
787,19,27,-24.94920742474315,20.410831881667523,510.292
788,19,28,-18.08631530898438,26.69126766312241,507.477
789,19,29,-11.032983005013664,32.49349458002803,505.158
790,19,30,-3.871974476324991,38.02276835467971,503.471
791,19,31,3.3265584713334966,43.460380990669826,502.501
792,19,32,10.496513480617828,48.979494858931126,502.274
793,19,33,17.568016649101715,54.760730896969996,502.757
794,19,34,24.45889204989003,61.00804879868679,503.86
795,19,35,31.064103326379023,67.9646579400473,505.45
796,19,36,37.2415210721299,75.92464919123937,507.359
797,19,37,42.79429069752643,85.22664284074472,509.407
798,19,38,47.45435118330771,96.1953119307599,511.416
799,19,39,50.88450633543396,108.978502736059,513.226
800,20,0,52.02593681367523,124.98199796142488,514.016
801,20,1,52.98063675019752,139.73664090837812,515.31
802,20,2,52.07835168536591,154.5043021958894,516.183
803,20,3,49.44699057176723,168.15346536529776,516.634
804,20,4,45.40013422438594,-179.93076055115074,516.713
805,20,5,40.294680517922714,-169.79771046457327,516.512
806,20,6,34.43747228574579,-161.18653580810135,516.156
807,20,7,28.060693270953287,-153.75350048156494,515.785
808,20,8,21.33204510823653,-147.1786374431056,515.537
809,20,9,14.373098334632578,-141.19349293758518,515.538
810,20,10,7.275431272759311,-135.57620876038328,515.881
811,20,11,0.11299446080173903,-130.13693297333026,516.616
812,20,12,-7.048511044190331,-124.70185092242764,517.746
813,20,13,-14.143647520976108,-119.09763972729716,519.224
814,20,14,-21.09934397830878,-113.13599790271074,520.954
815,20,15,-27.82566646161315,-106.59773784801351,522.802
816,20,16,-34.203695401023765,-99.21838780835338,524.605
817,20,17,-40.06975214327044,-90.68265942145344,526.189
818,20,18,-45.197369813590356,-80.64989700245926,527.386
819,20,19,-49.28650844702861,-68.85489113608843,528.048
820,20,20,-51.98551233907251,-55.32638667346294,528.064
821,20,21,-52.979359504822725,-40.642535222162294,527.372
822,20,22,-52.129188783358316,-25.905645644409205,525.966
823,20,23,-49.55164614532475,-12.245002634553364,523.898
824,20,24,-45.55111214089449,-0.2914223472956118,521.278
825,20,25,-40.48007917275354,9.88816048407584,518.263
826,20,26,-34.64450556477263,18.544272662644563,515.044
827,20,27,-28.277348578973385,26.016704520313613,511.83
828,20,28,-21.547505133151876,32.625033778158716,508.833
829,20,29,-14.57787423613873,38.638581625342646,506.246
830,20,30,-7.461365243666337,44.28055010620496,504.229
831,20,31,-0.2732642893871329,49.74220500807352,502.893
832,20,32,6.919294110377445,55.198822645429196,502.295
833,20,33,14.049308094386246,60.825341238388944,502.431
834,20,34,21.041903794936268,66.81201570628346,503.239
835,20,35,27.80503075258325,73.38057448013888,504.604
836,20,36,34.217082571796986,80.7988019565547,506.376
837,20,37,40.110938183965615,89.38601630941821,508.377
838,20,38,45.25565181777807,99.48643858233054,510.427
839,20,39,49.34597548903733,111.36489569998058,512.354
840,21,0,52.7330560531629,141.27930743431722,514.714
841,21,1,52.759543526764205,156.1973421665955,515.8
842,21,2,50.9618479825006,170.52231157324158,516.459
843,21,3,47.57772147519107,-176.65819835374418,516.715
844,21,4,42.95882995463204,-165.65371175172146,516.64
845,21,5,37.44382103006192,-156.32322255299883,516.345
846,21,6,31.302248117075273,-148.34388137588812,515.964
847,21,7,24.7318810506371,-141.3768152149083,515.637
848,21,8,17.875096831543612,-135.12716480358995,515.5
849,21,9,10.836690198456667,-129.35131095461705,515.663
850,21,10,3.6981094496813776,-123.84538618164306,516.198
851,21,11,-3.471882058426331,-118.4295379434432,517.133
852,21,12,-10.608659210373913,-112.93213724655337,518.447
853,21,13,-17.644021286638324,-107.17430143661096,520.065
854,21,14,-24.497764364003864,-100.95428038591213,521.873
855,21,15,-31.067187156789284,-94.031794869645,523.72
856,21,16,-37.21320310783103,-86.11644573486812,525.435
857,21,17,-42.74290376930584,-76.8737108066018,526.846
858,21,18,-47.393162933628155,-65.98113002394058,527.792
859,21,19,-50.831886558068184,-53.28616818724511,528.142
860,21,20,-52.70997342886284,-39.06839176943321,527.808
861,21,21,-52.78338430206213,-24.202946078669434,526.756
862,21,22,-51.04006730887559,-9.886419639611132,525.009
863,21,23,-47.70685644673391,2.9601830688291932,522.648
864,21,24,-43.128621627209384,14.008622365047772,519.809
865,21,25,-37.64160281785798,23.38568833126802,516.666
866,21,26,-31.515537849381843,31.40737155859094,513.423
867,21,27,-24.94920742474315,38.410825552373986,510.292
868,21,28,-18.08631530898438,44.691259626281585,507.477
869,21,29,-11.032983005013664,50.49348825073449,505.158
870,21,30,-3.871974476324991,56.02276202538618,503.471
871,21,31,3.3265584713334966,61.46037124628171,502.501
872,21,32,10.496513480617828,66.97949194473217,502.274
873,21,33,17.568016649101715,72.76072798277104,502.757
874,21,34,24.45889204989003,79.00804246939325,503.86
875,21,35,31.064103326379023,85.96465161075376,505.45
876,21,36,37.2415210721299,93.92464286194583,507.359
877,21,37,42.79429069752643,103.22663651145118,509.407
878,21,38,47.45435118330771,114.19530560146636,511.416
879,21,39,50.88450633543396,126.9784895765763,513.226
880,22,0,52.02593681367523,142.98199163213135,514.016
881,22,1,52.98063675019752,157.73663457908458,515.31
882,22,2,52.07835168536591,172.50429586659587,516.183
883,22,3,49.44699057176723,-173.8465373215301,516.634
884,22,4,45.40013422438594,-161.93076688044428,516.713
885,22,5,40.294680517922714,-151.7977167938668,516.512
886,22,6,34.43747228574579,-143.1865421373949,516.156
887,22,7,28.060693270953287,-135.75350681085848,515.785
888,22,8,21.33204510823653,-129.17864377239914,515.537
889,22,9,14.373098334632578,-123.1934992668787,515.538
890,22,10,7.275431272759311,-117.57621508967682,515.881
891,22,11,0.11299446080173903,-112.13694613281298,516.616
892,22,12,-7.048511044190331,-106.70185725172118,517.746
893,22,13,-14.143647520976108,-101.09764605659069,519.224
894,22,14,-21.09934397830878,-95.13600423200427,520.954
895,22,15,-27.82566646161315,-88.59774417730704,522.802
896,22,16,-34.203695401023765,-81.21839413764692,524.605
897,22,17,-40.06975214327044,-72.68266575074696,526.189
898,22,18,-45.197369813590356,-62.64990333175279,527.386
899,22,19,-49.28650844702861,-50.85489746538196,528.048
900,22,20,-51.98551233907251,-37.326393002756475,528.064
901,22,21,-52.979359504822725,-22.642543259003123,527.372
902,22,22,-52.129188783358316,-7.905651973702741,525.966
903,22,23,-49.55164614532475,5.754991036153099,523.898
904,22,24,-45.55111214089449,17.708571696936822,521.278
905,22,25,-40.48007917275354,27.888154154782303,518.263
906,22,26,-34.64450556477263,36.54426804089832,515.044
907,22,27,-28.277348578973385,44.016696483472785,511.83
908,22,28,-21.547505133151876,50.62502744886518,508.833
909,22,29,-14.57787423613873,56.63857529604911,506.246
910,22,30,-7.461365243666337,62.28054036181684,504.229
911,22,31,-0.2732642893871329,67.74219867877999,502.893
912,22,32,6.919294110377445,73.19881631613566,502.295
913,22,33,14.049308094386246,78.8253349090954,502.431
914,22,34,21.041903794936268,84.81200937698992,503.239
915,22,35,27.80503075258325,91.38056815084533,504.604
916,22,36,34.217082571796986,98.79879562726116,506.376
917,22,37,40.110938183965615,107.38600998012467,508.377
918,22,38,45.25565181777807,117.48642542284783,510.427
919,22,39,49.34597548903733,129.36488937068705,512.354
920,23,0,52.7330560531629,159.279314765402,514.714
921,23,1,52.759543526764205,174.1973494976803,515.8
922,23,2,50.9618479825006,-171.47767745320795,516.459
923,23,3,47.57772147519107,-158.6581910226594,516.715
924,23,4,42.95882995463204,-147.65370442063667,516.64
925,23,5,37.44382103006192,-138.32321522191404,516.345
926,23,6,31.302248117075273,-130.3438740448033,515.964
927,23,7,24.7318810506371,-123.3768078838235,515.637
928,23,8,17.875096831543612,-117.12715747250516,515.5
929,23,9,10.836690198456667,-111.35130362353226,515.663
930,23,10,3.6981094496813776,-105.84538568074743,516.198
931,23,11,-3.471882058426331,-100.42953744254756,517.133
932,23,12,-10.608659210373913,-94.93212991546856,518.447
933,23,13,-17.644021286638324,-89.17429410552616,520.065
934,23,14,-24.497764364003864,-82.95427305482733,521.873
935,23,15,-31.067187156789284,-76.0317875385602,523.72
936,23,16,-37.21320310783103,-68.11643840378332,525.435
937,23,17,-42.74290376930584,-58.87370347551701,526.846
938,23,18,-47.393162933628155,-47.98111927776119,527.792
939,23,19,-50.831886558068184,-35.28616085616031,528.142
940,23,20,-52.70997342886284,-21.068384438348406,527.808
941,23,21,-52.78338430206213,-6.202939601358276,526.756
942,23,22,-51.04006730887559,8.11358769147367,525.009
943,23,23,-47.70685644673391,20.96019082680082,522.648
944,23,24,-43.128621627209384,32.00862969613257,519.809
945,23,25,-37.64160281785798,41.38569395480553,516.666
946,23,26,-31.515537849381843,49.40737888967574,513.423
947,23,27,-24.94920742474315,56.41083288345879,510.292
948,23,28,-18.08631530898438,62.69126695736639,507.477
949,23,29,-11.032983005013664,68.4934921667247,505.158
950,23,30,-3.871974476324991,74.02276935647097,503.471
951,23,31,3.3265584713334966,79.46037857736651,502.501
952,23,32,10.496513480617828,84.97949927581698,502.274
953,23,33,17.568016649101715,90.76073531385585,502.757
954,23,34,24.45889204989003,97.00804980047805,503.86
955,23,35,31.064103326379023,103.96465894183856,505.45
956,23,36,37.2415210721299,111.92465019303064,507.359
957,23,37,42.79429069752643,121.22665067272516,509.407
958,23,38,47.45435118330771,132.19531976274033,511.416
959,23,39,50.88450633543396,144.97849690766108,513.226
960,24,0,52.02593681367523,160.98199896321614,514.016
961,24,1,52.98063675019752,175.7366419101694,515.31
962,24,2,52.07835168536591,-169.49569315985363,516.183
963,24,3,49.44699057176723,-155.8465299904453,516.634
964,24,4,45.40013422438594,-143.93075954935946,516.713
965,24,5,40.294680517922714,-133.797709462782,516.512
966,24,6,34.43747228574579,-125.18653480631008,516.156
967,24,7,28.060693270953287,-117.75349947977367,515.785
968,24,8,21.33204510823653,-111.17862961112516,515.537
969,24,9,14.373098334632578,-105.1934919357939,515.538
970,24,10,7.275431272759311,-99.57621458878118,515.881
971,24,11,0.11299446080173903,-94.13693880172816,516.616
972,24,12,-7.048511044190331,-88.70184992063638,517.746
973,24,13,-14.143647520976108,-83.09763872550589,519.224
974,24,14,-21.09934397830878,-77.13599690091947,520.954
975,24,15,-27.82566646161315,-70.59773684622223,522.802
976,24,16,-34.203695401023765,-63.21838680656212,524.605
977,24,17,-40.06975214327044,-54.68265841966216,526.189
978,24,18,-45.197369813590356,-44.64989941576257,527.386
979,24,19,-49.28650844702861,-32.85489013429716,528.048
980,24,20,-51.98551233907251,-19.326383964124382,528.064
981,24,21,-52.979359504822725,-4.64253592791832,527.372
982,24,22,-52.129188783358316,10.094355357382062,525.966
983,24,23,-49.55164614532475,23.754998367237903,523.898
984,24,24,-45.55111214089449,35.70857732047433,521.278
985,24,25,-40.48007917275354,45.88816148586711,518.263
986,24,26,-34.64450556477263,54.54427537198312,515.044
987,24,27,-28.277348578973385,62.01670381455759,511.83
988,24,28,-21.547505133151876,68.62503477994998,508.833
989,24,29,-14.57787423613873,74.6385860422285,506.246
990,24,30,-7.461365243666337,80.28054769290164,504.229
991,24,31,-0.2732642893871329,85.74220600986479,502.893
992,24,32,6.919294110377445,91.19882364722046,502.295
993,24,33,14.049308094386246,96.8253422401802,502.431
994,24,34,21.041903794936268,102.81201670807472,503.239
995,24,35,27.80503075258325,109.38057548193014,504.604
996,24,36,34.217082571796986,116.79880295834596,506.376
997,24,37,40.110938183965615,125.38601731120947,508.377
998,24,38,45.25565181777807,135.48643275393263,510.427
999,24,39,49.34597548903733,147.36489670177184,512.354
1000,25,0,52.7330560531629,177.27930843610847,514.714
1001,25,1,52.759543526764205,-167.80265318914758,515.8
1002,25,2,50.9618479825006,-153.4776837825015,516.459
1003,25,3,47.57772147519107,-140.65819735195294,516.715
1004,25,4,42.95882995463204,-129.6537107499302,516.64
1005,25,5,37.44382103006192,-120.32322155120757,516.345
1006,25,6,31.302248117075273,-112.34388037409686,515.964
1007,25,7,24.7318810506371,-105.37681421311704,515.637
1008,25,8,17.875096831543612,-99.1271638017987,515.5
1009,25,9,10.836690198456667,-93.35130995282579,515.663
1010,25,10,3.6981094496813776,-87.84539201004097,516.198
1011,25,11,-3.471882058426331,-82.4295437718411,517.133
1012,25,12,-10.608659210373913,-76.9321362447621,518.447
1013,25,13,-17.644021286638324,-71.1743004348197,520.065
1014,25,14,-24.497764364003864,-64.95427938412087,521.873
1015,25,15,-31.067187156789284,-58.03179386785373,523.72
1016,25,16,-37.21320310783103,-50.11644473307686,525.435
1017,25,17,-42.74290376930584,-40.873709804810545,526.846
1018,25,18,-47.393162933628155,-29.981125607054725,527.792
1019,25,19,-50.831886558068184,-17.286167185453845,528.142
1020,25,20,-52.70997342886284,-3.0683909810853547,527.808
1021,25,21,-52.78338430206213,11.797054069348187,526.756
1022,25,22,-51.04006730887559,26.11358050840649,525.009
1023,25,23,-47.70685644673391,38.960184497507285,522.648
1024,25,24,-43.128621627209384,50.00862336683904,519.809
1025,25,25,-37.64160281785798,59.38568762551199,516.666
1026,25,26,-31.515537849381843,67.4073759754768,513.423
1027,25,27,-24.94920742474315,74.41082655416525,510.292
1028,25,28,-18.08631530898438,80.69126062807285,507.477
1029,25,29,-11.032983005013664,86.49348583743117,505.158
1030,25,30,-3.871974476324991,92.02276302717745,503.471
1031,25,31,3.3265584713334966,97.46037224807297,502.501
1032,25,32,10.496513480617828,102.97949294652344,502.274
1033,25,33,17.568016649101715,108.7607289845623,502.757
1034,25,34,24.45889204989003,115.00803664099534,503.86
1035,25,35,31.064103326379023,121.96465261254502,505.45
1036,25,36,37.2415210721299,129.92465069392628,507.359
1037,25,37,42.79429069752643,139.22664434343162,509.407
1038,25,38,47.45435118330771,150.19531343344678,511.416
1039,25,39,50.88450633543396,162.97849057836757,513.226
1040,26,0,52.02593681367523,178.98200629430096,514.016
1041,26,1,52.98063675019752,-166.26334711628013,515.31
1042,26,2,52.07835168536591,-151.49568582876884,516.183
1043,26,3,49.44699057176723,-137.8465226593605,516.634
1044,26,4,45.40013422438594,-125.93075221827468,516.713
1045,26,5,40.294680517922714,-115.79770213169719,516.512
1046,26,6,34.43747228574579,-107.18652747522528,516.156
1047,26,7,28.060693270953287,-99.75349214868886,515.785
1048,26,8,21.33204510823653,-93.17862228004036,515.537
1049,26,9,14.373098334632578,-87.1934846047091,515.538
1050,26,10,7.275431272759311,-81.57620725769638,515.881
1051,26,11,0.11299446080173903,-76.13693147064336,516.616
1052,26,12,-7.048511044190331,-70.70184258955157,517.746
1053,26,13,-14.143647520976108,-65.09763139442109,519.224
1054,26,14,-21.09934397830878,-59.13598956983467,520.954
1055,26,15,-27.82566646161315,-52.59773293023202,522.802
1056,26,16,-34.203695401023765,-45.2183828905719,524.605
1057,26,17,-40.06975214327044,-36.68265108857736,526.189
1058,26,18,-45.197369813590356,-26.649890377130475,527.386
1059,26,19,-49.28650844702861,-14.854882803212352,528.048
1060,26,20,-51.98551233907251,-1.326377380091519,528.064
1061,26,21,-52.979359504822725,13.357471403166484,527.372
1062,26,22,-52.129188783358316,28.094362688466866,525.966
1063,26,23,-49.55164614532475,41.755005698322705,523.898
1064,26,24,-45.55111214089449,53.708584651559136,521.278
1065,26,25,-40.48007917275354,63.88816881695191,518.263
1066,26,26,-34.64450556477263,72.54427928797334,515.044
1067,26,27,-28.277348578973385,80.01671114564239,511.83
1068,26,28,-21.547505133151876,86.62504211103479,508.833
1069,26,29,-14.57787423613873,92.6385933733133,506.246
1070,26,30,-7.461365243666337,98.28055502398645,504.229
1071,26,31,-0.2732642893871329,103.74221334094959,502.893
1072,26,32,6.919294110377445,109.19883097830527,502.295
1073,26,33,14.049308094386246,114.82534274107584,502.431
1074,26,34,21.041903794936268,120.8120308693487,503.239
1075,26,35,27.80503075258325,127.38058281301494,504.604
1076,26,36,34.217082571796986,134.79881028943078,506.376
1077,26,37,40.110938183965615,143.38602464229427,508.377
1078,26,38,45.25565181777807,153.48644008501745,510.427
1079,26,39,49.34597548903733,165.36490403285666,512.354
1080,27,0,52.7330560531629,-164.7206942507194,514.714
1081,27,1,52.759543526764205,-149.8026595184411,515.8
1082,27,2,50.9618479825006,-135.47769011179503,516.459
1083,27,3,47.57772147519107,-122.65820368124646,516.715
1084,27,4,42.95882995463204,-111.65372390941292,516.64
1085,27,5,37.44382103006192,-102.32322105031193,516.345
1086,27,6,31.302248117075273,-94.34388670339038,515.964
1087,27,7,24.7318810506371,-87.37682054241058,515.637
1088,27,8,17.875096831543612,-81.12717013109223,515.5
1089,27,9,10.836690198456667,-75.35131628211933,515.663
1090,27,10,3.6981094496813776,-69.8453983393345,516.198
1091,27,11,-3.471882058426331,-64.42955010113464,517.133
1092,27,12,-10.608659210373913,-58.93214257405564,518.447
1093,27,13,-17.644021286638324,-53.174310179207815,520.065
1094,27,14,-24.497764364003864,-46.9542857134144,521.873
1095,27,15,-31.067187156789284,-40.03179678205268,523.72
1096,27,16,-37.21320310783103,-32.116451062370395,525.435
1097,27,17,-42.74290376930584,-22.873716134104082,526.846
1098,27,18,-47.393162933628155,-11.981133643895555,527.792
1099,27,19,-50.831886558068184,0.713826325170059,528.142
1100,27,20,-52.70997342886284,14.93160290306452,527.808
1101,27,21,-52.78338430206213,29.797048593828297,526.756
1102,27,22,-51.04006730887559,44.11357588666024,525.009
1103,27,23,-47.70685644673391,56.960178168213744,522.648
1104,27,24,-43.128621627209384,68.0086170375455,519.809
1105,27,25,-37.64160281785798,77.38568129621846,516.666
1106,27,26,-31.515537849381843,85.40736964618326,513.423
1107,27,27,-24.94920742474315,92.41082022487171,510.292
1108,27,28,-18.08631530898438,98.69125429877931,507.477
1109,27,29,-11.032983005013664,104.49347950813764,505.158
1110,27,30,-3.871974476324991,110.0227566978839,503.471
1111,27,31,3.3265584713334966,115.46037274896861,502.501
1112,27,32,10.496513480617828,120.97947978704073,502.274
1113,27,33,17.568016649101715,126.7607158250796,502.757
1114,27,34,24.45889204989003,133.00803031170182,503.86
1115,27,35,31.064103326379023,139.96464628325148,505.45
1116,27,36,37.2415210721299,147.92464436463274,507.359
1117,27,37,42.79429069752643,157.22663801413808,509.407
1118,27,38,47.45435118330771,168.19530710415324,511.416
1119,27,39,50.88450633543396,-179.0215121084603,513.226
1120,28,0,52.02593681367523,-163.01801005290525,514.016
1121,28,1,52.98063675019752,-148.263367105952,515.31
1122,28,2,52.07835168536591,-133.4957058184407,516.183
1123,28,3,49.44699057176723,-119.84654264903237,516.634
1124,28,4,45.40013422438594,-107.93077220794655,516.713
1125,28,5,40.294680517922714,-97.79772212136908,516.512
1126,28,6,34.43747228574579,-89.18654746489716,516.156
1127,28,7,28.060693270953287,-81.75351213836075,515.785
1128,28,8,21.33204510823653,-75.17864226971224,515.537
1129,28,9,14.373098334632578,-69.19350459438097,515.538
1130,28,10,7.275431272759311,-63.57622724736826,515.881
1131,28,11,0.11299446080173903,-58.136951460315245,516.616
1132,28,12,-7.048511044190331,-52.701862579223445,517.746
1133,28,13,-14.143647520976108,-47.09765138409296,519.224
1134,28,14,-21.09934397830878,-41.13600955950655,520.954
1135,28,15,-27.82566646161315,-34.5977529199039,522.802
1136,28,16,-34.203695401023765,-27.218401172696485,524.605
1137,28,17,-40.06975214327044,-18.68267278579653,526.189
1138,28,18,-45.197369813590356,-8.649911220575996,527.386
1139,28,19,-49.28650844702861,3.145096566785537,528.048
1140,28,20,-51.98551233907251,16.673603377288543,528.064
1141,28,21,-52.979359504822725,31.3574531210419,527.372
1142,28,22,-52.129188783358316,46.09434440634228,525.966
1143,28,23,-49.55164614532475,59.754982293556246,523.898
1144,28,24,-45.55111214089449,71.70856466188727,521.278
1145,28,25,-40.48007917275354,81.88814882728003,518.263
1146,28,26,-34.64450556477263,90.54425929830147,515.044
1147,28,27,-28.277348578973385,98.01669115597052,511.83
1148,28,28,-21.547505133151876,104.6250221213629,508.833
1149,28,29,-14.57787423613873,110.63857338364143,506.246
1150,28,30,-7.461365243666337,116.28054186450373,504.229
1151,28,31,-0.2732642893871329,121.74219335127772,502.893
1152,28,32,6.919294110377445,127.19881781882256,502.295
1153,28,33,14.049308094386246,132.82532275140397,502.431
1154,28,34,21.041903794936268,138.81201087967682,503.239
1155,28,35,27.80503075258325,145.38056282334307,504.604
1156,28,36,34.217082571796986,152.7987902997589,506.376
1157,28,37,40.110938183965615,161.3860046526224,508.377
1158,28,38,45.25565181777807,171.48642009534555,510.427
1159,28,39,49.34597548903733,-176.63511231434956,512.354
1160,29,0,52.7330560531629,-146.72068691963457,514.714
1161,29,1,52.759543526764205,-131.8026521873563,515.8
1162,29,2,50.9618479825006,-117.47768278071021,516.459
1163,29,3,47.57772147519107,-104.65819635016166,516.715
1164,29,4,42.95882995463204,-93.6537165783281,516.64
1165,29,5,37.44382103006192,-84.32321371922713,516.345
1166,29,6,31.302248117075273,-76.34387937230558,515.964
1167,29,7,24.7318810506371,-69.37681321132578,515.637
1168,29,8,17.875096831543612,-63.127162800007426,515.5
1169,29,9,10.836690198456667,-57.351308951034525,515.663
1170,29,10,3.6981094496813776,-51.8453910082497,516.198
1171,29,11,-3.471882058426331,-46.42953935495524,517.133
1172,29,12,-10.608659210373913,-40.93213182787625,518.447
1173,29,13,-17.644021286638324,-35.17430284812301,520.065
1174,29,14,-24.497764364003864,-28.954278382329594,521.873
1175,29,15,-31.067187156789284,-22.031789450967874,523.72
1176,29,16,-37.21320310783103,-14.11644458505924,525.435
1177,29,17,-42.74290376930584,-4.873707949245632,526.846
1178,29,18,-47.393162933628155,6.018874114076072,527.792
1179,29,19,-50.831886558068184,18.71383381633742,528.142
1180,29,20,-52.70997342886284,32.931610234149325,527.808
1181,29,21,-52.78338430206213,47.7970559249131,526.756
1182,29,22,-51.04006730887559,62.113583217745045,525.009
1183,29,23,-47.70685644673391,74.96018549929855,522.648
1184,29,24,-43.128621627209384,86.00862436863031,519.809
1185,29,25,-37.64160281785798,95.38568862730327,516.666
1186,29,26,-31.515537849381843,103.40737697726806,513.423
1187,29,27,-24.94920742474315,110.41082755595652,510.292
1188,29,28,-18.08631530898438,116.69126846005328,507.477
1189,29,29,-11.032983005013664,122.49348683922244,505.158
1190,29,30,-3.871974476324991,128.02275719877954,503.471
1191,29,31,3.3265584713334966,133.4603800800534,502.501
1192,29,32,10.496513480617828,138.97948711812555,502.274
1193,29,33,17.568016649101715,144.7607231561644,502.757
1194,29,34,24.45889204989003,151.0080376427866,503.86
1195,29,35,31.064103326379023,157.9646536143363,505.45
1196,29,36,37.2415210721299,165.92465169571753,507.359
1197,29,37,42.79429069752643,175.2266453452229,509.407
1198,29,38,47.45435118330771,-173.8046955826746,511.416
1199,29,39,50.88450633543396,-161.0215047773755,513.226
1200,30,0,52.02593681367523,-145.01800272182044,514.016
1201,30,1,52.98063675019752,-130.2633597748672,515.31
1202,30,2,52.07835168536591,-115.49569848735591,516.183
1203,30,3,49.44699057176723,-101.84654214813675,516.634
1204,30,4,45.40013422438594,-89.93076487686174,516.713
1205,30,5,40.294680517922714,-79.79771479028427,516.512
1206,30,6,34.43747228574579,-71.18654013381236,516.156
1207,30,7,28.060693270953287,-63.75350480727594,515.785
1208,30,8,21.33204510823653,-57.17863493862743,515.537
1209,30,9,14.373098334632578,-51.193500678390755,515.538
1210,30,10,7.275431272759311,-45.576219916283456,515.881
1211,30,11,0.11299446080173903,-40.136940714135854,516.616
1212,30,12,-7.048511044190331,-34.70185524813864,517.746
1213,30,13,-14.143647520976108,-29.09764405300816,519.224
1214,30,14,-21.09934397830878,-23.13600052087445,520.954
1215,30,15,-27.82566646161315,-16.597743881271796,522.802
1216,30,16,-34.203695401023765,-9.218393841611682,524.605
1217,30,17,-40.06975214327044,-0.6826652946291683,526.189
1218,30,18,-45.197369813590356,9.350096110508806,527.386
1219,30,19,-49.28650844702861,21.145104538200574,528.048
1220,30,20,-51.98551233907251,34.673609000826055,528.064
1221,30,21,-52.979359504822725,49.3574604521267,527.372
1222,30,22,-52.129188783358316,64.09435173742709,525.966
1223,30,23,-49.55164614532475,77.75498962464104,523.898
1224,30,24,-45.55111214089449,89.70857199297207,521.278
1225,30,25,-40.48007917275354,99.88815615836484,518.263
1226,30,26,-34.64450556477263,108.54426662938627,515.044
1227,30,27,-28.277348578973385,116.01670531724449,511.83
1228,30,28,-21.547505133151876,122.62502262225854,508.833
1229,30,29,-14.57787423613873,128.63858071472623,506.246
1230,30,30,-7.461365243666337,134.28054919558855,504.229
1231,30,31,-0.2732642893871329,139.74220068236252,502.893
1232,30,32,6.919294110377445,145.19882514990738,502.295
1233,30,33,14.049308094386246,150.82533008248876,502.431
1234,30,34,21.041903794936268,156.81201821076164,503.239
1235,30,35,27.80503075258325,163.38057015442786,504.604
1236,30,36,34.217082571796986,170.7987976308437,506.376
1237,30,37,40.110938183965615,179.38601198370722,508.377
1238,30,38,45.25565181777807,-170.51356893110398,510.427
1239,30,39,49.34597548903733,-158.63510498326474,512.354
1240,31,0,52.7330560531629,-128.72067958854979,514.714
1241,31,1,52.759543526764205,-113.8026448562715,515.8
1242,31,2,50.9618479825006,-99.47768227981459,516.459
1243,31,3,47.57772147519107,-86.65818901907686,516.715
1244,31,4,42.95882995463204,-75.6537092472433,516.64
1245,31,5,37.44382103006192,-66.32320638814232,516.345
1246,31,6,31.302248117075273,-58.34387204122078,515.964
1247,31,7,24.7318810506371,-51.37680588024097,515.637
1248,31,8,17.875096831543612,-45.12715546892262,515.5
1249,31,9,10.836690198456667,-39.35130161994972,515.663
1250,31,10,3.6981094496813776,-33.8453836771649,516.198
1251,31,11,-3.471882058426331,-28.42953373141773,517.133
1252,31,12,-10.608659210373913,-22.932124496791445,518.447
1253,31,13,-17.644021286638324,-17.174293809490916,520.065
1254,31,14,-24.497764364003864,-10.954271905018436,521.873
1255,31,15,-31.067187156789284,-4.031782973656718,523.72
1256,31,16,-37.21320310783103,3.883562746025564,525.435
1257,31,17,-42.74290376930584,13.126299381839171,526.846
1258,31,18,-47.393162933628155,24.01888101827405,527.792
1259,31,19,-50.831886558068184,36.71384114742222,528.142
1260,31,20,-52.70997342886284,50.93161756523413,527.808
1261,31,21,-52.78338430206213,65.7970632559979,526.756
1262,31,22,-51.04006730887559,80.11359054882985,525.009
1263,31,23,-47.70685644673391,92.96019283038335,522.648
1264,31,24,-43.128621627209384,104.00863169971511,519.809
1265,31,25,-37.64160281785798,113.38569595838807,516.666
1266,31,26,-31.515537849381843,121.4073774781637,513.423
1267,31,27,-24.94920742474315,128.41083488704132,510.292
1268,31,28,-18.08631530898438,134.69127579113808,507.477
1269,31,29,-11.032983005013664,140.49349417030723,505.158
1270,31,30,-3.871974476324991,146.02276452986433,503.471
1271,31,31,3.3265584713334966,151.4603874111382,502.501
1272,31,32,10.496513480617828,156.97949444921034,502.274
1273,31,33,17.568016649101715,162.76073048724922,502.757
1274,31,34,24.45889204989003,169.00804497387142,503.86
1275,31,35,31.064103326379023,175.9646609454211,505.45
1276,31,36,37.2415210721299,-176.07535099111033,507.359
1277,31,37,42.79429069752643,-166.773357341605,509.407
1278,31,38,47.45435118330771,-155.8046882515898,511.416
1279,31,39,50.88450633543396,-143.0214974462907,513.226
1280,32,0,52.02593681367523,-127.01799539073565,514.016
1281,32,1,52.98063675019752,-112.2633524437824,515.31
1282,32,2,52.07835168536591,-97.4956911562711,516.183
1283,32,3,49.44699057176723,-83.84653481705195,516.634
1284,32,4,45.40013422438594,-71.93075754577694,516.713
1285,32,5,40.294680517922714,-61.797707459199465,516.512
1286,32,6,34.43747228574579,-53.186529387632966,516.156
1287,32,7,28.060693270953287,-45.753497476191136,515.785
1288,32,8,21.33204510823653,-39.17862760754263,515.537
1289,32,9,14.373098334632578,-33.19349334730595,515.538
1290,32,10,7.275431272759311,-27.57621087765136,515.881
1291,32,11,0.11299446080173903,-22.136935090598342,516.616
1292,32,12,-7.048511044190331,-16.70184620950655,517.746
1293,32,13,-14.143647520976108,-11.097638429470651,519.224
1294,32,14,-21.09934397830878,-5.135993616676469,520.954
1295,32,15,-27.82566646161315,1.4022627027610648,522.802
1296,32,16,-34.203695401023765,8.781613489473122,524.605
1297,32,17,-40.06975214327044,17.317341876373078,526.189
1298,32,18,-45.197369813590356,27.350104295367256,527.386
1299,32,19,-49.28650844702861,39.14511186928538,528.048
1300,32,20,-51.98551233907251,52.67361633191086,528.064
1301,32,21,-52.979359504822725,67.3574677832115,527.372
1302,32,22,-52.129188783358316,82.09435906851189,525.966
1303,32,23,-49.55164614532475,95.75499695572584,523.898
1304,32,24,-45.55111214089449,107.70857932405687,521.278
1305,32,25,-40.48007917275354,117.88816348944964,518.263
1306,32,26,-34.64450556477263,126.54428079066024,515.044
1307,32,27,-28.277348578973385,134.0167126483293,511.83
1308,32,28,-21.547505133151876,140.62502995334336,508.833
1309,32,29,-14.57787423613873,146.63858804581102,506.246
1310,32,30,-7.461365243666337,152.28055652667334,504.229
1311,32,31,-0.2732642893871329,157.7422080134473,502.893
1312,32,32,6.919294110377445,163.19883248099217,502.295
1313,32,33,14.049308094386246,168.82533741357358,502.431
1314,32,34,21.041903794936268,174.81202554184642,503.239
1315,32,35,27.80503075258325,-178.61941887202167,504.604
1316,32,36,34.217082571796986,-171.20119139560583,506.376
1317,32,37,40.110938183965615,-162.6139770427423,508.377
1318,32,38,45.25565181777807,-152.51356160001916,510.427
1319,32,39,49.34597548903733,-140.63509765217995,512.354
1320,33,0,52.7330560531629,-110.72067225746498,514.714
1321,33,1,52.759543526764205,-95.8026375251867,515.8
1322,33,2,50.9618479825006,-81.47767494872977,516.459
1323,33,3,47.57772147519107,-68.65818168799206,516.715
1324,33,4,42.95882995463204,-57.653701916158504,516.64
1325,33,5,37.44382103006192,-48.323202472152104,516.345
1326,33,6,31.302248117075273,-40.343868125230564,515.964
1327,33,7,24.7318810506371,-33.37679854915617,515.637
1328,33,8,17.875096831543612,-27.12714813783782,515.5
1329,33,9,10.836690198456667,-21.35129428886492,515.663
1330,33,10,3.6981094496813776,-15.84537634608009,516.198
1331,33,11,-3.471882058426331,-10.429526400332929,517.133
1332,33,12,-10.608659210373913,-4.932117165706643,518.447
1333,33,13,-17.644021286638324,0.8257134148721832,520.065
1334,33,14,-24.497764364003864,7.045735426066367,521.873
1335,33,15,-31.067187156789284,13.968224357428085,523.72
1336,33,16,-37.21320310783103,21.88356922333672,525.435
1337,33,17,-42.74290376930584,31.126305859150328,526.846
1338,33,18,-47.393162933628155,42.01889005690615,527.792
1339,33,19,-50.831886558068184,54.713848478507025,528.142
1340,33,20,-52.70997342886284,68.93162148122434,527.808
1341,33,21,-52.78338430206213,83.7970705870827,526.756
1342,33,22,-51.04006730887559,98.11359787991465,525.009
1343,33,23,-47.70685644673391,110.96020016146815,522.648
1344,33,24,-43.128621627209384,122.00863903079991,519.809
1345,33,25,-37.64160281785798,131.38571011966204,516.666
1346,33,26,-31.515537849381843,139.4073848092485,513.423
1347,33,27,-24.94920742474315,146.41084221812613,510.292
1348,33,28,-18.08631530898438,152.6912831222229,507.477
1349,33,29,-11.032983005013664,158.49350150139205,505.158
1350,33,30,-3.871974476324991,164.02277186094915,503.471
1351,33,31,3.3265584713334966,169.46039474222303,502.501
1352,33,32,10.496513480617828,174.97950178029515,502.274
1353,33,33,17.568016649101715,-179.2392585392003,502.757
1354,33,34,24.45889204989003,-172.9919440525781,503.86
1355,33,35,31.064103326379023,-166.0353280810284,505.45
1356,33,36,37.2415210721299,-158.0753436600255,507.359
1357,33,37,42.79429069752643,-148.77335001052018,509.407
1358,33,38,47.45435118330771,-137.804680920505,511.416
1359,33,39,50.88450633543396,-125.02149011520589,513.226
1360,34,0,52.02593681367523,-109.01801538040752,514.016
1361,34,1,52.98063675019752,-94.26337243345428,515.31
1362,34,2,52.07835168536591,-79.49571114594299,516.183
1363,34,3,49.44699057176723,-65.84655480672382,516.634
1364,34,4,45.40013422438594,-53.93078095054341,516.713
1365,34,5,40.294680517922714,-43.79772403377676,516.512
1366,34,6,34.43747228574579,-35.18654937730484,516.156
1367,34,7,28.060693270953287,-27.753519173410304,515.785
1368,34,8,21.33204510823653,-21.1786493047618,515.537
1369,34,9,14.373098334632578,-15.19351333697783,515.538
1370,34,10,7.275431272759311,-9.576231721096882,515.881
1371,34,11,0.11299446080173903,-4.136954226496575,516.616
1372,34,12,-7.048511044190331,1.2981334806564586,517.746
1373,34,13,-14.143647520976108,6.902341580857473,519.224
1374,34,14,-21.09934397830878,12.863985966764831,520.954
1375,34,15,-27.82566646161315,19.40224346014113,522.802
1376,34,16,-34.203695401023765,26.781593499801247,524.605
1377,34,17,-40.06975214327044,35.31732359424849,526.189
1378,34,18,-45.197369813590356,45.350082598148084,527.386
1379,34,19,-49.28650844702861,57.1450918796135,528.048
1380,34,20,-51.98551233907251,70.67359975733356,528.064
1381,34,21,-52.979359504822725,85.35744779353963,527.372
1382,34,22,-52.129188783358316,100.09433907884001,525.966
1383,34,23,-49.55164614532475,113.75497696605397,523.898
1384,34,24,-45.55111214089449,125.70856616457417,521.278
1385,34,25,-40.48007917275354,135.88814349977775,518.263
1386,34,26,-34.64450556477263,144.54426080098835,515.044
1387,34,27,-28.277348578973385,152.0166926586574,511.83
1388,34,28,-21.547505133151876,158.62500996367146,508.833
1389,34,29,-14.57787423613873,164.63856805613915,506.246
1390,34,30,-7.461365243666337,170.28053653700147,504.229
1391,34,31,-0.2732642893871329,175.74218802377544,502.893
1392,34,32,6.919294110377445,-178.80119752659238,502.295
1393,34,33,14.049308094386246,-173.17467893363263,502.431
1394,34,34,21.041903794936268,-167.18800446573812,503.239
1395,34,35,27.80503075258325,-160.61943886169354,504.604
1396,34,36,34.217082571796986,-153.2012113852777,506.376
1397,34,37,40.110938183965615,-144.6139970324142,508.377
1398,34,38,45.25565181777807,-134.51358158969103,510.427
1399,34,39,49.34597548903733,-122.63511764185182,512.354
1400,35,0,52.7330560531629,-92.72069224713685,514.714
1401,35,1,52.759543526764205,-77.80265751485857,515.8
1402,35,2,50.9618479825006,-63.477694938401655,516.459
1403,35,3,47.57772147519107,-50.65819826256935,516.715
1404,35,4,42.95882995463204,-39.65372190583038,516.64
1405,35,5,37.44382103006192,-30.323222461823985,516.345
1406,35,6,31.302248117075273,-22.343888114902438,515.964
1407,35,7,24.7318810506371,-15.376816831280754,515.637
1408,35,8,17.875096831543612,-9.127167273736053,515.5
1409,35,9,10.836690198456667,-3.351314065093385,515.663
1410,35,10,3.6981094496813776,2.154603877691444,516.198
1411,35,11,-3.471882058426331,7.570453609995195,517.133
1412,35,12,-10.608659210373913,13.06786284462148,518.447
1413,35,13,-17.644021286638324,18.825693531922013,520.065
1414,35,14,-24.497764364003864,25.045716290168137,521.873
1415,35,15,-31.067187156789284,31.968205221529853,523.72
1416,35,16,-37.21320310783103,39.883550941212135,525.435
1417,35,17,-42.74290376930584,49.12628586947845,526.846
1418,35,18,-47.393162933628155,60.018866652139685,527.792
1419,35,19,-50.831886558068184,72.71382507374057,528.142
1420,35,20,-52.70997342886284,86.93160149155247,527.808
1421,35,21,-52.78338430206213,101.79705059741083,526.756
1422,35,22,-51.04006730887559,116.1135710600536,525.009
1423,35,23,-47.70685644673391,128.96017334160712,522.648
1424,35,24,-43.128621627209384,140.00861904112804,519.809
1425,35,25,-37.64160281785798,149.38569012999017,516.666
1426,35,26,-31.515537849381843,157.40736481957663,513.423
1427,35,27,-24.94920742474315,164.41082222845426,510.292
1428,35,28,-18.08631530898438,170.69126313255103,507.477
1429,35,29,-11.032983005013664,176.49348151172018,505.158
1430,35,30,-3.871974476324991,-177.97724448625706,503.471
1431,35,31,3.3265584713334966,-172.53963526536154,502.501
1432,35,32,10.496513480617828,-167.02051456691106,502.274
1433,35,33,17.568016649101715,-161.23927852887218,502.757
1434,35,34,24.45889204989003,-154.99196404224998,503.86
1435,35,35,31.064103326379023,-148.0353480707003,505.45
1436,35,36,37.2415210721299,-140.0753636496974,507.359
1437,35,37,42.79429069752643,-130.77337000019205,509.407
1438,35,38,47.45435118330771,-119.80470091017688,511.416
1439,35,39,50.88450633543396,-107.02151010487778,513.226
1440,36,0,52.02593681367523,-91.01800804932272,514.016
1441,36,1,52.98063675019752,-76.26336510236948,515.31
1442,36,2,52.07835168536591,-61.49570381485818,516.183
1443,36,3,49.44699057176723,-47.846547475639014,516.634
1444,36,4,45.40013422438594,-35.930773619458606,516.713
1445,36,5,40.294680517922714,-25.79771841023925,516.512
1446,36,6,34.43747228574579,-17.18654375376733,516.156
1447,36,7,28.060693270953287,-9.753510988551854,515.785
1448,36,8,21.33204510823653,-3.1786415467901734,515.537
1449,36,9,14.373098334632578,2.8064948478806206,515.538
1450,36,10,7.275431272759311,8.423775609987922,515.881
1451,36,11,0.11299446080173903,13.863053104588229,516.616
1452,36,12,-7.048511044190331,19.29814113190638,517.746
1453,36,13,-14.143647520976108,24.902348911942276,519.224
1454,36,14,-21.09934397830878,30.86399244407599,520.954
1455,36,15,-27.82566646161315,37.40224908367864,522.802
1456,36,16,-34.203695401023765,44.78159912333876,524.605
1457,36,17,-40.06975214327044,53.317330925333295,526.189
1458,36,18,-45.197369813590356,63.350093344327476,527.386
1459,36,19,-49.28650844702861,75.1450992106983,528.048
1460,36,20,-51.98551233907251,88.67360708841836,528.064
1461,36,21,-52.979359504822725,103.35745512462444,527.372
1462,36,22,-52.129188783358316,118.09433957973565,525.966
1463,36,23,-49.55164614532475,131.75499112732794,523.898
1464,36,24,-45.55111214089449,143.70857349565895,521.278
1465,36,25,-40.48007917275354,153.88815083086257,518.263
1466,36,26,-34.64450556477263,162.54426813207317,515.044
1467,36,27,-28.277348578973385,170.01669998974222,511.83
1468,36,28,-21.547505133151876,176.62501729475628,508.833
1469,36,29,-14.57787423613873,-177.36142097031038,506.246
1470,36,30,-7.461365243666337,-171.7194661498264,504.229
1471,36,31,-0.2732642893871329,-166.25780100267409,502.893
1472,36,32,6.919294110377445,-160.80119019550756,502.295
1473,36,33,14.049308094386246,-155.17467160254782,502.431
1474,36,34,21.041903794936268,-149.1879971346533,503.239
1475,36,35,27.80503075258325,-142.61943153060872,504.604
1476,36,36,34.217082571796986,-135.2012040541929,506.376
1477,36,37,40.110938183965615,-126.61398970132939,508.377
1478,36,38,45.25565181777807,-116.51357425860624,510.427
1479,36,39,49.34597548903733,-104.63511714095618,512.354
1480,37,0,52.7330560531629,-74.72068491605205,514.714
1481,37,1,52.759543526764205,-59.802650183773764,515.8
1482,37,2,50.9618479825006,-45.47768760731685,516.459
1483,37,3,47.57772147519107,-32.65819093148454,516.715
1484,37,4,42.95882995463204,-21.653712867198283,516.64
1485,37,5,37.44382103006192,-12.323213423191888,516.345
1486,37,6,31.302248117075273,-4.3438803569308115,515.964
1487,37,7,24.7318810506371,2.6231896460304034,515.637
1488,37,8,17.875096831543612,8.87284005734875,515.5
1489,37,9,10.836690198456667,14.648693052548007,515.663
1490,37,10,3.6981094496813776,20.154610995332835,516.198
1491,37,11,-3.471882058426331,25.57046094108,517.133
1492,37,12,-10.608659210373913,31.067870175706283,518.447
1493,37,13,-17.644021286638324,36.825699155459525,520.065
1494,37,14,-24.497764364003864,43.04572362125294,521.873
1495,37,15,-31.067187156789284,49.96821255261466,523.72
1496,37,16,-37.21320310783103,57.88355827229694,525.435
1497,37,17,-42.74290376930584,67.12629320056325,526.846
1498,37,18,-47.393162933628155,78.0188739832245,527.792
1499,37,19,-50.831886558068184,90.71383240482537,528.142
1500,37,20,-52.70997342886284,104.93160882263727,527.808
1501,37,21,-52.78338430206213,119.79705109830647,526.756
1502,37,22,-51.04006730887559,134.11357839113842,525.009
1503,37,23,-47.70685644673391,146.9601806726919,522.648
1504,37,24,-43.128621627209384,158.00862637221283,519.809
1505,37,25,-37.64160281785798,167.38569746107495,516.666
1506,37,26,-31.515537849381843,175.40737215066142,513.423
1507,37,27,-24.94920742474315,-177.58916679799526,510.292
1508,37,28,-18.08631530898438,-171.30873955427685,507.477
1509,37,29,-11.032983005013664,-165.50650751472935,505.158
1510,37,30,-3.871974476324991,-159.97723715517225,503.471
1511,37,31,3.3265584713334966,-154.53962793427672,502.501
1512,37,32,10.496513480617828,-149.02050723582627,502.274
1513,37,33,17.568016649101715,-143.2392711977874,502.757
1514,37,34,24.45889204989003,-136.9919567111652,503.86
1515,37,35,31.064103326379023,-130.0353407396155,505.45
1516,37,36,37.2415210721299,-122.07535631861259,507.359
1517,37,37,42.79429069752643,-112.77335583891808,509.407
1518,37,38,47.45435118330771,-101.80468674890291,511.416
1519,37,39,50.88450633543396,-89.02150277379297,513.226
1520,38,0,52.02593681367523,-73.01800071823791,514.016
1521,38,1,52.98063675019752,-58.26335777128467,515.31
1522,38,2,52.07835168536591,-43.4956930686788,516.183
1523,38,3,49.44699057176723,-29.846540144554208,516.634
1524,38,4,45.40013422438594,-17.930764580826505,516.713
1525,38,5,40.294680517922714,-7.797711079154444,516.512
1526,38,6,34.43747228574579,0.813464110926,516.156
1527,38,7,28.060693270953287,8.246496342532948,515.785
1528,38,8,21.33204510823653,14.821365357407807,515.537
1529,38,9,14.373098334632578,20.80650132519178,515.538
1530,38,10,7.275431272759311,26.423783794846372,515.881
1531,38,11,0.11299446080173903,31.86306128944668,516.616
1532,38,12,-7.048511044190331,37.29814675544389,517.746
1533,38,13,-14.143647520976108,42.90235795057437,519.224
1534,38,14,-21.09934397830878,48.86399977516079,520.954
1535,38,15,-27.82566646161315,55.40225641476344,522.802
1536,38,16,-34.203695401023765,62.78160986951814,524.605
1537,38,17,-40.06975214327044,71.3173382564181,526.189
1538,38,18,-45.197369813590356,81.35010067541228,527.386
1539,38,19,-49.28650844702861,93.14510654178311,528.048
1540,38,20,-51.98551233907251,106.67361441950317,528.064
1541,38,21,-52.979359504822725,121.35746245570924,527.372
1542,38,22,-52.129188783358316,136.09434691082046,525.966
1543,38,23,-49.55164614532475,149.75499845841276,523.898
1544,38,24,-45.55111214089449,161.70858082674377,521.278
1545,38,25,-40.48007917275354,171.88815816194736,518.263
1546,38,26,-34.64450556477263,-179.45573455475468,515.044
1547,38,27,-28.277348578973385,-171.98330269708563,511.83
1548,38,28,-21.547505133151876,-165.37497173169325,508.833
1549,38,29,-14.57787423613873,-159.36141363922556,506.246
1550,38,30,-7.461365243666337,-153.7194588187416,504.229
1551,38,31,-0.2732642893871329,-148.25779367158927,502.893
1552,38,32,6.919294110377445,-142.80118286442277,502.295
1553,38,33,14.049308094386246,-137.17466427146303,502.431
1554,38,34,21.041903794936268,-131.1879898035685,503.239
1555,38,35,27.80503075258325,-124.61942419952392,504.604
1556,38,36,34.217082571796986,-117.2011967231081,506.376
1557,38,37,40.110938183965615,-108.61398920043375,508.377
1558,38,38,45.25565181777807,-98.51356692752142,510.427
1559,38,39,49.34597548903733,-86.63510980987138,512.354
1560,39,0,52.7330560531629,-56.72067758496725,514.714
1561,39,1,52.759543526764205,-41.80263943759437,515.8
1562,39,2,50.9618479825006,-27.477678568684755,516.459
1563,39,3,47.57772147519107,-14.658185307947033,516.715
1564,39,4,42.95882995463204,-3.6537063898871245,516.64
1565,39,5,37.44382103006192,5.6767939078929155,516.345
1566,39,6,31.302248117075273,13.656126547267169,515.964
1567,39,7,24.7318810506371,20.623197830888852,515.637
1568,39,8,17.875096831543612,26.872846534659907,515.5
1569,39,9,10.836690198456667,32.64870038363281,515.663
1570,39,10,3.6981094496813776,38.15461832641764,516.198
1571,39,11,-3.471882058426331,43.570469979712094,517.133
1572,39,12,-10.608659210373913,49.067877506791085,518.447
1573,39,13,-17.644021286638324,54.82570648654433,520.065
1574,39,14,-24.497764364003864,61.04573095233774,521.873
1575,39,15,-31.067187156789284,67.96821646860488,523.72
1576,39,16,-37.21320310783103,75.88356560338174,525.435
1577,39,17,-42.74290376930584,85.12630053164806,526.846
1578,39,18,-47.393162933628155,96.0188813143093,527.792
1579,39,19,-50.831886558068184,108.71383973591017,528.142
1580,39,20,-52.70997342886284,122.93161615372208,527.808
1581,39,21,-52.78338430206213,137.79705842939126,526.756
1582,39,22,-51.04006730887559,152.1135857222232,525.009
1583,39,23,-47.70685644673391,164.96018800377672,522.648
1584,39,24,-43.128621627209384,176.00863370329765,519.809
1585,39,25,-37.64160281785798,-174.6143052257529,516.666
1586,39,26,-31.515537849381843,-166.5926168757881,513.423
1587,39,27,-24.94920742474315,-159.58915946691047,510.292
1588,39,28,-18.08631530898438,-153.30873222319204,507.477
1589,39,29,-11.032983005013664,-147.50650018364456,505.158
1590,39,30,-3.871974476324991,-141.97722982408746,503.471
1591,39,31,3.3265584713334966,-136.5396206031919,502.501
1592,39,32,10.496513480617828,-131.02049990474146,502.274
1593,39,33,17.568016649101715,-125.23926386670259,502.757
1594,39,34,24.45889204989003,-118.99194938008038,503.86
1595,39,35,31.064103326379023,-112.03534023871987,505.45
1596,39,36,37.2415210721299,-104.07534215733862,507.359
1597,39,37,42.79429069752643,-94.77334850783328,509.407
1598,39,38,47.45435118330771,-83.80467941781811,511.416
1599,39,39,50.88450633543396,-71.02149544270817,513.226
