0,0,0,13.098711394007843,58.37509966610608,515.578
1,0,1,5.984231821492591,63.94684014192232,515.986
2,0,2,-1.1827901551517492,69.37271509782377,516.791
3,0,3,-8.337262726413249,74.82530292356914,517.986
4,0,4,-15.412979267841386,80.47946329209992,519.515
5,0,5,-22.334576859516417,86.52793731160472,521.275
6,0,6,-29.00786463146293,93.19709794174524,523.124
7,0,7,-35.307115876533906,100.76069916445563,524.899
8,0,8,-41.05864059168322,109.54200017277422,526.423
9,0,9,-46.02294843894814,119.87853525510472,527.533
10,0,10,-49.88750703738179,132.00208005074234,528.084
11,0,11,-52.29850234269376,145.80068775919054,527.974
12,0,12,-52.9622362205735,160.5853288969785,527.151
13,0,13,-51.784100305732586,175.20178345664402,525.62
14,0,14,-48.92364781718251,-171.41777669418693,523.444
15,0,15,-44.70409696682662,-159.79282204758192,520.741
16,0,16,-39.474299666523315,-149.91198352629632,517.675
17,0,17,-33.52748618262499,-141.49518239322464,514.443
18,0,18,-27.083817417743262,-134.20116873705464,511.256
19,0,19,-20.302585336153868,-127.71875913920061,508.322
20,0,20,-13.300172946219247,-121.78773705266336,505.83
21,0,21,-6.165504615177905,-116.19184502794195,503.932
22,0,22,1.028269184732964,-110.74386074969718,502.73
23,0,23,8.214598505335342,-105.26973050730959,502.27
24,0,24,15.325677497417576,-99.59291440130187,502.536
25,0,25,22.284286176657613,-93.51865641768028,503.457
26,0,26,28.99404374367741,-86.81789933243927,504.911
27,0,27,35.32639750056085,-79.21346723887055,506.739
28,0,28,41.10406134966381,-70.37800283043376,508.765
29,0,29,46.082907254577094,-59.97074796943695,510.806
30,0,30,49.94517090944962,-47.76171994124204,512.696
31,0,31,52.33324409990703,-33.875877056714415,514.298
32,0,32,52.954743503054,-19.02658305579043,515.518
33,0,33,51.72335943344366,-4.387694312909151,516.313
34,0,34,48.809962733542235,8.974937725062102,516.691
35,0,35,44.54611810641881,20.559306533845263,516.711
36,0,36,39.2842974641919,30.39333776874875,516.471
37,0,37,33.31816137513161,38.76607052129552,516.099
38,0,38,26.866998185183085,46.02176681622173,515.738
39,0,39,20.088824320794565,52.47171594004528,515.524
40,1,0,9.552273978809415,70.19032289242014,515.734
41,1,1,2.403157022909147,75.66709641801653,516.338
42,1,2,-4.765616790535596,81.0849732223999,517.342
43,1,3,-11.889358099565385,86.6157462235744,518.715
44,1,4,-18.898356499407193,92.44123505724579,520.374
45,1,5,-25.70920257369047,98.76905015342575,522.198
46,1,6,-32.21376076747557,105.84791968092951,524.032
47,1,7,-38.26458778714943,113.9775250197805,525.703
48,1,8,-43.65710409914453,123.49666404337889,527.04
49,1,9,-48.11465289112952,134.7124357171868,527.885
50,1,10,-51.296144761237706,147.72021680277425,528.116
51,1,11,-52.86074985479087,162.13608236689487,527.653
52,1,12,-52.59892479824219,176.99091052859384,526.471
53,1,13,-50.546056801681495,-168.90616587221152,524.606
54,1,14,-46.96121835542196,-156.3770034625235,522.149
55,1,15,-42.19541629600513,-145.64866140864441,519.242
56,1,16,-36.57512000537927,-136.54201116940143,516.067
57,1,17,-30.35659135101408,-128.7284386834469,512.83
58,1,18,-23.727317318079134,-121.87595577598324,509.744
59,1,19,-16.822979614436722,-115.69871903024537,507.01
60,1,20,-9.74455148790809,-109.96010337262737,504.799
61,1,21,-2.571785428893476,-104.4603667510414,503.24
62,1,22,4.626481995161027,-99.02085873755662,502.407
63,1,23,11.784046827847543,-93.46821547065973,502.316
64,1,24,18.8294774567222,-87.61879365413662,502.921
65,1,25,25.67738242989467,-81.26266059365777,504.126
66,1,26,32.217100729979705,-74.1480828371732,505.789
67,1,27,38.29807278955542,-65.97147896664335,507.739
68,1,28,43.7115714426808,-56.3901271649899,509.795
69,1,29,48.17587870684952,-45.095463391173766,511.779
70,1,30,51.34501134965456,-31.998807884106096,513.54
71,1,31,52.876414893652296,-17.503713833160628,514.96
72,1,32,52.56547053168746,-2.604059139938844,515.97
73,1,33,50.4581590972526,11.499567741369221,516.552
74,1,34,46.823979364428894,23.997065394065032,516.74
75,1,35,42.019815547538684,34.680107925821325,516.616
76,1,36,36.37390946261986,43.74063389759921,516.293
77,1,37,30.142116580886512,51.512887154169725,515.908
78,1,38,23.510790076105973,58.33006822890818,515.604
79,1,39,16.614293429630738,64.47742972721642,515.512
80,2,0,13.098711394007843,76.3751001670017,515.578
81,2,1,5.984231821492591,81.94684064281795,515.986
82,2,2,-1.1827901551517492,87.3727155987194,516.791
83,2,3,-8.337262726413249,92.82530342446478,517.986
84,2,4,-15.412979267841386,98.47946379299556,519.515
85,2,5,-22.334576859516417,104.52793781250035,521.275
86,2,6,-29.00786463146293,111.19709844264088,523.124
87,2,7,-35.307115876533906,118.76070649554043,524.899
88,2,8,-41.05864059168322,127.54200750385903,526.423
89,2,9,-46.02294843894814,137.87854258618952,527.533
90,2,10,-49.88750703738179,150.0020737214488,528.084
91,2,11,-52.29850234269376,163.80068142989703,527.974
92,2,12,-52.9622362205735,178.58533622806328,527.151
93,2,13,-51.784100305732586,-166.79821923018383,525.62
94,2,14,-48.92364781718251,-153.41776936310214,523.444
95,2,15,-44.70409696682662,-141.79282837687543,520.741
96,2,16,-39.474299666523315,-131.9119761952115,517.675
97,2,17,-33.52748618262499,-123.49517506213982,514.443
98,2,18,-27.083817417743262,-116.20116140596986,511.256
99,2,19,-20.302585336153868,-109.71875863830498,508.322
100,2,20,-13.300172946219247,-103.7877433819569,505.83
101,2,21,-6.165504615177905,-98.19185135723549,503.932
102,2,22,1.028269184732964,-92.74386024880154,502.73
103,2,23,8.214598505335342,-87.26973000641395,502.27
104,2,24,15.325677497417576,-81.59291390040623,502.536
105,2,25,22.284286176657613,-75.51865591678464,503.457
106,2,26,28.99404374367741,-68.81789883154363,504.911
107,2,27,35.32639750056085,-61.21346673797492,506.739
108,2,28,41.10406134966381,-52.37800232953812,508.765
109,2,29,46.082907254577094,-41.97074405344673,510.806
110,2,30,49.94517090944962,-29.761719440346404,512.696
111,2,31,52.33324409990703,-15.875878263366076,514.298
112,2,32,52.954743503054,-1.0265833019467345,515.518
113,2,33,51.72335943344366,13.612306614873306,516.313
114,2,34,48.809962733542235,26.974937372184087,516.691
115,2,35,44.54611810641881,38.5593070347409,516.711
116,2,36,39.2842974641919,48.39333826964438,516.471
117,2,37,33.31816137513161,56.766071022191156,516.099
118,2,38,26.866998185183085,64.02176731711737,515.738
119,2,39,20.088824320794565,70.4717198560355,515.524
120,3,0,9.552273978809415,88.19032339331578,515.734
121,3,1,2.403157022909147,93.66709691891216,516.338
122,3,2,-4.765616790535596,99.08497372329553,517.342
123,3,3,-11.889358099565385,104.61574672447003,518.715
124,3,4,-18.898356499407193,110.44123555814141,520.374
125,3,5,-25.70920257369047,116.76905065432139,522.198
126,3,6,-32.21376076747557,123.84791335163597,524.032
127,3,7,-38.26458778714943,131.9775323508653,525.703
128,3,8,-43.65710409914453,141.49665771408536,527.04
129,3,9,-48.11465289112952,152.71244304827158,527.885
130,3,10,-51.296144761237706,165.72022413385906,528.116
131,3,11,-52.86074985479087,-179.86390665955466,527.653
132,3,12,-52.59892479824219,-165.00907849785565,526.471
133,3,13,-50.546056801681495,-150.9061585411267,524.606
134,3,14,-46.96121835542196,-138.37700979181704,522.149
135,3,15,-42.19541629600513,-127.64866773793794,519.242
136,3,16,-36.57512000537927,-118.54200383831662,516.067
137,3,17,-30.35659135101408,-110.72843135236211,512.83
138,3,18,-23.727317318079134,-103.8759552750876,509.744
139,3,19,-16.822979614436722,-97.69871169916057,507.01
140,3,20,-9.74455148790809,-91.96010287173175,504.799
141,3,21,-2.571785428893476,-86.46036625014578,503.24
142,3,22,4.626481995161027,-81.02085823666098,502.407
143,3,23,11.784046827847543,-75.4682149697641,502.316
144,3,24,18.8294774567222,-69.61879315324099,502.921
145,3,25,25.67738242989467,-63.26266009276214,504.126
146,3,26,32.217100729979705,-56.14808233627757,505.789
147,3,27,38.29807278955542,-47.971478465747715,507.739
148,3,28,43.7115714426808,-38.39012666409426,509.795
149,3,29,48.17587870684952,-27.09546118273084,511.779
150,3,30,51.34501134965456,-13.99880567566317,513.54
151,3,31,52.876414893652296,0.4962864542915924,514.96
152,3,32,52.56547053168746,15.39594136095679,515.97
153,3,33,50.4581590972526,29.499569949812145,516.552
154,3,34,46.823979364428894,41.99706418741337,516.74
155,3,35,42.019815547538684,52.680108426716956,516.616
156,3,36,36.37390946261986,61.74063439849484,516.293
157,3,37,30.142116580886512,69.51289107015994,515.908
158,3,38,23.510790076105973,76.33006872980381,515.604
159,3,39,16.614293429630738,82.47743022811206,515.512
160,4,0,13.098711394007843,94.37510066789734,515.578
161,4,1,5.984231821492591,99.94684114371358,515.986
162,4,2,-1.1827901551517492,105.37271609961503,516.791
163,4,3,-8.337262726413249,110.8253039253604,517.986
164,4,4,-15.412979267841386,116.47946429389118,519.515
165,4,5,-22.334576859516417,122.52793831339598,521.275
166,4,6,-29.00786463146293,129.1970989435365,523.124
167,4,7,-35.307115876533906,136.7607001662469,524.899
168,4,8,-41.05864059168322,145.54200117456548,526.423
169,4,9,-46.02294843894814,155.87853625689598,527.533
170,4,10,-49.88750703738179,168.00208105253358,528.084
171,4,11,-52.29850234269376,-178.19932125693086,527.974
172,4,12,-52.9622362205735,-163.41466645876457,527.151
173,4,13,-51.784100305732586,-148.79821189909902,525.62
174,4,14,-48.92364781718251,-135.41777569239568,523.444
175,4,15,-44.70409696682662,-123.79282104579065,520.741
176,4,16,-39.474299666523315,-113.91198252450506,517.675
177,4,17,-33.52748618262499,-105.4951745612442,514.443
178,4,18,-27.083817417743262,-98.20116773526338,511.256
179,4,19,-20.302585336153868,-91.71875813740935,508.322
180,4,20,-13.300172946219247,-85.78774288106126,505.83
181,4,21,-6.165504615177905,-80.19185085633985,503.932
182,4,22,1.028269184732964,-74.7438597479059,502.73
183,4,23,8.214598505335342,-69.26972950551831,502.27
184,4,24,15.325677497417576,-63.5929133995106,502.536
185,4,25,22.284286176657613,-57.51865541588901,503.457
186,4,26,28.99404374367741,-50.817898330648,504.911
187,4,27,35.32639750056085,-43.21346623707928,506.739
188,4,28,41.10406134966381,-34.37800182864249,508.765
189,4,29,46.082907254577094,-23.970743552551095,510.806
190,4,30,49.94517090944962,-11.761718939450773,512.696
191,4,31,52.33324409990703,2.124123091303204,514.298
192,4,32,52.954743503054,16.97341794600084,515.518
193,4,33,51.72335943344366,31.612307969542584,516.313
194,4,34,48.809962733542235,44.974937873079725,516.691
195,4,35,44.54611810641881,56.55930753563653,516.711
196,4,36,39.2842974641919,66.39333877054001,516.471
197,4,37,33.31816137513161,74.7660715230868,516.099
198,4,38,26.866998185183085,82.02176781801299,515.738
199,4,39,20.088824320794565,88.47172035693113,515.524
200,5,0,9.552273978809415,106.19032389421142,515.734
201,5,1,2.403157022909147,111.6670974198078,516.338
202,5,2,-4.765616790535596,117.08497422419116,517.342
203,5,3,-11.889358099565385,122.61574722536567,518.715
204,5,4,-18.898356499407193,128.44124288922623,520.374
205,5,5,-25.70920257369047,134.7690579854062,522.198
206,5,6,-32.21376076747557,141.84792068272077,524.032
207,5,7,-38.26458778714943,149.97752602157178,525.703
208,5,8,-43.65710409914453,159.49666504517015,527.04
209,5,9,-48.11465289112952,170.71243671897807,527.885
210,5,10,-51.296144761237706,-176.27977855296882,528.116
211,5,11,-52.86074985479087,-161.8639129888482,527.653
212,5,12,-52.59892479824219,-147.0090848271492,526.471
213,5,13,-50.546056801681495,-132.90616487042024,524.606
214,5,14,-46.96121835542196,-120.37700246073224,522.149
215,5,15,-42.19541629600513,-109.64866040685314,519.242
216,5,16,-36.57512000537927,-100.54201016761016,516.067
217,5,17,-30.35659135101408,-92.72843085146648,512.83
218,5,18,-23.727317318079134,-85.87595477419198,509.744
219,5,19,-16.822979614436722,-79.69871119826493,507.01
220,5,20,-9.74455148790809,-73.96010237083611,504.799
221,5,21,-2.571785428893476,-68.46036574925014,503.24
222,5,22,4.626481995161027,-63.020857735765354,502.407
223,5,23,11.784046827847543,-57.46821446886847,502.316
224,5,24,18.8294774567222,-51.61879606743994,502.921
225,5,25,25.67738242989467,-45.26265959186651,504.126
226,5,26,32.217100729979705,-38.14808183538194,505.789
227,5,27,38.29807278955542,-29.97147796485208,507.739
228,5,28,43.7115714426808,-20.39012616319863,509.795
229,5,29,48.17587870684952,-9.095461535608854,511.779
230,5,30,51.34501134965456,4.001194825232462,513.54
231,5,31,52.876414893652296,18.496287168630637,514.96
232,5,32,52.56547053168746,33.39594015430513,515.97
233,5,33,50.4581590972526,47.49957045070778,516.552
234,5,34,46.823979364428894,59.997064688309,516.74
235,5,35,42.019815547538684,70.6801089276126,516.616
236,5,36,36.37390946261986,79.74063489939047,516.293
237,5,37,30.142116580886512,87.51289157105558,515.908
238,5,38,23.510790076105973,94.33006923069945,515.604
239,5,39,16.614293429630738,100.4774307290077,515.512
240,6,0,13.098711394007843,112.37510116879298,515.578
241,6,1,5.984231821492591,117.94683481442004,515.986
242,6,2,-1.1827901551517492,123.37270977032149,516.791
243,6,3,-8.337262726413249,128.82530442625603,517.986
244,6,4,-15.412979267841386,134.479471624976,519.515
245,6,5,-22.334576859516417,140.52794564448078,521.275
246,6,6,-29.00786463146293,147.19709261424296,523.124
247,6,7,-35.307115876533906,154.7607074973317,524.899
248,6,8,-41.05864059168322,163.5420085056503,526.423
249,6,9,-46.02294843894814,173.87854358798077,527.533
250,6,10,-49.88750703738179,-173.99792163429427,528.084
251,6,11,-52.29850234269376,-160.19931392584604,527.974
252,6,12,-52.9622362205735,-145.41465912767976,527.151
253,6,13,-51.784100305732586,-130.79821822839256,525.62
254,6,14,-48.92364781718251,-117.41776836131086,523.444
255,6,15,-44.70409696682662,-105.79282737508419,520.741
256,6,16,-39.474299666523315,-95.91198202360943,517.675
257,6,17,-33.52748618262499,-87.49517406034856,514.443
258,6,18,-27.083817417743262,-80.20116723436776,511.256
259,6,19,-20.302585336153868,-73.71875763651371,508.322
260,6,20,-13.300172946219247,-67.78774238016562,505.83
261,6,21,-6.165504615177905,-62.191850355444224,503.932
262,6,22,1.028269184732964,-56.74386266210486,502.73
263,6,23,8.214598505335342,-51.26972900462268,502.27
264,6,24,15.325677497417576,-45.59290948352038,502.536
265,6,25,22.284286176657613,-39.51865491499338,503.457
266,6,26,28.99404374367741,-32.81789782975237,504.911
267,6,27,35.32639750056085,-25.21346744373094,506.739
268,6,28,41.10406134966381,-16.378001327746855,508.765
269,6,29,46.082907254577094,-5.970743051655462,510.806
270,6,30,49.94517090944962,6.238281988331684,512.696
271,6,31,52.33324409990703,20.124122738425193,514.298
272,6,32,52.954743503054,34.97341673934918,515.518
273,6,33,51.72335943344366,49.61230847043822,516.313
274,6,34,48.809962733542235,62.974938373975355,516.691
275,6,35,44.54611810641881,74.55930803653216,516.711
276,6,36,39.2842974641919,84.39333927143565,516.471
277,6,37,33.31816137513161,92.76607202398242,516.099
278,6,38,26.866998185183085,100.02176831890863,515.738
279,6,39,20.088824320794565,106.47172085782677,515.524
280,7,0,9.552273978809415,124.19032439510704,515.734
281,7,1,2.403157022909147,129.66709792070344,516.338
282,7,2,-4.765616790535596,135.08496789489763,517.342
283,7,3,-11.889358099565385,140.61574089607214,518.715
284,7,4,-18.898356499407193,146.4412365599327,520.374
285,7,5,-25.70920257369047,152.76905165611265,522.198
286,7,6,-32.21376076747557,159.84791435342723,524.032
287,7,7,-38.26458778714943,167.97751969227824,525.703
288,7,8,-43.65710409914453,177.49665871587663,527.04
289,7,9,-48.11465289112952,-171.28756596784982,527.885
290,7,10,-51.296144761237706,-158.27978488226233,528.116
291,7,11,-52.86074985479087,-143.86391931814174,527.653
292,7,12,-52.59892479824219,-129.00909115644274,526.471
293,7,13,-50.546056801681495,-114.90617119971377,524.606
294,7,14,-46.96121835542196,-102.37700879002578,522.149
295,7,15,-42.19541629600513,-91.64866673614668,519.242
296,7,16,-36.57512000537927,-82.54200966671452,516.067
297,7,17,-30.35659135101408,-74.72843718076001,512.83
298,7,18,-23.727317318079134,-67.87596110348551,509.744
299,7,19,-16.822979614436722,-61.69871752755847,507.01
300,7,20,-9.74455148790809,-55.96010528503506,504.799
301,7,21,-2.571785428893476,-50.460372078543685,503.24
302,7,22,4.626481995161027,-45.020857234869716,502.407
303,7,23,11.784046827847543,-39.46821396797283,502.316
304,7,24,18.8294774567222,-33.61879898163889,502.921
305,7,25,25.67738242989467,-27.26266079851817,504.126
306,7,26,32.217100729979705,-20.14808645712818,505.789
307,7,27,38.29807278955542,-11.971480025277387,507.739
308,7,28,43.7115714426808,-2.390129931171228,509.795
309,7,29,48.17587870684952,8.904535550192195,511.779
310,7,30,51.34501134965456,22.001191911033512,513.54
311,7,31,52.876414893652296,36.496282546884395,514.96
312,7,32,52.56547053168746,51.39593724010618,515.97
313,7,33,50.4581590972526,65.49956753650883,516.552
314,7,34,46.823979364428894,77.99706518920463,516.74
315,7,35,42.019815547538684,88.68010259831905,516.616
316,7,36,36.37390946261986,97.74063540028611,516.293
317,7,37,30.142116580886512,105.51288524176204,515.908
318,7,38,23.510790076105973,112.33006290140591,515.604
319,7,39,16.614293429630738,118.47743122990332,515.512
320,8,0,13.098711394007843,130.3751016696886,515.578
321,8,1,5.984231821492591,135.94684214550486,515.986
322,8,2,-1.1827901551517492,141.3727171014063,516.791
323,8,3,-8.337262726413249,146.8252980969625,517.986
324,8,4,-15.412979267841386,152.47946529568245,519.515
325,8,5,-22.334576859516417,158.52793931518724,521.275
326,8,6,-29.00786463146293,165.19709994532778,523.124
327,8,7,-35.307115876533906,172.76070116803817,524.899
328,8,8,-41.05864059168322,-178.45799418117758,526.423
329,8,9,-46.02294843894814,-168.12145909884708,527.533
330,8,10,-49.88750703738179,-155.99791430320946,528.084
331,8,11,-52.29850234269376,-142.19932025513958,527.974
332,8,12,-52.9622362205735,-127.41466545697331,527.151
333,8,13,-51.784100305732586,-112.79821772749693,525.62
334,8,14,-48.92364781718251,-99.41776786041522,523.444
335,8,15,-44.70409696682662,-87.79282687418855,520.741
336,8,16,-39.474299666523315,-77.91198152271379,517.675
337,8,17,-33.52748618262499,-69.49517355945292,514.443
338,8,18,-27.083817417743262,-62.20116673347212,511.256
339,8,19,-20.302585336153868,-55.71875713561808,508.322
340,8,20,-13.300172946219247,-49.78773846417541,505.83
341,8,21,-6.165504615177905,-44.191846439454004,503.932
342,8,22,1.028269184732964,-38.74386216120922,502.73
343,8,23,8.214598505335342,-33.26972850372705,502.27
344,8,24,15.325677497417576,-27.592908982624746,502.536
345,8,25,22.284286176657613,-21.518656121645034,503.457
346,8,26,28.99404374367741,-14.817897328856732,504.911
347,8,27,35.32639750056085,-7.213466089061662,506.739
348,8,28,41.10406134966381,1.6219989597053666,508.765
349,8,29,46.082907254577094,12.029257449240172,510.806
350,8,30,49.94517090944962,24.238282062340495,512.696
351,8,31,52.33324409990703,38.124124946868115,514.298
352,8,32,52.954743503054,52.973417240244814,515.518
353,8,33,51.72335943344366,67.61230897133385,516.313
354,8,34,48.809962733542235,80.97493887487099,516.691
355,8,35,44.54611810641881,92.5593085374278,516.711
356,8,36,39.2842974641919,102.39333977233129,516.471
357,8,37,33.31816137513161,110.76607252487806,516.099
358,8,38,26.866998185183085,118.02176198961509,515.738
359,8,39,20.088824320794565,124.47171452853323,515.524
360,9,0,9.552273978809415,142.1903180658135,515.734
361,9,1,2.403157022909147,147.6670915914099,516.338
362,9,2,-4.765616790535596,153.08497522598242,517.342
363,9,3,-11.889358099565385,158.61574822715693,518.715
364,9,4,-18.898356499407193,164.44123023063915,520.374
365,9,5,-25.70920257369047,170.7690453268191,522.198
366,9,6,-32.21376076747557,177.84792168451204,524.032
367,9,7,-38.26458778714943,-174.0224693341713,525.703
368,9,8,-43.65710409914453,-164.50334397095125,527.04
369,9,9,-48.11465289112952,-153.287558636765,527.885
370,9,10,-51.296144761237706,-140.27977755117755,528.116
371,9,11,-52.86074985479087,-125.86391198705692,527.653
372,9,12,-52.59892479824219,-111.00908382535793,526.471
373,9,13,-50.546056801681495,-96.90616386862897,524.606
374,9,14,-46.96121835542196,-84.37700828913015,522.149
375,9,15,-42.19541629600513,-73.64866623525104,519.242
376,9,16,-36.57512000537927,-64.5420091658189,516.067
377,9,17,-30.35659135101408,-56.7284332647698,512.83
378,9,18,-23.727317318079134,-49.875957187495295,509.744
379,9,19,-16.822979614436722,-43.69871361156825,507.01
380,9,20,-9.74455148790809,-37.96010478413943,504.799
381,9,21,-2.571785428893476,-32.46037157764805,503.24
382,9,22,4.626481995161027,-27.020858441521376,502.407
383,9,23,11.784046827847543,-21.46821517462449,502.316
384,9,24,18.8294774567222,-15.618796773195966,502.921
385,9,25,25.67738242989467,-9.262660297622535,504.126
386,9,26,32.217100729979705,-2.1480855293457246,505.789
387,9,27,38.29807278955542,6.0285204756182456,507.739
388,9,28,43.7115714426808,15.609871423498051,509.795
389,9,29,48.17587870684952,26.904536904861473,511.779
390,9,30,51.34501134965456,40.00119070438185,513.54
391,9,31,52.876414893652296,54.496283047780025,514.96
392,9,32,52.56547053168746,69.39593774100182,515.97
393,9,33,50.4581590972526,83.49956803740446,516.552
394,9,34,46.823979364428894,95.99706569010027,516.74
395,9,35,42.019815547538684,106.68010309921469,516.616
396,9,36,36.37390946261986,115.74062907099257,516.293
397,9,37,30.142116580886512,123.51289257284684,515.908
398,9,38,23.510790076105973,130.33006340230153,515.604
399,9,39,16.614293429630738,136.47742490060978,515.512
400,10,0,13.098711394007843,148.37510900077342,515.578
401,10,1,5.984231821492591,153.94683581621132,515.986
402,10,2,-1.1827901551517492,159.37271077211275,516.791
403,10,3,-8.337262726413249,164.8253054280473,517.986
404,10,4,-15.412979267841386,170.47947262676726,519.515
405,10,5,-22.334576859516417,176.52794664627206,521.275
406,10,6,-29.00786463146293,-176.80290274150008,523.124
407,10,7,-35.307115876533906,-169.23930151878972,524.899
408,10,8,-41.05864059168322,-160.45800051047112,526.423
409,10,9,-46.02294843894814,-150.12145176776227,527.533
410,10,10,-49.88750703738179,-137.997920632503,528.084
411,10,11,-52.29850234269376,-124.19931292405478,527.974
412,10,12,-52.9622362205735,-109.41466495607767,527.151
413,10,13,-51.784100305732586,-94.7982172266013,525.62
414,10,14,-48.92364781718251,-81.4177673595196,523.444
415,10,15,-44.70409696682662,-69.79282637329291,520.741
416,10,16,-39.474299666523315,-59.91198102181816,517.675
417,10,17,-33.52748618262499,-51.49517305855729,514.443
418,10,18,-27.083817417743262,-44.2011628174819,511.256
419,10,19,-20.302585336153868,-37.718756634722446,508.322
420,10,20,-13.300172946219247,-31.787737963279778,505.83
421,10,21,-6.165504615177905,-26.191847646105664,503.932
422,10,22,1.028269184732964,-20.743859952766297,502.73
423,10,23,8.214598505335342,-15.269726295284125,502.27
424,10,24,15.325677497417576,-9.59290933550276,502.536
425,10,25,22.284286176657613,-3.5186549804191665,503.457
426,10,26,28.99404374367741,3.1821031720389006,504.911
427,10,27,35.32639750056085,10.786534411833971,506.739
428,10,28,41.10406134966381,19.62199967404441,508.765
429,10,29,46.082907254577094,30.029257950135804,510.806
430,10,30,49.94517090944962,42.238282563236126,512.696
431,10,31,52.33324409990703,56.12412544776375,514.298
432,10,32,52.954743503054,70.97341774114045,515.518
433,10,33,51.72335943344366,85.61230947222948,516.313
434,10,34,48.809962733542235,98.97493937576662,516.691
435,10,35,44.54611810641881,110.55930903832343,516.711
436,10,36,39.2842974641919,120.39334027322691,516.471
437,10,37,33.31816137513161,128.7660730257737,516.099
438,10,38,26.866998185183085,136.0217693206999,515.738
439,10,39,20.088824320794565,142.47172185961804,515.524
440,11,0,9.552273978809415,160.19032539689832,515.734
441,11,1,2.403157022909147,165.6670989224947,516.338
442,11,2,-4.765616790535596,171.08496889668888,517.342
443,11,3,-11.889358099565385,176.6157418978634,518.715
444,11,4,-18.898356499407193,-177.55875879581038,520.374
445,11,5,-25.70920257369047,-171.23094369963042,522.198
446,11,6,-32.21376076747557,-164.15208100231584,524.032
447,11,7,-38.26458778714943,-156.02247566346483,525.703
448,11,8,-43.65710409914453,-146.50333663986643,527.04
449,11,9,-48.11465289112952,-135.28756496605854,527.885
450,11,10,-51.296144761237706,-122.27978388047107,528.116
451,11,11,-52.86074985479087,-107.8639114861613,527.653
452,11,12,-52.59892479824219,-93.00908332446231,526.471
453,11,13,-50.546056801681495,-78.90616336773334,524.606
454,11,14,-46.96121835542196,-66.37700778823452,522.149
455,11,15,-42.19541629600513,-55.64866231926082,519.242
456,11,16,-36.57512000537927,-46.54201208001784,516.067
457,11,17,-30.35659135101408,-38.72843276387417,512.83
458,11,18,-23.727317318079134,-31.87595668659966,509.744
459,11,19,-16.822979614436722,-25.69871311067262,507.01
460,11,20,-9.74455148790809,-19.960104283243798,504.799
461,11,21,-2.571785428893476,-14.460371076752416,503.24
462,11,22,4.626481995161027,-9.020857940625744,502.407
463,11,23,11.784046827847543,-3.468213819955211,502.316
464,11,24,18.8294774567222,2.381203727699668,502.921
465,11,25,25.67738242989467,8.7373402032731,504.126
466,11,26,32.217100729979705,15.851914544663085,505.789
467,11,27,38.29807278955542,24.028520122740233,507.739
468,11,28,43.7115714426808,33.60987192439369,509.795
469,11,29,48.17587870684952,44.90453569820981,511.779
470,11,30,51.34501134965456,58.00119462037207,513.54
471,11,31,52.876414893652296,72.49628354867566,514.96
472,11,32,52.56547053168746,87.39593824189744,515.97
473,11,33,50.4581590972526,101.4995685383001,516.552
474,11,34,46.823979364428894,113.99706619099591,516.74
475,11,35,42.019815547538684,124.68010360011031,516.616
476,11,36,36.37390946261986,133.74063640207737,516.293
477,11,37,30.142116580886512,141.5128862435533,515.908
478,11,38,23.510790076105973,148.33007073338635,515.604
479,11,39,16.614293429630738,154.4774322316946,515.512
480,12,0,13.098711394007843,166.37510267147988,515.578
481,12,1,5.984231821492591,171.9468431472961,515.986
482,12,2,-1.1827901551517492,177.37271810319757,516.791
483,12,3,-8.337262726413249,-177.17469725878055,517.986
484,12,4,-15.412979267841386,-171.5205300600606,519.515
485,12,5,-22.334576859516417,-165.4720560405558,521.275
486,12,6,-29.00786463146293,-158.8028954104153,523.124
487,12,7,-35.307115876533906,-151.2392941877049,524.899
488,12,8,-41.05864059168322,-142.4579931793863,526.423
489,12,9,-46.02294843894814,-132.1214580970558,527.533
490,12,10,-49.88750703738179,-119.9979133014182,528.084
491,12,11,-52.29850234269376,-106.19931242315914,527.974
492,12,12,-52.9622362205735,-91.41466445518203,527.151
493,12,13,-51.784100305732586,-76.79821672570566,525.62
494,12,14,-48.92364781718251,-63.41776685862396,523.444
495,12,15,-44.70409696682662,-51.7928224573027,520.741
496,12,16,-39.474299666523315,-41.91197710582794,517.675
497,12,17,-33.52748618262499,-33.49517255766166,514.443
498,12,18,-27.083817417743262,-26.20116231658627,511.256
499,12,19,-20.302585336153868,-19.718757841374103,508.322
500,12,20,-13.300172946219247,-13.78773831615779,505.83
501,12,21,-6.165504615177905,-8.191846291436384,503.932
502,12,22,1.028269184732964,-2.7438596653140763,502.73
503,12,23,8.214598505335342,2.7302742056115097,502.27
504,12,24,15.325677497417576,8.407091165392874,502.536
505,12,25,22.284286176657613,14.481344880146231,503.457
506,12,26,28.99404374367741,21.182103672934534,504.911
507,12,27,35.32639750056085,28.78653576650325,506.739
508,12,28,41.10406134966381,37.62200017494005,508.765
509,12,29,46.082907254577094,48.02925845103144,510.806
510,12,30,49.94517090944962,60.238286479226346,512.696
511,12,31,52.33324409990703,74.1241225335648,514.298
512,12,32,52.954743503054,88.97341824203608,515.518
513,12,33,51.72335943344366,103.61230997312512,516.313
514,12,34,48.809962733542235,116.97493987666226,516.691
515,12,35,44.54611810641881,128.55930953921907,516.711
516,12,36,39.2842974641919,138.3933476043117,516.471
517,12,37,33.31816137513161,146.76606669648015,516.099
518,12,38,26.866998185183085,154.02176299140635,515.738
519,12,39,20.088824320794565,160.4717155303245,515.524
520,13,0,9.552273978809415,178.1903327279831,515.734
521,13,1,2.403157022909147,-176.33289010395484,516.338
522,13,2,-4.765616790535596,-170.91502012976062,517.342
523,13,3,-11.889358099565385,-165.38424712858614,518.715
524,13,4,-18.898356499407193,-159.55875146472556,520.374
525,13,5,-25.70920257369047,-153.2309363685456,522.198
526,13,6,-32.21376076747557,-146.15207367123102,524.032
527,13,7,-38.26458778714943,-138.02246833238001,525.703
528,13,8,-43.65710409914453,-128.50332930878164,527.04
529,13,9,-48.11465289112952,-117.28755763497374,527.885
530,13,10,-51.296144761237706,-104.2797697191971,528.116
531,13,11,-52.86074985479087,-89.8639041550765,527.653
532,13,12,-52.59892479824219,-75.00907599337751,526.471
533,13,13,-50.546056801681495,-60.90615603664853,524.606
534,13,14,-46.96121835542196,-48.37700045714971,522.149
535,13,15,-42.19541629600513,-37.64865498817602,519.242
536,13,16,-36.57512000537927,-28.542003041385748,516.067
537,13,17,-30.35659135101408,-20.72842543278936,512.83
538,13,18,-23.727317318079134,-13.875949355514859,509.744
539,13,19,-16.822979614436722,-7.698705779587818,507.01
540,13,20,-9.74455148790809,-1.9600967387155825,504.799
541,13,21,-2.571785428893476,3.539636681219211,503.24
542,13,22,4.626481995161027,8.97914939045906,502.407
543,13,23,11.784046827847543,14.531792657355947,502.316
544,13,24,18.8294774567222,20.381211058784473,502.921
545,13,25,25.67738242989467,26.7373475343579,504.126
546,13,26,32.217100729979705,33.85192358329518,505.789
547,13,27,38.29807278955542,42.028527453825035,507.739
548,13,28,43.7115714426808,51.60987925547849,509.795
549,13,29,48.17587870684952,62.904546444389204,511.779
550,13,30,51.34501134965456,76.00120195145688,513.54
551,13,31,52.876414893652296,90.49629087976047,514.96
552,13,32,52.56547053168746,105.39594557298224,515.97
553,13,33,50.4581590972526,119.49956903919573,516.552
554,13,34,46.823979364428894,131.99706669189155,516.74
555,13,35,42.019815547538684,142.68011093119512,516.616
556,13,36,36.37390946261986,151.7406437331622,516.293
557,13,37,30.142116580886512,159.5128935746381,515.908
558,13,38,23.510790076105973,166.33007806447117,515.604
559,13,39,16.614293429630738,172.47743956277938,515.512
560,14,0,13.098711394007843,-175.62490001534798,515.578
561,14,1,5.984231821492591,-170.05315953953175,515.986
562,14,2,-1.1827901551517492,-164.62728458363028,516.791
563,14,3,-8.337262726413249,-159.1747035880741,517.986
564,14,4,-15.412979267841386,-153.52053638935413,519.515
565,14,5,-22.334576859516417,-147.47206236984934,521.275
566,14,6,-29.00786463146293,-140.80290173970883,523.124
567,14,7,-35.307115876533906,-133.23930051699844,524.899
568,14,8,-41.05864059168322,-124.45799950867985,526.423
569,14,9,-46.02294843894814,-114.12146442634935,527.533
570,14,10,-49.88750703738179,-101.9979264609009,528.084
571,14,11,-52.29850234269376,-88.19931875245268,527.974
572,14,12,-52.9622362205735,-73.41467078447558,527.151
573,14,13,-51.784100305732586,-58.7982230549992,525.62
574,14,14,-48.92364781718251,-45.4177731879175,523.444
575,14,15,-44.70409696682662,-33.79282878659623,520.741
576,14,16,-39.474299666523315,-23.911983435121474,517.675
577,14,17,-33.52748618262499,-15.49518059450249,514.443
578,14,18,-27.083817417743262,-8.201168645879806,511.256
579,14,19,-20.302585336153868,-1.7187638505025238,508.322
580,14,20,-13.300172946219247,4.212255354548672,505.83
581,14,21,-6.165504615177905,9.808147379270078,503.932
582,14,22,1.028269184732964,15.256134218835799,502.73
583,14,23,8.214598505335342,20.730267876317974,502.27
584,14,24,15.325677497417576,26.407085689872982,502.536
585,14,25,22.284286176657613,32.48134025839999,503.457
586,14,26,28.99404374367741,39.182097343641,504.911
587,14,27,35.32639750056085,46.786529437209715,506.739
588,14,28,41.10406134966381,55.62199384564651,508.765
589,14,29,46.082907254577094,66.02924870664332,510.806
590,14,30,49.94517090944962,78.2382801499328,512.696
591,14,31,52.33324409990703,92.12411620427126,514.298
592,14,32,52.954743503054,106.97341191274255,515.518
593,14,33,51.72335943344366,121.61229681364242,516.313
594,14,34,48.809962733542235,134.97493354736872,516.691
595,14,35,44.54611810641881,146.55930320992553,516.711
596,14,36,39.2842974641919,156.39334127501817,516.471
597,14,37,33.31816137513161,164.7660603671866,516.099
598,14,38,26.866998185183085,172.0217566621128,515.738
599,14,39,20.088824320794565,178.47170920103096,515.524
600,15,0,9.552273978809415,-163.80968361922308,515.734
601,15,1,2.403157022909147,-158.33289643324835,516.338
602,15,2,-4.765616790535596,-152.91502645905416,517.342
603,15,3,-11.889358099565385,-147.38425345787965,518.715
604,15,4,-18.898356499407193,-141.5587577940191,520.374
605,15,5,-25.70920257369047,-135.23094269783914,522.198
606,15,6,-32.21376076747557,-128.15208000052456,524.032
607,15,7,-38.26458778714943,-120.02247466167357,525.703
608,15,8,-43.65710409914453,-110.50334246826435,527.04
609,15,9,-48.11465289112952,-99.2875571340781,527.885
610,15,10,-51.296144761237706,-86.27977604849065,528.116
611,15,11,-52.86074985479087,-71.86391048437002,527.653
612,15,12,-52.59892479824219,-57.00908573776562,526.471
613,15,13,-50.546056801681495,-42.906165781036655,524.606
614,15,14,-46.96121835542196,-30.37700678644325,522.149
615,15,15,-42.19541629600513,-19.648661317469557,519.242
616,15,16,-36.57512000537927,-10.542009370679283,516.067
617,15,17,-30.35659135101408,-2.7284324024131332,512.83
618,15,18,-23.727317318079134,4.124043888304781,509.744
619,15,19,-16.822979614436722,10.301287891118646,507.01
620,15,20,-9.74455148790809,16.039896718547467,504.799
621,15,21,-2.571785428893476,21.539629925038852,503.24
622,15,22,4.626481995161027,26.979143061165523,502.407
623,15,23,11.784046827847543,32.5317880356097,502.316
624,15,24,18.8294774567222,38.38120302194364,502.921
625,15,25,25.67738242989467,44.73733949751707,504.126
626,15,26,32.217100729979705,51.85191725400165,505.789
627,15,27,38.29807278955542,60.02852453962608,507.739
628,15,28,43.7115714426808,69.60987292618495,509.795
629,15,29,48.17587870684952,80.90454011509567,511.779
630,15,30,51.34501134965456,94.00119562216334,513.54
631,15,31,52.876414893652296,108.49628455046692,514.96
632,15,32,52.56547053168746,123.39594607387788,515.97
633,15,33,50.4581590972526,137.4995627099022,516.552
634,15,34,46.823979364428894,149.997060362598,516.74
635,15,35,42.019815547538684,160.68010460190158,516.616
636,15,36,36.37390946261986,169.74063740386865,516.293
637,15,37,30.142116580886512,177.51288724534456,515.908
638,15,38,23.510790076105973,-175.66993828273505,515.604
639,15,39,16.614293429630738,-169.5225767844268,515.512
640,16,0,13.098711394007843,-157.6248926842632,515.578
641,16,1,5.984231821492591,-152.05315220844693,515.986
642,16,2,-1.1827901551517492,-146.6272772525455,516.791
643,16,3,-8.337262726413249,-141.17469625698928,517.986
644,16,4,-15.412979267841386,-135.52052905826935,519.515
645,16,5,-22.334576859516417,-129.47205503876455,521.275
646,16,6,-29.00786463146293,-122.80289440862401,523.124
647,16,7,-35.307115876533906,-115.23929318591364,524.899
648,16,8,-41.05864059168322,-106.45799217759505,526.423
649,16,9,-46.02294843894814,-96.12145709526455,527.533
650,16,10,-49.88750703738179,-83.9979191298161,528.084
651,16,11,-52.29850234269376,-70.19931142136788,527.974
652,16,12,-52.9622362205735,-55.41466345339077,527.151
653,16,13,-51.784100305732586,-40.798215723914396,525.62
654,16,14,-48.92364781718251,-27.417767564379986,523.444
655,16,15,-44.70409696682662,-15.79282316305872,520.741
656,16,16,-39.474299666523315,-5.911976530923495,517.675
657,16,17,-33.52748618262499,2.5048271634691366,514.443
658,16,18,-27.083817417743262,9.798838685204998,511.256
659,16,19,-20.302585336153868,16.281243160417162,508.322
660,16,20,-13.300172946219247,22.21226353940712,505.83
661,16,21,-6.165504615177905,27.808153856581235,503.932
662,16,22,1.028269184732964,33.25613984237331,502.73
663,16,23,8.214598505335342,38.730273499855485,502.27
664,16,24,15.325677497417576,44.40709302095779,502.536
665,16,25,22.284286176657613,50.48134758948479,503.457
666,16,26,28.99404374367741,57.1821046747258,504.911
667,16,27,35.32639750056085,64.78653676829451,506.739
668,16,28,41.10406134966381,73.62200117673132,508.765
669,16,29,46.082907254577094,84.02925603772812,510.806
670,16,30,49.94517090944962,96.23828748101761,512.696
671,16,31,52.33324409990703,110.12412353535606,514.298
672,16,32,52.954743503054,124.97341924382735,515.518
673,16,33,51.72335943344366,139.6123041447272,516.313
674,16,34,48.809962733542235,152.9749408784535,516.691
675,16,35,44.54611810641881,164.55931054101032,516.711
676,16,36,39.2842974641919,174.393348606103,516.471
677,16,37,33.31816137513161,-177.23392865926292,516.099
678,16,38,26.866998185183085,-169.9782323643367,515.738
679,16,39,20.088824320794565,-163.52827982541856,515.524
680,17,0,9.552273978809415,-145.80968994851662,515.734
681,17,1,2.403157022909147,-140.3329027625419,516.338
682,17,2,-4.765616790535596,-134.9150327883477,517.342
683,17,3,-11.889358099565385,-129.3842597871732,518.715
684,17,4,-18.898356499407193,-123.55876412331264,520.374
685,17,5,-25.70920257369047,-117.23094902713267,522.198
686,17,6,-32.21376076747557,-110.1520863298181,524.032
687,17,7,-38.26458778714943,-102.0224809909671,525.703
688,17,8,-43.65710409914453,-92.50334879755788,527.04
689,17,9,-48.11465289112952,-81.28756346337164,527.885
690,17,10,-51.296144761237706,-68.27978237778417,528.116
691,17,11,-52.86074985479087,-53.863920228758154,527.653
692,17,12,-52.59892479824219,-39.00909206705916,526.471
693,17,13,-50.546056801681495,-24.906172110330193,524.606
694,17,14,-46.96121835542196,-12.377013969510433,522.149
695,17,15,-42.19541629600513,-1.6486679669282103,519.242
696,17,16,-36.57512000537927,7.457984300027181,516.067
697,17,17,-30.35659135101408,15.271561908623564,512.83
698,17,18,-23.727317318079134,22.124037985898067,509.744
699,17,19,-16.822979614436722,28.30128156182511,507.01
700,17,20,-9.74455148790809,34.039890389253934,504.799
701,17,21,-2.571785428893476,39.53962359574531,503.24
702,17,22,4.626481995161027,44.97913843941928,502.407
703,17,23,11.784046827847543,50.53178170631617,502.316
704,17,24,18.8294774567222,56.38119669265011,502.921
705,17,25,25.67738242989467,62.73733658331812,504.126
706,17,26,32.217100729979705,69.85190750961353,505.789
707,17,27,38.29807278955542,78.02851821033255,507.739
708,17,28,43.7115714426808,87.60986659689142,509.795
709,17,29,48.17587870684952,98.90453378580213,511.779
710,17,30,51.34501134965456,112.0011892928698,513.54
711,17,31,52.876414893652296,126.49627822117338,514.96
712,17,32,52.56547053168746,141.39593974458435,515.97
713,17,33,50.4581590972526,155.49955638060865,516.552
714,17,34,46.823979364428894,167.99705403330447,516.74
715,17,35,42.019815547538684,178.68009827260806,516.616
716,17,36,36.37390946261986,-172.25936528295924,516.293
717,17,37,30.142116580886512,-164.4871154414833,515.908
718,17,38,23.510790076105973,-157.6699446120286,515.604
719,17,39,16.614293429630738,-151.52258311372034,515.512
720,18,0,13.098711394007843,-139.62489901355673,515.578
721,18,1,5.984231821492591,-134.05315853774047,515.986
722,18,2,-1.1827901551517492,-128.62728358183904,516.791
723,18,3,-8.337262726413249,-123.17470258628283,517.986
724,18,4,-15.412979267841386,-117.52053538756287,519.515
725,18,5,-22.334576859516417,-111.47206819824726,521.275
726,18,6,-29.00786463146293,-104.80290756810672,523.124
727,18,7,-35.307115876533906,-97.23929951520716,524.899
728,18,8,-41.05864059168322,-88.45799850688857,526.423
729,18,9,-46.02294843894814,-78.12146342455809,527.533
730,18,10,-49.88750703738179,-65.99792545910964,528.084
731,18,11,-52.29850234269376,-52.199321165756004,527.974
732,18,12,-52.9622362205735,-37.41466978268431,527.151
733,18,13,-51.784100305732586,-22.79822034566064,525.62
734,18,14,-48.92364781718251,-9.417773893673525,523.444
735,18,15,-44.70409696682662,2.2071711479779776,520.741
736,18,16,-39.474299666523315,12.08801756666979,517.675
737,18,17,-33.52748618262499,20.504820407288776,514.443
738,18,18,-27.083817417743262,27.79883235591146,511.256
739,18,19,-20.302585336153868,34.28123853867092,508.322
740,18,20,-13.300172946219247,40.212257210113584,505.83
741,18,21,-6.165504615177905,45.80814923483499,503.932
742,18,22,1.028269184732964,51.256133513079774,502.73
743,18,23,8.214598505335342,56.730267170561945,502.27
744,18,24,15.325677497417576,62.407083276569665,502.536
745,18,25,22.284286176657613,68.48134126019126,503.457
746,18,26,28.99404374367741,75.18209834543227,504.911
747,18,27,35.32639750056085,82.78653043900098,506.739
748,18,28,41.10406134966381,91.62199484743778,508.765
749,18,29,46.082907254577094,102.02924970843458,510.806
750,18,30,49.94517090944962,114.23828115172408,512.696
751,18,31,52.33324409990703,128.12411720606252,514.298
752,18,32,52.954743503054,142.9734129145338,515.518
753,18,33,51.72335943344366,157.6122978154337,516.313
754,18,34,48.809962733542235,170.97493454916,516.691
755,18,35,44.54611810641881,-177.44069214581754,516.711
756,18,36,39.2842974641919,-167.60666774110322,516.471
757,18,37,33.31816137513161,-159.23393498855646,516.099
758,18,38,26.866998185183085,-151.97823869363023,515.738
759,18,39,20.088824320794565,-145.5282861547121,515.524
760,19,0,9.552273978809415,-127.80968261743182,515.734
761,19,1,2.403157022909147,-122.3328954314571,516.338
762,19,2,-4.765616790535596,-116.9150254572629,517.342
763,19,3,-11.889358099565385,-111.3842524560884,518.715
764,19,4,-18.898356499407193,-105.55876362241702,520.374
765,19,5,-25.70920257369047,-99.23094852623704,522.198
766,19,6,-32.21376076747557,-92.15207899873329,524.032
767,19,7,-38.26458778714943,-84.0224736598823,525.703
768,19,8,-43.65710409914453,-74.50334146647307,527.04
769,19,9,-48.11465289112952,-63.28755613228684,527.885
770,19,10,-51.296144761237706,-50.27977504669938,528.116
771,19,11,-52.86074985479087,-35.863912897673345,527.653
772,19,12,-52.59892479824219,-21.009083028427064,526.471
773,19,13,-50.546056801681495,-6.906163925471741,524.606
774,19,14,-46.96121835542196,5.622992934687548,522.149
775,19,15,-42.19541629600513,16.35133968432171,519.242
776,19,16,-36.57512000537927,25.457991631111984,516.067
777,19,17,-30.35659135101408,33.27156923970837,512.83
778,19,18,-23.727317318079134,40.12404531698287,509.744
779,19,19,-16.822979614436722,46.301288892909916,507.01
780,19,20,-9.74455148790809,52.039897720338736,504.799
781,19,21,-2.571785428893476,57.53963092683012,503.24
782,19,22,4.626481995161027,62.97914577050408,502.407
783,19,23,11.784046827847543,68.53178903740097,502.316
784,19,24,18.8294774567222,74.38120402373491,502.921
785,19,25,25.67738242989467,80.73734391440293,504.126
786,19,26,32.217100729979705,87.85191484069833,505.789
787,19,27,38.29807278955542,96.02852554141735,507.739
788,19,28,43.7115714426808,105.60987392797622,509.795
789,19,29,48.17587870684952,116.90453428669777,511.779
790,19,30,51.34501134965456,130.00118979376543,513.54
791,19,31,52.876414893652296,144.4962855522582,514.96
792,19,32,52.56547053168746,159.39594707566914,515.97
793,19,33,50.4581590972526,173.49956371169347,516.552
794,19,34,46.823979364428894,-174.00293499314506,516.74
795,19,35,42.019815547538684,-163.31989075384146,516.616
796,19,36,36.37390946261986,-154.25935795187442,516.293
797,19,37,30.142116580886512,-146.48710811039848,515.908
798,19,38,23.510790076105973,-139.66993728094377,515.604
799,19,39,16.614293429630738,-133.52257578263556,515.512
800,20,0,13.098711394007843,-121.62489168247191,515.578
801,20,1,5.984231821492591,-116.05315120665567,515.986
802,20,2,-1.1827901551517492,-110.6272830809434,516.791
803,20,3,-8.337262726413249,-105.17469525519803,517.986
804,20,4,-15.412979267841386,-99.52052805647807,519.515
805,20,5,-22.334576859516417,-93.47206086716245,521.275
806,20,6,-29.00786463146293,-86.80290023702192,523.124
807,20,7,-35.307115876533906,-79.23929218412236,524.899
808,20,8,-41.05864059168322,-70.45799117580377,526.423
809,20,9,-46.02294843894814,-60.12145609347328,527.533
810,20,10,-49.88750703738179,-47.99791471293025,528.084
811,20,11,-52.29850234269376,-34.1993138346712,527.974
812,20,12,-52.9622362205735,-19.414660744052213,527.151
813,20,13,-51.784100305732586,-4.798213868349482,525.62
814,20,14,-48.92364781718251,8.58223343741128,523.444
815,20,15,-44.70409696682662,20.207177838732548,520.741
816,20,16,-39.474299666523315,30.088024897754593,517.675
817,20,17,-33.52748618262499,38.504829445920876,514.443
818,20,18,-27.083817417743262,45.79883968699627,511.256
819,20,19,-20.302585336153868,52.28124586975572,508.322
820,20,20,-13.300172946219247,58.212261126103805,505.83
821,20,21,-6.165504615177905,63.80815315082521,503.932
822,20,22,1.028269184732964,69.25614425925916,502.73
823,20,23,8.214598505335342,74.73027450164675,502.27
824,20,24,15.325677497417576,80.40709060765447,502.536
825,20,25,22.284286176657613,86.48134859127606,503.457
826,20,26,28.99404374367741,93.18210567651707,504.911
827,20,27,35.32639750056085,100.78653777008579,506.739
828,20,28,41.10406134966381,109.62200217852258,508.765
829,20,29,46.082907254577094,120.02926386970856,510.806
830,20,30,49.94517090944962,132.23828165261972,512.696
831,20,31,52.33324409990703,146.12412453714734,514.298
832,20,32,52.954743503054,160.97342024561863,515.518
833,20,33,51.72335943344366,175.61230514651848,516.313
834,20,34,48.809962733542235,-171.02505447728953,516.691
835,20,35,44.54611810641881,-159.44068481473272,516.711
836,20,36,39.2842974641919,-149.6066604100184,516.471
837,20,37,33.31816137513161,-141.23392765747164,516.099
838,20,38,26.866998185183085,-133.97823136254544,515.738
839,20,39,20.088824320794565,-127.5282788236273,515.524
840,21,0,9.552273978809415,-109.8096821165362,515.734
841,21,1,2.403157022909147,-104.33290859093981,516.338
842,21,2,-4.765616790535596,-98.91503178655644,517.342
843,21,3,-11.889358099565385,-93.38425878538193,518.715
844,21,4,-18.898356499407193,-87.55876995171054,520.374
845,21,5,-25.70920257369047,-81.23095485553057,522.198
846,21,6,-32.21376076747557,-74.15208532802683,524.032
847,21,7,-38.26458778714943,-66.02247998917584,525.703
848,21,8,-43.65710409914453,-56.503344380672026,527.04
849,21,9,-48.11465289112952,-45.28756246158038,527.885
850,21,10,-51.296144761237706,-32.27978137599291,528.116
851,21,11,-52.86074985479087,-17.863919226966885,527.653
852,21,12,-52.59892479824219,-3.009089784607423,526.471
853,21,13,-50.546056801681495,11.093829745234721,524.606
854,21,14,-46.96121835542196,23.622986178507187,522.149
855,21,15,-42.19541629600513,34.351333355028174,519.242
856,21,16,-36.57512000537927,43.457983594271155,516.067
857,21,17,-30.35659135101408,51.27156291041483,512.83
858,21,18,-23.727317318079134,58.12403557259475,509.744
859,21,19,-16.822979614436722,64.30127914852179,507.01
860,21,20,-9.74455148790809,70.03989480613978,504.799
861,21,21,-2.571785428893476,75.53962459753659,503.24
862,21,22,4.626481995161027,80.97913944121055,502.407
863,21,23,11.784046827847543,86.53178270810743,502.316
864,21,24,18.8294774567222,92.38119769444137,502.921
865,21,25,25.67738242989467,98.73733758510939,504.126
866,21,26,32.217100729979705,105.85190851140479,505.789
867,21,27,38.29807278955542,114.02851921212381,507.739
868,21,28,43.7115714426808,123.60986759868268,509.795
869,21,29,48.17587870684952,134.90452795740424,511.779
870,21,30,51.34501134965456,148.0011834644719,513.54
871,21,31,52.876414893652296,162.49627922296466,514.96
872,21,32,52.56547053168746,177.3959407463756,515.97
873,21,33,50.4581590972526,-168.50043897513441,516.552
874,21,34,46.823979364428894,-156.0029413224386,516.74
875,21,35,42.019815547538684,-145.319897083135,516.616
876,21,36,36.37390946261986,-136.25936428116796,516.293
877,21,37,30.142116580886512,-128.48711443969202,515.908
878,21,38,23.510790076105973,-121.66994361023733,515.604
879,21,39,16.614293429630738,-115.52258211192908,515.512
880,22,0,13.098711394007843,-103.62489801176545,515.578
881,22,1,5.984231821492591,-98.05316436613838,515.986
882,22,2,-1.1827901551517492,-92.62728941023693,516.791
883,22,3,-8.337262726413249,-87.17470158449156,517.986
884,22,4,-15.412979267841386,-81.52053438577161,519.515
885,22,5,-22.334576859516417,-75.47206719645598,521.275
886,22,6,-29.00786463146293,-68.80290656631546,523.124
887,22,7,-35.307115876533906,-61.2392985134159,524.899
888,22,8,-41.05864059168322,-52.4580009201919,526.423
889,22,9,-46.02294843894814,-42.12145900767223,527.533
890,22,10,-49.88750703738179,-29.997921042223787,528.084
891,22,11,-52.29850234269376,-16.199320163964735,527.974
892,22,12,-52.9622362205735,-1.414667713675983,527.151
893,22,13,-51.784100305732586,13.201779802356983,525.62
894,22,14,-48.92364781718251,26.582227108117742,523.444
895,22,15,-44.70409696682662,38.207173216986305,520.741
896,22,16,-39.474299666523315,48.08801856846106,517.675
897,22,17,-33.52748618262499,56.504823116627335,514.443
898,22,18,-27.083817417743262,63.798829942608144,511.256
899,22,19,-20.302585336153868,70.28123954046218,508.322
900,22,20,-13.300172946219247,76.21225479681027,505.83
901,22,21,-6.165504615177905,81.80814682153168,503.932
902,22,22,1.028269184732964,87.25613792996562,502.73
903,22,23,8.214598505335342,92.73026817235322,502.27
904,22,24,15.325677497417576,98.40708427836093,502.536
905,22,25,22.284286176657613,104.48134226198252,503.457
906,22,26,28.99404374367741,111.18209934722353,504.911
907,22,27,35.32639750056085,118.78652461060308,506.739
908,22,28,41.10406134966381,127.62198901903987,508.765
909,22,29,46.082907254577094,138.02925754041502,510.806
910,22,30,49.94517090944962,150.23827532332618,512.696
911,22,31,52.33324409990703,164.1241182078538,514.298
912,22,32,52.954743503054,178.9734139163251,515.518
913,22,33,51.72335943344366,-166.38769754030938,516.313
914,22,34,48.809962733542235,-153.02506080658307,516.691
915,22,35,44.54611810641881,-141.44069114402626,516.711
916,22,36,39.2842974641919,-131.60666673931195,516.471
917,22,37,33.31816137513161,-123.23393398676518,516.099
918,22,38,26.866998185183085,-115.97823769183897,515.738
919,22,39,20.088824320794565,-109.52828515292083,515.524
920,23,0,9.552273978809415,-91.80967478545139,515.734
921,23,1,2.403157022909147,-86.332901259855,516.338
922,23,2,-4.765616790535596,-80.91502445547164,517.342
923,23,3,-11.889358099565385,-75.38425145429713,518.715
924,23,4,-18.898356499407193,-69.55876262062574,520.374
925,23,5,-25.70920257369047,-63.230947524445774,522.198
926,23,6,-32.21376076747557,-56.152081412036615,524.032
927,23,7,-38.26458778714943,-48.02246924299644,525.703
928,23,8,-43.65710409914453,-38.50333704958722,527.04
929,23,9,-48.11465289112952,-27.287556838042864,527.885
930,23,10,-51.296144761237706,-14.279774898681755,528.116
931,23,11,-52.86074985479087,0.1360887177677273,527.653
932,23,12,-52.59892479824219,14.990917973364203,526.471
933,23,13,-50.546056801681495,29.093836222545878,524.606
934,23,14,-46.96121835542196,41.622995217139284,522.149
935,23,15,-42.19541629600513,52.35134068611298,519.242
936,23,16,-36.57512000537927,61.45799434045054,516.067
937,23,17,-30.35659135101408,69.27156682640505,512.83
938,23,18,-23.727317318079134,76.12404290367955,509.744
939,23,19,-16.822979614436722,82.30128647960659,507.01
940,23,20,-9.74455148790809,88.03990213722459,504.799
941,23,21,-2.571785428893476,93.53963192862139,503.24
942,23,22,4.626481995161027,98.97914677229535,502.407
943,23,23,11.784046827847543,104.53179003919223,502.316
944,23,24,18.8294774567222,110.38120502552617,502.921
945,23,25,25.67738242989467,116.73734491619419,504.126
946,23,26,32.217100729979705,123.85191584248959,505.789
947,23,27,38.29807278955542,132.0285265432086,507.739
948,23,28,43.7115714426808,141.60987492976747,509.795
949,23,29,48.17587870684952,152.90453528848903,511.779
950,23,30,51.34501134965456,166.0011907955567,513.54
951,23,31,52.876414893652296,-179.50370980348487,514.96
952,23,32,52.56547053168746,-164.60406194045225,515.97
953,23,33,50.4581590972526,-150.5004316440496,516.552
954,23,34,46.823979364428894,-138.00293399135379,516.74
955,23,35,42.019815547538684,-127.3198897520502,516.616
956,23,36,36.37390946261986,-118.25935695008316,516.293
957,23,37,30.142116580886512,-110.48710710860722,515.908
958,23,38,23.510790076105973,-103.66992944896334,515.604
959,23,39,16.614293429630738,-97.52256795065512,515.512
960,24,0,13.098711394007843,-85.62489068068065,515.578
961,24,1,5.984231821492591,-80.05315703505357,515.986
962,24,2,-1.1827901551517492,-74.62728207915212,516.791
963,24,3,-8.337262726413249,-69.17469425340676,517.986
964,24,4,-15.412979267841386,-63.5205270546868,519.515
965,24,5,-22.334576859516417,-57.47205986537118,521.275
966,24,6,-29.00786463146293,-50.802899235230655,523.124
967,24,7,-35.307115876533906,-43.2392911823311,524.899
968,24,8,-41.05864059168322,-34.45799358910709,526.423
969,24,9,-46.02294843894814,-24.121453384134718,527.533
970,24,10,-49.88750703738179,-11.99791456491263,528.084
971,24,11,-52.29850234269376,1.8006871671200666,527.974
972,24,12,-52.9622362205735,16.585340257739055,527.151
973,24,13,-51.784100305732586,31.201786279668138,525.62
974,24,14,-48.92364781718251,44.582236146749835,523.444
975,24,15,-44.70409696682662,56.20718054807111,520.741
976,24,16,-39.474299666523315,66.08802248445127,517.675
977,24,17,-33.52748618262499,74.50483044771214,514.443
978,24,18,-27.083817417743262,81.79883727369295,511.256
979,24,19,-20.302585336153868,88.28124687154698,508.322
980,24,20,-13.300172946219247,94.21226212789507,505.83
981,24,21,-6.165504615177905,99.80815415261648,503.932
982,24,22,1.028269184732964,105.25614526105043,502.73
983,24,23,8.214598505335342,110.73027550343802,502.27
984,24,24,15.325677497417576,116.40709160944573,502.536
985,24,25,22.284286176657613,122.48134276287816,503.457
986,24,26,28.99404374367741,129.18209984811915,504.911
987,24,27,35.32639750056085,136.78653194168788,506.739
988,24,28,41.10406134966381,145.62199635012468,508.765
989,24,29,46.082907254577094,156.02926487149983,510.806
990,24,30,49.94517090944962,168.23828265441097,512.696
991,24,31,52.33324409990703,-177.87587081859573,514.298
992,24,32,52.954743503054,-163.02657511012444,515.518
993,24,33,51.72335943344366,-148.3876902092246,516.313
994,24,34,48.809962733542235,-135.02505347549828,516.691
995,24,35,44.54611810641881,-123.44068381294147,516.711
996,24,36,39.2842974641919,-113.60665257803798,516.471
997,24,37,33.31816137513161,-105.23392665568038,516.099
998,24,38,26.866998185183085,-97.97823036075417,515.738
999,24,39,20.088824320794565,-91.52827782183603,515.524
1000,25,0,9.552273978809415,-73.80968111474492,515.734
1001,25,1,2.403157022909147,-68.33290758914853,516.338
1002,25,2,-4.765616790535596,-62.91503078476517,517.342
1003,25,3,-11.889358099565385,-57.38425778359067,518.715
1004,25,4,-18.898356499407193,-51.55876894991928,520.374
1005,25,5,-25.70920257369047,-45.23095385373931,522.198
1006,25,6,-32.21376076747557,-38.15208774133015,524.032
1007,25,7,-38.26458778714943,-30.022475572289984,525.703
1008,25,8,-43.65710409914453,-20.50334337888076,527.04
1009,25,9,-48.11465289112952,-9.287562313562756,527.885
1010,25,10,-51.296144761237706,3.720218772024709,528.116
1011,25,11,-52.86074985479087,18.136081774824383,527.653
1012,25,12,-52.59892479824219,32.99090993652337,526.471
1013,25,13,-50.546056801681495,47.09382989325234,524.606
1014,25,14,-46.96121835542196,59.62298888784575,522.149
1015,25,15,-42.19541629600513,70.35133094172485,519.242
1016,25,16,-36.57512000537927,79.45798801115701,516.067
1017,25,17,-30.35659135101408,87.27156049711151,512.83
1018,25,18,-23.727317318079134,94.12403657438601,509.744
1019,25,19,-16.822979614436722,100.30128015031306,507.01
1020,25,20,-9.74455148790809,106.03989580793105,504.799
1021,25,21,-2.571785428893476,111.53962559932785,503.24
1022,25,22,4.626481995161027,116.97913361281265,502.407
1023,25,23,11.784046827847543,122.53177687970953,502.316
1024,25,24,18.8294774567222,128.3812055264218,502.921
1025,25,25,25.67738242989467,134.73733858690065,504.126
1026,25,26,32.217100729979705,141.85190951319606,505.789
1027,25,27,38.29807278955542,150.02852021391507,507.739
1028,25,28,43.7115714426808,159.60986860047396,509.795
1029,25,29,48.17587870684952,170.9045289591955,511.779
1030,25,30,51.34501134965456,-175.99881189127117,513.54
1031,25,31,52.876414893652296,-161.5037161327784,514.96
1032,25,32,52.56547053168746,-146.6040682697458,515.97
1033,25,33,50.4581590972526,-132.50043797334314,516.552
1034,25,34,46.823979364428894,-120.00294032064733,516.74
1035,25,35,42.019815547538684,-109.31989608134374,516.616
1036,25,36,36.37390946261986,-100.25937010956586,516.293
1037,25,37,30.142116580886512,-92.48711343790076,515.908
1038,25,38,23.510790076105973,-85.66993577825689,515.604
1039,25,39,16.614293429630738,-79.52257427994864,515.512
1040,26,0,13.098711394007843,-67.62488334959585,515.578
1041,26,1,5.984231821492591,-62.05314970396877,515.986
1042,26,2,-1.1827901551517492,-56.62727133297274,516.791
1043,26,3,-8.337262726413249,-51.17468692232195,517.986
1044,26,4,-15.412979267841386,-45.520519723602,519.515
1045,26,5,-22.334576859516417,-39.472049119191794,521.275
1046,26,6,-29.00786463146293,-32.802891904145845,523.124
1047,26,7,-35.307115876533906,-25.23928555879359,524.899
1048,26,8,-41.05864059168322,-16.457984550474997,526.423
1049,26,9,-46.02294843894814,-6.121446053049915,527.533
1050,26,10,-49.88750703738179,6.002092766172174,528.084
1051,26,11,-52.29850234269376,19.80069449820487,527.974
1052,26,12,-52.9622362205735,34.58534588127657,527.151
1053,26,13,-51.784100305732586,49.201793610752944,525.62
1054,26,14,-48.92364781718251,62.582243477834645,523.444
1055,26,15,-44.70409696682662,74.20718446406133,520.741
1056,26,16,-39.474299666523315,84.08802981553607,517.675
1057,26,17,-33.52748618262499,92.50483777879694,514.443
1058,26,18,-27.083817417743262,99.79884460477776,511.256
1059,26,19,-20.302585336153868,106.28125420263179,508.322
1060,26,20,-13.300172946219247,112.21226945897988,505.83
1061,26,21,-6.165504615177905,117.80816831389045,503.932
1062,26,22,1.028269184732964,123.25614576194606,502.73
1063,26,23,8.214598505335342,128.73028283452282,502.27
1064,26,24,15.325677497417576,134.40709894053055,502.536
1065,26,25,22.284286176657613,140.48135009396296,503.457
1066,26,26,28.99404374367741,147.18210717920397,504.911
1067,26,27,35.32639750056085,154.78653927277267,506.739
1068,26,28,41.10406134966381,163.6220036812095,508.765
1069,26,29,46.082907254577094,174.02927220258462,510.806
1070,26,30,49.94517090944962,-173.76170637203856,512.696
1071,26,31,52.33324409990703,-159.8758634875109,514.298
1072,26,32,52.954743503054,-145.02656777903965,515.518
1073,26,33,51.72335943344366,-130.38768287813977,516.313
1074,26,34,48.809962733542235,-117.02504614441347,516.691
1075,26,35,44.54611810641881,-105.44068331204583,516.711
1076,26,36,39.2842974641919,-95.60664524695318,516.471
1077,26,37,33.31816137513161,-87.23391932459558,516.099
1078,26,38,26.866998185183085,-79.97822302966937,515.738
1079,26,39,20.088824320794565,-73.52827049075123,515.524
1080,27,0,9.552273978809415,-55.80968744403846,515.734
1081,27,1,2.403157022909147,-50.332913918442074,516.338
1082,27,2,-4.765616790535596,-44.91503711405871,517.342
1083,27,3,-11.889358099565385,-39.38426752797879,518.715
1084,27,4,-18.898356499407193,-33.55877527921282,520.374
1085,27,5,-25.70920257369047,-27.230960183032845,522.198
1086,27,6,-32.21376076747557,-20.152094070623686,524.032
1087,27,7,-38.26458778714943,-12.022482755357165,525.703
1088,27,8,-43.65710409914453,-2.503350561947945,527.04
1089,27,9,-48.11465289112952,8.712431357143709,527.885
1090,27,10,-51.296144761237706,21.72021329650482,528.116
1091,27,11,-52.86074985479087,36.13607544553084,527.653
1092,27,12,-52.59892479824219,50.99090360722984,526.471
1093,27,13,-50.546056801681495,65.09382697905339,524.606
1094,27,14,-46.96121835542196,77.62298255855221,522.149
1095,27,15,-42.19541629600513,88.35132461243131,519.242
1096,27,16,-36.57512000537927,97.45798168186347,516.067
1097,27,17,-30.35659135101408,105.27155416781798,512.83
1098,27,18,-23.727317318079134,112.12403024509248,509.744
1099,27,19,-16.822979614436722,118.30128065120869,507.01
1100,27,20,-9.74455148790809,124.03988264844834,504.799
1101,27,21,-2.571785428893476,129.5396192700343,503.24
1102,27,22,4.626481995161027,134.97912728351912,502.407
1103,27,23,11.784046827847543,140.53177055041598,502.316
1104,27,24,18.8294774567222,146.38119919712827,502.921
1105,27,25,25.67738242989467,152.7373322576071,504.126
1106,27,26,32.217100729979705,159.85190318390252,505.789
1107,27,27,38.29807278955542,168.02851388462153,507.739
1108,27,28,43.7115714426808,177.60986227118042,509.795
1109,27,29,48.17587870684952,-171.09547372763237,511.779
1110,27,30,51.34501134965456,-157.99881822056471,513.54
1111,27,31,52.876414893652296,-143.50372246207195,514.96
1112,27,32,52.56547053168746,-128.60407459903934,515.97
1113,27,33,50.4581590972526,-114.50044430263668,516.552
1114,27,34,46.823979364428894,-102.00294664994087,516.74
1115,27,35,42.019815547538684,-91.31990241063728,516.616
1116,27,36,36.37390946261986,-82.25937643885939,516.293
1117,27,37,30.142116580886512,-74.4871197671943,515.908
1118,27,38,23.510790076105973,-67.66994210755043,515.604
1119,27,39,16.614293429630738,-61.52258060924218,515.512
1120,28,0,13.098711394007843,-49.62490675436231,515.578
1121,28,1,5.984231821492591,-44.053166278546065,515.986
1122,28,2,-1.1827901551517492,-38.627291322644616,516.791
1123,28,3,-8.337262726413249,-33.17470691199383,517.986
1124,28,4,-15.412979267841386,-27.520539713273877,519.515
1125,28,5,-22.334576859516417,-21.47206910886367,521.275
1126,28,6,-29.00786463146293,-14.802911893817726,523.124
1127,28,7,-35.307115876533906,-7.239304694691821,524.899
1128,28,8,-41.05864059168322,1.5419952464097146,526.423
1129,28,9,-46.02294843894814,11.878533957278208,527.533
1130,28,10,-49.88750703738179,24.00207192272665,528.084
1131,28,11,-52.29850234269376,37.80067450853299,527.974
1132,28,12,-52.9622362205735,52.58532589160469,527.151
1133,28,13,-51.784100305732586,67.20177362108106,525.62
1134,28,14,-48.92364781718251,80.58222348816277,523.444
1135,28,15,-44.70409696682662,92.20716447438944,520.741
1136,28,16,-39.474299666523315,102.0880098258642,517.675
1137,28,17,-33.52748618262499,110.50481778912507,514.443
1138,28,18,-27.083817417743262,117.79882461510587,511.256
1139,28,19,-20.302585336153868,124.28123421295992,508.322
1140,28,20,-13.300172946219247,130.21225629949717,505.83
1141,28,21,-6.165504615177905,135.80814832421856,503.932
1142,28,22,1.028269184732964,141.25612577227417,502.73
1143,28,23,8.214598505335342,146.73026284485096,502.27
1144,28,24,15.325677497417576,152.40707895085868,502.536
1145,28,25,22.284286176657613,158.4813301042911,503.457
1146,28,26,28.99404374367741,165.1820871895321,504.911
1147,28,27,35.32639750056085,172.7865192831008,506.739
1148,28,28,41.10406134966381,-178.37801266599672,508.765
1149,28,29,46.082907254577094,-167.97075780499992,510.806
1150,28,30,49.94517090944962,-155.76172636171043,512.696
1151,28,31,52.33324409990703,-141.8758834771828,514.298
1152,28,32,52.954743503054,-127.02658776871152,515.518
1153,28,33,51.72335943344366,-112.38770286781165,516.313
1154,28,34,48.809962733542235,-99.02506613408535,516.691
1155,28,35,44.54611810641881,-87.4407033017177,516.711
1156,28,36,39.2842974641919,-77.60666523662505,516.471
1157,28,37,33.31816137513161,-69.23393931426745,516.099
1158,28,38,26.866998185183085,-61.97824301934124,515.738
1159,28,39,20.088824320794565,-55.5282904804231,515.524
1160,29,0,9.552273978809415,-37.80968011295366,515.734
1161,29,1,2.403157022909147,-32.33290658735727,516.338
1162,29,2,-4.765616790535596,-26.915029782973907,517.342
1163,29,3,-11.889358099565385,-21.384260196893987,518.715
1164,29,4,-18.898356499407193,-15.558767948128017,520.374
1165,29,5,-25.70920257369047,-9.230952851948043,522.198
1166,29,6,-32.21376076747557,-2.1520867395388827,524.032
1167,29,7,-38.26458778714943,5.977525002614461,525.703
1168,29,8,-43.65710409914453,15.496657622910504,527.04
1169,29,9,-48.11465289112952,26.712437834454867,527.885
1170,29,10,-51.296144761237706,39.72022062758962,528.116
1171,29,11,-52.86074985479087,54.13608277661565,527.653
1172,29,12,-52.59892479824219,68.99091435340922,526.471
1173,29,13,-50.546056801681495,83.09383431013819,524.606
1174,29,14,-46.96121835542196,95.62298988963701,522.149
1175,29,15,-42.19541629600513,106.35133194351613,519.242
1176,29,16,-36.57512000537927,115.4579821827591,516.067
1177,29,17,-30.35659135101408,123.27156832909195,512.83
1178,29,18,-23.727317318079134,130.12403757617727,509.744
1179,29,19,-16.822979614436722,136.3012879822935,507.01
1180,29,20,-9.74455148790809,142.03988997953314,504.799
1181,29,21,-2.571785428893476,147.53962660111912,503.24
1182,29,22,4.626481995161027,152.9791346146039,502.407
1183,29,23,11.784046827847543,158.5317778815008,502.316
1184,29,24,18.8294774567222,164.38120652821308,502.921
1185,29,25,25.67738242989467,170.73733958869192,504.126
1186,29,26,32.217100729979705,177.8519105149873,505.789
1187,29,27,38.29807278955542,-173.97147514182797,507.739
1188,29,28,43.7115714426808,-164.3901267552691,509.795
1189,29,29,48.17587870684952,-153.09546639654758,511.779
1190,29,30,51.34501134965456,-139.9988108894799,513.54
1191,29,31,52.876414893652296,-125.50371513098713,514.96
1192,29,32,52.56547053168746,-110.60406043776536,515.97
1193,29,33,50.4581590972526,-96.50043697155188,516.552
1194,29,34,46.823979364428894,-84.00293931885606,516.74
1195,29,35,42.019815547538684,-73.31989507955248,516.616
1196,29,36,36.37390946261986,-64.25936910777459,516.293
1197,29,37,30.142116580886512,-56.48711585120408,515.908
1198,29,38,23.510790076105973,-49.66993477646562,515.604
1199,29,39,16.614293429630738,-43.52257327815738,515.512
1200,30,0,13.098711394007843,-31.624899423277505,515.578
1201,30,1,5.984231821492591,-26.053158947461263,515.986
1202,30,2,-1.1827901551517492,-20.627285699107105,516.791
1203,30,3,-8.337262726413249,-15.17469958090903,517.986
1204,30,4,-15.412979267841386,-9.520532382189073,519.515
1205,30,5,-22.334576859516417,-3.4720619912222785,521.275
1206,30,6,-29.00786463146293,3.197096077597313,523.124
1207,30,7,-35.307115876533906,10.760702636392983,524.899
1208,30,8,-41.05864059168322,19.54200279093793,526.423
1209,30,9,-46.02294843894814,29.878542995910305,527.533
1210,30,10,-49.88750703738179,42.00208096135875,528.084
1211,30,11,-52.29850234269376,55.800681839617795,527.974
1212,30,12,-52.9622362205735,70.5853332226895,527.151
1213,30,13,-51.784100305732586,85.20178095216588,525.62
1214,30,14,-48.92364781718251,98.58223081924757,523.444
1215,30,15,-44.70409696682662,110.20717180547425,520.741
1216,30,16,-39.474299666523315,120.08801715694901,517.675
1217,30,17,-33.52748618262499,128.5048182900207,514.443
1218,30,18,-27.083817417743262,135.7988319461907,511.256
1219,30,19,-20.302585336153868,142.28124154404472,508.322
1220,30,20,-13.300172946219247,148.21226363058196,505.83
1221,30,21,-6.165504615177905,153.80815565530338,503.932
1222,30,22,1.028269184732964,159.256133103359,502.73
1223,30,23,8.214598505335342,164.73027017593574,502.27
1224,30,24,15.325677497417576,170.40708628194346,502.536
1225,30,25,22.284286176657613,176.48133743537588,503.457
1226,30,26,28.99404374367741,-176.81790183691743,504.911
1227,30,27,35.32639750056085,-169.21346974334872,506.739
1228,30,28,41.10406134966381,-160.37800533491193,508.765
1229,30,29,46.082907254577094,-149.9707504739151,510.806
1230,30,30,49.94517090944962,-137.7617190306256,512.696
1231,30,31,52.33324409990703,-123.875876146098,514.298
1232,30,32,52.954743503054,-109.02658043762672,515.518
1233,30,33,51.72335943344366,-94.38769553672685,516.313
1234,30,34,48.809962733542235,-81.02505880300055,516.691
1235,30,35,44.54611810641881,-69.4406959706329,516.711
1236,30,36,39.2842974641919,-59.606657905540246,516.471
1237,30,37,33.31816137513161,-51.23393198318264,516.099
1238,30,38,26.866998185183085,-43.97823227316186,515.738
1239,30,39,20.088824320794565,-37.5282831493383,515.524
1240,31,0,9.552273978809415,-19.809674489416143,515.734
1241,31,1,2.403157022909147,-14.332897548725175,516.338
1242,31,2,-4.765616790535596,-8.915022451889103,517.342
1243,31,3,-11.889358099565385,-3.38425243892236,518.715
1244,31,4,-18.898356499407193,2.441240023287022,520.374
1245,31,5,-25.70920257369047,8.769054479136761,522.198
1246,31,6,-32.21376076747557,15.84792059154592,524.032
1247,31,7,-38.26458778714943,23.977532760586087,525.703
1248,31,8,-43.65710409914453,33.49666495399531,527.04
1249,31,9,-48.11465289112952,44.71244687308696,527.885
1250,31,10,-51.296144761237706,57.72022795867443,528.116
1251,31,11,-52.86074985479087,72.13609352279504,527.653
1252,31,12,-52.59892479824219,86.99092168449403,526.471
1253,31,13,-50.546056801681495,101.093841641223,524.606
1254,31,14,-46.96121835542196,113.62299722072181,522.149
1255,31,15,-42.19541629600513,124.35133927460093,519.242
1256,31,16,-36.57512000537927,133.4579895138439,516.067
1257,31,17,-30.35659135101408,141.27157566017675,512.83
1258,31,18,-23.727317318079134,148.1240449072621,509.744
1259,31,19,-16.822979614436722,154.3012953133783,507.01
1260,31,20,-9.74455148790809,160.03989731061796,504.799
1261,31,21,-2.571785428893476,165.5396339322039,503.24
1262,31,22,4.626481995161027,170.97914194568872,502.407
1263,31,23,11.784046827847543,176.5317852125856,502.316
1264,31,24,18.8294774567222,-177.6187961586148,502.921
1265,31,25,25.67738242989467,-171.2626494377576,504.126
1266,31,26,32.217100729979705,-164.1480785114622,505.789
1267,31,27,38.29807278955542,-155.97146781074318,507.739
1268,31,28,43.7115714426808,-146.39011942418432,509.795
1269,31,29,48.17587870684952,-135.09545906546276,511.779
1270,31,30,51.34501134965456,-121.9988035583951,513.54
1271,31,31,52.876414893652296,-107.50370779990233,514.96
1272,31,32,52.56547053168746,-92.60405310668055,515.97
1273,31,33,50.4581590972526,-78.50042964046708,516.552
1274,31,34,46.823979364428894,-66.00293198777126,516.74
1275,31,35,42.019815547538684,-55.31989116356226,516.616
1276,31,36,36.37390946261986,-46.259361776689786,516.293
1277,31,37,30.142116580886512,-38.48710852011927,515.908
1278,31,38,23.510790076105973,-31.669927445380814,515.604
1279,31,39,16.614293429630738,-25.522565947072575,515.512
1280,32,0,13.098711394007843,-13.624890384645408,515.578
1281,32,1,5.984231821492591,-8.053151616376459,515.986
1282,32,2,-1.1827901551517492,-2.6272777276920674,516.791
1283,32,3,-8.337262726413249,2.825307963619186,517.986
1284,32,4,-15.412979267841386,8.47947494889573,519.515
1285,32,5,-22.334576859516417,14.527945553305937,521.275
1286,32,6,-29.00786463146293,21.197102768351883,523.124
1287,32,7,-35.307115876533906,28.760710821251433,524.899
1288,32,8,-41.05864059168322,37.54200841447544,526.423
1289,32,9,-46.02294843894814,47.87855032699511,527.533
1290,32,10,-49.88750703738179,60.00208487734896,528.084
1291,32,11,-52.29850234269376,73.80069258579718,527.974
1292,32,12,-52.9622362205735,88.5853405537743,527.151
1293,32,13,-51.784100305732586,103.20178828325068,525.62
1294,32,14,-48.92364781718251,116.58223132014321,523.444
1295,32,15,-44.70409696682662,128.20718596674823,520.741
1296,32,16,-39.474299666523315,138.08802448803382,517.675
1297,32,17,-33.52748618262499,146.5048256211055,514.443
1298,32,18,-27.083817417743262,153.79883927727548,511.256
1299,32,19,-20.302585336153868,160.28124887512953,508.322
1300,32,20,-13.300172946219247,166.21227096166677,505.83
1301,32,21,-6.165504615177905,171.80816298638817,503.932
1302,32,22,1.028269184732964,177.25614043444378,502.73
1303,32,23,8.214598505335342,-177.26971885051378,502.27
1304,32,24,15.325677497417576,-171.59290274450606,502.536
1305,32,25,22.284286176657613,-165.51865159107365,503.457
1306,32,26,28.99404374367741,-158.81789450583264,504.911
1307,32,27,35.32639750056085,-151.2134624122639,506.739
1308,32,28,41.10406134966381,-142.37799800382712,508.765
1309,32,29,46.082907254577094,-131.97074314283032,510.806
1310,32,30,49.94517090944962,-119.76171169954081,512.696
1311,32,31,52.33324409990703,-105.87586881501319,514.298
1312,32,32,52.954743503054,-91.02657310654192,515.518
1313,32,33,51.72335943344366,-76.38768820564205,516.313
1314,32,34,48.809962733542235,-63.02505147191574,516.691
1315,32,35,44.54611810641881,-51.44068522445352,516.711
1316,32,36,39.2842974641919,-41.606653989550026,516.471
1317,32,37,33.31816137513161,-33.23392465209784,516.099
1318,32,38,26.866998185183085,-25.978224942077052,515.738
1319,32,39,20.088824320794565,-19.528274110706203,515.524
1320,33,0,9.552273978809415,-1.8096669448879292,515.734
1321,33,1,2.403157022909147,3.6671093554728054,516.338
1322,33,2,-4.765616790535596,9.0849848791957,517.342
1323,33,3,-11.889358099565385,14.61575446527562,518.715
1324,33,4,-18.898356499407193,20.44124671404159,520.374
1325,33,5,-25.70920257369047,26.769061810221565,522.198
1326,33,6,-32.21376076747557,33.847927922630724,524.032
1327,33,7,-38.26458778714943,41.97754009167089,525.703
1328,33,8,-43.65710409914453,51.49667228508011,527.04
1329,33,9,-48.11465289112952,62.71245420417176,527.885
1330,33,10,-51.296144761237706,75.72023528975923,528.116
1331,33,11,-52.86074985479087,90.13610085387984,527.653
1332,33,12,-52.59892479824219,104.99092901557883,526.471
1333,33,13,-50.546056801681495,119.09384214211863,524.606
1334,33,14,-46.96121835542196,131.62300455180662,522.149
1335,33,15,-42.19541629600513,142.35134660568573,519.242
1336,33,16,-36.57512000537927,151.45799684492872,516.067
1337,33,17,-30.35659135101408,159.27158299126157,512.83
1338,33,18,-23.727317318079134,166.12405223834688,509.744
1339,33,19,-16.822979614436722,172.3013026444631,507.01
1340,33,20,-9.74455148790809,178.03990464170275,504.799
1341,33,21,-2.571785428893476,-176.4603550942456,503.24
1342,33,22,4.626481995161027,-171.0208470807608,502.407
1343,33,23,11.784046827847543,-165.46820381386394,502.316
1344,33,24,18.8294774567222,-159.61878882752998,502.921
1345,33,25,25.67738242989467,-153.26264210667279,504.126
1346,33,26,32.217100729979705,-146.1480711803774,505.789
1347,33,27,38.29807278955542,-137.97146047965836,507.739
1348,33,28,43.7115714426808,-128.3901120930995,509.795
1349,33,29,48.17587870684952,-117.09545173437796,511.779
1350,33,30,51.34501134965456,-103.9987962273103,513.54
1351,33,31,52.876414893652296,-89.50370046881753,514.96
1352,33,32,52.56547053168746,-74.60404577559575,515.97
1353,33,33,50.4581590972526,-60.500422309382266,516.552
1354,33,34,46.823979364428894,-48.00292465668645,516.74
1355,33,35,42.019815547538684,-37.31988383247746,516.616
1356,33,36,36.37390946261986,-28.259352738057693,516.293
1357,33,37,30.142116580886512,-20.487101189034473,515.908
1358,33,38,23.510790076105973,-13.669920968069656,515.604
1359,33,39,16.614293429630738,-7.522558615987774,515.512
1360,34,0,13.098711394007843,4.375089198795892,515.578
1361,34,1,5.984231821492591,9.946828393951664,515.986
1362,34,2,-1.1827901551517492,15.37270164230582,516.791
1363,34,3,-8.337262726413249,20.825287760503898,517.986
1364,34,4,-15.412979267841386,26.479454959223855,519.515
1365,34,5,-22.334576859516417,32.52792556363406,521.275
1366,34,6,-29.00786463146293,39.197082778680006,523.124
1367,34,7,-35.307115876533906,46.76069083157955,524.899
1368,34,8,-41.05864059168322,55.54198842480356,526.423
1369,34,9,-46.02294843894814,65.87852692222864,527.533
1370,34,10,-49.88750703738179,78.0020648876771,528.084
1371,34,11,-52.29850234269376,91.80067259612531,527.974
1372,34,12,-52.9622362205735,106.58532056410242,527.151
1373,34,13,-51.784100305732586,121.20177512376796,525.62
1374,34,14,-48.92364781718251,134.58221133047132,523.444
1375,34,15,-44.70409696682662,146.20716597707636,520.741
1376,34,16,-39.474299666523315,156.08800449836193,517.675
1377,34,17,-33.52748618262499,164.50480563143364,514.443
1378,34,18,-27.083817417743262,171.7988192876036,511.256
1379,34,19,-20.302585336153868,178.28122888545764,508.322
1380,34,20,-13.300172946219247,-175.78775904591777,505.83
1381,34,21,-6.165504615177905,-170.19186702119637,503.932
1382,34,22,1.028269184732964,-164.7438759127624,502.73
1383,34,23,8.214598505335342,-159.26973884018565,502.27
1384,34,24,15.325677497417576,-153.59292273417793,502.536
1385,34,25,22.284286176657613,-147.51867158074552,503.457
1386,34,26,28.99404374367741,-140.8179144955045,504.911
1387,34,27,35.32639750056085,-133.21348240193578,506.739
1388,34,28,41.10406134966381,-124.378017993499,508.765
1389,34,29,46.082907254577094,-113.97075630231302,510.806
1390,34,30,49.94517090944962,-101.7617316892127,512.696
1391,34,31,52.33324409990703,-87.87588880468508,514.298
1392,34,32,52.954743503054,-73.02659309621379,515.518
1393,34,33,51.72335943344366,-58.38770819531392,516.313
1394,34,34,48.809962733542235,-45.0250748766822,516.691
1395,34,35,44.54611810641881,-33.440705214125394,516.711
1396,34,36,39.2842974641919,-23.606673979221906,516.471
1397,34,37,33.31816137513161,-15.233942934222426,516.099
1398,34,38,26.866998185183085,-7.978245785522575,515.738
1399,34,39,20.088824320794565,-1.5282945272649038,515.524
1400,35,0,9.552273978809415,16.190312851996783,515.734
1401,35,1,2.403157022909147,21.66708979268775,516.338
1402,35,2,-4.765616790535596,27.084964889523825,517.342
1403,35,3,-11.889358099565385,32.615734475603745,518.715
1404,35,4,-18.898356499407193,38.44122672436971,520.374
1405,35,5,-25.70920257369047,44.76904182054969,522.198
1406,35,6,-32.21376076747557,51.84790793295885,524.032
1407,35,7,-38.26458778714943,59.97751668690443,525.703
1408,35,8,-43.65710409914453,69.49664888031366,527.04
1409,35,9,-48.11465289112952,80.7124342144999,527.885
1410,35,10,-51.296144761237706,93.72021530008735,528.116
1411,35,11,-52.86074985479087,108.13608086420797,527.653
1412,35,12,-52.59892479824219,122.99090219571778,526.471
1413,35,13,-50.546056801681495,137.09382215244676,524.606
1414,35,14,-46.96121835542196,149.62298456213475,522.149
1415,35,15,-42.19541629600513,160.35132661601386,519.242
1416,35,16,-36.57512000537927,169.45797685525685,516.067
1417,35,17,-30.35659135101408,177.27156300158967,512.83
1418,35,18,-23.727317318079134,-175.8759641088593,509.744
1419,35,19,-16.822979614436722,-169.69872736312144,507.01
1420,35,20,-9.74455148790809,-163.96011170550344,504.799
1421,35,21,-2.571785428893476,-158.46037508391748,503.24
1422,35,22,4.626481995161027,-153.0208670704327,502.407
1423,35,23,11.784046827847543,-147.4682238035358,502.316
1424,35,24,18.8294774567222,-141.61880881720185,502.921
1425,35,25,25.67738242989467,-135.26266209634468,504.126
1426,35,26,32.217100729979705,-128.14809117004927,505.789
1427,35,27,38.29807278955542,-119.97148046933025,507.739
1428,35,28,43.7115714426808,-110.39013891296055,509.795
1429,35,29,48.17587870684952,-99.09547172404983,511.779
1430,35,30,51.34501134965456,-85.99881621698216,513.54
1431,35,31,52.876414893652296,-71.50372045848941,514.96
1432,35,32,52.56547053168746,-56.60406918036221,515.97
1433,35,33,50.4581590972526,-42.50044229905414,516.552
1434,35,34,46.823979364428894,-30.00294464635833,516.74
1435,35,35,42.019815547538684,-19.31990211460204,516.616
1436,35,36,36.37390946261986,-10.259373581503217,516.293
1437,35,37,30.142116580886512,-2.487120751819525,515.908
1438,35,38,23.510790076105973,4.330059042258467,515.604
1439,35,39,16.614293429630738,10.47742139434035,515.512
1440,36,0,13.098711394007843,22.375096956767518,515.578
1441,36,1,5.984231821492591,27.94683572503647,515.986
1442,36,2,-1.1827901551517492,33.372710680937914,516.791
1443,36,3,-8.337262726413249,38.8252950915887,517.986
1444,36,4,-15.412979267841386,44.47946229030865,519.515
1445,36,5,-22.334576859516417,50.527932894718866,521.275
1446,36,6,-29.00786463146293,57.19709010976481,523.124
1447,36,7,-35.307115876533906,64.76069816266435,524.899
1448,36,8,-41.05864059168322,73.54199917098295,526.423
1449,36,9,-46.02294843894814,83.87853425331345,527.533
1450,36,10,-49.88750703738179,96.0020722187619,528.084
1451,36,11,-52.29850234269376,109.80067992721011,527.974
1452,36,12,-52.9622362205735,124.58532789518722,527.151
1453,36,13,-51.784100305732586,139.20178245485278,525.62
1454,36,14,-48.92364781718251,152.58221866155614,523.444
1455,36,15,-44.70409696682662,164.20717330816115,520.741
1456,36,16,-39.474299666523315,174.08801182944674,517.675
1457,36,17,-33.52748618262499,-177.49518339501589,514.443
1458,36,18,-27.083817417743262,-170.20116973884592,511.256
1459,36,19,-20.302585336153868,-163.7187601409919,508.322
1460,36,20,-13.300172946219247,-157.78775171483298,505.83
1461,36,21,-6.165504615177905,-152.19185969011156,503.932
1462,36,22,1.028269184732964,-146.74386858167762,502.73
1463,36,23,8.214598505335342,-141.26973150910084,502.27
1464,36,24,15.325677497417576,-135.59291540309314,502.536
1465,36,25,22.284286176657613,-129.5186642496607,503.457
1466,36,26,28.99404374367741,-122.81790716441971,504.911
1467,36,27,35.32639750056085,-115.21347507085099,506.739
1468,36,28,41.10406134966381,-106.3780106624142,508.765
1469,36,29,46.082907254577094,-95.97074897122822,510.806
1470,36,30,49.94517090944962,-83.76172435812789,512.696
1471,36,31,52.33324409990703,-69.87588147360027,514.298
1472,36,32,52.954743503054,-55.026589180223574,515.518
1473,36,33,51.72335943344366,-40.387697449134535,516.313
1474,36,34,48.809962733542235,-27.0250675455974,516.691
1475,36,35,44.54611810641881,-15.44069788304059,516.711
1476,36,36,39.2842974641919,-5.606666648137102,516.471
1477,36,37,33.31816137513161,2.7660643968623764,516.099
1478,36,38,26.866998185183085,10.021761545562228,515.738
1479,36,39,20.088824320794565,16.471713230706722,515.524
1480,37,0,9.552273978809415,34.19032189062888,515.734
1481,37,1,2.403157022909147,39.667095416225266,516.338
1482,37,2,-4.765616790535596,45.08497222060863,517.342
1483,37,3,-11.889358099565385,50.61574180668855,518.715
1484,37,4,-18.898356499407193,56.441234055454515,520.374
1485,37,5,-25.70920257369047,62.76904915163449,522.198
1486,37,6,-32.21376076747557,69.84791867913823,524.032
1487,37,7,-38.26458778714943,77.97752401798924,525.703
1488,37,8,-43.65710409914453,87.49665621139846,527.04
1489,37,9,-48.11465289112952,98.7124415455847,527.885
1490,37,10,-51.296144761237706,111.72022263117215,528.116
1491,37,11,-52.86074985479087,126.13608136510359,527.653
1492,37,12,-52.59892479824219,140.9909095268026,526.471
1493,37,13,-50.546056801681495,155.09382948353155,524.606
1494,37,14,-46.96121835542196,167.62299189321953,522.149
1495,37,15,-42.19541629600513,178.35133394709865,519.242
1496,37,16,-36.57512000537927,-172.54201217119268,516.067
1497,37,17,-30.35659135101408,-164.7284396852382,512.83
1498,37,18,-23.727317318079134,-157.87595677777452,509.744
1499,37,19,-16.822979614436722,-151.69872003203665,507.01
1500,37,20,-9.74455148790809,-145.96010437441865,504.799
1501,37,21,-2.571785428893476,-140.46036775283267,503.24
1502,37,22,4.626481995161027,-135.02085973934788,502.407
1503,37,23,11.784046827847543,-129.468216472451,502.316
1504,37,24,18.8294774567222,-123.61880148611706,502.921
1505,37,25,25.67738242989467,-117.26265476525987,504.126
1506,37,26,32.217100729979705,-110.14808383896447,505.789
1507,37,27,38.29807278955542,-101.97147996843462,507.739
1508,37,28,43.7115714426808,-92.39013158187575,509.795
1509,37,29,48.17587870684952,-81.09546439296503,511.779
1510,37,30,51.34501134965456,-67.99880888589736,513.54
1511,37,31,52.876414893652296,-53.50371654249919,514.96
1512,37,32,52.56547053168746,-38.6040618492774,515.97
1513,37,33,50.4581590972526,-24.500433260422046,516.552
1514,37,34,46.823979364428894,-12.002935607726235,516.74
1515,37,35,42.019815547538684,-1.3198948902389422,516.616
1516,37,36,36.37390946261986,7.740633749581587,516.293
1517,37,37,30.142116580886512,15.512886152378455,515.908
1518,37,38,23.510790076105973,22.330067227116917,515.604
1519,37,39,16.614293429630738,28.477428725425153,515.512
1520,38,0,13.098711394007843,40.37510258030503,515.578
1521,38,1,5.984231821492591,45.946843056121274,515.986
1522,38,2,-1.1827901551517492,51.37271801202272,516.791
1523,38,3,-8.337262726413249,56.8253024226735,517.986
1524,38,4,-15.412979267841386,62.47946962139346,519.515
1525,38,5,-22.334576859516417,68.52793681070908,521.275
1526,38,6,-29.00786463146293,75.19709744084962,523.124
1527,38,7,-35.307115876533906,82.76070549374916,524.899
1528,38,8,-41.05864059168322,91.54200650206775,526.423
1529,38,9,-46.02294843894814,101.87854158439825,527.533
1530,38,10,-49.88750703738179,114.0020795498467,528.084
1531,38,11,-52.29850234269376,127.80068042810575,527.974
1532,38,12,-52.9622362205735,142.58533522627204,527.151
1533,38,13,-51.784100305732586,157.20178978593756,525.62
1534,38,14,-48.92364781718251,170.58222599264093,523.444
1535,38,15,-44.70409696682662,-177.7928293786667,520.741
1536,38,16,-39.474299666523315,-167.91197719700278,517.675
1537,38,17,-33.52748618262499,-159.4951760639311,514.443
1538,38,18,-27.083817417743262,-152.2011624077611,511.256
1539,38,19,-20.302585336153868,-145.71875280990707,508.322
1540,38,20,-13.300172946219247,-139.78774438374816,505.83
1541,38,21,-6.165504615177905,-134.19185235902677,503.932
1542,38,22,1.028269184732964,-128.7438612505928,502.73
1543,38,23,8.214598505335342,-123.26972417801605,502.27
1544,38,24,15.325677497417576,-117.59290807200833,502.536
1545,38,25,22.284286176657613,-111.51865691857591,503.457
1546,38,26,28.99404374367741,-104.8178998333349,504.911
1547,38,27,35.32639750056085,-97.21346773976619,506.739
1548,38,28,41.10406134966381,-88.3780033313294,508.765
1549,38,29,46.082907254577094,-77.97074164014342,510.806
1550,38,30,49.94517090944962,-65.76171702704309,512.696
1551,38,31,52.33324409990703,-51.875874142515464,514.298
1552,38,32,52.954743503054,-37.026581849138765,515.518
1553,38,33,51.72335943344366,-22.38769182559702,516.313
1554,38,34,48.809962733542235,-9.025059360738947,516.691
1555,38,35,44.54611810641881,2.5593094480442127,516.711
1556,38,36,39.2842974641919,12.393340682947702,516.471
1557,38,37,33.31816137513161,20.76607172794718,516.099
1558,38,38,26.866998185183085,28.021769730420676,515.738
1559,38,39,20.088824320794565,34.47171885424424,515.524
1560,39,0,9.552273978809415,52.19032922171368,515.734
1561,39,1,2.403157022909147,57.66710274731007,516.338
1562,39,2,-4.765616790535596,63.08497955169343,517.342
1563,39,3,-11.889358099565385,68.61575255286793,518.715
1564,39,4,-18.898356499407193,74.44124138653932,520.374
1565,39,5,-25.70920257369047,80.7690564827193,522.198
1566,39,6,-32.21376076747557,87.84792601022303,524.032
1567,39,7,-38.26458778714943,95.97753134907404,525.703
1568,39,8,-43.65710409914453,105.49666354248326,527.04
1569,39,9,-48.11465289112952,116.71244204648032,527.885
1570,39,10,-51.296144761237706,129.7202231320678,528.116
1571,39,11,-52.86074985479087,144.1360886961884,527.653
1572,39,12,-52.59892479824219,158.99091685788738,526.471
1573,39,13,-50.546056801681495,173.09383681461637,524.606
1574,39,14,-46.96121835542196,-174.37699713322996,522.149
1575,39,15,-42.19541629600513,-163.64865507935087,519.242
1576,39,16,-36.57512000537927,-154.5420048401079,516.067
1577,39,17,-30.35659135101408,-146.72843235415337,512.83
1578,39,18,-23.727317318079134,-139.8759494466897,509.744
1579,39,19,-16.822979614436722,-133.69871270095183,507.01
1580,39,20,-9.74455148790809,-127.96009704333385,504.799
1581,39,21,-2.571785428893476,-122.46036042174788,503.24
1582,39,22,4.626481995161027,-117.02085240826308,502.407
1583,39,23,11.784046827847543,-111.46820914136619,502.316
1584,39,24,18.8294774567222,-105.61878732484308,502.921
1585,39,25,25.67738242989467,-99.26265426436424,504.126
1586,39,26,32.217100729979705,-92.14807650787967,505.789
1587,39,27,38.29807278955542,-83.97147263734982,507.739
1588,39,28,43.7115714426808,-74.39012425079095,509.795
1589,39,29,48.17587870684952,-63.09545706188023,511.779
1590,39,30,51.34501134965456,-49.99880155481256,513.54
1591,39,31,52.876414893652296,-35.50370921141438,514.96
1592,39,32,52.56547053168746,-20.604052810645307,515.97
1593,39,33,50.4581590972526,-6.500425929337243,516.552
1594,39,34,46.823979364428894,5.997071296471745,516.74
1595,39,35,42.019815547538684,16.680112547567568,516.616
1596,39,36,36.37390946261986,25.740641934440035,516.293
1597,39,37,30.142116580886512,33.51289348346326,515.908
1598,39,38,23.510790076105973,40.33007455820172,515.604
1599,39,39,16.614293429630738,46.47743605650996,515.512
