0,0,0,37.960237972828246,-91.98370800550332,507.608
1,0,1,43.419567195284415,-82.49344702171574,509.661
2,0,2,47.94813287916461,-71.30419014226582,511.653
3,0,3,51.202574584703115,-58.30718709518864,513.43
4,0,4,52.836892004020015,-43.87107343527352,514.871
5,0,5,52.63445202721,-28.960944646959526,515.906
6,0,6,50.62582316590348,-14.782919930117098,516.513
7,0,7,47.070795080276476,-2.1809173949123295,516.724
8,0,8,42.32503962607363,8.604899420171966,516.615
9,0,9,36.72031275166081,17.751098162256614,516.302
10,0,10,30.51686173988843,25.58879146126502,515.919
11,0,11,23.904656349689343,32.45317597335744,515.609
12,0,12,17.02056674184144,38.632615455102645,515.503
13,0,13,9.96585047079015,44.36506345190011,515.708
14,0,14,2.819888208512781,49.8505830347287,516.291
15,0,15,-4.34950672525961,55.26719966921019,517.275
16,0,16,-11.477685522815792,60.78660040541663,518.63
17,0,17,-18.495441932720848,66.58958376577283,520.279
18,0,18,-25.32045381934273,72.88184089713371,522.099
19,0,19,-31.84637855239892,79.90932008132228,523.939
20,0,20,-37.92852881960646,87.96875205664057,525.626
21,0,21,-43.366138040501994,97.39774624357312,526.988
22,0,22,-47.88690706344462,108.50896821175564,527.867
23,0,23,-51.15244441128981,121.41718562981183,528.137
24,0,24,-52.81877834234114,135.77267232166952,527.716
25,0,25,-52.66479855769237,150.6353415405357,526.576
26,0,26,-50.71064387011129,164.81015606846822,524.748
27,0,27,-47.20554446731707,177.44231773084,522.321
28,0,28,-42.498936242342154,-171.72695203715674,519.434
29,0,29,-36.92062853963895,-162.53447364080336,516.268
30,0,30,-30.73118624585426,-154.6551127727633,513.027
31,0,31,-24.121699270944838,-147.755078088298,509.925
32,0,32,-17.23034917200921,-141.54546624589426,507.163
33,0,33,-10.159713437549915,-135.7870976811966,504.914
34,0,34,-2.9905127372820464,-130.2785091344463,503.312
35,0,35,4.208073998116156,-124.84021689463376,502.433
36,0,36,11.369882085824543,-119.29900736440747,502.297
37,0,37,18.42401693702273,-113.47226860611798,502.862
38,0,38,25.28614748668905,-107.15204185010589,504.033
39,0,39,31.84749528832822,-100.08935987093507,505.672
40,1,0,40.78710983632396,-78.43337767338505,508.631
41,1,1,45.82047772628687,-68.12581625351375,510.675
42,1,2,49.757467065773916,-56.02294985558835,512.577
43,1,3,52.240626734761655,-42.221183184649,514.198
44,1,4,52.96977333432261,-27.39800953465843,515.442
45,1,5,51.84373127228138,-12.713559588031764,516.262
46,1,6,49.01988176749341,0.7433010993987498,516.664
47,1,7,44.82456784340731,12.43426888400171,516.703
48,1,8,39.61198261981243,22.36348905027308,516.476
49,1,9,33.68008626906141,30.81171417616871,516.11
50,1,10,27.252277203432456,38.123353135491904,515.746
51,1,11,20.489612991101744,44.61257584704303,515.523
52,1,12,13.50920320180467,50.541497650410506,515.561
53,1,13,6.399875726357723,56.12722976874152,515.949
54,1,14,-0.7659060373437302,61.556806687173115,516.733
55,1,15,-7.922873441921282,67.00314488982792,517.91
56,1,16,-15.005095738533857,72.640564464703,519.424
57,1,17,-21.93797680271775,78.66029704818038,521.176
58,1,18,-28.628749858939493,85.2863660148473,523.027
59,1,19,-34.95394045493089,92.78952689359224,524.813
60,1,20,-40.74312683316366,101.49053219802816,526.358
61,1,21,-45.76107557107527,111.7283437260953,527.497
62,1,22,-49.6991850615862,123.74629379716451,528.085
63,1,23,-52.20399301514829,137.46023448066126,528.016
64,1,24,-52.974400787485294,152.21659863528535,527.235
65,1,25,-51.90129610660625,166.87587848104687,525.744
66,1,26,-49.13074939810105,-179.65154241788062,523.602
67,1,27,-44.98043617536158,-167.9208564429238,520.925
68,1,28,-39.80068708620154,-157.94487338649995,517.874
69,1,29,-33.888895397272464,-149.45229813477613,514.644
70,1,30,-27.469289388836685,-142.10197639908856,511.446
71,1,31,-20.704190214066863,-135.57997902480514,508.489
72,1,32,-13.71202140033997,-129.62317980434025,505.965
73,1,33,-6.582934614510997,-124.01312196728023,504.026
74,1,34,0.6092254464867516,-118.56136059442444,502.78
75,1,35,7.797800725387301,-113.09348680531657,502.274
76,1,36,14.915249722644218,-107.43354809674797,502.497
77,1,37,21.885157242318748,-101.38827060577474,503.38
78,1,38,28.612543527586347,-94.73103548592505,504.804
79,1,39,34.97119009767976,-87.18767894391459,506.614
80,2,0,37.960237972828246,-73.98370750460768,507.608
81,2,1,43.419567195284415,-64.4934465208201,509.661
82,2,2,47.94813287916461,-53.30418964137019,511.653
83,2,3,51.202574584703115,-40.30719000938759,513.43
84,2,4,52.836892004020015,-25.871072934377892,514.871
85,2,5,52.63445202721,-10.960944146063893,515.906
86,2,6,50.62582316590348,3.217080997665359,516.513
87,2,7,47.070795080276476,15.819083532870128,516.724
88,2,8,42.32503962607363,26.6048999210676,516.615
89,2,9,36.72031275166081,35.75109866315225,516.302
90,2,10,30.51686173988843,43.588791962160656,515.919
91,2,11,23.904656349689343,50.45317647425308,515.609
92,2,12,17.02056674184144,56.632615955998276,515.503
93,2,13,9.96585047079015,62.365063952795744,515.708
94,2,14,2.819888208512781,67.85058012052974,516.291
95,2,15,-4.34950672525961,73.26720017010582,517.275
96,2,16,-11.477685522815792,78.78660090631226,518.63
97,2,17,-18.495441932720848,84.58958426666845,520.279
98,2,18,-25.32045381934273,90.88184139802934,522.099
99,2,19,-31.84637855239892,97.90932058221792,523.939
100,2,20,-37.92852881960646,105.96875255753619,525.626
101,2,21,-43.366138040501994,115.39775357465793,526.988
102,2,22,-47.88690706344462,126.50896871265127,527.867
103,2,23,-51.15244441128981,139.41719296089664,528.137
104,2,24,-52.81877834234114,153.77267965275433,527.716
105,2,25,-52.66479855769237,168.63533521124216,526.576
106,2,26,-50.71064387011129,-177.1898329579813,524.748
107,2,27,-47.20554446731707,-164.55767129560954,522.321
108,2,28,-42.498936242342154,-153.72695836645028,519.434
109,2,29,-36.92062853963895,-144.5344799700969,516.268
110,2,30,-30.73118624585426,-136.6551054416785,513.027
111,2,31,-24.121699270944838,-129.7550707572132,509.925
112,2,32,-17.23034917200921,-123.5454725751878,507.163
113,2,33,-10.159713437549915,-117.7870903501118,504.914
114,2,34,-2.9905127372820464,-112.27850863355066,503.312
115,2,35,4.208073998116156,-106.84021639373813,502.433
116,2,36,11.369882085824543,-101.29901369370101,502.297
117,2,37,18.42401693702273,-95.47226810522234,502.862
118,2,38,25.28614748668905,-89.15204134921025,504.033
119,2,39,31.84749528832822,-82.08935937003943,505.672
120,3,0,40.78710983632396,-60.43337717248942,508.631
121,3,1,45.82047772628687,-50.12581575261812,510.675
122,3,2,49.757467065773916,-38.02294935469272,512.577
123,3,3,52.240626734761655,-24.22118439130066,514.198
124,3,4,52.96977333432261,-9.398009033762799,515.442
125,3,5,51.84373127228138,5.286440485977047,516.262
126,3,6,49.01988176749341,18.74330095996415,516.664
127,3,7,44.82456784340731,30.43426767735005,516.703
128,3,8,39.61198261981243,40.36348784362142,516.476
129,3,9,33.68008626906141,48.811714677064344,516.11
130,3,10,27.252277203432456,56.12335363638754,515.746
131,3,11,20.489612991101744,62.61257634793867,515.523
132,3,12,13.50920320180467,68.54150156640073,515.561
133,3,13,6.399875726357723,74.12723026963715,515.949
134,3,14,-0.7659060373437302,79.55680718806875,516.733
135,3,15,-7.922873441921282,85.00314539072356,517.91
136,3,16,-15.005095738533857,90.64056496559864,519.424
137,3,17,-21.93797680271775,96.66029754907602,521.176
138,3,18,-28.628749858939493,103.28636651574294,523.027
139,3,19,-34.95394045493089,110.78952739448788,524.813
140,3,20,-40.74312683316366,119.49053952911297,526.358
141,3,21,-45.76107557107527,129.7283510571801,527.497
142,3,22,-49.6991850615862,141.7463011282493,528.085
143,3,23,-52.20399301514829,155.46022815136772,528.016
144,3,24,-52.974400787485294,170.21660596637014,527.235
145,3,25,-51.90129610660625,-175.124124205781,525.744
146,3,26,-49.13074939810105,-161.65153508679583,523.602
147,3,27,-44.98043617536158,-149.920849111839,520.925
148,3,28,-39.80068708620154,-139.9448797157935,517.874
149,3,29,-33.888895397272464,-131.4522908036913,514.644
150,3,30,-27.469289388836685,-124.1019827283821,511.446
151,3,31,-20.704190214066863,-117.57998535409867,508.489
152,3,32,-13.71202140033997,-111.62317247325545,505.965
153,3,33,-6.582934614510997,-106.01311463619543,504.026
154,3,34,0.6092254464867516,-100.56136692371797,502.78
155,3,35,7.797800725387301,-95.09348630442095,502.274
156,3,36,14.915249722644218,-89.43354759585233,502.497
157,3,37,21.885157242318748,-83.3882701048791,503.38
158,3,38,28.612543527586347,-76.73103498502941,504.804
159,3,39,34.97119009767976,-69.18767844301895,506.614
160,4,0,37.960237972828246,-55.98370700371204,507.608
161,4,1,43.419567195284415,-46.49344260482988,509.661
162,4,2,47.94813287916461,-35.304189140474556,511.653
163,4,3,51.202574584703115,-22.30718950849196,513.43
164,4,4,52.836892004020015,-7.871072433482259,514.871
165,4,5,52.63445202721,7.039056354831741,515.906
166,4,6,50.62582316590348,21.21708107167417,516.513
167,4,7,47.070795080276476,33.81908403376576,516.724
168,4,8,42.32503962607363,44.60489871441594,516.615
169,4,9,36.72031275166081,53.75109916404788,516.302
170,4,10,30.51686173988843,61.588792463056286,515.919
171,4,11,23.904656349689343,68.45318039024329,515.609
172,4,12,17.02056674184144,74.63261645689391,515.503
173,4,13,9.96585047079015,80.36506445369137,515.708
174,4,14,2.819888208512781,85.85058062142538,516.291
175,4,15,-4.34950672525961,91.26720067100146,517.275
176,4,16,-11.477685522815792,96.7866014072079,518.63
177,4,17,-18.495441932720848,102.58958476756409,520.279
178,4,18,-25.32045381934273,108.88184189892497,522.099
179,4,19,-31.84637855239892,115.90932108311354,523.939
180,4,20,-37.92852881960646,123.96875305843183,525.626
181,4,21,-43.366138040501994,133.3977472453644,526.988
182,4,22,-47.88690706344462,144.50897604373608,527.867
183,4,23,-51.15244441128981,157.4171866316031,528.137
184,4,24,-52.81877834234114,171.7726733234608,527.716
185,4,25,-52.66479855769237,-173.36466747558572,526.576
186,4,26,-50.71064387011129,-159.18983928727485,524.748
187,4,27,-47.20554446731707,-146.55767762490305,522.321
188,4,28,-42.498936242342154,-135.72695103536546,519.434
189,4,29,-36.92062853963895,-126.53447263901211,516.268
190,4,30,-30.73118624585426,-118.65511177097203,513.027
191,4,31,-24.121699270944838,-111.75507708650673,509.925
192,4,32,-17.23034917200921,-105.54547207429216,507.163
193,4,33,-10.159713437549915,-99.78709667940532,504.914
194,4,34,-2.9905127372820464,-94.27850813265502,503.312
195,4,35,4.208073998116156,-88.8402158928425,502.433
196,4,36,11.369882085824543,-83.29901319280538,502.297
197,4,37,18.42401693702273,-77.4722676043267,502.862
198,4,38,25.28614748668905,-71.15204084831463,504.033
199,4,39,31.84749528832822,-64.08935886914381,505.672
200,5,0,40.78710983632396,-42.433376671593784,508.631
201,5,1,45.82047772628687,-32.125815251722486,510.675
202,5,2,49.757467065773916,-20.02294714624979,512.577
203,5,3,52.240626734761655,-6.221183463518203,514.198
204,5,4,52.96977333432261,8.601991467132834,515.442
205,5,5,51.84373127228138,23.286440559985856,516.262
206,5,6,49.01988176749341,36.743303168407074,516.664
207,5,7,44.82456784340731,48.43426817824569,516.703
208,5,8,39.61198261981243,58.36348834451706,516.476
209,5,9,33.68008626906141,66.81171517795998,516.11
210,5,10,27.252277203432456,74.12335755237775,515.746
211,5,11,20.489612991101744,80.61257684883431,515.523
212,5,12,13.50920320180467,86.54150206729636,515.561
213,5,13,6.399875726357723,92.12723077053279,515.949
214,5,14,-0.7659060373437302,97.55680768896438,516.733
215,5,15,-7.922873441921282,103.0031458916192,517.91
216,5,16,-15.005095738533857,108.64056546649428,519.424
217,5,17,-21.93797680271775,114.66029804997166,521.176
218,5,18,-28.628749858939493,121.2863601864494,523.027
219,5,19,-34.95394045493089,128.78952789538351,524.813
220,5,20,-40.74312683316366,137.49053319981942,526.358
221,5,21,-45.76107557107527,147.72834472788657,527.497
222,5,22,-49.6991850615862,159.74629479895577,528.085
223,5,23,-52.20399301514829,173.46023548245253,528.016
224,5,24,-52.974400787485294,-171.78339672045772,527.235
225,5,25,-51.90129610660625,-157.12413053507453,525.744
226,5,26,-49.13074939810105,-143.65154141608934,523.602
227,5,27,-44.98043617536158,-131.92085544113255,520.925
228,5,28,-39.80068708620154,-121.94487238470867,517.874
229,5,29,-33.888895397272464,-113.45229030279569,514.644
230,5,30,-27.469289388836685,-106.1019753972973,511.446
231,5,31,-20.704190214066863,-99.57997802301387,508.489
232,5,32,-13.71202140033997,-93.62317197235981,505.965
233,5,33,-6.582934614510997,-88.0131141352998,504.026
234,5,34,0.6092254464867516,-82.56136642282235,502.78
235,5,35,7.797800725387301,-77.09348580352531,502.274
236,5,36,14.915249722644218,-71.4335470949567,502.497
237,5,37,21.885157242318748,-65.38826960398347,503.38
238,5,38,28.612543527586347,-58.73103448413378,504.804
239,5,39,34.97119009767976,-51.187681357217905,506.614
240,6,0,37.960237972828246,-37.98370650281641,507.608
241,6,1,43.419567195284415,-28.49344210393425,509.661
242,6,2,47.94813287916461,-17.304188639578925,511.653
243,6,3,51.202574584703115,-4.307188580709503,513.43
244,6,4,52.836892004020015,10.128928067413375,514.871
245,6,5,52.63445202721,25.039056855727374,515.906
246,6,6,50.62582316590348,39.2170815725698,516.513
247,6,7,47.070795080276476,51.81908453466139,516.724
248,6,8,42.32503962607363,62.604899215311576,516.615
249,6,9,36.72031275166081,71.75110308003809,516.302
250,6,10,30.51686173988843,79.58879296395192,515.919
251,6,11,23.904656349689343,86.45318089113893,515.609
252,6,12,17.02056674184144,92.63261695778954,515.503
253,6,13,9.96585047079015,98.36506495458701,515.708
254,6,14,2.819888208512781,103.85058112232102,516.291
255,6,15,-4.34950672525961,109.2672011718971,517.275
256,6,16,-11.477685522815792,114.78660190810353,518.63
257,6,17,-18.495441932720848,120.58958526845973,520.279
258,6,18,-25.32045381934273,126.88184239982061,522.099
259,6,19,-31.84637855239892,133.90932841419834,523.939
260,6,20,-37.92852881960646,141.96876038951663,525.626
261,6,21,-43.366138040501994,151.3977545764492,526.988
262,6,22,-47.88690706344462,162.50896971444254,527.867
263,6,23,-51.15244441128981,175.4171939626879,528.137
264,6,24,-52.81877834234114,-170.22731570298873,527.716
265,6,25,-52.66479855769237,-155.3646601445009,526.576
266,6,26,-50.71064387011129,-141.18983195619003,524.748
267,6,27,-47.20554446731707,-128.55767029381826,522.321
268,6,28,-42.498936242342154,-117.726957364659,519.434
269,6,29,-36.92062853963895,-108.53447896830563,516.268
270,6,30,-30.73118624585426,-100.6551112700764,513.027
271,6,31,-24.121699270944838,-93.75507658561109,509.925
272,6,32,-17.23034917200921,-87.54547157339654,507.163
273,6,33,-10.159713437549915,-81.7870961785097,504.914
274,6,34,-2.9905127372820464,-76.2785076317594,503.312
275,6,35,4.208073998116156,-70.84021539194686,502.433
276,6,36,11.369882085824543,-65.29901269190974,502.297
277,6,37,18.42401693702273,-59.47226710343108,502.862
278,6,38,25.28614748668905,-53.1520369323244,504.033
279,6,39,31.84749528832822,-46.08935836824817,505.672
280,7,0,40.78710983632396,-24.433377878245444,508.631
281,7,1,45.82047772628687,-14.12581731214779,510.675
282,7,2,49.757467065773916,-2.0229507007789786,512.577
283,7,3,52.240626734761655,11.778813195396022,514.198
284,7,4,52.96977333432261,26.601988552933882,515.442
285,7,5,51.84373127228138,41.286437645786904,516.262
286,7,6,49.01988176749341,54.74330025420812,516.664
287,7,7,44.82456784340731,66.43426526404673,516.703
288,7,8,39.61198261981243,76.36348884541269,516.476
289,7,9,33.68008626906141,84.81170884866644,516.11
290,7,10,27.252277203432456,92.12335122308421,515.746
291,7,11,20.489612991101744,98.61257051954077,515.523
292,7,12,13.50920320180467,104.54149573800282,515.561
293,7,13,6.399875726357723,110.12722444123925,515.949
294,7,14,-0.7659060373437302,115.55680135967084,516.733
295,7,15,-7.922873441921282,121.00313956232566,517.91
296,7,16,-15.005095738533857,126.64055913720074,519.424
297,7,17,-21.93797680271775,132.66029172067812,521.176
298,7,18,-28.628749858939493,139.28636751753422,523.027
299,7,19,-34.95394045493089,146.78952156608997,524.813
300,7,20,-40.74312683316366,155.4905268705259,526.358
301,7,21,-45.76107557107527,165.72833839859302,527.497
302,7,22,-49.6991850615862,177.7463021300406,528.085
303,7,23,-52.20399301514829,-168.53976720437535,528.016
304,7,24,-52.974400787485294,-153.78340304975126,527.235
305,7,25,-51.90129610660625,-139.1241232039897,525.744
306,7,26,-49.13074939810105,-125.6515477453829,523.602
307,7,27,-44.98043617536158,-113.92085494023691,520.925
308,7,28,-39.80068708620154,-103.94487871400221,517.874
309,7,29,-33.888895397272464,-95.45229663208923,514.644
310,7,30,-27.469289388836685,-88.10198172659084,511.446
311,7,31,-20.704190214066863,-81.57998435230739,508.489
312,7,32,-13.71202140033997,-75.62317830165335,505.965
313,7,33,-6.582934614510997,-70.01312046459333,504.026
314,7,34,0.6092254464867516,-64.56136592192671,502.78
315,7,35,7.797800725387301,-59.09349213281885,502.274
316,7,36,14.915249722644218,-53.43354659406106,502.497
317,7,37,21.885157242318748,-47.388269103087836,503.38
318,7,38,28.612543527586347,-40.73103739833273,504.804
319,7,39,34.97119009767976,-33.187684271416856,506.614
320,8,0,37.960237972828246,-19.983706001920776,507.608
321,8,1,43.419567195284415,-10.493441603038615,509.661
322,8,2,47.94813287916461,0.6958113277081801,511.653
323,8,3,51.202574584703115,13.692811493299308,513.43
324,8,4,52.836892004020015,28.128928568309007,514.871
325,8,5,52.63445202721,43.039057356623005,515.906
326,8,6,50.62582316590348,57.217082073465434,516.513
327,8,7,47.070795080276476,69.81908162046244,516.724
328,8,8,42.32503962607363,80.60489971620721,516.615
329,8,9,36.72031275166081,89.75110358093373,516.302
330,8,10,30.51686173988843,97.58879346484756,515.919
331,8,11,23.904656349689343,104.45318139203457,515.609
332,8,12,17.02056674184144,110.63261745868517,515.503
333,8,13,9.96585047079015,116.36507228567181,515.708
334,8,14,2.819888208512781,121.85058845340582,516.291
335,8,15,-4.34950672525961,127.26720167279272,517.275
336,8,16,-11.477685522815792,132.78659557881,518.63
337,8,17,-18.495441932720848,138.58959259954452,520.279
338,8,18,-25.32045381934273,144.88183607052707,522.099
339,8,19,-31.84637855239892,151.9093220849048,523.939
340,8,20,-37.92852881960646,159.9687540602231,525.626
341,8,21,-43.366138040501994,169.39774824715565,526.988
342,8,22,-47.88690706344462,-179.4910329723853,527.867
343,8,23,-51.15244441128981,-166.58280872413997,528.137
344,8,24,-52.81877834234114,-152.22732203228227,527.716
345,8,25,-52.66479855769237,-137.36466647379444,526.576
346,8,26,-50.71064387011129,-123.18983828548357,524.748
347,8,27,-47.20554446731707,-110.55767662311179,522.321
348,8,28,-42.498936242342154,-99.72695686376336,519.434
349,8,29,-36.92062853963895,-90.53447846741001,516.268
350,8,30,-30.73118624585426,-82.65511076918077,513.027
351,8,31,-24.121699270944838,-75.75507608471547,509.925
352,8,32,-17.23034917200921,-69.5454710725009,507.163
353,8,33,-10.159713437549915,-63.78709567761406,504.914
354,8,34,-2.9905127372820464,-58.27850713086376,503.312
355,8,35,4.208073998116156,-52.84021830614581,502.433
356,8,36,11.369882085824543,-47.29901219101411,502.297
357,8,37,18.42401693702273,-41.47226660253544,502.862
358,8,38,25.28614748668905,-35.15203643142877,504.033
359,8,39,31.84749528832822,-28.089356159805245,505.672
360,9,0,40.78710983632396,-6.433377377349813,508.631
361,9,1,45.82047772628687,3.874183188747844,510.675
362,9,2,49.757467065773916,15.97705044044689,512.577
363,9,3,52.240626734761655,29.778815403838948,514.198
364,9,4,52.96977333432261,44.60198905382951,515.442
365,9,5,51.84373127228138,59.28643814668254,516.262
366,9,6,49.01988176749341,72.74329734000916,516.664
367,9,7,44.82456784340731,84.43426576494237,516.703
368,9,8,39.61198261981243,94.36348934630833,516.476
369,9,9,33.68008626906141,102.81170934956208,516.11
370,9,10,27.252277203432456,110.12335172397985,515.746
371,9,11,20.489612991101744,116.6125710204364,515.523
372,9,12,13.50920320180467,122.54150306908763,515.561
373,9,13,6.399875726357723,128.12723177232405,515.949
374,9,14,-0.7659060373437302,133.55680869075564,516.733
375,9,15,-7.922873441921282,139.00314689341045,517.91
376,9,16,-15.005095738533857,144.64056646828556,519.424
377,9,17,-21.93797680271775,150.66029905176293,521.176
378,9,18,-28.628749858939493,157.28636118824068,523.027
379,9,19,-34.95394045493089,164.7895288971748,524.813
380,9,20,-40.74312683316366,173.4905342016107,526.358
381,9,21,-45.76107557107527,-176.2716506278565,527.497
382,9,22,-49.6991850615862,-164.25370055678727,528.085
383,9,23,-52.20399301514829,-150.53977353366886,528.016
384,9,24,-52.974400787485294,-135.78339571866644,527.235
385,9,25,-51.90129610660625,-121.12412953328327,525.744
386,9,26,-49.13074939810105,-107.65154041429808,523.602
387,9,27,-44.98043617536158,-95.92085443934127,520.925
388,9,28,-39.80068708620154,-85.94487821310658,517.874
389,9,29,-33.888895397272464,-77.45229613119359,514.644
390,9,30,-27.469289388836685,-70.1019812256952,511.446
391,9,31,-20.704190214066863,-63.57998385141176,508.489
392,9,32,-13.71202140033997,-57.623177800757716,505.965
393,9,33,-6.582934614510997,-52.013119963697704,504.026
394,9,34,0.6092254464867516,-46.56136542103107,502.78
395,9,35,7.797800725387301,-41.093491631923214,502.274
396,9,36,14.915249722644218,-35.43354609316543,502.497
397,9,37,21.885157242318748,-29.388268602192202,503.38
398,9,38,28.612543527586347,-22.73103860498439,504.804
399,9,39,34.97119009767976,-15.18768206297393,506.614
400,10,0,37.960237972828246,-1.9837057144685548,507.608
401,10,1,43.419567195284415,7.506558897857019,509.661
402,10,2,47.94813287916461,18.695812362212344,511.653
403,10,3,51.202574584703115,31.69281199419494,513.43
404,10,4,52.836892004020015,46.12892906920464,514.871
405,10,5,52.63445202721,61.03905785751864,515.906
406,10,6,50.62582316590348,75.21708257436107,516.513
407,10,7,47.070795080276476,87.81908212135808,516.724
408,10,8,42.32503962607363,98.60490021710284,516.615
409,10,9,36.72031275166081,107.75110408182937,516.302
410,10,10,30.51686173988843,115.58879396574319,515.919
411,10,11,23.904656349689343,122.45317506274102,515.609
412,10,12,17.02056674184144,128.63261112939165,515.503
413,10,13,9.96585047079015,134.3650659563783,515.708
414,10,14,2.819888208512781,139.8505821241123,516.291
415,10,15,-4.34950672525961,145.26720900387753,517.275
416,10,16,-11.477685522815792,150.7866029098948,518.63
417,10,17,-18.495441932720848,156.58958627025098,520.279
418,10,18,-25.32045381934273,162.8818434016119,522.099
419,10,19,-31.84637855239892,169.90932941598962,523.939
420,10,20,-37.92852881960646,177.9687613913079,525.626
421,10,21,-43.366138040501994,-172.6022544396722,526.988
422,10,22,-47.88690706344462,-161.49102564130052,527.867
423,10,23,-51.15244441128981,-148.58280139305515,528.137
424,10,24,-52.81877834234114,-134.22731470119746,527.716
425,10,25,-52.66479855769237,-119.36465914270964,526.576
426,10,26,-50.71064387011129,-105.18983778458795,524.748
427,10,27,-47.20554446731707,-92.55767612221617,522.321
428,10,28,-42.498936242342154,-81.72695636286774,519.434
429,10,29,-36.92062853963895,-72.53447796651437,516.268
430,10,30,-30.73118624585426,-64.65511026828513,513.027
431,10,31,-24.121699270944838,-57.75507558381983,509.925
432,10,32,-17.23034917200921,-51.545470571605264,507.163
433,10,33,-10.159713437549915,-45.78709517671843,504.914
434,10,34,-2.9905127372820464,-40.27850662996813,503.312
435,10,35,4.208073998116156,-34.84021780525018,502.433
436,10,36,11.369882085824543,-29.299011690118476,502.297
437,10,37,18.42401693702273,-23.47226610163981,502.862
438,10,38,25.28614748668905,-17.152035930533135,504.033
439,10,39,31.84749528832822,-10.089355658909613,505.672
440,11,0,40.78710983632396,11.56662312354582,508.631
441,11,1,45.82047772628687,21.87418283586983,510.675
442,11,2,49.757467065773916,33.97704923379523,512.577
443,11,3,52.240626734761655,47.77881590473458,514.198
444,11,4,52.96977333432261,62.60198955472515,515.442
445,11,5,51.84373127228138,77.28643864757817,516.262
446,11,6,49.01988176749341,90.7432978409048,516.664
447,11,7,44.82456784340731,102.434266265838,516.703
448,11,8,39.61198261981243,112.36348984720395,516.476
449,11,9,33.68008626906141,120.81171668064688,516.11
450,11,10,27.252277203432456,128.12335222487548,515.746
451,11,11,20.489612991101744,134.6125783515212,515.523
452,11,12,13.50920320180467,140.5414967397941,515.561
453,11,13,6.399875726357723,146.1272254430305,515.949
454,11,14,-0.7659060373437302,151.5568023614621,516.733
455,11,15,-7.922873441921282,157.00314056411693,517.91
456,11,16,-15.005095738533857,162.64056013899202,519.424
457,11,17,-21.93797680271775,168.6602927224694,521.176
458,11,18,-28.628749858939493,175.28636851932546,523.027
459,11,19,-34.95394045493089,-177.2104737896531,524.813
460,11,20,-40.74312683316366,-168.50946848521716,526.358
461,11,21,-45.76107557107527,-158.27165695715004,527.497
462,11,22,-49.6991850615862,-146.2537068860808,528.085
463,11,23,-52.20399301514829,-132.53976620258408,528.016
464,11,24,-52.974400787485294,-117.78340204795998,527.235
465,11,25,-51.90129610660625,-103.12412903238763,525.744
466,11,26,-49.13074939810105,-89.65153991340246,523.602
467,11,27,-44.98043617536158,-77.92085393844563,520.925
468,11,28,-39.80068708620154,-67.94487771221094,517.874
469,11,29,-33.888895397272464,-59.45229563029796,514.644
470,11,30,-27.469289388836685,-52.101977309704985,511.446
471,11,31,-20.704190214066863,-45.57998335051613,508.489
472,11,32,-13.71202140033997,-39.62317729986208,505.965
473,11,33,-6.582934614510997,-34.01311946280207,504.026
474,11,34,0.6092254464867516,-28.56136492013544,502.78
475,11,35,7.797800725387301,-23.093491131027584,502.274
476,11,36,14.915249722644218,-17.43354729981709,502.497
477,11,37,21.885157242318748,-11.38826810129657,503.38
478,11,38,28.612543527586347,-4.731037677201937,504.804
479,11,39,34.97119009767976,2.8123180110348796,506.614
480,12,0,37.960237972828246,16.01629499987049,507.608
481,12,1,43.419567195284415,25.506559398752653,509.661
482,12,2,47.94813287916461,36.695812863107975,511.653
483,12,3,51.202574584703115,49.69281249509057,513.43
484,12,4,52.836892004020015,64.12892615500569,514.871
485,12,5,52.63445202721,79.03905835841428,515.906
486,12,6,50.62582316590348,93.2170830752567,516.513
487,12,7,47.070795080276476,105.8190826222537,516.724
488,12,8,42.32503962607363,116.60490754818764,516.615
489,12,9,36.72031275166081,125.751104582725,516.302
490,12,10,30.51686173988843,133.58878763644964,515.919
491,12,11,23.904656349689343,140.4531823938258,515.609
492,12,12,17.02056674184144,146.63261846047644,515.503
493,12,13,9.96585047079015,152.36507328746308,515.708
494,12,14,2.819888208512781,157.85058945519708,516.291
495,12,15,-4.34950672525961,163.26720267458398,517.275
496,12,16,-11.477685522815792,168.78659658060127,518.63
497,12,17,-18.495441932720848,174.5895936013358,520.279
498,12,18,-25.32045381934273,-179.118159285216,522.099
499,12,19,-31.84637855239892,-172.09067327083824,523.939
500,12,20,-37.92852881960646,-164.03124129551998,525.626
501,12,21,-43.366138040501994,-154.6022471085874,526.988
502,12,22,-47.88690706344462,-143.49103197059407,527.867
503,12,23,-51.15244441128981,-130.5828077223487,528.137
504,12,24,-52.81877834234114,-116.227321030491,527.716
505,12,25,-52.66479855769237,-101.364658641814,526.576
506,12,26,-50.71064387011129,-87.18983728369231,524.748
507,12,27,-47.20554446731707,-74.55767562132053,522.321
508,12,28,-42.498936242342154,-63.7269558619721,519.434
509,12,29,-36.92062853963895,-54.534477465618735,516.268
510,12,30,-30.73118624585426,-46.6551097673895,513.027
511,12,31,-24.121699270944838,-39.75507508292419,509.925
512,12,32,-17.23034917200921,-33.545470070709634,507.163
513,12,33,-10.159713437549915,-27.787092968275502,504.914
514,12,34,-2.9905127372820464,-22.2785044215252,503.312
515,12,35,4.208073998116156,-16.84021559680725,502.433
516,12,36,11.369882085824543,-11.29900948167555,502.297
517,12,37,18.42401693702273,-5.472265600744176,502.862
518,12,38,25.28614748668905,0.8479642501973806,504.033
519,12,39,31.84749528832822,7.910644841986021,505.672
520,13,0,40.78710983632396,29.56662874708333,508.631
521,13,1,45.82047772628687,39.874190166954634,510.675
522,13,2,49.757467065773916,51.97705656488004,512.577
523,13,3,52.240626734761655,65.7788198207248,514.198
524,13,4,52.96977333432261,80.60199688580995,515.442
525,13,5,51.84373127228138,95.28644597866298,516.262
526,13,6,49.01988176749341,108.7433051719896,516.664
527,13,7,44.82456784340731,120.43428042711197,516.703
528,13,8,39.61198261981243,130.3634903480996,516.476
529,13,9,33.68008626906141,138.81172401173168,516.11
530,13,10,27.252277203432456,146.1233595559603,515.746
531,13,11,20.489612991101744,152.612585682606,515.523
532,13,12,13.50920320180467,158.5415040708789,515.561
533,13,13,6.399875726357723,164.12723277411533,515.949
534,13,14,-0.7659060373437302,169.55680969254692,516.733
535,13,15,-7.922873441921282,175.00314789520172,517.91
536,13,16,-15.005095738533857,-179.3594288874575,519.424
537,13,17,-21.93797680271775,-173.33969630398013,521.176
538,13,18,-28.628749858939493,-166.7136341675024,523.027
539,13,19,-34.95394045493089,-159.21046645856828,524.813
540,13,20,-40.74312683316366,-150.50946115413237,526.358
541,13,21,-45.76107557107527,-140.27164962606523,527.497
542,13,22,-49.6991850615862,-128.25369955499602,528.085
543,13,23,-52.20399301514829,-114.53975887149927,528.016
544,13,24,-52.974400787485294,-99.78338788668601,527.235
545,13,25,-51.90129610660625,-85.12412170130283,525.744
546,13,26,-49.13074939810105,-71.65153258231766,523.602
547,13,27,-44.98043617536158,-59.920846607360836,520.925
548,13,28,-39.80068708620154,-49.94487038112614,517.874
549,13,29,-33.888895397272464,-41.45228488411857,514.644
550,13,30,-27.469289388836685,-34.101969978620176,511.446
551,13,31,-20.704190214066863,-27.579976019431328,508.489
552,13,32,-13.71202140033997,-21.623168261229985,505.965
553,13,33,-6.582934614510997,-16.013110424169973,504.026
554,13,34,0.6092254464867516,-10.561357589050637,502.78
555,13,35,7.797800725387301,-5.093483373055956,502.274
556,13,36,14.915249722644218,0.5664605648762439,502.497
557,13,37,21.885157242318748,6.61173880290141,503.38
558,13,38,28.612543527586347,13.268969226996044,504.804
559,13,39,34.97119009767976,20.812325769006506,506.614
560,14,0,37.960237972828246,34.016288670576955,507.608
561,14,1,43.419567195284415,43.506553069459116,509.661
562,14,2,47.94813287916461,54.69580653381444,511.653
563,14,3,51.202574584703115,67.69280958089162,513.43
564,14,4,52.836892004020015,82.12891982571216,514.871
565,14,5,52.63445202721,97.03905202912074,515.906
566,14,6,50.62582316590348,111.21707674596317,516.513
567,14,7,47.070795080276476,123.81907629296018,516.724
568,14,8,42.32503962607363,134.6049012188941,516.615
569,14,9,36.72031275166081,143.75109825343145,516.302
570,14,10,30.51686173988843,151.58878130715613,515.919
571,14,11,23.904656349689343,158.4531760645323,515.609
572,14,12,17.02056674184144,164.6326121311829,515.503
573,14,13,9.96585047079015,170.36506695816954,515.708
574,14,14,2.819888208512781,175.85058312590354,516.291
575,14,15,-4.34950672525961,-178.73280001224387,517.275
576,14,16,-11.477685522815792,-173.2134061062266,518.63
577,14,17,-18.495441932720848,-167.41042274587042,520.279
578,14,18,-25.32045381934273,-161.11816561450954,522.099
579,14,19,-31.84637855239892,-154.09067960013178,523.939
580,14,20,-37.92852881960646,-146.0312476248135,525.626
581,14,21,-43.366138040501994,-136.60225343788093,526.988
582,14,22,-47.88690706344462,-125.49103829988759,527.867
583,14,23,-51.15244441128981,-112.58281405164223,528.137
584,14,24,-52.81877834234114,-98.22732735978454,527.716
585,14,25,-52.66479855769237,-83.36466497110754,526.576
586,14,26,-50.71064387011129,-69.18984361298585,524.748
587,14,27,-47.20554446731707,-56.55767853551948,522.321
588,14,28,-42.498936242342154,-45.726962191265635,519.434
589,14,29,-36.92062853963895,-36.534483794912276,516.268
590,14,30,-30.73118624585426,-28.655116096683034,513.027
591,14,31,-24.121699270944838,-21.755081412217734,509.925
592,14,32,-17.23034917200921,-15.54547640000317,507.163
593,14,33,-10.159713437549915,-9.787100151342685,504.914
594,14,34,-2.9905127372820464,-4.278511177705558,503.312
595,14,35,4.208073998116156,1.159777433568978,502.433
596,14,36,11.369882085824543,6.700983762144089,502.297
597,14,37,18.42401693702273,12.527728069962288,502.862
598,14,38,25.28614748668905,18.847958241068962,504.033
599,14,39,31.84749528832822,25.910638512692483,505.672
600,15,0,40.78710983632396,47.566622417789794,508.631
601,15,1,45.82047772628687,57.87418725275568,510.675
602,15,2,49.757467065773916,69.9770502355865,512.577
603,15,3,52.240626734761655,83.77881349143126,514.198
604,15,4,52.96977333432261,98.60199055651641,515.442
605,15,5,51.84373127228138,113.28643964936944,516.262
606,15,6,49.01988176749341,126.74329884269608,516.664
607,15,7,44.82456784340731,138.43427409781845,516.703
608,15,8,39.61198261981243,148.36348401880605,516.476
609,15,9,33.68008626906141,156.81171768243814,516.11
610,15,10,27.252277203432456,164.12335322666675,515.746
611,15,11,20.489612991101744,170.61257935331247,515.523
612,15,12,13.50920320180467,176.54149774158535,515.561
613,15,13,6.399875726357723,-177.87276991271256,515.949
614,15,14,-0.7659060373437302,-172.44319299428093,516.733
615,15,15,-7.922873441921282,-166.99685479162613,517.91
616,15,16,-15.005095738533857,-161.35943521675105,519.424
617,15,17,-21.93797680271775,-155.33970263327367,521.176
618,15,18,-28.628749858939493,-148.71364049679593,523.027
619,15,19,-34.95394045493089,-141.21047278786182,524.813
620,15,20,-40.74312683316366,-132.5094674834259,526.358
621,15,21,-45.76107557107527,-122.27165595535877,527.497
622,15,22,-49.6991850615862,-110.25369905410038,528.085
623,15,23,-52.20399301514829,-96.5397652007928,528.016
624,15,24,-52.974400787485294,-81.78339421597954,527.235
625,15,25,-51.90129610660625,-67.12412803059637,525.744
626,15,26,-49.13074939810105,-53.65153891161119,523.602
627,15,27,-44.98043617536158,-41.92085293665437,520.925
628,15,28,-39.80068708620154,-31.944876710419678,517.874
629,15,29,-33.888895397272464,-23.4522929209594,514.644
630,15,30,-27.469289388836685,-16.101976307913716,511.446
631,15,31,-20.704190214066863,-9.579981494951218,508.489
632,15,32,-13.71202140033997,-3.6231754442971678,505.965
633,15,33,-6.582934614510997,1.9868832465364916,504.026
634,15,34,0.6092254464867516,7.438636081655827,502.78
635,15,35,7.797800725387301,12.906509870763685,502.274
636,15,36,14.915249722644218,18.56645370197418,502.497
637,15,37,21.885157242318748,24.611732900494697,503.38
638,15,38,28.612543527586347,31.2689646052498,504.804
639,15,39,34.97119009767976,38.812317732165674,506.614
640,16,0,37.960237972828246,52.01629600166176,507.608
641,16,1,43.419567195284415,61.506556985449336,509.661
642,16,2,47.94813287916461,72.69581386489924,511.653
643,16,3,51.202574584703115,85.69281691197642,513.43
644,16,4,52.836892004020015,100.12892715679696,514.871
645,16,5,52.63445202721,115.03905936020554,515.906
646,16,6,50.62582316590348,129.21708407704796,516.513
647,16,7,47.070795080276476,141.81908362404496,516.724
648,16,8,42.32503962607363,152.60490854997892,516.615
649,16,9,36.72031275166081,161.75110558451627,516.302
650,16,10,30.51686173988843,169.5887886382409,515.919
651,16,11,23.904656349689343,176.4531833956171,515.609
652,16,12,17.02056674184144,-177.36737689526663,515.503
653,16,13,9.96585047079015,-171.63493572865832,515.708
654,16,14,2.819888208512781,-166.14941956092431,516.291
655,16,15,-4.34950672525961,-160.73279268115905,517.275
656,16,16,-11.477685522815792,-155.2133987751418,518.63
657,16,17,-18.495441932720848,-149.4104154147856,520.279
658,16,18,-25.32045381934273,-143.11815828342472,522.099
659,16,19,-31.84637855239892,-136.090672269047,523.939
660,16,20,-37.92852881960646,-128.0312402937287,525.626
661,16,21,-43.366138040501994,-118.60224610679613,526.988
662,16,22,-47.88690706344462,-107.49102413861362,527.867
663,16,23,-51.15244441128981,-94.58280672055743,528.137
664,16,24,-52.81877834234114,-80.22732002869974,527.716
665,16,25,-52.66479855769237,-65.36465764002274,526.576
666,16,26,-50.71064387011129,-51.18983286680646,524.748
667,16,27,-47.20554446731707,-38.557671204434676,522.321
668,16,28,-42.498936242342154,-27.72695315263354,519.434
669,16,29,-36.92062853963895,-18.53447475628018,516.268
670,16,30,-30.73118624585426,-10.655107911824585,513.027
671,16,31,-24.121699270944838,-3.755073654246107,509.925
672,16,32,-17.23034917200921,2.454531571411867,507.163
673,16,33,-10.159713437549915,8.21290717974212,504.914
674,16,34,-2.9905127372820464,13.721495726492423,503.312
675,16,35,4.208073998116156,19.159785404984017,502.433
676,16,36,11.369882085824543,24.700991520115714,502.297
677,16,37,18.42401693702273,30.527735401047092,502.862
678,16,38,25.28614748668905,36.84796557215377,504.033
679,16,39,31.84749528832822,43.91064413623,505.672
680,17,0,40.78710983632396,65.56661950359084,508.631
681,17,1,45.82047772628687,75.87418092346215,510.675
682,17,2,49.757467065773916,87.97704390629296,512.577
683,17,3,52.240626734761655,101.77880716213772,514.198
684,17,4,52.96977333432261,116.60198422722289,515.442
685,17,5,51.84373127228138,131.28644015026507,516.262
686,17,6,49.01988176749341,144.74329251340254,516.664
687,17,7,44.82456784340731,156.4342677685249,516.703
688,17,8,39.61198261981243,166.3634776895125,516.476
689,17,9,33.68008626906141,174.8117113531446,516.11
690,17,10,27.252277203432456,-177.8766494601611,515.746
691,17,11,20.489612991101744,-171.38743699389374,515.523
692,17,12,13.50920320180467,-165.4585049452425,515.561
693,17,13,6.399875726357723,-159.87277624200607,515.949
694,17,14,-0.7659060373437302,-154.44319932357448,516.733
695,17,15,-7.922873441921282,-148.99686112091968,517.91
696,17,16,-15.005095738533857,-143.3594415460446,519.424
697,17,17,-21.93797680271775,-137.33970896256722,521.176
698,17,18,-28.628749858939493,-130.71364682608947,523.027
699,17,19,-34.95394045493089,-123.21047911715536,524.813
700,17,20,-40.74312683316366,-114.50947381271943,526.358
701,17,21,-45.76107557107527,-104.2716622846523,527.497
702,17,22,-49.6991850615862,-92.25370538339392,528.085
703,17,23,-52.20399301514829,-78.53977153008634,528.016
704,17,24,-52.974400787485294,-63.78340054527308,527.235
705,17,25,-51.90129610660625,-49.1241343598899,525.744
706,17,26,-49.13074939810105,-35.651545240904724,523.602
707,17,27,-44.98043617536158,-23.920857558400613,520.925
708,17,28,-39.80068708620154,-13.944884747260506,517.874
709,17,29,-33.888895397272464,-5.45229839647929,514.644
710,17,30,-27.469289388836685,1.8980169359059251,511.446
711,17,31,-20.704190214066863,8.420012175755245,508.489
712,17,32,-13.71202140033997,14.376819080182942,505.965
713,17,33,-6.582934614510997,19.986876917242956,504.026
714,17,34,0.6092254464867516,25.43862975236229,502.78
715,17,35,7.797800725387301,30.906503541470148,502.274
716,17,36,14.915249722644218,36.56644908022793,502.497
717,17,37,21.885157242318748,42.61172657120116,503.38
718,17,38,28.612543527586347,49.268958275956265,504.804
719,17,39,34.97119009767976,56.81231140287214,506.614
720,18,0,37.960237972828246,70.01628967236822,507.608
721,18,1,43.419567195284415,79.5065506561558,509.661
722,18,2,47.94813287916461,90.69580753560571,511.653
723,18,3,51.202574584703115,103.6928105826829,513.43
724,18,4,52.836892004020015,118.12892765769259,514.871
725,18,5,52.63445202721,133.03905303091202,515.906
726,18,6,50.62582316590348,147.21707774775444,516.513
727,18,7,47.070795080276476,159.81907729475145,516.724
728,18,8,42.32503962607363,170.60490222068537,516.615
729,18,9,36.72031275166081,179.75109925522273,516.302
730,18,10,30.51686173988843,-172.41121404858694,515.919
731,18,11,23.904656349689343,-165.54681929121077,515.609
732,18,12,17.02056674184144,-159.36738322456014,515.503
733,18,13,9.96585047079015,-153.63494205795186,515.708
734,18,14,2.819888208512781,-148.14942589021786,516.291
735,18,15,-4.34950672525961,-142.7327990104526,517.275
736,18,16,-11.477685522815792,-137.21340510443534,518.63
737,18,17,-18.495441932720848,-131.41042174407914,520.279
738,18,18,-25.32045381934273,-125.11816461271826,522.099
739,18,19,-31.84637855239892,-118.09067859834052,523.939
740,18,20,-37.92852881960646,-110.03124662302223,525.626
741,18,21,-43.366138040501994,-100.60225243608967,526.988
742,18,22,-47.88690706344462,-89.49103046790715,527.867
743,18,23,-51.15244441128981,-76.58281304985097,528.137
744,18,24,-52.81877834234114,-62.22732635799327,527.716
745,18,25,-52.66479855769237,-47.36466738441086,526.576
746,18,26,-50.71064387011129,-33.189839196099996,524.748
747,18,27,-47.20554446731707,-20.557679241275505,522.321
748,18,28,-42.498936242342154,-9.726960335700722,519.434
749,18,29,-36.92062853963895,-0.5344811922954211,516.268
750,18,30,-30.73118624585426,7.344885758881878,513.027
751,18,31,-24.121699270944838,14.24492044334718,509.925
752,18,32,-17.23034917200921,20.454524601788094,507.163
753,18,33,-10.159713437549915,26.21290170422223,504.914
754,18,34,-2.9905127372820464,31.721488543425238,503.312
755,18,35,4.208073998116156,37.15977736814319,502.433
756,18,36,11.369882085824543,42.70098348327489,502.297
757,18,37,18.42401693702273,48.527729071753555,502.862
758,18,38,25.28614748668905,54.84795924286023,504.033
759,18,39,31.84749528832822,61.91063780693646,505.672
760,19,0,40.78710983632396,83.56662683467565,508.631
761,19,1,45.82047772628687,93.87418825454695,510.675
762,19,2,49.757467065773916,105.97705123737776,512.577
763,19,3,52.240626734761655,119.77881449322253,514.198
764,19,4,52.96977333432261,134.60199155830767,515.442
765,19,5,51.84373127228138,149.28644748134988,516.262
766,19,6,49.01988176749341,162.74329984448732,516.664
767,19,7,44.82456784340731,174.4342750996097,516.703
768,19,8,39.61198261981243,-175.63651133693702,516.476
769,19,9,33.68008626906141,-167.18829133368325,516.11
770,19,10,27.252277203432456,-159.87664212907632,515.746
771,19,11,20.489612991101744,-153.38742966280893,515.523
772,19,12,13.50920320180467,-147.4584976141577,515.561
773,19,13,6.399875726357723,-141.87276891092128,515.949
774,19,14,-0.7659060373437302,-136.4431919924897,516.733
775,19,15,-7.922873441921282,-130.99685378983486,517.91
776,19,16,-15.005095738533857,-125.35943421495979,519.424
777,19,17,-21.93797680271775,-119.33970163148241,521.176
778,19,18,-28.628749858939493,-112.71363266481549,523.027
779,19,19,-34.95394045493089,-105.21047178607056,524.813
780,19,20,-40.74312683316366,-96.50946648163463,526.358
781,19,21,-45.76107557107527,-86.27165495356749,527.497
782,19,22,-49.6991850615862,-74.2536980523091,528.085
783,19,23,-52.20399301514829,-60.53976419900154,528.016
784,19,24,-52.974400787485294,-45.78339662928287,527.235
785,19,25,-51.90129610660625,-31.124127028805095,525.744
786,19,26,-49.13074939810105,-17.651539617367217,523.602
787,19,27,-44.98043617536158,-5.920850227315811,520.925
788,19,28,-39.80068708620154,4.055122583824298,517.874
789,19,29,-33.888895397272464,12.547708934605513,514.644
790,19,30,-27.469289388836685,19.898024693877552,511.446
791,19,31,-20.704190214066863,26.420018653066403,508.489
792,19,32,-13.71202140033997,32.37682470372045,505.965
793,19,33,-6.582934614510997,37.986882540780464,504.026
794,19,34,0.6092254464867516,43.43863708344709,502.78
795,19,35,7.797800725387301,48.90651087255495,502.274
796,19,36,14.915249722644218,54.566456411312735,502.497
797,19,37,21.885157242318748,60.61173390228596,503.38
798,19,38,28.612543527586347,67.26896219194649,504.804
799,19,39,34.97119009767976,74.81231873395694,506.614
800,20,0,37.960237972828246,88.01629700345302,507.608
801,20,1,43.419567195284415,97.5065579872406,509.661
802,20,2,47.94813287916461,108.69581486669051,511.653
803,20,3,51.202574584703115,121.69281108357852,513.43
804,20,4,52.836892004020015,136.1289349887774,514.871
805,20,5,52.63445202721,151.0390603619968,515.906
806,20,6,50.62582316590348,165.21708507883923,516.513
807,20,7,47.070795080276476,177.81908462583624,516.724
808,20,8,42.32503962607363,-171.39510046614248,516.615
809,20,9,36.72031275166081,-162.2488897712268,516.302
810,20,10,30.51686173988843,-154.41120671750215,515.919
811,20,11,23.904656349689343,-147.54681196012598,515.609
812,20,12,17.02056674184144,-141.36737589347536,515.503
813,20,13,9.96585047079015,-135.63493472686704,515.708
814,20,14,2.819888208512781,-130.14941855913304,516.291
815,20,15,-4.34950672525961,-124.73279167936779,517.275
816,20,16,-11.477685522815792,-119.21339777335054,518.63
817,20,17,-18.495441932720848,-113.41040758280518,520.279
818,20,18,-25.32045381934273,-107.11815728163346,522.099
819,20,19,-31.84637855239892,-100.09067126725571,523.939
820,20,20,-37.92852881960646,-92.03123929193742,525.626
821,20,21,-43.366138040501994,-82.60224510500487,526.988
822,20,22,-47.88690706344462,-71.49102313682235,527.867
823,20,23,-51.15244441128981,-58.58280571876617,528.137
824,20,24,-52.81877834234114,-44.22731561181388,527.716
825,20,25,-52.66479855769237,-29.364660053326055,526.576
826,20,26,-50.71064387011129,-15.189831865015192,524.748
827,20,27,-47.20554446731707,-2.5576716967472906,522.321
828,20,28,-42.498936242342154,8.27304699538408,519.434
829,20,29,-36.92062853963895,17.46552624551109,516.268
830,20,30,-30.73118624585426,25.344892236193036,513.027
831,20,31,-24.121699270944838,32.24492692065834,509.925
832,20,32,-17.23034917200921,38.4545319328729,507.163
833,20,33,-10.159713437549915,44.21290732775974,504.914
834,20,34,-2.9905127372820464,49.72149587451004,503.312
835,20,35,4.208073998116156,55.15978469922799,502.433
836,20,36,11.369882085824543,60.70099081435969,502.297
837,20,37,18.42401693702273,66.52773640283836,502.862
838,20,38,25.28614748668905,72.84796315885045,504.033
839,20,39,31.84749528832822,79.91064513802127,505.672
840,21,0,40.78710983632396,101.5666205053821,508.631
841,21,1,45.82047772628687,111.87418192525341,510.675
842,21,2,49.757467065773916,123.97704490808422,512.577
843,21,3,52.240626734761655,137.778808163929,514.198
844,21,4,52.96977333432261,152.60198522901413,515.442
845,21,5,51.84373127228138,167.28644115205634,516.262
846,21,6,49.01988176749341,-179.25670284234053,516.664
847,21,7,44.82456784340731,-167.5657412475965,516.703
848,21,8,39.61198261981243,-157.63651766623053,516.476
849,21,9,33.68008626906141,-149.1882976629768,516.11
850,21,10,27.252277203432456,-141.87664845836986,515.746
851,21,11,20.489612991101744,-135.38743599210247,515.523
852,21,12,13.50920320180467,-129.45850394345123,515.561
853,21,13,6.399875726357723,-123.8727752402148,515.949
854,21,14,-0.7659060373437302,-118.44319832178321,516.733
855,21,15,-7.922873441921282,-112.99686011912841,517.91
856,21,16,-15.005095738533857,-107.35944054425333,519.424
857,21,17,-21.93797680271775,-101.33970796077594,521.176
858,21,18,-28.628749858939493,-94.71363899410903,523.027
859,21,19,-34.95394045493089,-87.21047811536408,524.813
860,21,20,-40.74312683316366,-78.50947281092816,526.358
861,21,21,-45.76107557107527,-68.27166128286103,527.497
862,21,22,-49.6991850615862,-56.253707796697235,528.085
863,21,23,-52.20399301514829,-42.53977394338966,528.016
864,21,24,-52.974400787485294,-27.78340125102911,527.235
865,21,25,-51.90129610660625,-13.12413335809863,525.744
866,21,26,-49.13074939810105,0.348454533586924,523.602
867,21,27,-44.98043617536158,12.079143443390652,520.925
868,21,28,-39.80068708620154,22.055116254530763,517.874
869,21,29,-33.888895397272464,30.54770345908562,514.644
870,21,30,-27.469289388836685,37.89801836458402,511.446
871,21,31,-20.704190214066863,44.420012323772866,508.489
872,21,32,-13.71202140033997,50.37681837442692,505.965
873,21,33,-6.582934614510997,55.98687621148693,504.026
874,21,34,0.6092254464867516,61.43863075415356,502.78
875,21,35,7.797800725387301,66.90650454326142,502.274
876,21,36,14.915249722644218,72.5664500820192,502.497
877,21,37,21.885157242318748,78.61172757299242,503.38
878,21,38,28.612543527586347,85.26895586265294,504.804
879,21,39,34.97119009767976,92.8123124046634,506.614
880,22,0,37.960237972828246,106.01629067415949,507.608
881,22,1,43.419567195284415,115.50655848813624,509.661
882,22,2,47.94813287916461,126.6958017072078,511.653
883,22,3,51.202574584703115,139.692804754285,513.43
884,22,4,52.836892004020015,154.12892865948385,514.871
885,22,5,52.63445202721,169.03905403270326,515.906
886,22,6,50.62582316590348,-176.78291760798862,516.513
887,22,7,47.070795080276476,-164.18091806099162,516.724
888,22,8,42.32503962607363,-153.39510679543602,516.615
889,22,9,36.72031275166081,-144.24889610052034,516.302
890,22,10,30.51686173988843,-136.41121304679567,515.919
891,22,11,23.904656349689343,-129.5468182894195,515.609
892,22,12,17.02056674184144,-123.3673822227689,515.503
893,22,13,9.96585047079015,-117.63494105616059,515.708
894,22,14,2.819888208512781,-112.14941805823742,516.291
895,22,15,-4.34950672525961,-106.73279800866133,517.275
896,22,16,-11.477685522815792,-101.21340410264408,518.63
897,22,17,-18.495441932720848,-95.4104139120987,520.279
898,22,18,-25.32045381934273,-89.11816361092698,522.099
899,22,19,-31.84637855239892,-82.09067759654926,523.939
900,22,20,-37.92852881960646,-74.03124562123097,525.626
901,22,21,-43.366138040501994,-64.60225143429841,526.988
902,22,22,-47.88690706344462,-53.49103288121047,527.867
903,22,23,-51.15244441128981,-40.5828120480597,528.137
904,22,24,-52.81877834234114,-26.22732364865471,527.716
905,22,25,-52.66479855769237,-11.36466638261959,526.576
906,22,26,-50.71064387011129,2.8101611653610363,524.748
907,22,27,-47.20554446731707,15.44232176051576,522.321
908,22,28,-42.498936242342154,26.27304151986419,519.434
909,22,29,-36.92062853963895,35.46551820867026,516.268
910,22,30,-30.73118624585426,43.3448859068995,513.027
911,22,31,-24.121699270944838,50.2449205913648,509.925
912,22,32,-17.23034917200921,56.45452560357936,507.163
913,22,33,-10.159713437549915,62.2129009984662,504.914
914,22,34,-2.9905127372820464,67.7214895452165,503.312
915,22,35,4.208073998116156,73.15978178502904,502.433
916,22,36,11.369882085824543,78.70098448506616,502.297
917,22,37,18.42401693702273,84.52773007354482,502.862
918,22,38,25.28614748668905,90.8479568295569,504.033
919,22,39,31.84749528832822,97.91063880872773,505.672
920,23,0,40.78710983632396,119.5666278364669,508.631
921,23,1,45.82047772628687,129.8741892563382,510.675
922,23,2,49.757467065773916,141.97705223916904,512.577
923,23,3,52.240626734761655,155.7788154950138,514.198
924,23,4,52.96977333432261,170.60199256009895,515.442
925,23,5,51.84373127228138,-174.71356153477151,516.262
926,23,6,49.01988176749341,-161.2566955112557,516.664
927,23,7,44.82456784340731,-149.5657339165117,516.703
928,23,8,39.61198261981243,-139.63651033514574,516.476
929,23,9,33.68008626906141,-131.18829033189198,516.11
930,23,10,27.252277203432456,-123.87664112728504,515.746
931,23,11,20.489612991101744,-117.38742866101767,515.523
932,23,12,13.50920320180467,-111.45849661236643,515.561
933,23,13,6.399875726357723,-105.87276790913,515.949
934,23,14,-0.7659060373437302,-100.44319099069841,516.733
935,23,15,-7.922873441921282,-94.99685278804361,517.91
936,23,16,-15.005095738533857,-89.35943321316851,519.424
937,23,17,-21.93797680271775,-83.33970062969114,521.176
938,23,18,-28.628749858939493,-76.71363166302422,523.027
939,23,19,-34.95394045493089,-69.21047078427928,524.813
940,23,20,-40.74312683316366,-60.509465479843364,526.358
941,23,21,-45.76107557107527,-50.27165395177623,527.497
942,23,22,-49.6991850615862,-38.25370046561243,528.085
943,23,23,-52.20399301514829,-24.539764904757565,528.016
944,23,24,-52.974400787485294,-9.783393919944306,527.235
945,23,25,-51.90129610660625,4.875874399872996,525.744
946,23,26,-49.13074939810105,18.348461384424052,523.602
947,23,27,-44.98043617536158,30.079149066928164,520.925
948,23,28,-39.80068708620154,40.05512529316286,517.874
949,23,29,-33.888895397272464,48.54771079017043,514.644
950,23,30,-27.469289388836685,55.89802569566882,511.446
951,23,31,-20.704190214066863,62.42001965485767,508.489
952,23,32,-13.71202140033997,68.37682570551172,505.965
953,23,33,-6.582934614510997,73.98688354257173,504.026
954,23,34,0.6092254464867516,79.43863808523837,502.78
955,23,35,7.797800725387301,84.90651187434622,502.274
956,23,36,14.915249722644218,90.566457413104,502.497
957,23,37,21.885157242318748,96.61173490407722,503.38
958,23,38,28.612543527586347,103.26896319373775,504.804
959,23,39,34.97119009767976,110.8123197357482,506.614
960,24,0,37.960237972828246,124.01629117505512,507.608
961,24,1,43.419567195284415,133.50656581922104,509.661
962,24,2,47.94813287916461,144.6958090382926,511.653
963,24,3,51.202574584703115,157.69281208536978,513.43
964,24,4,52.836892004020015,172.12893599056866,514.871
965,24,5,52.63445202721,-172.96093499374626,515.906
966,24,6,50.62582316590348,-158.78291027690383,516.513
967,24,7,47.070795080276476,-146.18091072990683,516.724
968,24,8,42.32503962607363,-135.39509946435123,516.615
969,24,9,36.72031275166081,-126.24888876943552,516.302
970,24,10,30.51686173988843,-118.41120571571088,515.919
971,24,11,23.904656349689343,-111.54681778852387,515.609
972,24,12,17.02056674184144,-105.36738172187326,515.503
973,24,13,9.96585047079015,-99.63492689488662,515.708
974,24,14,2.819888208512781,-94.14941072715261,516.291
975,24,15,-4.34950672525961,-88.73279067757653,517.275
976,24,16,-11.477685522815792,-83.21339677155926,518.63
977,24,17,-18.495441932720848,-77.4104065810139,520.279
978,24,18,-25.32045381934273,-71.11815627984218,522.099
979,24,19,-31.84637855239892,-64.09067026546445,523.939
980,24,20,-37.92852881960646,-56.03123829014616,525.626
981,24,21,-43.366138040501994,-46.60224751830818,526.988
982,24,22,-47.88690706344462,-35.49102555012567,527.867
983,24,23,-51.15244441128981,-22.582803009427607,528.137
984,24,24,-52.81877834234114,-8.22731546379626,527.716
985,24,25,-52.66479855769237,6.635340948465212,526.576
986,24,26,-50.71064387011129,20.810169136776075,524.748
987,24,27,-47.20554446731707,33.442330799147854,522.321
988,24,28,-42.498936242342154,44.273047143401705,519.434
989,24,29,-36.92062853963895,53.46552553975506,516.268
990,24,30,-30.73118624585426,61.3448932379843,513.027
991,24,31,-24.121699270944838,68.2449279224496,509.925
992,24,32,-17.23034917200921,74.45453293466417,507.163
993,24,33,-10.159713437549915,80.21290832955101,504.914
994,24,34,-2.9905127372820464,85.72149687630132,503.312
995,24,35,4.208073998116156,91.15978911611384,502.433
996,24,36,11.369882085824543,96.70099181615096,502.297
997,24,37,18.42401693702273,102.52773740462962,502.862
998,24,38,25.28614748668905,108.84796416064171,504.033
999,24,39,31.84749528832822,115.91064613981253,505.672
1000,25,0,40.78710983632396,137.56662150717338,508.631
1001,25,1,45.82047772628687,147.87418292704467,510.675
1002,25,2,49.757467065773916,159.9770459098755,512.577
1003,25,3,52.240626734761655,173.77880916572025,514.198
1004,25,4,52.96977333432261,-171.3980101267289,515.442
1005,25,5,51.84373127228138,-156.71356786406506,516.262
1006,25,6,49.01988176749341,-143.25670184054925,516.664
1007,25,7,44.82456784340731,-131.56574024580524,516.703
1008,25,8,39.61198261981243,-121.63651666443928,516.476
1009,25,9,33.68008626906141,-113.18828983099635,516.11
1010,25,10,27.252277203432456,-105.87664745657858,515.746
1011,25,11,20.489612991101744,-99.38742816012203,515.523
1012,25,12,13.50920320180467,-93.45850294165997,515.561
1013,25,13,6.399875726357723,-87.87277423842355,515.949
1014,25,14,-0.7659060373437302,-82.44319731999195,516.733
1015,25,15,-7.922873441921282,-76.99685911733714,517.91
1016,25,16,-15.005095738533857,-71.35943954246206,519.424
1017,25,17,-21.93797680271775,-65.33970695898468,521.176
1018,25,18,-28.628749858939493,-58.71363799231776,523.027
1019,25,19,-34.95394045493089,-51.21048052866741,524.813
1020,25,20,-40.74312683316366,-42.509468394042315,526.358
1021,25,21,-45.76107557107527,-32.271660281069764,527.497
1022,25,22,-49.6991850615862,-20.25370508735867,528.085
1023,25,23,-52.20399301514829,-6.539771234051101,528.016
1024,25,24,-52.974400787485294,8.216599750762157,527.235
1025,25,25,-51.90129610660625,22.875867643692636,525.744
1026,25,26,-49.13074939810105,36.348456762677806,523.602
1027,25,27,-44.98043617536158,48.079142737634626,520.925
1028,25,28,-39.80068708620154,58.05511896386932,517.874
1029,25,29,-33.888895397272464,66.5477010457823,514.644
1030,25,30,-27.469289388836685,73.8980159512807,511.446
1031,25,31,-20.704190214066863,80.42001332556413,508.489
1032,25,32,-13.71202140033997,86.37681937621818,505.965
1033,25,33,-6.582934614510997,91.98687721327819,504.026
1034,25,34,0.6092254464867516,97.43863175594483,502.78
1035,25,35,7.797800725387301,102.90650554505268,502.274
1036,25,36,14.915249722644218,108.56645108381046,502.497
1037,25,37,21.885157242318748,114.61172174459452,503.38
1038,25,38,28.612543527586347,121.2689568644442,504.804
1039,25,39,34.97119009767976,128.81231340645468,506.614
1040,26,0,37.960237972828246,142.01629850613992,507.608
1041,26,1,43.419567195284415,151.50657315030585,509.661
1042,26,2,47.94813287916461,162.6958163693774,511.653
1043,26,3,51.202574584703115,175.6928194164546,513.43
1044,26,4,52.836892004020015,-169.8710666962592,514.871
1045,26,5,52.63445202721,-154.96092766266145,515.906
1046,26,6,50.62582316590348,-140.78290294581902,516.513
1047,26,7,47.070795080276476,-128.180903398822,516.724
1048,26,8,42.32503962607363,-117.39509213326642,516.615
1049,26,9,36.72031275166081,-108.2488882685399,516.302
1050,26,10,30.51686173988843,-100.41119838462608,515.919
1051,26,11,23.904656349689343,-93.54681045743907,515.609
1052,26,12,17.02056674184144,-87.36737439078846,515.503
1053,26,13,9.96585047079015,-81.63491956380182,515.708
1054,26,14,2.819888208512781,-76.14940339606781,516.291
1055,26,15,-4.34950672525961,-70.73278334649173,517.275
1056,26,16,-11.477685522815792,-65.21338944047446,518.63
1057,26,17,-18.495441932720848,-59.4103992499291,520.279
1058,26,18,-25.32045381934273,-53.11814894875739,522.099
1059,26,19,-31.84637855239892,-46.090666349474226,523.939
1060,26,20,-37.92852881960646,-38.03123095906136,525.626
1061,26,21,-43.366138040501994,-28.60224018722338,526.988
1062,26,22,-47.88690706344462,-17.491018219040868,527.867
1063,26,23,-51.15244441128981,-4.582796532116449,528.137
1064,26,24,-52.81877834234114,9.772691867288543,527.716
1065,26,25,-52.66479855769237,24.635348279550016,526.576
1066,26,26,-50.71064387011129,38.81017646786088,524.748
1067,26,27,-47.20554446731707,51.44233813023266,522.321
1068,26,28,-42.498936242342154,62.27305447448651,519.434
1069,26,29,-36.92062853963895,71.46553287083987,516.268
1070,26,30,-30.73118624585426,79.34490056906911,513.027
1071,26,31,-24.121699270944838,86.24493525353441,509.925
1072,26,32,-17.23034917200921,92.45454026574897,507.163
1073,26,33,-10.159713437549915,98.21291566063582,504.914
1074,26,34,-2.9905127372820464,103.72150420738612,503.312
1075,26,35,4.208073998116156,109.15979644719864,502.433
1076,26,36,11.369882085824543,114.70100597742493,502.297
1077,26,37,18.42401693702273,120.52774473571442,502.862
1078,26,38,25.28614748668905,126.84797832191569,504.033
1079,26,39,31.84749528832822,133.91065347089733,505.672
1080,27,0,40.78710983632396,155.56661517787984,508.631
1081,27,1,45.82047772628687,165.87417659775113,510.675
1082,27,2,49.757467065773916,177.97703958058196,512.577
1083,27,3,52.240626734761655,-168.2211935211076,514.198
1084,27,4,52.96977333432261,-153.39801645602245,515.442
1085,27,5,51.84373127228138,-138.7135741933586,516.262
1086,27,6,49.01988176749341,-125.2567081698428,516.664
1087,27,7,44.82456784340731,-113.5657397449096,516.703
1088,27,8,39.61198261981243,-103.63652299373281,516.476
1089,27,9,33.68008626906141,-95.1882961602899,516.11
1090,27,10,27.252277203432456,-87.87665378587211,515.746
1091,27,11,20.489612991101744,-81.38743448941557,515.523
1092,27,12,13.50920320180467,-75.45850927095351,515.561
1093,27,13,6.399875726357723,-69.87278056771709,515.949
1094,27,14,-0.7659060373437302,-64.44320364928548,516.733
1095,27,15,-7.922873441921282,-58.99686544663068,517.91
1096,27,16,-15.005095738533857,-53.35944928685018,519.424
1097,27,17,-21.93797680271775,-47.3397167033728,521.176
1098,27,18,-28.628749858939493,-40.7136443216113,523.027
1099,27,19,-34.95394045493089,-33.210486857960944,524.813
1100,27,20,-40.74312683316366,-24.509476430883144,526.358
1101,27,21,-45.76107557107527,-14.271666610363303,527.497
1102,27,22,-49.6991850615862,-2.253712270425856,528.085
1103,27,23,-52.20399301514829,11.460222436655362,528.016
1104,27,24,-52.974400787485294,26.21659342146862,527.235
1105,27,25,-51.90129610660625,40.8758613143991,525.744
1106,27,26,-49.13074939810105,54.34845043338427,523.602
1107,27,27,-44.98043617536158,66.07913640834109,520.925
1108,27,28,-39.80068708620154,76.05511263457578,517.874
1109,27,29,-33.888895397272464,84.54769471648876,514.644
1110,27,30,-27.469289388836685,91.89800962198716,511.446
1111,27,31,-20.704190214066863,98.4200069962706,508.489
1112,27,32,-13.71202140033997,104.37681304692465,505.965
1113,27,33,-6.582934614510997,109.98687088398466,504.026
1114,27,34,0.6092254464867516,115.43862542665129,502.78
1115,27,35,7.797800725387301,120.90650604594832,502.274
1116,27,36,14.915249722644218,126.56643792432776,502.497
1117,27,37,21.885157242318748,132.61171541530098,503.38
1118,27,38,28.612543527586347,139.26895053515068,504.804
1119,27,39,34.97119009767976,146.81230707716114,506.614
1120,28,0,37.960237972828246,160.01627851646805,507.608
1121,28,1,43.419567195284415,169.50655316063396,509.661
1122,28,2,47.94813287916461,-179.3041999778288,511.653
1123,28,3,51.202574584703115,-166.30719693075162,513.43
1124,28,4,52.836892004020015,-151.8710866859311,514.871
1125,28,5,52.63445202721,-136.96094765233332,515.906
1126,28,6,50.62582316590348,-122.7829229354909,516.513
1127,28,7,47.070795080276476,-110.1809233884939,516.724
1128,28,8,42.32503962607363,-99.39510529274912,516.615
1129,28,9,36.72031275166081,-90.24890825821177,516.302
1130,28,10,30.51686173988843,-82.41121837429795,515.919
1131,28,11,23.904656349689343,-75.54683044711095,515.609
1132,28,12,17.02056674184144,-69.36739438046033,515.503
1133,28,13,9.96585047079015,-63.634939553473686,515.708
1134,28,14,2.819888208512781,-58.14942338573969,516.291
1135,28,15,-4.34950672525961,-52.73280675125819,517.275
1136,28,16,-11.477685522815792,-47.21340601505175,518.63
1137,28,17,-18.495441932720848,-41.41042265469556,520.279
1138,28,18,-25.32045381934273,-35.118168938429264,522.099
1139,28,19,-31.84637855239892,-28.090686339146107,523.939
1140,28,20,-37.92852881960646,-20.031250948733234,525.626
1141,28,21,-43.366138040501994,-10.602259323121611,526.988
1142,28,22,-47.88690706344462,0.5089625383391956,527.867
1143,28,23,-51.15244441128981,13.417183478211674,528.137
1144,28,24,-52.81877834234114,27.77267102384302,527.716
1145,28,25,-52.66479855769237,42.63532828987814,526.576
1146,28,26,-50.71064387011129,56.810156478189,524.748
1147,28,27,-47.20554446731707,69.4423147254662,522.321
1148,28,28,-42.498936242342154,80.27303448481463,519.434
1149,28,29,-36.92062853963895,89.465512881168,516.268
1150,28,30,-30.73118624585426,97.34488057939723,513.027
1151,28,31,-24.121699270944838,104.24491526386252,509.925
1152,28,32,-17.23034917200921,110.45452027607709,507.163
1153,28,33,-10.159713437549915,116.21289567096393,504.914
1154,28,34,-2.9905127372820464,121.72148421771423,503.312
1155,28,35,4.208073998116156,127.15977645752677,502.433
1156,28,36,11.369882085824543,132.70098598775306,502.297
1157,28,37,18.42401693702273,138.52772474604254,502.862
1158,28,38,25.28614748668905,144.84795833224382,504.033
1159,28,39,31.84749528832822,151.91063348122546,505.672
1160,29,0,40.78710983632396,173.56662250896466,508.631
1161,29,1,45.82047772628687,-176.12581242869837,510.675
1162,29,2,49.757467065773916,-164.02294944586757,512.577
1163,29,3,52.240626734761655,-150.2211861900228,514.198
1164,29,4,52.96977333432261,-135.39800912493766,515.442
1165,29,5,51.84373127228138,-120.7135668622738,516.262
1166,29,6,49.01988176749341,-107.256700838758,516.664
1167,29,7,44.82456784340731,-95.5657324138248,516.703
1168,29,8,39.61198261981243,-85.63651566264801,516.476
1169,29,9,33.68008626906141,-77.18828882920509,516.11
1170,29,10,27.252277203432456,-69.8766464547873,515.746
1171,29,11,20.489612991101744,-63.387427158330766,515.523
1172,29,12,13.50920320180467,-57.458501939868704,515.561
1173,29,13,6.399875726357723,-51.87277323663228,515.949
1174,29,14,-0.7659060373437302,-46.443196318200684,516.733
1175,29,15,-7.922873441921282,-40.99685470045129,517.91
1176,29,16,-15.005095738533857,-35.35944195576538,519.424
1177,29,17,-21.93797680271775,-29.339709372288,521.176
1178,29,18,-28.628749858939493,-22.713638698073787,523.027
1179,29,19,-34.95394045493089,-15.210477819328847,524.813
1180,29,20,-40.74312683316366,-6.509468672911517,526.358
1181,29,21,-45.76107557107527,3.7283407207215005,527.497
1182,29,22,-49.6991850615862,15.746295914432594,528.085
1183,29,23,-52.20399301514829,29.460228060192872,528.016
1184,29,24,-52.974400787485294,44.216599045006134,527.235
1185,29,25,-51.90129610660625,58.875868645483905,525.744
1186,29,26,-49.13074939810105,72.34845776446907,523.602
1187,29,27,-44.98043617536158,84.07914373942589,520.925
1188,29,28,-39.80068708620154,94.05511996566058,517.874
1189,29,29,-33.888895397272464,102.54770204757357,514.644
1190,29,30,-27.469289388836685,109.89801695307196,511.446
1191,29,31,-20.704190214066863,116.4200143273554,508.489
1192,29,32,-13.71202140033997,122.37682720819862,505.965
1193,29,33,-6.582934614510997,127.98688504525863,504.026
1194,29,34,0.6092254464867516,133.4386327577361,502.78
1195,29,35,7.797800725387301,138.90651337703312,502.274
1196,29,36,14.915249722644218,144.56644525541256,502.497
1197,29,37,21.885157242318748,150.6117227463858,503.38
1198,29,38,28.612543527586347,157.26895786623547,504.804
1199,29,39,34.97119009767976,164.81231440824595,506.614
1200,30,0,37.960237972828246,178.01628584755284,507.608
1201,30,1,43.419567195284415,-172.4934495261939,509.661
1202,30,2,47.94813287916461,-161.30419264674399,511.653
1203,30,3,51.202574584703115,-148.3071895996668,513.43
1204,30,4,52.836892004020015,-133.87107935484627,514.871
1205,30,5,52.63445202721,-118.96094032124853,515.906
1206,30,6,50.62582316590348,-104.7829156044061,516.513
1207,30,7,47.070795080276476,-92.18091605740909,516.724
1208,30,8,42.32503962607363,-81.39509796166432,516.615
1209,30,9,36.72031275166081,-72.24890092712697,516.302
1210,30,10,30.51686173988843,-64.41121104321314,515.919
1211,30,11,23.904656349689343,-57.54682311602614,515.609
1212,30,12,17.02056674184144,-51.36738363428094,515.503
1213,30,13,9.96585047079015,-45.634935637483466,515.708
1214,30,14,2.819888208512781,-40.149416054654885,516.291
1215,30,15,-4.34950672525961,-34.732799420173386,517.275
1216,30,16,-11.477685522815792,-29.21339868396695,518.63
1217,30,17,-18.495441932720848,-23.41041532361076,520.279
1218,30,18,-25.32045381934273,-17.118159899797163,522.099
1219,30,19,-31.84637855239892,-10.090679008061302,523.939
1220,30,20,-37.92852881960646,-2.031244257978667,525.626
1221,30,21,-43.366138040501994,7.397748007963192,526.988
1222,30,22,-47.88690706344462,18.508969122372058,527.867
1223,30,23,-51.15244441128981,31.417189955522833,528.137
1224,30,24,-52.81877834234114,45.77268006247512,527.716
1225,30,25,-52.66479855769237,60.63533903605753,526.576
1226,30,26,-50.71064387011129,74.81016039417922,524.748
1227,30,27,-47.20554446731707,87.442322056551,522.321
1228,30,28,-42.498936242342154,98.27304181589943,519.434
1229,30,29,-36.92062853963895,107.4655202122528,516.268
1230,30,30,-30.73118624585426,115.34488791048203,513.027
1231,30,31,-24.121699270944838,122.24492259494734,509.925
1232,30,32,-17.23034917200921,128.45453443735107,507.163
1233,30,33,-10.159713437549915,134.21290300204873,504.914
1234,30,34,-2.9905127372820464,139.72149154879904,503.312
1235,30,35,4.208073998116156,145.15978378861158,502.433
1236,30,36,11.369882085824543,150.70099331883785,502.297
1237,30,37,18.42401693702273,156.52773207712735,502.862
1238,30,38,25.28614748668905,162.8479656633286,504.033
1239,30,39,31.84749528832822,169.91064081231025,505.672
1240,31,0,40.78710983632396,-168.43336651748487,508.631
1241,31,1,45.82047772628687,-158.12580509761358,510.675
1242,31,2,49.757467065773916,-146.02294211478275,512.577
1243,31,3,52.240626734761655,-132.221178858938,514.198
1244,31,4,52.96977333432261,-117.39800179385284,515.442
1245,31,5,51.84373127228138,-102.71355270099983,516.262
1246,31,6,49.01988176749341,-89.25669350767319,516.664
1247,31,7,44.82456784340731,-77.56572508273999,516.703
1248,31,8,39.61198261981243,-67.6365083315632,516.476
1249,31,9,33.68008626906141,-59.18828149812028,516.11
1250,31,10,27.252277203432456,-51.87664253879709,515.746
1251,31,11,20.489612991101744,-45.387419827245964,515.523
1252,31,12,13.50920320180467,-39.45849802387849,515.561
1253,31,13,6.399875726357723,-33.872765905547475,515.949
1254,31,14,-0.7659060373437302,-28.443188987115878,516.733
1255,31,15,-7.922873441921282,-22.99684907691378,517.91
1256,31,16,-15.005095738533857,-17.35943291713328,519.424
1257,31,17,-21.93797680271775,-11.339702041203195,521.176
1258,31,18,-28.628749858939493,-4.713630940102159,523.027
1259,31,19,-34.95394045493089,2.7895292983125435,524.813
1260,31,20,-40.74312683316366,11.49053908506011,526.358
1261,31,21,-45.76107557107527,21.728348051806304,527.497
1262,31,22,-49.6991850615862,33.746301537970105,528.085
1263,31,23,-52.20399301514829,47.46023539127768,528.016
1264,31,24,-52.974400787485294,62.21660979118552,527.235
1265,31,25,-51.90129610660625,76.87587597656871,525.744
1266,31,26,-49.13074939810105,90.34846509555388,523.602
1267,31,27,-44.98043617536158,102.07915107051069,520.925
1268,31,28,-39.80068708620154,112.0551272967454,517.874
1269,31,29,-33.888895397272464,120.54771620884755,514.644
1270,31,30,-27.469289388836685,127.89802428415676,511.446
1271,31,31,-20.704190214066863,134.4200216584402,508.489
1272,31,32,-13.71202140033997,140.37683453928344,505.965
1273,31,33,-6.582934614510997,145.98689237634343,504.026
1274,31,34,0.6092254464867516,151.4386400888209,502.78
1275,31,35,7.797800725387301,156.9065207081179,502.274
1276,31,36,14.915249722644218,162.56645258649738,502.497
1277,31,37,21.885157242318748,168.61173007747058,503.38
1278,31,38,28.612543527586347,175.26896519732028,504.804
1279,31,39,34.97119009767976,-177.18767461820357,506.614
1280,32,0,37.960237972828246,-163.98370317889666,507.608
1281,32,1,43.419567195284415,-154.49344219510908,509.661
1282,32,2,47.94813287916461,-143.3041853156592,511.653
1283,32,3,51.202574584703115,-130.307182268582,513.43
1284,32,4,52.836892004020015,-115.87107202376147,514.871
1285,32,5,52.63445202721,-100.96093982035289,515.906
1286,32,6,50.62582316590348,-86.7829082733213,516.513
1287,32,7,47.070795080276476,-74.18090872632429,516.724
1288,32,8,42.32503962607363,-63.39509063057952,516.615
1289,32,9,36.72031275166081,-54.248893596042166,516.302
1290,32,10,30.51686173988843,-46.41120029703376,515.919
1291,32,11,23.904656349689343,-39.54681578494134,515.609
1292,32,12,17.02056674184144,-33.36737630319614,515.503
1293,32,13,9.96585047079015,-27.634928306398667,515.708
1294,32,14,2.819888208512781,-22.14940872357008,516.291
1295,32,15,-4.34950672525961,-16.732792089088584,517.275
1296,32,16,-11.477685522815792,-11.213393060429441,518.63
1297,32,17,-18.495441932720848,-5.410407565639132,520.279
1298,32,18,-25.32045381934273,0.8818471111225215,522.099
1299,32,19,-31.84637855239892,7.909328323023501,523.939
1300,32,20,-37.92852881960646,15.96876371343637,525.626
1301,32,21,-43.366138040501994,25.397754485274348,526.988
1302,32,22,-47.88690706344462,36.50897645345686,527.867
1303,32,23,-51.15244441128981,49.41719728660763,528.137
1304,32,24,-52.81877834234114,63.77268397846533,527.716
1305,32,25,-52.66479855769237,78.63534636714233,526.576
1306,32,26,-50.71064387011129,92.81016772526402,524.748
1307,32,27,-47.20554446731707,105.44232938763581,522.321
1308,32,28,-42.498936242342154,116.2730559771734,519.434
1309,32,29,-36.92062853963895,125.46553437352676,516.268
1310,32,30,-30.73118624585426,133.34489524156683,513.027
1311,32,31,-24.121699270944838,140.24492992603214,509.925
1312,32,32,-17.23034917200921,146.45454176843586,507.163
1313,32,33,-10.159713437549915,152.21291033313355,504.914
1314,32,34,-2.9905127372820464,157.72149887988385,503.312
1315,32,35,4.208073998116156,163.15979111969637,502.433
1316,32,36,11.369882085824543,168.70100064992266,502.297
1317,32,37,18.42401693702273,174.52773940821217,502.862
1318,32,38,25.28614748668905,-179.15203702349925,504.033
1319,32,39,31.84749528832822,-172.08934821413928,505.672
1320,33,0,40.78710983632396,-150.43335918640008,508.631
1321,33,1,45.82047772628687,-140.12579776652876,510.675
1322,33,2,49.757467065773916,-128.02293478369796,512.577
1323,33,3,52.240626734761655,-114.2211715278532,514.198
1324,33,4,52.96977333432261,-99.39799446276804,515.442
1325,33,5,51.84373127228138,-84.71354536991502,516.262
1326,33,6,49.01988176749341,-71.25668617658839,516.664
1327,33,7,44.82456784340731,-59.56571775165519,516.703
1328,33,8,39.61198261981243,-49.636501000478404,516.476
1329,33,9,33.68008626906141,-41.18827416703548,516.11
1330,33,10,27.252277203432456,-33.87663520771229,515.746
1331,33,11,20.489612991101744,-27.387414203708452,515.523
1332,33,12,13.50920320180467,-21.458488985246394,515.561
1333,33,13,6.399875726357723,-15.872760282009965,515.949
1334,33,14,-0.7659060373437302,-10.443181656031076,516.733
1335,33,15,-7.922873441921282,-4.9968413189421526,517.91
1336,33,16,-15.005095738533857,0.6405738803429945,519.424
1337,33,17,-21.93797680271775,6.660305716768432,521.176
1338,33,18,-28.628749858939493,13.286375964095821,523.027
1339,33,19,-34.95394045493089,20.789536842840757,524.813
1340,33,20,-40.74312683316366,29.490547269918558,526.358
1341,33,21,-45.76107557107527,39.72835538289111,527.497
1342,33,22,-49.6991850615862,51.74630886905491,528.085
1343,33,23,-52.20399301514829,65.46024613745706,528.016
1344,33,24,-52.974400787485294,80.21661712227032,527.235
1345,33,25,-51.90129610660625,94.87588330765351,525.744
1346,33,26,-49.13074939810105,108.34847242663868,523.602
1347,33,27,-44.98043617536158,120.07916523178467,520.925
1348,33,28,-39.80068708620154,130.0551346278302,517.874
1349,33,29,-33.888895397272464,138.54772353993235,514.644
1350,33,30,-27.469289388836685,145.89803161524156,511.446
1351,33,31,-20.704190214066863,152.420028989525,508.489
1352,33,32,-13.71202140033997,158.37684187036822,505.965
1353,33,33,-6.582934614510997,163.98689970742825,504.026
1354,33,34,0.6092254464867516,169.4386474199057,502.78
1355,33,35,7.797800725387301,174.90652803920273,502.274
1356,33,36,14.915249722644218,-179.43353643995215,502.497
1357,33,37,21.885157242318748,-173.38825894897894,503.38
1358,33,38,28.612543527586347,-166.73102382912924,504.804
1359,33,39,34.97119009767976,-159.18766728711878,506.614
1360,34,0,37.960237972828246,-145.98372316856856,507.608
1361,34,1,43.419567195284415,-136.49346218478098,509.661
1362,34,2,47.94813287916461,-125.30420530533107,511.653
1363,34,3,51.202574584703115,-112.30720225825388,513.43
1364,34,4,52.836892004020015,-97.87108518324418,514.871
1365,34,5,52.63445202721,-82.96095981002476,515.906
1366,34,6,50.62582316590348,-68.78292826299317,516.513
1367,34,7,47.070795080276476,-56.18092871599616,516.724
1368,34,8,42.32503962607363,-45.39511403534598,516.615
1369,34,9,36.72031275166081,-36.24891358571404,516.302
1370,34,10,30.51686173988843,-28.411220286705635,515.919
1371,34,11,23.904656349689343,-21.546834067065923,515.609
1372,34,12,17.02056674184144,-15.367398000415307,515.503
1373,34,13,9.96585047079015,-9.634948296070542,515.708
1374,34,14,2.819888208512781,-4.149429567015603,516.291
1375,34,15,-4.34950672525961,1.267188241404658,517.275
1376,34,16,-11.477685522815792,6.786586949898682,518.63
1377,34,17,-18.495441932720848,12.589572017802167,520.279
1378,34,18,-25.32045381934273,18.881827441615762,522.099
1379,34,19,-31.84637855239892,25.909308333351625,523.939
1380,34,20,-37.92852881960646,33.9687437237645,525.626
1381,34,21,-43.366138040501994,43.39773449560247,526.988
1382,34,22,-47.88690706344462,54.50895646378498,527.867
1383,34,23,-51.15244441128981,67.41717729693576,528.137
1384,34,24,-52.81877834234114,81.77266398879345,527.716
1385,34,25,-52.66479855769237,96.63532637747045,526.576
1386,34,26,-50.71064387011129,110.81014773559215,524.748
1387,34,27,-47.20554446731707,123.44230939796392,522.321
1388,34,28,-42.498936242342154,134.27303598750152,519.434
1389,34,29,-36.92062853963895,143.4655143838549,516.268
1390,34,30,-30.73118624585426,151.34487525189496,513.027
1391,34,31,-24.121699270944838,158.24490993636027,509.925
1392,34,32,-17.23034917200921,164.454521778764,507.163
1393,34,33,-10.159713437549915,170.21289034346165,504.914
1394,34,34,-2.9905127372820464,175.72147889021196,503.312
1395,34,35,4.208073998116156,-178.84022522750982,502.433
1396,34,36,11.369882085824543,-173.29902935766188,502.297
1397,34,37,18.42401693702273,-167.47227693899404,502.862
1398,34,38,25.28614748668905,-161.15205701317112,504.033
1399,34,39,31.84749528832822,-154.08936820381115,505.672
1400,35,0,40.78710983632396,-132.43337917607195,508.631
1401,35,1,45.82047772628687,-122.12581775620065,510.675
1402,35,2,49.757467065773916,-110.02295477336983,512.577
1403,35,3,52.240626734761655,-96.22119151752507,514.198
1404,35,4,52.96977333432261,-81.39801445243992,515.442
1405,35,5,51.84373127228138,-66.7135653595869,516.262
1406,35,6,49.01988176749341,-53.256706166260265,516.664
1407,35,7,44.82456784340731,-41.56574115642165,516.703
1408,35,8,39.61198261981243,-31.63652099015028,516.476
1409,35,9,33.68008626906141,-23.18829415670736,516.11
1410,35,10,27.252277203432456,-15.876653489836873,515.746
1411,35,11,20.489612991101744,-9.387434193380328,515.523
1412,35,12,13.50920320180467,-3.458509401805092,515.561
1413,35,13,6.399875726357723,2.1272203686483935,515.949
1414,35,14,-0.7659060373437302,7.556798354297047,516.733
1415,35,15,-7.922873441921282,13.003138264499148,517.91
1416,35,16,-15.005095738533857,18.640554424279646,519.424
1417,35,17,-21.93797680271775,24.660285300209733,521.176
1418,35,18,-28.628749858939493,31.286357681971236,523.027
1419,35,19,-34.95394045493089,38.78951514562159,524.813
1420,35,20,-40.74312683316366,47.49052728024668,526.358
1421,35,21,-45.76107557107527,57.72833539321923,527.497
1422,35,22,-49.6991850615862,69.74629229447761,528.085
1423,35,23,-52.20399301514829,83.46022614778519,528.016
1424,35,24,-52.974400787485294,98.21659713259845,527.235
1425,35,25,-51.90129610660625,112.87586331798163,525.744
1426,35,26,-49.13074939810105,126.34844560677763,523.602
1427,35,27,-44.98043617536158,138.0791452421128,520.925
1428,35,28,-39.80068708620154,148.05511463815833,517.874
1429,35,29,-33.888895397272464,156.54770355026048,514.644
1430,35,30,-27.469289388836685,163.8980116255697,511.446
1431,35,31,-20.704190214066863,170.42000899985314,508.489
1432,35,32,-13.71202140033997,176.37682188069635,505.965
1433,35,33,-6.582934614510997,-178.0131303001563,504.026
1434,35,34,0.6092254464867516,-172.56136892730052,502.78
1435,35,35,7.797800725387301,-167.09350196838182,502.274
1436,35,36,14.915249722644218,-161.43355642962402,502.497
1437,35,37,21.885157242318748,-155.3882789386508,503.38
1438,35,38,28.612543527586347,-148.7310438188011,504.804
1439,35,39,34.97119009767976,-141.18768727679065,506.614
1440,36,0,37.960237972828246,-127.98371583748374,507.608
1441,36,1,43.419567195284415,-118.49345485369616,509.661
1442,36,2,47.94813287916461,-107.30419797424626,511.653
1443,36,3,51.202574584703115,-94.30719492716908,513.43
1444,36,4,52.836892004020015,-79.87107785215937,514.871
1445,36,5,52.63445202721,-64.96095247893996,515.906
1446,36,6,50.62582316590348,-50.78292434700295,516.513
1447,36,7,47.070795080276476,-38.18092138491136,516.724
1448,36,8,42.32503962607363,-27.395104996713886,516.615
1449,36,9,36.72031275166081,-18.248906254629237,516.302
1450,36,10,30.51686173988843,-10.411213809394477,515.919
1451,36,11,23.904656349689343,-3.546827162867942,515.609
1452,36,12,17.02056674184144,2.632609544112909,515.503
1453,36,13,9.96585047079015,8.365059035014262,515.708
1454,36,14,2.819888208512781,13.8505777640692,516.291
1455,36,15,-4.34950672525961,19.267195252324345,517.275
1456,36,16,-11.477685522815792,24.786594280983486,518.63
1457,36,17,-18.495441932720848,30.58957934888697,520.279
1458,36,18,-25.32045381934273,36.88183306515327,522.099
1459,36,19,-31.84637855239892,43.90931566443643,523.939
1460,36,20,-37.92852881960646,51.9687510548493,525.626
1461,36,21,-43.366138040501994,61.39774524178186,526.988
1462,36,22,-47.88690706344462,72.50896720996437,527.867
1463,36,23,-51.15244441128981,85.41718462802056,528.137
1464,36,24,-52.81877834234114,99.77267131987826,527.716
1465,36,25,-52.66479855769237,114.63532687836609,526.576
1466,36,26,-50.71064387011129,128.81015506667694,524.748
1467,36,27,-47.20554446731707,141.44231672904874,522.321
1468,36,28,-42.498936242342154,152.27304331858633,519.434
1469,36,29,-36.92062853963895,161.46552171493968,516.268
1470,36,30,-30.73118624585426,169.34488258297975,513.027
1471,36,31,-24.121699270944838,176.24491726744506,509.925
1472,36,32,-17.23034917200921,-177.54548090806387,507.163
1473,36,33,-10.159713437549915,-171.78709868298787,504.914
1474,36,34,-2.9905127372820464,-166.27851013623757,503.312
1475,36,35,4.208073998116156,-160.84021789642503,502.433
1476,36,36,11.369882085824543,-155.2990220265771,502.297
1477,36,37,18.42401693702273,-149.47226960790925,502.862
1478,36,38,25.28614748668905,-143.15204968208633,504.033
1479,36,39,31.84749528832822,-136.08936087272633,505.672
1480,37,0,40.78710983632396,-114.43337867517631,508.631
1481,37,1,45.82047772628687,-104.12581725530502,510.675
1482,37,2,49.757467065773916,-92.02294744228503,512.577
1483,37,3,52.240626734761655,-78.22118418644027,514.198
1484,37,4,52.96977333432261,-63.398007121355114,515.442
1485,37,5,51.84373127228138,-48.713561443596674,516.262
1486,37,6,49.01988176749341,-35.256698835175456,516.664
1487,37,7,44.82456784340731,-23.565732117789555,516.703
1488,37,8,39.61198261981243,-13.636511951518186,516.476
1489,37,9,33.68008626906141,-5.188287252509379,516.11
1490,37,10,27.252277203432456,2.1233534143611084,515.746
1491,37,11,20.489612991101744,8.612573137704477,515.523
1492,37,12,13.50920320180467,14.541498356166535,515.561
1493,37,13,6.399875726357723,20.127227059402962,515.949
1494,37,14,-0.7659060373437302,25.55680568538185,516.733
1495,37,15,-7.922873441921282,31.003147303131243,517.91
1496,37,16,-15.005095738533857,36.64056004781716,519.424
1497,37,17,-21.93797680271775,42.66029263129454,521.176
1498,37,18,-28.628749858939493,49.28636501305604,523.027
1499,37,19,-34.95394045493089,56.789522476706395,524.813
1500,37,20,-40.74312683316366,65.4905311962369,526.358
1501,37,21,-45.76107557107527,75.72834272430403,527.497
1502,37,22,-49.6991850615862,87.74629962556241,528.085
1503,37,23,-52.20399301514829,101.46023347887,528.016
1504,37,24,-52.974400787485294,116.21659763349408,527.235
1505,37,25,-51.90129610660625,130.8758774792556,525.744
1506,37,26,-49.13074939810105,144.34845293786245,523.602
1507,37,27,-44.98043617536158,156.0791525731976,520.925
1508,37,28,-39.80068708620154,166.05512196924312,517.874
1509,37,29,-33.888895397272464,174.54771088134527,514.644
1510,37,30,-27.469289388836685,-178.10197740087983,511.446
1511,37,31,-20.704190214066863,-171.5799800265964,508.489
1512,37,32,-13.71202140033997,-165.6231808061315,505.965
1513,37,33,-6.582934614510997,-160.0131229690715,504.026
1514,37,34,0.6092254464867516,-154.5613615962157,502.78
1515,37,35,7.797800725387301,-149.09349463729703,502.274
1516,37,36,14.915249722644218,-143.43354909853923,502.497
1517,37,37,21.885157242318748,-137.388271607566,503.38
1518,37,38,28.612543527586347,-130.73103648771632,504.804
1519,37,39,34.97119009767976,-123.18767994570585,506.614
1520,38,0,37.960237972828246,-109.98370850639894,507.608
1521,38,1,43.419567195284415,-100.4934406924222,509.661
1522,38,2,47.94813287916461,-89.30419064316146,511.653
1523,38,3,51.202574584703115,-76.30718759608428,513.43
1524,38,4,52.836892004020015,-61.87107052107457,514.871
1525,38,5,52.63445202721,-46.960941732760574,515.906
1526,38,6,50.62582316590348,-32.782917015918144,516.513
1527,38,7,47.070795080276476,-20.180914053826555,516.724
1528,38,8,42.32503962607363,-9.395098519402728,516.615
1529,38,9,36.72031275166081,-0.24889852333803797,516.302
1530,38,10,30.51686173988843,7.5887935216903255,515.919
1531,38,11,23.904656349689343,14.453180595103685,515.609
1532,38,12,17.02056674184144,20.6326166617543,515.503
1533,38,13,9.96585047079015,26.365066366099065,515.708
1534,38,14,2.819888208512781,31.85058594892765,516.291
1535,38,15,-4.34950672525961,37.267202583409144,517.275
1536,38,16,-11.477685522815792,42.78660331961558,518.63
1537,38,17,-18.495441932720848,48.589586679971774,520.279
1538,38,18,-25.32045381934273,54.881840396238076,522.099
1539,38,19,-31.84637855239892,61.90932641061582,523.939
1540,38,20,-37.92852881960646,69.9687583859341,525.626
1541,38,21,-43.366138040501994,79.39775257286666,526.988
1542,38,22,-47.88690706344462,90.50897454104917,527.867
1543,38,23,-51.15244441128981,103.41719195910537,528.137
1544,38,24,-52.81877834234114,117.77267865096306,527.716
1545,38,25,-52.66479855769237,132.6353342094509,526.576
1546,38,26,-50.71064387011129,146.81016239776176,524.748
1547,38,27,-47.20554446731707,159.44232406013353,522.321
1548,38,28,-42.498936242342154,170.27305064967115,519.434
1549,38,29,-36.92062853963895,179.4655290460245,516.268
1550,38,30,-30.73118624585426,-172.65510644346975,513.027
1551,38,31,-24.121699270944838,-165.75507175900447,509.925
1552,38,32,-17.23034917200921,-159.54547357697908,507.163
1553,38,33,-10.159713437549915,-153.78709135190306,504.914
1554,38,34,-2.9905127372820464,-148.27850280515275,503.312
1555,38,35,4.208073998116156,-142.84021056534021,502.433
1556,38,36,11.369882085824543,-137.29901469549227,502.297
1557,38,37,18.42401693702273,-131.47226227682444,502.862
1558,38,38,25.28614748668905,-125.15204235100153,504.033
1559,38,39,31.84749528832822,-118.08935354164153,505.672
1560,39,0,40.78710983632396,-96.43337134409151,508.631
1561,39,1,45.82047772628687,-86.12580992422022,510.675
1562,39,2,49.757467065773916,-74.02294011120023,512.577
1563,39,3,52.240626734761655,-60.221176855355466,514.198
1564,39,4,52.96977333432261,-45.398003205364894,515.442
1565,39,5,51.84373127228138,-30.713554112511872,516.262
1566,39,6,49.01988176749341,-17.25669321163795,516.664
1567,39,7,44.82456784340731,-5.565725213591576,516.703
1568,39,8,39.61198261981243,4.363494952679796,516.476
1569,39,9,33.68008626906141,12.811719651688602,516.11
1570,39,10,27.252277203432456,20.123361172332736,515.746
1571,39,11,20.489612991101744,26.61258046878928,515.523
1572,39,12,13.50920320180467,32.541503979704046,515.561
1573,39,13,6.399875726357723,38.127236098035056,515.949
1574,39,14,-0.7659060373437302,43.556813016466656,516.733
1575,39,15,-7.922873441921282,49.003154634216045,517.91
1576,39,16,-15.005095738533857,54.64056737890196,519.424
1577,39,17,-21.93797680271775,60.66030337747392,521.176
1578,39,18,-28.628749858939493,67.28637234414084,523.027
1579,39,19,-34.95394045493089,74.78953322288578,524.813
1580,39,20,-40.74312683316366,83.4905385273217,526.358
1581,39,21,-45.76107557107527,93.72835005538883,527.497
1582,39,22,-49.6991850615862,105.74630695664722,528.085
1583,39,23,-52.20399301514829,119.4602408099548,528.016
1584,39,24,-52.974400787485294,134.2166049645789,527.235
1585,39,25,-51.90129610660625,148.8758848103404,525.744
1586,39,26,-49.13074939810105,162.34846026894724,523.602
1587,39,27,-44.98043617536158,174.0791599042824,520.925
1588,39,28,-39.80068708620154,-175.9448670572064,517.874
1589,39,29,-33.888895397272464,-167.4522918054826,514.644
1590,39,30,-27.469289388836685,-160.10197006979502,511.446
1591,39,31,-20.704190214066863,-153.5799726955116,508.489
1592,39,32,-13.71202140033997,-147.6231734750467,505.965
1593,39,33,-6.582934614510997,-142.0131156379867,504.026
1594,39,34,0.6092254464867516,-136.5613542651309,502.78
1595,39,35,7.797800725387301,-131.0934873062122,502.274
1596,39,36,14.915249722644218,-125.43354176745443,502.497
1597,39,37,21.885157242318748,-119.3882642764812,503.38
1598,39,38,28.612543527586347,-112.73102915663151,504.804
1599,39,39,34.97119009767976,-105.18767261462105,506.614
