0,0,0,-39.23201919628462,-159.17015468208686,517.546
1,0,1,-33.25986912566014,-150.8085141567522,514.311
2,0,2,-26.798826067077187,-143.55537235257557,511.129
3,0,3,-20.005970711067725,-137.1016222284789,508.209
4,0,4,-12.996216721548986,-131.1891782564841,505.738
5,0,5,-5.857582185033983,-125.60331294946427,503.867
6,0,6,1.3372164634175063,-120.15775338837484,502.695
7,0,7,8.521743574574353,-114.67861661732563,502.265
8,0,8,15.627971424798584,-108.98893926511077,502.56
9,0,9,22.578074810974666,-102.89279735538847,503.505
10,0,10,29.274563027984417,-96.15933732440143,504.977
11,0,11,35.587198028734036,-88.5090814916911,506.816
12,0,12,41.336144347471674,-79.61295134304626,508.845
13,0,13,46.27409790982409,-69.1315479484198,510.883
14,0,14,50.08045646634006,-56.844365480647014,512.762
15,0,15,52.397717670577364,-42.89796272384347,514.349
16,0,16,52.93958048309657,-28.03197061794609,515.552
17,0,17,51.63083427585209,-13.429050078120925,516.328
18,0,18,48.65204534483696,-0.13690341792944966,516.69
19,0,19,44.33836082733995,11.36893525085085,516.696
20,0,20,39.04079780518636,21.13338905622671,516.449
21,0,21,33.04983056339849,29.451157568975095,516.076
22,0,22,26.581737042044793,36.666241559096406,515.719
23,0,23,19.792334346660773,43.08777026578354,515.516
24,0,24,12.795214499559265,48.97277395278783,515.585
25,0,25,5.677084190932641,54.53457991845629,516.011
26,0,26,-1.4907320086461244,59.95810528928325,516.835
27,0,27,-8.64319799839552,65.4156654927444,518.048
28,0,28,-15.713941308334244,71.08261197540143,519.59
29,0,29,-22.62698238052654,77.1527786757102,521.358
30,0,30,-29.28706227416554,83.8543348930841,523.209
31,0,31,-35.56677234802111,91.46326808131585,524.978
32,0,32,-41.28993128754737,100.30455864111467,526.489
33,0,33,-46.21392394323628,110.71450459664446,527.577
34,0,34,-50.02336633016251,122.91570181295594,528.102
35,0,35,-52.36443415875189,136.7752348088007,527.963
36,0,36,-52.94921104982629,151.57803058940252,527.109
37,0,37,-51.69394180868842,166.16037518435303,525.549
38,0,38,-48.76789901353871,179.47164889552081,523.347
39,0,39,-44.498060895418604,-168.98140723610837,520.624
40,1,0,-36.31901181716588,-145.8296477612714,515.935
41,1,1,-30.079449595251646,-138.06387293912866,512.7
42,1,2,-23.435903882045952,-131.24588248697353,509.623
43,1,3,-16.522227602260845,-125.0920049881971,506.907
44,1,4,-9.43822177250125,-119.36754148253938,504.72
45,1,5,-2.263000047036604,-113.87397252177394,503.189
46,1,6,4.934890222509668,-108.43318726291434,502.387
47,1,7,12.089176137507755,-102.87171256142064,502.325
48,1,8,19.12803356307992,-97.00509915875661,502.958
49,1,9,25.96521343170818,-90.62193903973201,504.184
50,1,10,32.488716862703605,-83.46837456346502,505.861
51,1,11,38.54582424131929,-75.23865231175996,507.819
52,1,12,43.92493289197366,-65.58937086371616,509.874
53,1,13,48.341094152682956,-54.216634612592195,511.851
54,1,14,51.44653528147764,-41.0472136852018,513.599
55,1,15,52.90153974451418,-26.51074405581168,515.002
56,1,16,52.510613867368505,-11.621461858618208,515.994
57,1,17,50.331066352271584,2.4255147933835373,516.558
58,1,18,46.63921250209629,14.845586915751964,516.732
59,1,19,41.792616134987384,25.45326684775363,516.597
60,1,20,36.11684163282809,34.45131024900424,516.269
61,1,21,29.864489881693004,42.17599806819478,515.886
62,1,22,23.21931004572839,48.95895306500231,515.59
63,1,23,16.31384194577834,55.083149976740444,515.51
64,1,24,9.246577763448093,60.782037839051064,515.75
65,1,25,2.0952617000784923,66.25274615666447,516.373
66,1,26,-5.0728967560107145,71.6719070366118,517.395
67,1,27,-12.193208456303513,77.21147049124811,518.783
68,1,28,-19.195543152836326,83.0540211374662,520.454
69,1,29,-25.995676075406436,89.40862423557095,522.283
70,1,30,-32.4841167302976,96.52606384131776,524.115
71,1,31,-38.511345446389065,104.70822065564283,525.776
72,1,32,-43.8699396238713,114.29456874067415,527.096
73,1,33,-48.280032261503045,125.58775377853497,527.918
74,1,34,-51.39869322143628,138.66812611462134,528.12
75,1,35,-52.88771544163408,153.126297870461,527.626
76,1,36,-52.54638698314645,167.97254731456246,526.415
77,1,37,-50.42126583045077,-177.97948478830483,524.521
78,1,38,-46.77841517247574,-165.52687513883433,522.041
79,1,39,-41.969685374125376,-154.8736788262037,519.118
80,2,0,-39.23201919628462,-141.1701610113804,517.546
81,2,1,-33.25986912566014,-132.8085068256674,514.311
82,2,2,-26.798826067077187,-125.55537868186912,511.129
83,2,3,-20.005970711067725,-119.10162855777244,508.209
84,2,4,-12.996216721548986,-113.18917092539928,505.738
85,2,5,-5.857582185033983,-107.6033192787578,503.867
86,2,6,1.3372164634175063,-102.1577528874792,502.695
87,2,7,8.521743574574353,-96.67862294661917,502.265
88,2,8,15.627971424798584,-90.98893876421515,502.56
89,2,9,22.578074810974666,-84.89279685449283,503.505
90,2,10,29.274563027984417,-78.1593368235058,504.977
91,2,11,35.587198028734036,-70.50908099079547,506.816
92,2,12,41.336144347471674,-61.612950842150624,508.845
93,2,13,46.27409790982409,-51.131547447524156,510.883
94,2,14,50.08045646634006,-38.844364979751376,512.762
95,2,15,52.397717670577364,-24.897963930495127,514.349
96,2,16,52.93958048309657,-10.031969263276812,515.552
97,2,17,51.63083427585209,4.570950849661531,516.328
98,2,18,48.65204534483696,17.86309789671919,516.69
99,2,19,44.33836082733995,29.368935751746484,516.696
100,2,20,39.04079780518636,39.13338784957505,516.449
101,2,21,33.04983056339849,47.45115806987073,516.076
102,2,22,26.581737042044793,54.66624205999204,515.719
103,2,23,19.792334346660773,61.08777076667917,515.516
104,2,24,12.795214499559265,66.97277786877805,515.585
105,2,25,5.677084190932641,72.53458041935193,516.011
106,2,26,-1.4907320086461244,77.95810579017889,516.835
107,2,27,-8.64319799839552,83.41566599364002,518.048
108,2,28,-15.713941308334244,89.08261247629707,519.59
109,2,29,-22.62698238052654,95.15277917660583,521.358
110,2,30,-29.28706227416554,101.85433539397972,523.209
111,2,31,-35.56677234802111,109.46326858221148,524.978
112,2,32,-41.28993128754737,118.30455914201029,526.489
113,2,33,-46.21392394323628,128.7145050975401,527.577
114,2,34,-50.02336633016251,140.9156954836624,528.102
115,2,35,-52.36443415875189,154.77522847950715,527.963
116,2,36,-52.94921104982629,169.57802426010898,527.109
117,2,37,-51.69394180868842,-175.8396138420965,525.549
118,2,38,-48.76789901353871,-162.52835379130704,523.347
119,2,39,-44.498060895418604,-150.9814135654019,520.624
120,3,0,-36.31901181716588,-127.8296404301866,515.935
121,3,1,-30.079449595251646,-120.06387926842218,512.7
122,3,2,-23.435903882045952,-113.2458819860779,509.623
123,3,3,-16.522227602260845,-107.09201131749064,506.907
124,3,4,-9.43822177250125,-101.36754098164374,504.72
125,3,5,-2.263000047036604,-95.8739720208783,503.189
126,3,6,4.934890222509668,-90.43318676201872,502.387
127,3,7,12.089176137507755,-84.871712060525,502.325
128,3,8,19.12803356307992,-79.00509865786097,502.958
129,3,9,25.96521343170818,-72.62193853883639,504.184
130,3,10,32.488716862703605,-65.46837406256938,505.861
131,3,11,38.54582424131929,-57.23865181086433,507.819
132,3,12,43.92493289197366,-47.589366947725935,509.874
133,3,13,48.341094152682956,-36.216634111696564,511.851
134,3,14,51.44653528147764,-23.047214891853454,513.599
135,3,15,52.90153974451418,-8.510742701142402,515.002
136,3,16,52.510613867368505,6.378539069164249,515.994
137,3,17,50.331066352271584,20.42551508083576,516.558
138,3,18,46.63921250209629,32.8455874166476,516.732
139,3,19,41.792616134987384,43.45326734864926,516.597
140,3,20,36.11684163282809,52.45131074989987,516.269
141,3,21,29.864489881693004,60.176001984185,515.886
142,3,22,23.21931004572839,66.95895356589794,515.59
143,3,23,16.31384194577834,73.08315389273066,515.51
144,3,24,9.246577763448093,78.7820383399467,515.75
145,3,25,2.0952617000784923,84.25274665756011,516.373
146,3,26,-5.0728967560107145,89.67190753750744,517.395
147,3,27,-12.193208456303513,95.21147099214375,518.783
148,3,28,-19.195543152836326,101.05402163836182,520.454
149,3,29,-25.995676075406436,107.40862473646659,522.283
150,3,30,-32.4841167302976,114.52606434221339,524.115
151,3,31,-38.511345446389065,122.70821432634929,525.776
152,3,32,-43.8699396238713,132.2945624113806,527.096
153,3,33,-48.280032261503045,143.58774744924145,527.918
154,3,34,-51.39869322143628,156.66813344570613,528.12
155,3,35,-52.88771544163408,171.12630520154582,527.626
156,3,36,-52.54638698314645,-174.0274553722654,526.415
157,3,37,-50.42126583045077,-159.97947745722,524.521
158,3,38,-46.77841517247574,-147.52688146812787,522.041
159,3,39,-41.969685374125376,-136.8736714951189,519.118
160,4,0,-39.23201919628462,-123.1701536802956,517.546
161,4,1,-33.25986912566014,-114.80851315496093,514.311
162,4,2,-26.798826067077187,-107.55537818097348,511.129
163,4,3,-20.005970711067725,-101.1016280568768,508.209
164,4,4,-12.996216721548986,-95.18917042450366,505.738
165,4,5,-5.857582185033983,-89.60331877786217,503.867
166,4,6,1.3372164634175063,-84.15775238658357,502.695
167,4,7,8.521743574574353,-78.67862244572353,502.265
168,4,8,15.627971424798584,-72.98893826331951,502.56
169,4,9,22.578074810974666,-66.8927963535972,503.505
170,4,10,29.274563027984417,-60.159336322610166,504.977
171,4,11,35.587198028734036,-52.509077074805255,506.816
172,4,12,41.336144347471674,-43.612953756349576,508.845
173,4,13,46.27409790982409,-33.131546946628525,510.883
174,4,14,50.08045646634006,-20.844364478855745,512.762
175,4,15,52.397717670577364,-6.897963429599495,514.349
176,4,16,52.93958048309657,7.968031237618821,515.552
177,4,17,51.63083427585209,22.570950923670342,516.328
178,4,18,48.65204534483696,35.86309669006753,516.69
179,4,19,44.33836082733995,47.368936252642115,516.696
180,4,20,39.04079780518636,57.13338835047068,516.449
181,4,21,33.04983056339849,65.45115515567178,516.076
182,4,22,26.581737042044793,72.66624597598226,515.719
183,4,23,19.792334346660773,79.08777126757481,515.516
184,4,24,12.795214499559265,84.97277836967368,515.585
185,4,25,5.677084190932641,90.53458092024755,516.011
186,4,26,-1.4907320086461244,95.95810629107451,516.835
187,4,27,-8.64319799839552,101.41566649453566,518.048
188,4,28,-15.713941308334244,107.08261297719271,519.59
189,4,29,-22.62698238052654,113.15277967750146,521.358
190,4,30,-29.28706227416554,119.85434272506453,523.209
191,4,31,-35.56677234802111,127.46326908310712,524.978
192,4,32,-41.28993128754737,136.3045664730951,526.489
193,4,33,-46.21392394323628,146.7145124286249,527.577
194,4,34,-50.02336633016251,158.91570281474722,528.102
195,4,35,-52.36443415875189,172.77523581059194,527.963
196,4,36,-52.94921104982629,-172.42197842671888,527.109
197,4,37,-51.69394180868842,-157.83962017139004,525.549
198,4,38,-48.76789901353871,-144.52834646022222,523.347
199,4,39,-44.498060895418604,-132.9814062343171,520.624
200,5,0,-36.31901181716588,-109.82964675948014,515.935
201,5,1,-30.079449595251646,-102.06387876752655,512.7
202,5,2,-23.435903882045952,-95.24588148518227,509.623
203,5,3,-16.522227602260845,-89.092010816595,506.907
204,5,4,-9.43822177250125,-83.36754048074812,504.72
205,5,5,-2.263000047036604,-77.87397151998267,503.189
206,5,6,4.934890222509668,-72.43318626112308,502.387
207,5,7,12.089176137507755,-66.87171155962938,502.325
208,5,8,19.12803356307992,-61.00509815696534,502.958
209,5,9,25.96521343170818,-54.62194145303533,504.184
210,5,10,32.488716862703605,-47.46837697676833,505.861
211,5,11,38.54582424131929,-39.2386513099687,507.819
212,5,12,43.92493289197366,-29.589366446830304,509.874
213,5,13,48.341094152682956,-18.216633610800926,511.851
214,5,14,51.44653528147764,-5.0472139640709965,513.599
215,5,15,52.90153974451418,9.489257799753231,515.002
216,5,16,52.510613867368505,24.378539996946706,515.994
217,5,17,50.331066352271584,38.42551728927869,516.558
218,5,18,46.63921250209629,50.845587917543234,516.732
219,5,19,41.792616134987384,61.45326784954489,516.597
220,5,20,36.11684163282809,70.4513112507955,516.269
221,5,21,29.864489881693004,78.17600248508063,515.886
222,5,22,23.21931004572839,84.95895406679358,515.59
223,5,23,16.31384194577834,91.0831543936263,515.51
224,5,24,9.246577763448093,96.78203884084233,515.75
225,5,25,2.0952617000784923,102.25274715845575,516.373
226,5,26,-5.0728967560107145,107.67190803840307,517.395
227,5,27,-12.193208456303513,113.21147149303938,518.783
228,5,28,-19.195543152836326,119.05402213925746,520.454
229,5,29,-25.995676075406436,125.40862523736222,522.283
230,5,30,-32.4841167302976,132.52606484310903,524.115
231,5,31,-38.511345446389065,140.7082216574341,525.776
232,5,32,-43.8699396238713,150.29456974246543,527.096
233,5,33,-48.280032261503045,161.58775478032624,527.918
234,5,34,-51.39869322143628,174.6681271164126,528.12
235,5,35,-52.88771544163408,-170.87369748528207,527.626
236,5,36,-52.54638698314645,-156.0274480411806,526.415
237,5,37,-50.42126583045077,-141.97948378651355,524.521
238,5,38,-46.77841517247574,-129.52687413704308,522.041
239,5,39,-41.969685374125376,-118.87367782441244,519.118
240,6,0,-39.23201919628462,-105.17015317939996,517.546
241,6,1,-33.25986912566014,-96.8085126540653,514.311
242,6,2,-26.798826067077187,-89.55537768007785,511.129
243,6,3,-20.005970711067725,-83.10162755598118,508.209
244,6,4,-12.996216721548986,-77.18916992360802,505.738
245,6,5,-5.857582185033983,-71.60331827696653,503.867
246,6,6,1.3372164634175063,-66.15775188568794,502.695
247,6,7,8.521743574574353,-60.678621944827896,502.265
248,6,8,15.627971424798584,-54.98893434732929,502.56
249,6,9,22.578074810974666,-48.89279243760698,503.505
250,6,10,29.274563027984417,-42.15933240661995,504.977
251,6,11,35.587198028734036,-34.50907657390962,506.816
252,6,12,41.336144347471674,-25.61295325545394,508.845
253,6,13,46.27409790982409,-15.131546445732889,510.883
254,6,14,50.08045646634006,-2.84436397796011,512.762
255,6,15,52.397717670577364,11.102037071296138,514.349
256,6,16,52.93958048309657,25.96803088474081,515.552
257,6,17,51.63083427585209,40.570951424565976,516.328
258,6,18,48.65204534483696,53.86309719096317,516.69
259,6,19,44.33836082733995,65.36894016863234,516.696
260,6,20,39.04079780518636,75.1333922664609,516.449
261,6,21,33.04983056339849,83.45115565656741,516.076
262,6,22,26.581737042044793,90.66624647687789,515.719
263,6,23,19.792334346660773,97.08777176847043,515.516
264,6,24,12.795214499559265,102.97277887056931,515.585
265,6,25,5.677084190932641,108.53458142114319,516.011
266,6,26,-1.4907320086461244,113.95810679197015,516.835
267,6,27,-8.64319799839552,119.4156669954313,518.048
268,6,28,-15.713941308334244,125.08262030827751,519.59
269,6,29,-22.62698238052654,131.15278700858627,521.358
270,6,30,-29.28706227416554,137.85433639577099,523.209
271,6,31,-35.56677234802111,145.4632764141919,524.978
272,6,32,-41.28993128754737,154.30456014380155,526.489
273,6,33,-46.21392394323628,164.71450609933135,527.577
274,6,34,-50.02336633016251,176.91569648545368,528.102
275,6,35,-52.36443415875189,-169.22476687623592,527.963
276,6,36,-52.94921104982629,-154.4219710956341,527.109
277,6,37,-51.69394180868842,-139.83961284030525,525.549
278,6,38,-48.76789901353871,-126.52835278951576,523.347
279,6,39,-44.498060895418604,-114.98141256361063,520.624
280,7,0,-36.31901181716588,-91.8296462585845,515.935
281,7,1,-30.079449595251646,-84.06387826663091,512.7
282,7,2,-23.435903882045952,-77.24588098428664,509.623
283,7,3,-16.522227602260845,-71.09201031569938,506.907
284,7,4,-9.43822177250125,-65.36754681004165,504.72
285,7,5,-2.263000047036604,-59.87397784927621,503.189
286,7,6,4.934890222509668,-54.433185760227445,502.387
287,7,7,12.089176137507755,-48.87171105873374,502.325
288,7,8,19.12803356307992,-43.00510107116429,502.958
289,7,9,25.96521343170818,-36.621944367234285,504.184
290,7,10,32.488716862703605,-29.468379890967284,505.861
291,7,11,38.54582424131929,-21.238652516620363,507.819
292,7,12,43.92493289197366,-11.589371068576549,509.874
293,7,13,48.341094152682956,-0.2166358046283654,511.851
294,7,14,51.44653528147764,12.952783548616875,513.599
295,7,15,52.90153974451418,27.489254031780632,515.002
296,7,16,52.510613867368505,42.378537082747755,515.994
297,7,17,50.331066352271584,56.425514375079736,516.558
298,7,18,46.63921250209629,68.84558841843887,516.732
299,7,19,41.792616134987384,79.45326152025136,516.597
300,7,20,36.11684163282809,88.45130492150197,516.269
301,7,21,29.864489881693004,96.17599615578709,515.886
302,7,22,23.21931004572839,102.9589545676892,515.59
303,7,23,16.31384194577834,109.08314806433276,515.51
304,7,24,9.246577763448093,114.78203934173796,515.75
305,7,25,2.0952617000784923,120.25274765935137,516.373
306,7,26,-5.0728967560107145,125.67190170910953,517.395
307,7,27,-12.193208456303513,131.21147199393502,518.783
308,7,28,-19.195543152836326,137.05401580996391,520.454
309,7,29,-25.995676075406436,143.4086189080687,522.283
310,7,30,-32.4841167302976,150.52605851381549,524.115
311,7,31,-38.511345446389065,158.70821532814057,525.776
312,7,32,-43.8699396238713,168.2945634131719,527.096
313,7,33,-48.280032261503045,179.5877484510327,527.918
314,7,34,-51.39869322143628,-167.33187557041526,528.12
315,7,35,-52.88771544163408,-152.8737038145756,527.626
316,7,36,-52.54638698314645,-138.02745437047415,526.415
317,7,37,-50.42126583045077,-123.97947645542875,524.521
318,7,38,-46.77841517247574,-111.5268804663366,522.041
319,7,39,-41.969685374125376,-100.8736773235168,519.118
320,8,0,-39.23201919628462,-87.17015267850434,517.546
321,8,1,-33.25986912566014,-78.80851215316966,514.311
322,8,2,-26.798826067077187,-71.55537717918222,511.129
323,8,3,-20.005970711067725,-65.10162705508554,508.209
324,8,4,-12.996216721548986,-59.18916942271239,505.738
325,8,5,-5.857582185033983,-53.6033177760709,503.867
326,8,6,1.3372164634175063,-48.157747969697716,502.695
327,8,7,8.521743574574353,-42.678621443932265,502.265
328,8,8,15.627971424798584,-36.98893384643366,502.56
329,8,9,22.578074810974666,-30.892791936711347,503.505
330,8,10,29.274563027984417,-24.15933190572432,504.977
331,8,11,35.587198028734036,-16.509077780561277,506.816
332,8,12,41.336144347471674,-7.612951900784661,508.845
333,8,13,46.27409790982409,2.8684538417193335,510.883
334,8,14,50.08045646634006,15.155636522935524,512.762
335,8,15,52.397717670577364,29.102039279739063,514.349
336,8,16,52.93958048309657,43.96803138563644,515.552
337,8,17,51.63083427585209,58.570955340556196,516.328
338,8,18,48.65204534483696,71.8630976918588,516.69
339,8,19,44.33836082733995,83.36894066952797,516.696
340,8,20,39.04079780518636,93.13339276735654,516.449
341,8,21,33.04983056339849,101.45115615746305,516.076
342,8,22,26.581737042044793,108.66624697777353,515.719
343,8,23,19.792334346660773,115.08777226936607,515.516
344,8,24,12.795214499559265,120.97277254127577,515.585
345,8,25,5.677084190932641,126.53458192203883,516.011
346,8,26,-1.4907320086461244,131.95810729286578,516.835
347,8,27,-8.64319799839552,137.41566066613777,518.048
348,8,28,-15.713941308334244,143.08261397898397,519.59
349,8,29,-22.62698238052654,149.15278067929273,521.358
350,8,30,-29.28706227416554,155.8543437268558,523.209
351,8,31,-35.56677234802111,163.46327008489837,524.978
352,8,32,-41.28993128754737,172.30456747488637,526.489
353,8,33,-46.21392394323628,-177.2854965874965,527.577
354,8,34,-50.02336633016251,-165.08429254099585,528.102
355,8,35,-52.36443415875189,-151.22477320552946,527.963
356,8,36,-52.94921104982629,-136.42197742492763,527.109
357,8,37,-51.69394180868842,-121.83961916959878,525.549
358,8,38,-48.76789901353871,-108.52835228862014,523.347
359,8,39,-44.498060895418604,-96.981412062715,520.624
360,9,0,-36.31901181716588,-73.82964575768887,515.935
361,9,1,-30.079449595251646,-66.06387776573528,512.7
362,9,2,-23.435903882045952,-59.245880483391005,509.623
363,9,3,-16.522227602260845,-53.09201322989833,506.907
364,9,4,-9.43822177250125,-47.36754630914602,504.72
365,9,5,-2.263000047036604,-41.87397393328599,503.189
366,9,6,4.934890222509668,-36.433185259331815,502.387
367,9,7,12.089176137507755,-30.871710557838103,502.325
368,9,8,19.12803356307992,-25.005100570268656,502.958
369,9,9,25.96521343170818,-18.621942158791363,504.184
370,9,10,32.488716862703605,-11.468378536298003,505.861
371,9,11,38.54582424131929,-3.23865222916814,507.819
372,9,12,43.92493289197366,6.410629859205908,509.874
373,9,13,48.341094152682956,17.783363975895753,511.851
374,9,14,51.44653528147764,30.952784903286155,513.599
375,9,15,52.90153974451418,45.48925453267627,515.002
376,9,16,52.510613867368505,60.378537583643386,515.994
377,9,17,50.331066352271584,74.42551146088078,516.558
378,9,18,46.63921250209629,86.8455889193345,516.732
379,9,19,41.792616134987384,97.453262021147,516.597
380,9,20,36.11684163282809,106.4513054223976,516.269
381,9,21,29.864489881693004,114.17599665668273,515.886
382,9,22,23.21931004572839,120.95894823839568,515.59
383,9,23,16.31384194577834,127.08315539541756,515.51
384,9,24,9.246577763448093,132.78203301244443,515.75
385,9,25,2.0952617000784923,138.25274133005783,516.373
386,9,26,-5.0728967560107145,143.67190904019432,517.395
387,9,27,-12.193208456303513,149.21146566464148,518.783
388,9,28,-19.195543152836326,155.05402314104873,520.454
389,9,29,-25.995676075406436,161.40862623915348,522.283
390,9,30,-32.4841167302976,168.5260658449003,524.115
391,9,31,-38.511345446389065,176.70822265922536,525.776
392,9,32,-43.8699396238713,-173.70543927365597,527.096
393,9,33,-48.280032261503045,-162.41225423579516,527.918
394,9,34,-51.39869322143628,-149.33186823933045,528.12
395,9,35,-52.88771544163408,-134.87371014386912,527.626
396,9,36,-52.54638698314645,-120.02746069976767,526.415
397,9,37,-50.42126583045077,-105.9794827847223,524.521
398,9,38,-46.77841517247574,-93.52687996544097,522.041
399,9,39,-41.969685374125376,-82.87367682262118,519.118
400,10,0,-39.23201919628462,-69.1701521776087,517.546
401,10,1,-33.25986912566014,-60.80851165227403,514.311
402,10,2,-26.798826067077187,-53.55537667828658,511.129
403,10,3,-20.005970711067725,-47.10162655418991,508.209
404,10,4,-12.996216721548986,-41.18917233691134,505.738
405,10,5,-5.857582185033983,-35.603317275175264,503.867
406,10,6,1.3372164634175063,-30.157747468802086,502.695
407,10,7,8.521743574574353,-24.67861923548934,502.265
408,10,8,15.627971424798584,-18.988933345538026,502.56
409,10,9,22.578074810974666,-12.892793143363006,503.505
410,10,10,29.274563027984417,-6.159331831715507,504.977
411,10,11,35.587198028734036,1.4909234673862963,506.816
412,10,12,41.336144347471674,10.387048600110973,508.845
413,10,13,46.27409790982409,20.868454556058378,510.883
414,10,14,50.08045646634006,33.155637023831154,512.762
415,10,15,52.397717670577364,47.1020397806347,514.349
416,10,16,52.93958048309657,61.968031886532074,515.552
417,10,17,51.63083427585209,76.57095584145182,516.328
418,10,18,48.65204534483696,89.86309819275444,516.69
419,10,19,44.33836082733995,101.3689411704236,516.696
420,10,20,39.04079780518636,111.13339326825216,516.449
421,10,21,33.04983056339849,119.45115665835868,516.076
422,10,22,26.581737042044793,126.66624064847998,515.719
423,10,23,19.792334346660773,133.0877796004509,515.516
424,10,24,12.795214499559265,138.97277987236058,515.585
425,10,25,5.677084190932641,144.53457559274528,516.011
426,10,26,-1.4907320086461244,149.95810096357226,516.835
427,10,27,-8.64319799839552,155.41566799722256,518.048
428,10,28,-15.713941308334244,161.0826213100688,519.59
429,10,29,-22.62698238052654,167.15278801037752,521.358
430,10,30,-29.28706227416554,173.85433739756226,523.209
431,10,31,-35.56677234802111,-178.5367326019295,524.978
432,10,32,-41.28993128754737,-169.6954352119415,526.489
433,10,33,-46.21392394323628,-159.2854892564117,527.577
434,10,34,-50.02336633016251,-147.0842988702894,528.102
435,10,35,-52.36443415875189,-133.22476587444464,527.963
436,10,36,-52.94921104982629,-118.42197009384282,527.109
437,10,37,-51.69394180868842,-103.83961866870314,525.549
438,10,38,-48.76789901353871,-90.5283517877245,523.347
439,10,39,-44.498060895418604,-78.98141156181937,520.624
440,11,0,-36.31901181716588,-55.829648671887824,515.935
441,11,1,-30.079449595251646,-48.063880679934236,512.7
442,11,2,-23.435903882045952,-41.24588339758996,509.623
443,11,3,-16.522227602260845,-35.0920127290027,506.907
444,11,4,-9.43822177250125,-29.367545808250384,504.72
445,11,5,-2.263000047036604,-23.873975139937645,503.189
446,11,6,4.934890222509668,-18.433186465983475,502.387
447,11,7,12.089176137507755,-12.871711764489762,502.325
448,11,8,19.12803356307992,-7.005100923146669,502.958
449,11,9,25.96521343170818,-0.6219422448651104,504.184
450,11,10,32.488716862703605,6.53162196459763,505.861
451,11,11,38.54582424131929,14.761348485170904,507.819
452,11,12,43.92493289197366,24.410629933214718,509.874
453,11,13,48.341094152682956,35.783364476791384,511.851
454,11,14,51.44653528147764,48.95278540418179,513.599
455,11,15,52.90153974451418,63.48925844866648,515.002
456,11,16,52.510613867368505,78.37853808453902,515.994
457,11,17,50.331066352271584,92.42551196177641,516.558
458,11,18,46.63921250209629,104.84558942023013,516.732
459,11,19,41.792616134987384,115.4532693522318,516.597
460,11,20,36.11684163282809,124.45130592329323,516.269
461,11,21,29.864489881693004,132.17600398776753,515.886
462,11,22,23.21931004572839,138.95895556948048,515.59
463,11,23,16.31384194577834,145.08314906612404,515.51
464,11,24,9.246577763448093,150.78204034352922,515.75
465,11,25,2.0952617000784923,156.25274866114265,516.373
466,11,26,-5.0728967560107145,161.6719027109008,517.395
467,11,27,-12.193208456303513,167.21147299572627,518.783
468,11,28,-19.195543152836326,173.0540168117552,520.454
469,11,29,-25.995676075406436,179.40861990985994,522.283
470,11,30,-32.4841167302976,-173.47393684192758,524.115
471,11,31,-38.511345446389065,-165.2917800276025,525.776
472,11,32,-43.8699396238713,-155.70543194257118,527.096
473,11,33,-48.280032261503045,-144.41224690471034,527.918
474,11,34,-51.39869322143628,-131.331874568624,528.12
475,11,35,-52.88771544163408,-116.87370281278433,527.626
476,11,36,-52.54638698314645,-102.02745336868287,526.415
477,11,37,-50.42126583045077,-87.97948228382666,524.521
478,11,38,-46.77841517247574,-75.52687946454533,522.041
479,11,39,-41.969685374125376,-64.87367632172554,519.118
480,12,0,-39.23201919628462,-51.17015167671307,517.546
481,12,1,-33.25986912566014,-42.808507736283815,514.311
482,12,2,-26.798826067077187,-35.55537617739095,511.129
483,12,3,-20.005970711067725,-29.10162605329428,508.209
484,12,4,-12.996216721548986,-23.18917012846841,505.738
485,12,5,-5.857582185033983,-17.603316774279634,503.867
486,12,6,1.3372164634175063,-12.157747821680099,502.695
487,12,7,8.521743574574353,-6.678619161480529,502.265
488,12,8,15.627971424798584,-0.9889334849726259,502.56
489,12,9,22.578074810974666,5.107207357532627,503.505
490,12,10,29.274563027984417,11.840668242293303,504.977
491,12,11,35.587198028734036,19.490923221229988,506.816
492,12,12,41.336144347471674,28.387048247232958,508.845
493,12,13,46.27409790982409,38.86845505695401,510.883
494,12,14,50.08045646634006,51.15563752472679,512.762
495,12,15,52.397717670577364,65.10203686643574,514.349
496,12,16,52.93958048309657,79.96803238742771,515.552
497,12,17,51.63083427585209,94.57095634234746,516.328
498,12,18,48.65204534483696,107.86309869365006,516.69
499,12,19,44.33836082733995,119.36893484113007,516.696
500,12,20,39.04079780518636,129.13338693895864,516.449
501,12,21,33.04983056339849,137.45116398944347,516.076
502,12,22,26.581737042044793,144.6662479795648,515.719
503,12,23,19.792334346660773,151.08777327115735,515.516
504,12,24,12.795214499559265,156.97277354306704,515.585
505,12,25,5.677084190932641,162.5345829238301,516.011
506,12,26,-1.4907320086461244,167.95810829465705,516.835
507,12,27,-8.64319799839552,173.41566166792902,518.048
508,12,28,-15.713941308334244,179.08261498077525,519.59
509,12,29,-22.62698238052654,-174.84721467645033,521.358
510,12,30,-29.28706227416554,-168.1456652892656,523.209
511,12,31,-35.56677234802111,-160.53672527084467,524.978
512,12,32,-41.28993128754737,-151.69544154123503,526.489
513,12,33,-46.21392394323628,-141.28549558570523,527.577
514,12,34,-50.02336633016251,-129.08429153920457,528.102
515,12,35,-52.36443415875189,-115.22477220373818,527.963
516,12,36,-52.94921104982629,-100.42196959294718,527.109
517,12,37,-51.69394180868842,-85.83961816780752,525.549
518,12,38,-48.76789901353871,-72.52835128682887,523.347
519,12,39,-44.498060895418604,-60.98141106092373,520.624
520,13,0,-36.31901181716588,-37.829641340803015,515.935
521,13,1,-30.079449595251646,-30.06387334884943,512.7
522,13,2,-23.435903882045952,-23.24587606650515,509.623
523,13,3,-16.522227602260845,-17.092005397917895,506.907
524,13,4,-9.43822177250125,-11.367537623391936,504.72
525,13,5,-2.263000047036604,-5.873967808852844,503.189
526,13,6,4.934890222509668,-0.4331787880531274,502.387
527,13,7,12.089176137507755,5.128295566595042,502.325
528,13,8,19.12803356307992,10.994906407938135,502.958
529,13,9,25.96521343170818,17.378065673189074,504.184
530,13,10,32.488716862703605,24.531628441908786,505.861
531,13,11,38.54582424131929,32.76135410870842,507.819
532,13,12,43.92493289197366,42.410638971846815,509.874
533,13,13,48.341094152682956,53.78337180787619,511.851
534,13,14,51.44653528147764,66.95279273526658,513.599
535,13,15,52.90153974451418,81.48926577975129,515.002
536,13,16,52.510613867368505,96.37854541562382,515.994
537,13,17,50.331066352271584,110.42551929286122,516.558
538,13,18,46.63921250209629,122.84559675131493,516.732
539,13,19,41.792616134987384,133.4532766833166,516.597
540,13,20,36.11684163282809,142.45131325437805,516.269
541,13,21,29.864489881693004,150.17601131885235,515.886
542,13,22,23.21931004572839,156.95896290056527,515.59
543,13,23,16.31384194577834,163.08315639720882,515.51
544,13,24,9.246577763448093,168.78204767461403,515.75
545,13,25,2.0952617000784923,174.25275599222743,516.373
546,13,26,-5.0728967560107145,179.6719100419856,517.395
547,13,27,-12.193208456303513,-174.78851603072326,518.783
548,13,28,-19.195543152836326,-168.94597221469434,520.454
549,13,29,-25.995676075406436,-162.59136911658956,522.283
550,13,30,-32.4841167302976,-155.47392951084277,524.115
551,13,31,-38.511345446389065,-147.29177269651768,525.776
552,13,32,-43.8699396238713,-137.70542461148636,527.096
553,13,33,-48.280032261503045,-126.41223957362556,527.918
554,13,34,-51.39869322143628,-113.33186040735002,528.12
555,13,35,-52.88771544163408,-98.87369548169953,527.626
556,13,36,-52.54638698314645,-84.02744603759807,526.415
557,13,37,-50.42126583045077,-69.97947495274185,524.521
558,13,38,-46.77841517247574,-57.526872133460536,522.041
559,13,39,-41.969685374125376,-46.87366557554615,519.118
560,14,0,-39.23201919628462,-33.1701580060066,517.546
561,14,1,-33.25986912566014,-24.80851577312464,514.311
562,14,2,-26.798826067077187,-17.555382506684484,511.129
563,14,3,-20.005970711067725,-11.101632382587814,508.209
564,14,4,-12.996216721548986,-5.18917645776195,505.738
565,14,5,-5.857582185033983,0.3966772165919479,503.867
566,14,6,1.3372164634175063,5.842245849026366,502.695
567,14,7,8.521743574574353,11.321374082339112,502.265
568,14,8,15.627971424798584,17.01106082606407,502.56
569,14,9,22.578074810974666,23.10720102823909,503.505
570,14,10,29.274563027984417,29.840662766773413,504.977
571,14,11,35.587198028734036,37.49091859948375,506.816
572,14,12,41.336144347471674,46.38704191793942,508.845
573,14,13,46.27409790982409,56.86844872766048,510.883
574,14,14,50.08045646634006,69.15563119543326,512.762
575,14,15,52.397717670577364,83.10203053714221,514.349
576,14,16,52.93958048309657,97.96802605813417,515.552
577,14,17,51.63083427585209,112.57095001305392,516.328
578,14,18,48.65204534483696,125.86309236435653,516.69
579,14,19,44.33836082733995,137.36892851183651,516.696
580,14,20,39.04079780518636,147.1333806096651,516.449
581,14,21,33.04983056339849,155.45115766014993,516.076
582,14,22,26.581737042044793,162.66624165027125,515.719
583,14,23,19.792334346660773,169.0877669418638,515.516
584,14,24,12.795214499559265,174.97276721377352,515.585
585,14,25,5.677084190932641,-179.46541976299778,516.011
586,14,26,-1.4907320086461244,-174.0418943921708,516.835
587,14,27,-8.64319799839552,-168.58434101889884,518.048
588,14,28,-15.713941308334244,-162.91738770605264,519.59
589,14,29,-22.62698238052654,-156.84722100574388,521.358
590,14,30,-29.28706227416554,-150.14567161855913,523.209
591,14,31,-35.56677234802111,-142.5367316001382,524.978
592,14,32,-41.28993128754737,-133.69544787052857,526.489
593,14,33,-46.21392394323628,-123.28550191499878,527.577
594,14,34,-50.02336633016251,-111.08430469868729,528.102
595,14,35,-52.36443415875189,-97.22477170284256,527.963
596,14,36,-52.94921104982629,-82.42197592224072,527.109
597,14,37,-51.69394180868842,-67.83962449710104,525.549
598,14,38,-48.76789901353871,-54.528357616122406,523.347
599,14,39,-44.498060895418604,-42.98141739021727,520.624
600,15,0,-36.31901181716588,-19.82964596254926,515.935
601,15,1,-30.079449595251646,-12.06387882436932,512.7
602,15,2,-23.435903882045952,-5.245881968911865,509.623
603,15,3,-16.522227602260845,0.9079891265622163,506.907
604,15,4,-9.43822177250125,6.632456474201351,504.72
605,15,5,-2.263000047036604,12.12602586185362,503.189
606,15,6,4.934890222509668,17.566814535807794,502.387
607,15,7,12.089176137507755,23.128289237301505,502.325
608,15,8,19.12803356307992,28.994900932418243,502.958
609,15,9,25.96521343170818,35.378057636348245,504.184
610,15,10,32.488716862703605,42.53162211261525,505.861
611,15,11,38.54582424131929,50.761347779414876,507.819
612,15,12,43.92493289197366,60.41063264255328,509.874
613,15,13,48.341094152682956,71.78336889367723,511.851
614,15,14,51.44653528147764,84.95278640597306,513.599
615,15,15,52.90153974451418,99.48925945045775,515.002
616,15,16,52.510613867368505,114.37853908633029,515.994
617,15,17,50.331066352271584,128.42551979375685,516.558
618,15,18,46.63921250209629,140.8455904220214,516.732
619,15,19,41.792616134987384,151.45327035402306,516.597
620,15,20,36.11684163282809,160.4513069250845,516.269
621,15,21,29.864489881693004,168.1760049895588,515.886
622,15,22,23.21931004572839,174.95895657127176,515.59
623,15,23,16.31384194577834,-178.91684628961903,515.51
624,15,24,9.246577763448093,-173.21795501221382,515.75
625,15,25,2.0952617000784923,-167.74724669460042,516.373
626,15,26,-5.0728967560107145,-162.32809264484226,517.395
627,15,27,-12.193208456303513,-156.78852236001677,518.783
628,15,28,-19.195543152836326,-150.94597854398788,520.454
629,15,29,-25.995676075406436,-144.5913754458831,522.283
630,15,30,-32.4841167302976,-137.4739358401363,524.115
631,15,31,-38.511345446389065,-129.29177902581122,525.776
632,15,32,-43.8699396238713,-119.70543094077992,527.096
633,15,33,-48.280032261503045,-108.41225273310826,527.918
634,15,34,-51.39869322143628,-95.33186673664356,528.12
635,15,35,-52.88771544163408,-80.87370181099305,527.626
636,15,36,-52.54638698314645,-66.02745236689161,526.415
637,15,37,-50.42126583045077,-51.979477866940805,524.521
638,15,38,-46.77841517247574,-39.52687504765949,522.041
639,15,39,-41.969685374125376,-28.87367190483969,519.118
640,16,0,-39.23201919628462,-15.170152382469093,517.546
641,16,1,-33.25986912566014,-6.808508015153015,514.311
642,16,2,-26.798826067077187,0.44462506452415806,511.129
643,16,3,-20.005970711067725,6.898375375383812,508.209
644,16,4,-12.996216721548986,12.810830873322853,505.738
645,16,5,-5.857582185033983,18.396684227511635,503.867
646,16,6,1.3372164634175063,23.842254033884814,502.695
647,16,7,8.521743574574353,29.32138055965027,502.265
648,16,8,15.627971424798584,35.01106815714888,502.56
649,16,9,22.578074810974666,41.10721006687118,503.505
650,16,10,29.274563027984417,47.840670097858215,504.977
651,16,11,35.587198028734036,55.49092593056855,506.816
652,16,12,41.336144347471674,64.38705266411881,508.845
653,16,13,46.27409790982409,74.86845605874528,510.883
654,16,14,50.08045646634006,87.15563852651806,512.762
655,16,15,52.397717670577364,101.10203786822701,514.349
656,16,16,52.93958048309657,115.96803338921897,515.552
657,16,17,51.63083427585209,130.57095051394955,516.328
658,16,18,48.65204534483696,143.86309969544132,516.69
659,16,19,44.33836082733995,155.36893584292133,516.696
660,16,20,39.04079780518636,165.1333879407499,516.449
661,16,21,33.04983056339849,173.45116499123475,516.076
662,16,22,26.581737042044793,-179.33374737617828,515.719
663,16,23,19.792334346660773,-172.91222208458572,515.516
664,16,24,12.795214499559265,-167.027221812676,515.585
665,16,25,5.677084190932641,-161.46541243191297,516.011
666,16,26,-1.4907320086461244,-156.04188706108602,516.835
667,16,27,-8.64319799839552,-150.58433368781405,518.048
668,16,28,-15.713941308334244,-144.91738037496782,519.59
669,16,29,-22.62698238052654,-138.84721367465906,521.358
670,16,30,-29.28706227416554,-132.14566428747435,523.209
671,16,31,-35.56677234802111,-124.53672426905341,524.978
672,16,32,-41.28993128754737,-115.69544053944377,526.489
673,16,33,-46.21392394323628,-105.28548775372481,527.577
674,16,34,-50.02336633016251,-93.08429736760249,528.102
675,16,35,-52.36443415875189,-79.22476437175776,527.963
676,16,36,-52.94921104982629,-64.42196859115592,527.109
677,16,37,-51.69394180868842,-49.83961375092166,525.549
678,16,38,-48.76789901353871,-36.528350285037604,523.347
679,16,39,-44.498060895418604,-24.981408351585173,520.624
680,17,0,-36.31901181716588,-1.8296529321730328,515.935
681,17,1,-30.079449595251646,5.936114846337143,512.7
682,17,2,-23.435903882045952,12.754112128681422,509.623
683,17,3,-16.522227602260845,18.907981943495034,506.907
684,17,4,-9.43822177250125,24.63245057179464,504.72
685,17,5,-2.263000047036604,30.126021240107377,503.189
686,17,6,4.934890222509668,35.56680991406155,502.387
687,17,7,12.089176137507755,41.12828461555526,502.325
688,17,8,19.12803356307992,46.994894603124706,502.958
689,17,9,25.96521343170818,53.37805130705471,504.184
690,17,10,32.488716862703605,60.53161578332171,505.861
691,17,11,38.54582424131929,68.76134486521593,507.819
692,17,12,43.92493289197366,78.41062631325974,509.874
693,17,13,48.341094152682956,89.78336256438371,511.851
694,17,14,51.44653528147764,102.95278007667952,513.599
695,17,15,52.90153974451418,117.48925312116421,515.002
696,17,16,52.510613867368505,132.37853275703677,515.994
697,17,17,50.331066352271584,146.4255134644633,516.558
698,17,18,46.63921250209629,158.84558409272788,516.732
699,17,19,41.792616134987384,169.45326402472952,516.597
700,17,20,36.11684163282809,178.45130059579097,516.269
701,17,21,29.864489881693004,-173.8240113576474,515.886
702,17,22,23.21931004572839,-167.04104611555613,515.59
703,17,23,16.31384194577834,-160.91685261891257,515.51
704,17,24,9.246577763448093,-155.21796134150736,515.75
705,17,25,2.0952617000784923,-149.74725302389396,516.373
706,17,26,-5.0728967560107145,-144.3280989741358,517.395
707,17,27,-12.193208456303513,-138.7885286893103,518.783
708,17,28,-19.195543152836326,-132.94598487328142,520.454
709,17,29,-25.995676075406436,-126.59138177517664,522.283
710,17,30,-32.4841167302976,-119.47394216942985,524.115
711,17,31,-38.511345446389065,-111.29178535510476,525.776
712,17,32,-43.8699396238713,-101.70543727007345,527.096
713,17,33,-48.280032261503045,-90.4122590624018,527.918
714,17,34,-51.39869322143628,-77.3318730659371,528.12
715,17,35,-52.88771544163408,-62.873708140286595,527.626
716,17,36,-52.54638698314645,-48.02745869618514,526.415
717,17,37,-50.42126583045077,-33.97948419623434,524.521
718,17,38,-46.77841517247574,-21.526883084500316,522.041
719,17,39,-41.969685374125376,-10.87367908790687,519.118
720,18,0,-39.23201919628462,2.829841501680782,517.546
721,18,1,-33.25986912566014,11.19148608244027,514.311
722,18,2,-26.798826067077187,18.444618495106784,511.129
723,18,3,-20.005970711067725,24.898368619203453,508.209
724,18,4,-12.996216721548986,30.810822836482025,505.738
725,18,5,-5.857582185033983,36.396677898218094,503.867
726,18,6,1.3372164634175063,41.84224770459128,502.695
727,18,7,8.521743574574353,47.32137423035673,502.265
728,18,8,15.627971424798584,53.011061827855336,502.56
729,18,9,22.578074810974666,59.10720032248307,503.505
730,18,10,29.274563027984417,65.8406603534701,504.977
731,18,11,35.587198028734036,73.49091618618043,506.816
732,18,12,41.336144347471674,82.38704633482527,508.845
733,18,13,46.27409790982409,92.86844972945174,510.883
734,18,14,50.08045646634006,105.15563219722452,512.762
735,18,15,52.397717670577364,119.10203836912265,514.349
736,18,16,52.93958048309657,133.96802705992545,515.552
737,18,17,51.63083427585209,148.570944184656,516.328
738,18,18,48.65204534483696,161.8630933661478,516.69
739,18,19,44.33836082733995,173.3689295136278,516.696
740,18,20,39.04079780518636,-176.86661474607797,516.449
741,18,21,33.04983056339849,-168.54885135597146,516.076
742,18,22,26.581737042044793,-161.3337537054718,515.719
743,18,23,19.792334346660773,-154.91222841387926,515.516
744,18,24,12.795214499559265,-149.02722814196954,515.585
745,18,25,5.677084190932641,-143.4654187612065,516.011
746,18,26,-1.4907320086461244,-138.04189339037956,516.835
747,18,27,-8.64319799839552,-132.58434001710756,518.048
748,18,28,-15.713941308334244,-126.91738670426136,519.59
749,18,29,-22.62698238052654,-120.8472200039526,521.358
750,18,30,-29.28706227416554,-114.14566378657871,523.209
751,18,31,-35.56677234802111,-106.53673059834695,524.978
752,18,32,-41.28993128754737,-97.69544003854813,526.489
753,18,33,-46.21392394323628,-87.28549408301834,527.577
754,18,34,-50.02336633016251,-75.08430369689601,528.102
755,18,35,-52.36443415875189,-61.22477070105129,527.963
756,18,36,-52.94921104982629,-46.42197833554404,527.109
757,18,37,-51.69394180868842,-31.839620080215195,525.549
758,18,38,-48.76789901353871,-18.52835661433114,523.347
759,18,39,-44.498060895418604,-6.9814151077655335,520.624
760,19,0,-36.31901181716588,16.170355039242004,515.935
761,19,1,-30.079449595251646,23.9361213236483,512.7
762,19,2,-23.435903882045952,30.754118605992577,509.623
763,19,3,-16.522227602260845,36.90798927457984,506.907
764,19,4,-9.43822177250125,42.632456195332146,504.72
765,19,5,-2.263000047036604,48.12602857119218,503.189
766,19,6,4.934890222509668,53.56681724514635,502.387
767,19,7,12.089176137507755,59.12829194664006,502.325
768,19,8,19.12803356307992,64.99489851911493,502.958
769,19,9,25.96521343170818,71.3780586381395,504.184
770,19,10,32.488716862703605,78.53162311440651,505.861
771,19,11,38.54582424131929,86.76135219630073,507.819
772,19,12,43.92493289197366,96.41063364434454,509.874
773,19,13,48.341094152682956,107.78336989546851,511.851
774,19,14,51.44653528147764,120.95278740776432,513.599
775,19,15,52.90153974451418,135.48926045224903,515.002
776,19,16,52.510613867368505,150.37854008812155,515.994
777,19,17,50.331066352271584,164.42552079554812,516.558
778,19,18,46.63921250209629,176.84559142381266,516.732
779,19,19,41.792616134987384,-172.54673866209833,516.597
780,19,20,36.11684163282809,-163.54868843065856,516.269
781,19,21,29.864489881693004,-155.8240040265626,515.886
782,19,22,23.21931004572839,-149.0410387844713,515.59
783,19,23,16.31384194577834,-142.91684528782775,515.51
784,19,24,9.246577763448093,-137.21795401042257,515.75
785,19,25,2.0952617000784923,-131.74724569280914,516.373
786,19,26,-5.0728967560107145,-126.328091643051,517.395
787,19,27,-12.193208456303513,-120.78852135822551,518.783
788,19,28,-19.195543152836326,-114.9459775421966,520.454
789,19,29,-25.995676075406436,-108.59137444409184,522.283
790,19,30,-32.4841167302976,-101.47393483834503,524.115
791,19,31,-38.511345446389065,-93.29177802401996,525.776
792,19,32,-43.8699396238713,-83.70542993898864,527.096
793,19,33,-48.280032261503045,-72.412251731317,527.918
794,19,34,-51.39869322143628,-59.33186573485229,528.12
795,19,35,-52.88771544163408,-44.87370080920179,527.626
796,19,36,-52.54638698314645,-30.027451365100337,526.415
797,19,37,-50.42126583045077,-15.979478572696829,524.521
798,19,38,-46.77841517247574,-3.5268748996418653,522.041
799,19,39,-41.969685374125376,7.126327816291109,519.118
800,20,0,-39.23201919628462,20.829848619322174,517.546
801,20,1,-33.25986912566014,29.191494267298722,514.311
802,20,2,-26.798826067077187,36.44462582619159,511.129
803,20,3,-20.005970711067725,42.898375950288255,508.209
804,20,4,-12.996216721548986,48.81083016756683,505.738
805,20,5,-5.857582185033983,54.3966852293029,503.867
806,20,6,1.3372164634175063,59.8422516205815,502.695
807,20,7,8.521743574574353,65.32138156144154,502.265
808,20,8,15.627971424798584,71.01106574384556,502.56
809,20,9,22.578074810974666,77.10720765356787,503.505
810,20,10,29.274563027984417,83.8406676845549,504.977
811,20,11,35.587198028734036,91.49092351726523,506.816
812,20,12,41.336144347471674,100.38705366591007,508.845
813,20,13,46.27409790982409,110.86845706053654,510.883
814,20,14,50.08045646634006,123.15564635849849,512.762
815,20,15,52.397717670577364,137.10204570020744,514.349
816,20,16,52.93958048309657,151.96803439101024,515.552
817,20,17,51.63083427585209,166.57095151574083,516.328
818,20,18,48.65204534483696,179.8631006972326,516.69
819,20,19,44.33836082733995,-168.63105951282174,516.696
820,20,20,39.04079780518636,-158.86660741499315,516.449
821,20,21,33.04983056339849,-150.54884402488665,516.076
822,20,22,26.581737042044793,-143.333746374387,515.719
823,20,23,19.792334346660773,-136.91222108279445,515.516
824,20,24,12.795214499559265,-131.02722081088476,515.585
825,20,25,5.677084190932641,-125.4654114301217,516.011
826,20,26,-1.4907320086461244,-120.04188605929474,516.835
827,20,27,-8.64319799839552,-114.58433268602278,518.048
828,20,28,-15.713941308334244,-108.91737937317656,519.59
829,20,29,-22.62698238052654,-102.8472126728678,521.358
830,20,30,-29.28706227416554,-96.1456564554939,523.209
831,20,31,-35.56677234802111,-88.53672326726215,524.978
832,20,32,-41.28993128754737,-79.69543270746333,526.489
833,20,33,-46.21392394323628,-69.28548675193353,527.577
834,20,34,-50.02336633016251,-57.08429636581122,528.102
835,20,35,-52.36443415875189,-43.22476678506107,527.963
836,20,36,-52.94921104982629,-28.421969296911943,527.109
837,20,37,-51.69394180868842,-13.839613602904038,525.549
838,20,38,-48.76789901353871,-0.5283491765246305,523.347
839,20,39,-44.498060895418604,11.018591796432446,520.624
840,21,0,-36.31901181716588,34.17034700240118,515.935
841,21,1,-30.079449595251646,41.93611499435476,512.7
842,21,2,-23.435903882045952,48.75411227669904,509.623
843,21,3,-16.522227602260845,54.9079829452863,506.907
844,21,4,-9.43822177250125,60.63244986603861,504.72
845,21,5,-2.263000047036604,66.12601882680406,503.189
846,21,6,4.934890222509668,71.56681091585281,502.387
847,21,7,12.089176137507755,77.12828561734652,502.325
848,21,8,19.12803356307992,82.99489218982139,502.958
849,21,9,25.96521343170818,89.37805230884598,504.184
850,21,10,32.488716862703605,96.53161678511297,505.861
851,21,11,38.54582424131929,104.7613458670072,507.819
852,21,12,43.92493289197366,114.410627315051,509.874
853,21,13,48.341094152682956,125.7833567359858,511.851
854,21,14,51.44653528147764,138.9527810784708,513.599
855,21,15,52.90153974451418,153.4892541229555,515.002
856,21,16,52.510613867368505,168.378533758828,515.994
857,21,17,50.331066352271584,-177.5744955516581,516.558
858,21,18,46.63921250209629,-165.1544112630152,516.732
859,21,19,41.792616134987384,-154.54674499139188,516.597
860,21,20,36.11684163282809,-145.5486947599521,516.269
861,21,21,29.864489881693004,-137.82401035585613,515.886
862,21,22,23.21931004572839,-131.04104511376485,515.59
863,21,23,16.31384194577834,-124.9168516171213,515.51
864,21,24,9.246577763448093,-119.2179603397161,515.75
865,21,25,2.0952617000784923,-113.74725885229186,516.373
866,21,26,-5.0728967560107145,-108.32809797234454,517.395
867,21,27,-12.193208456303513,-102.78853451770821,518.783
868,21,28,-19.195543152836326,-96.94598387149014,520.454
869,21,29,-25.995676075406436,-90.59138077338538,522.283
870,21,30,-32.4841167302976,-83.47394116763857,524.115
871,21,31,-38.511345446389065,-75.2917843533135,525.776
872,21,32,-43.8699396238713,-65.70543626828218,527.096
873,21,33,-48.280032261503045,-54.412254645515944,527.918
874,21,34,-51.39869322143628,-41.331875479240416,528.12
875,21,35,-52.88771544163408,-26.87370713849533,527.626
876,21,36,-52.54638698314645,-12.027457694393874,526.415
877,21,37,-50.42126583045077,2.0205155248964575,524.521
878,21,38,-46.77841517247574,14.473117917290951,522.041
879,21,39,-41.969685374125376,25.12632106011075,519.118
880,22,0,-39.23201919628462,38.82984399757593,517.546
881,22,1,-33.25986912566014,47.19148793800518,514.311
882,22,2,-26.798826067077187,54.44461949689805,511.129
883,22,3,-20.005970711067725,60.89836962099472,508.209
884,22,4,-12.996216721548986,66.81082725336788,505.738
885,22,5,-5.857582185033983,72.39667890000936,503.867
886,22,6,1.3372164634175063,77.84224529128797,502.695
887,22,7,8.521743574574353,83.321375232148,502.265
888,22,8,15.627971424798584,89.01105941455202,502.56
889,22,9,22.578074810974666,95.10720132427433,503.505
890,22,10,29.274563027984417,101.84066135526136,504.977
891,22,11,35.587198028734036,109.49091718797169,506.816
892,22,12,41.336144347471674,118.38704050642737,508.845
893,22,13,46.27409790982409,128.86844390105384,510.883
894,22,14,50.08045646634006,141.15564002920496,512.762
895,22,15,52.397717670577364,155.1020393709139,514.349
896,22,16,52.93958048309657,169.9680280617167,515.552
897,22,17,51.63083427585209,-175.42905117108705,516.328
898,22,18,48.65204534483696,-162.13690198959526,516.69
899,22,19,44.33836082733995,-150.63106584211528,516.696
900,22,20,39.04079780518636,-140.8666137442867,516.449
901,22,21,33.04983056339849,-132.5488503541802,516.076
902,22,22,26.581737042044793,-125.33375270368055,515.719
903,22,23,19.792334346660773,-118.91222741208799,515.516
904,22,24,12.795214499559265,-113.02722714017828,515.585
905,22,25,5.677084190932641,-107.46542458960441,516.011
906,22,26,-1.4907320086461244,-102.04189921877744,516.835
907,22,27,-8.64319799839552,-96.5843390153163,518.048
908,22,28,-15.713941308334244,-90.91738570247009,519.59
909,22,29,-22.62698238052654,-84.84721900216134,521.358
910,22,30,-29.28706227416554,-78.14566278478743,523.209
911,22,31,-35.56677234802111,-70.53672959655569,524.978
912,22,32,-41.28993128754737,-61.695439036756866,526.489
913,22,33,-46.21392394323628,-51.285496496321656,527.577
914,22,34,-50.02336633016251,-39.08430269510475,528.102
915,22,35,-52.36443415875189,-25.224773114354605,527.963
916,22,36,-52.94921104982629,-10.421976479979126,527.109
917,22,37,-51.69394180868842,4.160380067802426,525.549
918,22,38,-48.76789901353871,17.471644387460127,523.347
919,22,39,-44.498060895418604,29.018584613365263,520.624
920,23,0,-36.31901181716588,52.17035433348598,515.935
921,23,1,-30.079449595251646,59.93612574053415,512.7
922,23,2,-23.435903882045952,66.75412302287843,509.623
923,23,3,-16.522227602260845,72.90799369146569,506.907
924,23,4,-9.43822177250125,78.63245719712341,504.72
925,23,5,-2.263000047036604,84.12602615788886,503.189
926,23,6,4.934890222509668,89.56681824693761,502.387
927,23,7,12.089176137507755,95.12829294843134,502.325
928,23,8,19.12803356307992,100.99489952090619,502.958
929,23,9,25.96521343170818,107.37805963993078,504.184
930,23,10,32.488716862703605,114.53162411619779,505.861
931,23,11,38.54582424131929,122.761353198092,507.819
932,23,12,43.92493289197366,132.4106346461358,509.874
933,23,13,48.341094152682956,143.7833640670706,511.851
934,23,14,51.44653528147764,156.95278840955558,513.599
935,23,15,52.90153974451418,171.48926145404027,515.002
936,23,16,52.510613867368505,-173.6214552676215,515.994
937,23,17,50.331066352271584,-159.57448822057327,516.558
938,23,18,46.63921250209629,-147.1544039319304,516.732
939,23,19,41.792616134987384,-136.54673766030706,516.597
940,23,20,36.11684163282809,-127.5486874288673,516.269
941,23,21,29.864489881693004,-119.82400302477133,515.886
942,23,22,23.21931004572839,-113.04104461286921,515.59
943,23,23,16.31384194577834,-106.9168442860365,515.51
944,23,24,9.246577763448093,-101.21795983882046,515.75
945,23,25,2.0952617000784923,-95.74725152120706,516.373
946,23,26,-5.0728967560107145,-90.32809064125973,517.395
947,23,27,-12.193208456303513,-84.78852718662341,518.783
948,23,28,-19.195543152836326,-78.94597654040534,520.454
949,23,29,-25.995676075406436,-72.59137344230058,522.283
950,23,30,-32.4841167302976,-65.47393383655377,524.115
951,23,31,-38.511345446389065,-57.29177702222869,525.776
952,23,32,-43.8699396238713,-47.705432352291965,527.096
953,23,33,-48.280032261503045,-36.41224731443114,527.918
954,23,34,-51.39869322143628,-23.33186814815561,528.12
955,23,35,-52.88771544163408,-8.873699807410526,527.626
956,23,36,-52.54638698314645,5.972549209804106,526.415
957,23,37,-50.42126583045077,20.020522429094438,524.521
958,23,38,-46.77841517247574,32.47312695592305,522.041
959,23,39,-41.969685374125376,43.12633009874285,519.118
960,24,0,-39.23201919628462,56.82985132866073,517.546
961,24,1,-33.25986912566014,65.1914918539954,514.311
962,24,2,-26.798826067077187,72.44462682798286,511.129
963,24,3,-20.005970711067725,78.89837695207952,508.209
964,24,4,-12.996216721548986,84.81083458445268,505.738
965,24,5,-5.857582185033983,90.39668623109417,503.867
966,24,6,1.3372164634175063,95.84225262237277,502.695
967,24,7,8.521743574574353,101.3213825632328,502.265
968,24,8,15.627971424798584,107.01106674563682,502.56
969,24,9,22.578074810974666,113.10720865535913,503.505
970,24,10,29.274563027984417,119.84066868634616,504.977
971,24,11,35.587198028734036,127.49093134924567,506.816
972,24,12,41.336144347471674,136.38704783751217,508.845
973,24,13,46.27409790982409,146.86845123213865,510.883
974,24,14,50.08045646634006,159.15564736028975,512.762
975,24,15,52.397717670577364,173.10204670199872,514.349
976,24,16,52.93958048309657,-172.03196096473283,515.552
977,24,17,51.63083427585209,-157.42904384000224,516.328
978,24,18,48.65204534483696,-144.13689465851047,516.69
979,24,19,44.33836082733995,-132.63105851103046,516.696
980,24,20,39.04079780518636,-122.8666064132019,516.449
981,24,21,33.04983056339849,-114.54883619290622,516.076
982,24,22,26.581737042044793,-107.33375220278491,515.719
983,24,23,19.792334346660773,-100.91222008100318,515.516
984,24,24,12.795214499559265,-95.02721980909348,515.585
985,24,25,5.677084190932641,-89.46541725851961,516.011
986,24,26,-1.4907320086461244,-84.04189188769264,516.835
987,24,27,-8.64319799839552,-78.5843316842315,518.048
988,24,28,-15.713941308334244,-72.91737837138528,519.59
989,24,29,-22.62698238052654,-66.84721167107654,521.358
990,24,30,-29.28706227416554,-60.14565545370263,523.209
991,24,31,-35.56677234802111,-52.53672568056546,524.978
992,24,32,-41.28993128754737,-43.695431705672064,526.489
993,24,33,-46.21392394323628,-33.285489165236854,527.577
994,24,34,-50.02336633016251,-21.08429365647266,528.102
995,24,35,-52.36443415875189,-7.2247657832698025,527.963
996,24,36,-52.94921104982629,7.578030851105678,527.109
997,24,37,-51.69394180868842,22.16038654511358,525.549
998,24,38,-48.76789901353871,35.47165171854493,523.347
999,24,39,-44.498060895418604,47.018591944450066,520.624
1000,25,0,-36.31901181716588,70.17035141928703,515.935
1001,25,1,-30.079449595251646,77.93611941124061,512.7
1002,25,2,-23.435903882045952,84.75411669358489,509.623
1003,25,3,-16.522227602260845,90.90798736217215,506.907
1004,25,4,-9.43822177250125,96.63245086782987,504.72
1005,25,5,-2.263000047036604,102.12601982859532,503.189
1006,25,6,4.934890222509668,107.56681191764409,502.387
1007,25,7,12.089176137507755,113.1282866191378,502.325
1008,25,8,19.12803356307992,118.99490002180183,502.958
1009,25,9,25.96521343170818,125.37805331063724,504.184
1010,25,10,32.488716862703605,132.53162461709343,505.861
1011,25,11,38.54582424131929,140.76134686879846,507.819
1012,25,12,43.92493289197366,150.41062831684226,509.874
1013,25,13,48.341094152682956,161.78335773777707,511.851
1014,25,14,51.44653528147764,174.95278208026204,513.599
1015,25,15,52.90153974451418,-170.51074123278758,515.002
1016,25,16,52.510613867368505,-155.62146159691505,515.994
1017,25,17,50.331066352271584,-141.5744945498668,516.558
1018,25,18,46.63921250209629,-129.15441026122394,516.732
1019,25,19,41.792616134987384,-118.54674398960061,516.597
1020,25,20,36.11684163282809,-109.54869375816084,516.269
1021,25,21,29.864489881693004,-101.8240025238757,515.886
1022,25,22,23.21931004572839,-95.04105094216276,515.59
1023,25,23,16.31384194577834,-88.91685061533003,515.51
1024,25,24,9.246577763448093,-83.217966168114,515.75
1025,25,25,2.0952617000784923,-77.74725785050059,516.373
1026,25,26,-5.0728967560107145,-72.32809697055326,517.395
1027,25,27,-12.193208456303513,-66.78853351591695,518.783
1028,25,28,-19.195543152836326,-60.94598286969888,520.454
1029,25,29,-25.995676075406436,-54.5913831866887,522.283
1030,25,30,-32.4841167302976,-47.47394016584731,524.115
1031,25,31,-38.511345446389065,-39.291783351522234,525.776
1032,25,32,-43.8699396238713,-29.705438681585502,527.096
1033,25,33,-48.280032261503045,-18.41225535127197,527.918
1034,25,34,-51.39869322143628,-5.331874050562326,528.12
1035,25,35,-52.88771544163408,9.126293863295938,527.626
1036,25,36,-52.54638698314645,23.972543307397395,526.415
1037,25,37,-50.42126583045077,38.02051780734819,524.521
1038,25,38,-46.77841517247574,50.47312062662951,522.041
1039,25,39,-41.969685374125376,61.126320354354725,519.118
1040,26,0,-39.23201919628462,74.82985865974554,517.546
1041,26,1,-33.25986912566014,83.1914991850802,514.311
1042,26,2,-26.798826067077187,90.44463415906766,511.129
1043,26,3,-20.005970711067725,96.89838428316432,508.209
1044,26,4,-12.996216721548986,102.81084191553748,505.738
1045,26,5,-5.857582185033983,108.39669356217897,503.867
1046,26,6,1.3372164634175063,113.84225995345757,502.695
1047,26,7,8.521743574574353,119.32139672450677,502.265
1048,26,8,15.627971424798584,125.01108090691079,502.56
1049,26,9,22.578074810974666,131.10721598644395,503.505
1050,26,10,29.274563027984417,137.84067601743098,504.977
1051,26,11,35.587198028734036,145.49093868033046,506.816
1052,26,12,41.336144347471674,154.387055168597,508.845
1053,26,13,46.27409790982409,164.86845856322344,510.883
1054,26,14,50.08045646634006,177.15565469137456,512.762
1055,26,15,52.397717670577364,-168.89795598482914,514.349
1056,26,16,52.93958048309657,-154.03195363364802,515.552
1057,26,17,51.63083427585209,-139.42903650891742,516.328
1058,26,18,48.65204534483696,-126.13688732742565,516.69
1059,26,19,44.33836082733995,-114.63105117994566,516.696
1060,26,20,39.04079780518636,-104.86659908211709,516.449
1061,26,21,33.04983056339849,-96.5488288618214,516.076
1062,26,22,26.581737042044793,-89.3337448717001,515.719
1063,26,23,19.792334346660773,-82.91221274991838,515.516
1064,26,24,12.795214499559265,-77.02721247800868,515.585
1065,26,25,5.677084190932641,-71.4654099274348,516.011
1066,26,26,-1.4907320086461244,-66.04188455660784,516.835
1067,26,27,-8.64319799839552,-60.584324353146705,518.048
1068,26,28,-15.713941308334244,-54.91737445539507,519.59
1069,26,29,-22.62698238052654,-48.847204339991734,521.358
1070,26,30,-29.28706227416554,-42.14564812261783,523.209
1071,26,31,-35.56677234802111,-34.53671834948066,524.978
1072,26,32,-41.28993128754737,-25.695426082134553,526.489
1073,26,33,-46.21392394323628,-15.285480126604758,527.577
1074,26,34,-50.02336633016251,-3.08428696571809,528.102
1075,26,35,-52.36443415875189,10.775241547815002,527.963
1076,26,36,-52.94921104982629,25.578039035964128,527.109
1077,26,37,-51.69394180868842,40.160395583745675,525.549
1078,26,38,-48.76789901353871,53.471659049629736,523.347
1079,26,39,-44.498060895418604,65.01859927553487,520.624
1080,27,0,-36.31901181716588,88.17034508999349,515.935
1081,27,1,-30.079449595251646,95.93611308194708,512.7
1082,27,2,-23.435903882045952,102.75411036429136,509.623
1083,27,3,-16.522227602260845,108.90798103287861,506.907
1084,27,4,-9.43822177250125,114.63244453853635,504.72
1085,27,5,-2.263000047036604,120.12602032949096,503.189
1086,27,6,4.934890222509668,125.56679875816137,502.387
1087,27,7,12.089176137507755,131.12828028984427,502.325
1088,27,8,19.12803356307992,136.9948936925083,502.958
1089,27,9,25.96521343170818,143.37804698134372,504.184
1090,27,10,32.488716862703605,150.5316182877999,505.861
1091,27,11,38.54582424131929,158.7613405395049,507.819
1092,27,12,43.92493289197366,168.41062198754875,509.874
1093,27,13,48.341094152682956,179.78335140848353,511.851
1094,27,14,51.44653528147764,-167.04722060656582,513.599
1095,27,15,52.90153974451418,-152.51074756208112,515.002
1096,27,16,52.510613867368505,-137.62146792620857,515.994
1097,27,17,50.331066352271584,-123.57450087916035,516.558
1098,27,18,46.63921250209629,-111.15442342070664,516.732
1099,27,19,41.792616134987384,-100.54674348870498,516.597
1100,27,20,36.11684163282809,-91.54870008745436,516.269
1101,27,21,29.864489881693004,-83.82400885316923,515.886
1102,27,22,23.21931004572839,-77.0410572714563,515.59
1103,27,23,16.31384194577834,-70.91685694462358,515.51
1104,27,24,9.246577763448093,-65.21797249740754,515.75
1105,27,25,2.0952617000784923,-59.74726417979413,516.373
1106,27,26,-5.0728967560107145,-54.32809988475222,517.395
1107,27,27,-12.193208456303513,-48.788539845210494,518.783
1108,27,28,-19.195543152836326,-42.945989198992415,520.454
1109,27,29,-25.995676075406436,-36.591389515982236,522.283
1110,27,30,-32.4841167302976,-29.473946495140844,524.115
1111,27,31,-38.511345446389065,-21.291789680815768,525.776
1112,27,32,-43.8699396238713,-11.705444157105392,527.096
1113,27,33,-48.280032261503045,-0.41226157384380135,527.918
1114,27,34,-51.39869322143628,12.66812004703096,528.12
1115,27,35,-52.88771544163408,27.1262875340024,527.626
1116,27,36,-52.54638698314645,41.972536978103854,526.415
1117,27,37,-50.42126583045077,56.02051147805466,524.521
1118,27,38,-46.77841517247574,68.47311088224139,522.041
1119,27,39,-41.969685374125376,79.12631402506119,519.118
1120,28,0,-39.23201919628462,92.82983867007366,517.546
1121,28,1,-33.25986912566014,101.19147919540833,514.311
1122,28,2,-26.798826067077187,108.44461416939578,511.129
1123,28,3,-20.005970711067725,114.89837112368161,508.209
1124,28,4,-12.996216721548986,120.81081509567643,505.738
1125,28,5,-5.857582185033983,126.39668040269626,503.867
1126,28,6,1.3372164634175063,131.8422399637857,502.695
1127,28,7,8.521743574574353,137.3213767348349,502.265
1128,28,8,15.627971424798584,143.01106091723892,502.56
1129,28,9,22.578074810974666,149.10719599677205,503.505
1130,28,10,29.274563027984417,155.84065602775908,504.977
1131,28,11,35.587198028734036,163.4909186906586,506.816
1132,28,12,41.336144347471674,172.3870351789251,508.845
1133,28,13,46.27409790982409,-177.13155778398277,510.883
1134,28,14,50.08045646634006,-164.84437531620998,512.762
1135,28,15,52.397717670577364,-150.89797597450104,514.349
1136,28,16,52.93958048309657,-136.03197362331989,515.552
1137,28,17,51.63083427585209,-121.4290564985893,516.328
1138,28,18,48.65204534483696,-108.13690731709754,516.69
1139,28,19,44.33836082733995,-96.63107116961754,516.696
1140,28,20,39.04079780518636,-86.86661907178896,516.449
1141,28,21,33.04983056339849,-78.54884885149329,516.076
1142,28,22,26.581737042044793,-71.33376486137198,515.719
1143,28,23,19.792334346660773,-64.91223273959027,515.516
1144,28,24,12.795214499559265,-59.027232467680555,515.585
1145,28,25,5.677084190932641,-53.4654265020121,516.011
1146,28,26,-1.4907320086461244,-48.04190454627972,516.835
1147,28,27,-8.64319799839552,-42.58434434281858,518.048
1148,28,28,-15.713941308334244,-36.91739444506695,519.59
1149,28,29,-22.62698238052654,-30.847224329663607,521.358
1150,28,30,-29.28706227416554,-24.145669819837,523.209
1151,28,31,-35.56677234802111,-16.536736631605244,524.978
1152,28,32,-41.28993128754737,-7.695446071806429,526.489
1153,28,33,-46.21392394323628,2.714499456836542,527.577
1154,28,34,-50.02336633016251,14.915693684940267,528.102
1155,28,35,-52.36443415875189,28.775221558143123,527.963
1156,28,36,-52.94921104982629,43.57801733874496,527.109
1157,28,37,-51.69394180868842,58.160372178979216,525.549
1158,28,38,-48.76789901353871,71.47163905995785,523.347
1159,28,39,-44.498060895418604,83.018579285863,520.624
1160,29,0,-36.31901181716588,106.17035242107829,515.935
1161,29,1,-30.079449595251646,113.93612041303189,512.7
1162,29,2,-23.435903882045952,120.75411086518699,509.623
1163,29,3,-16.522227602260845,126.90798836396341,506.907
1164,29,4,-9.43822177250125,132.63245186962115,504.72
1165,29,5,-2.263000047036604,138.12602766057577,503.189
1166,29,6,4.934890222509668,143.56680608924617,502.387
1167,29,7,12.089176137507755,149.12828762092906,502.325
1168,29,8,19.12803356307992,154.9949010235931,502.958
1169,29,9,25.96521343170818,161.3780543124285,504.184
1170,29,10,32.488716862703605,168.53162561888468,505.861
1171,29,11,38.54582424131929,176.76134787058973,507.819
1172,29,12,43.92493289197366,-173.58936703890078,509.874
1173,29,13,48.341094152682956,-162.216637617966,511.851
1174,29,14,51.44653528147764,-149.047213275481,513.599
1175,29,15,52.90153974451418,-134.5107402309963,515.002
1176,29,16,52.510613867368505,-119.62146059512378,515.994
1177,29,17,50.331066352271584,-105.57448671788639,516.558
1178,29,18,46.63921250209629,-93.15441608962183,516.732
1179,29,19,41.792616134987384,-82.54673615762017,516.597
1180,29,20,36.11684163282809,-73.54869275636956,516.269
1181,29,21,29.864489881693004,-65.82400152208443,515.886
1182,29,22,23.21931004572839,-59.041049940371494,515.59
1183,29,23,16.31384194577834,-52.916853028633355,515.51
1184,29,24,9.246577763448093,-47.21796516632274,515.75
1185,29,25,2.0952617000784923,-41.74725343361474,516.373
1186,29,26,-5.0728967560107145,-36.32809255366742,517.395
1187,29,27,-12.193208456303513,-30.788532514125688,518.783
1188,29,28,-19.195543152836326,-24.945981867907612,520.454
1189,29,29,-25.995676075406436,-18.59138047735014,522.283
1190,29,30,-32.4841167302976,-11.473940017829687,524.115
1191,29,31,-38.511345446389065,-3.2917827766177883,525.776
1192,29,32,-43.8699396238713,6.29456274709259,527.096
1193,29,33,-48.280032261503045,17.587745650519295,527.918
1194,29,34,-51.39869322143628,30.668126524342117,528.12
1195,29,35,-52.88771544163408,45.1262948650872,527.626
1196,29,36,-52.54638698314645,59.97254430918866,526.415
1197,29,37,-50.42126583045077,74.02051539404488,524.521
1198,29,38,-46.77841517247574,86.47311821332619,522.041
1199,29,39,-41.969685374125376,97.126321356146,519.118
1200,30,0,-39.23201919628462,110.82984600115846,517.546
1201,30,1,-33.25986912566014,119.19148652649314,514.311
1202,30,2,-26.798826067077187,126.44462833066976,511.129
1203,30,3,-20.005970711067725,132.89837845476643,508.209
1204,30,4,-12.996216721548986,138.81082242676123,505.738
1205,30,5,-5.857582185033983,144.39668773378108,503.867
1206,30,6,1.3372164634175063,149.8422472948705,502.695
1207,30,7,8.521743574574353,155.32138406591972,502.265
1208,30,8,15.627971424798584,161.01106824832374,502.56
1209,30,9,22.578074810974666,167.10720332785687,503.505
1210,30,10,29.274563027984417,173.8406633588439,504.977
1211,30,11,35.587198028734036,-178.50908399616927,506.816
1212,30,12,41.336144347471674,-169.6129538475244,508.845
1213,30,13,46.27409790982409,-159.13155045289795,510.883
1214,30,14,50.08045646634006,-146.8443679851252,512.762
1215,30,15,52.397717670577364,-132.89796864341622,514.349
1216,30,16,52.93958048309657,-118.03196629223508,515.552
1217,30,17,51.63083427585209,-103.4290491675045,516.328
1218,30,18,48.65204534483696,-90.13689998601274,516.69
1219,30,19,44.33836082733995,-78.63106383853274,516.696
1220,30,20,39.04079780518636,-68.86661174070416,516.449
1221,30,21,33.04983056339849,-60.54884152040849,516.076
1222,30,22,26.581737042044793,-53.33375753028718,515.719
1223,30,23,19.792334346660773,-46.912228823600046,515.516
1224,30,24,12.795214499559265,-41.02722513659575,515.585
1225,30,25,5.677084190932641,-35.46541917092729,516.011
1226,30,26,-1.4907320086461244,-30.041897215194915,516.835
1227,30,27,-8.64319799839552,-24.584337011733776,518.048
1228,30,28,-15.713941308334244,-18.91738711398214,519.59
1229,30,29,-22.62698238052654,-12.84721785235245,521.358
1230,30,30,-29.28706227416554,-6.145662488752196,523.209
1231,30,31,-35.56677234802111,1.463270272592736,524.978
1232,30,32,-41.28993128754737,10.304561259278374,526.489
1233,30,33,-46.21392394323628,20.71450721480817,527.577
1234,30,34,-50.02336633016251,32.91569930847778,528.102
1235,30,35,-52.36443415875189,46.775228889227925,527.963
1236,30,36,-52.94921104982629,61.57802808492435,527.109
1237,30,37,-51.69394180868842,76.16037951006402,525.549
1238,30,38,-48.76789901353871,89.47164639104265,523.347
1239,30,39,-44.498060895418604,101.0185866169478,520.624
1240,31,0,-36.31901181716588,124.17035292197393,515.935
1241,31,1,-30.079449595251646,131.93612774411667,512.7
1242,31,2,-23.435903882045952,138.7541181962718,509.623
1243,31,3,-16.522227602260845,144.9079956950482,506.907
1244,31,4,-9.43822177250125,150.63245920070594,504.72
1245,31,5,-2.263000047036604,156.12603499166056,503.189
1246,31,6,4.934890222509668,161.566813420331,502.387
1247,31,7,12.089176137507755,167.12829495201387,502.325
1248,31,8,19.12803356307992,172.9949083546779,502.958
1249,31,9,25.96521343170818,179.37806164351332,504.184
1250,31,10,32.488716862703605,-173.46837706794318,505.861
1251,31,11,38.54582424131929,-165.2386411558598,507.819
1252,31,12,43.92493289197366,-155.589359707816,509.874
1253,31,13,48.341094152682956,-144.21663028688118,511.851
1254,31,14,51.44653528147764,-131.0472059443962,513.599
1255,31,15,52.90153974451418,-116.5107328999115,515.002
1256,31,16,52.510613867368505,-101.62146009422814,515.994
1257,31,17,50.331066352271584,-87.57447938680158,516.558
1258,31,18,46.63921250209629,-75.15440875853703,516.732
1259,31,19,41.792616134987384,-64.54672882653537,516.597
1260,31,20,36.11684163282809,-55.54868542528476,516.269
1261,31,21,29.864489881693004,-47.82399760609422,515.886
1262,31,22,23.21931004572839,-41.041042609286684,515.59
1263,31,23,16.31384194577834,-34.91684569754855,515.51
1264,31,24,9.246577763448093,-29.217957835237936,515.75
1265,31,25,2.0952617000784923,-23.74724610252994,516.373
1266,31,26,-5.0728967560107145,-18.328086930129903,517.395
1267,31,27,-12.193208456303513,-12.788525183040884,518.783
1268,31,28,-19.195543152836326,-6.94597496370963,520.454
1269,31,29,-25.995676075406436,-0.591373359708748,522.283
1270,31,30,-32.4841167302976,6.526067313255117,524.115
1271,31,31,-38.511345446389065,14.708224981353839,525.776
1272,31,32,-43.8699396238713,24.29456965129057,527.096
1273,31,33,-48.280032261503045,35.58775468915139,527.918
1274,31,34,-51.39869322143628,48.66813385542692,528.12
1275,31,35,-52.88771544163408,63.126302196172006,527.626
1276,31,36,-52.54638698314645,77.97255164027347,526.415
1277,31,37,-50.42126583045077,92.02052272512968,524.521
1278,31,38,-46.77841517247574,104.47312554441099,522.041
1279,31,39,-41.969685374125376,115.12633551741996,519.118
1280,32,0,-39.23201919628462,128.82985333224326,517.546
1281,32,1,-33.25986912566014,137.19149385757794,514.311
1282,32,2,-26.798826067077187,144.44463566175455,511.129
1283,32,3,-20.005970711067725,150.89838578585122,508.209
1284,32,4,-12.996216721548986,156.81082975784605,505.738
1285,32,5,-5.857582185033983,162.39669506486587,503.867
1286,32,6,1.3372164634175063,167.8422546259553,502.695
1287,32,7,8.521743574574353,173.3213913970045,502.265
1288,32,8,15.627971424798584,179.01107557940853,502.56
1289,32,9,22.578074810974666,-174.89278569859266,503.505
1290,32,10,29.274563027984417,-168.15932566760563,504.977
1291,32,11,35.587198028734036,-160.50907666508448,506.816
1292,32,12,41.336144347471674,-151.61294651643962,508.845
1293,32,13,46.27409790982409,-141.13154312181314,510.883
1294,32,14,50.08045646634006,-128.84436065404037,512.762
1295,32,15,52.397717670577364,-114.89796131233142,514.349
1296,32,16,52.93958048309657,-100.03195896115028,515.552
1297,32,17,51.63083427585209,-85.4290418364197,516.328
1298,32,18,48.65204534483696,-72.13689265492793,516.69
1299,32,19,44.33836082733995,-60.63105650744793,516.696
1300,32,20,39.04079780518636,-50.86660440961936,516.449
1301,32,21,33.04983056339849,-42.548834189323685,516.076
1302,32,22,26.581737042044793,-35.33375019920237,515.719
1303,32,23,19.792334346660773,-28.91222149251524,515.516
1304,32,24,12.795214499559265,-23.027216097963656,515.585
1305,32,25,5.677084190932641,-17.465411839842492,516.011
1306,32,26,-1.4907320086461244,-12.041889030336463,516.835
1307,32,27,-8.64319799839552,-6.584329680648972,518.048
1308,32,28,-15.713941308334244,-0.917379142567103,519.59
1309,32,29,-22.62698238052654,5.152789478732354,521.358
1310,32,30,-29.28706227416554,11.854344842332608,523.209
1311,32,31,-35.56677234802111,19.463278030564364,524.978
1312,32,32,-41.28993128754737,28.30456859036318,526.489
1313,32,33,-46.21392394323628,38.71451283834568,527.577
1314,32,34,-50.02336633016251,50.91570663956258,528.102
1315,32,35,-52.36443415875189,64.77523963540732,527.963
1316,32,36,-52.94921104982629,79.57803541600916,527.109
1317,32,37,-51.69394180868842,94.16038684114882,525.549
1318,32,38,-48.76789901353871,107.47165372212747,523.347
1319,32,39,-44.498060895418604,119.01860077822177,520.624
1320,33,0,-36.31901181716588,142.17036025305873,515.935
1321,33,1,-30.079449595251646,149.9361350752015,512.7
1322,33,2,-23.435903882045952,156.7541255273566,509.623
1323,33,3,-16.522227602260845,162.90800302613303,506.907
1324,33,4,-9.43822177250125,168.63246653179075,504.72
1325,33,5,-2.263000047036604,174.12604232274538,503.189
1326,33,6,4.934890222509668,179.56682075141578,502.387
1327,33,7,12.089176137507755,-174.87169407443565,502.325
1328,33,8,19.12803356307992,-169.00509433214998,502.958
1329,33,9,25.96521343170818,-162.6219273829362,504.184
1330,33,10,32.488716862703605,-155.46836973685836,505.861
1331,33,11,38.54582424131929,-147.23863382477498,507.819
1332,33,12,43.92493289197366,-137.58935237673117,509.874
1333,33,13,48.341094152682956,-126.21662295579638,511.851
1334,33,14,51.44653528147764,-113.04720544350057,513.599
1335,33,15,52.90153974451418,-98.51073239901588,515.002
1336,33,16,52.510613867368505,-83.62145276314334,515.994
1337,33,17,50.331066352271584,-69.57447205571678,516.558
1338,33,18,46.63921250209629,-57.15440142745223,516.732
1339,33,19,41.792616134987384,-46.54672149545057,516.597
1340,33,20,36.11684163282809,-37.54867809419996,516.269
1341,33,21,29.864489881693004,-29.82399027500941,515.886
1342,33,22,23.21931004572839,-23.041035278201885,515.59
1343,33,23,16.31384194577834,-16.916838366463747,515.51
1344,33,24,9.246577763448093,-11.217949650379486,515.75
1345,33,25,2.0952617000784923,-5.7472391983319575,516.373
1346,33,26,-5.0728967560107145,-0.3280787719518802,517.395
1347,33,27,-12.193208456303513,5.2114821480439195,518.783
1348,33,28,-19.195543152836326,11.054032794261996,520.454
1349,33,29,-25.995676075406436,17.408634184819466,522.283
1350,33,30,-32.4841167302976,24.526075498113567,524.115
1351,33,31,-38.511345446389065,32.70823231243864,525.776
1352,33,32,-43.8699396238713,42.294576982375375,527.096
1353,33,33,-48.280032261503045,53.5877620202362,527.918
1354,33,34,-51.39869322143628,66.66814460160631,528.12
1355,33,35,-52.88771544163408,81.12630952725681,527.626
1356,33,36,-52.54638698314645,95.97255897135827,526.415
1357,33,37,-50.42126583045077,110.02053005621448,524.521
1358,33,38,-46.77841517247574,122.47313287549579,522.041
1359,33,39,-41.969685374125376,133.12634284850478,519.118
1360,34,0,-39.23201919628462,146.8298333425714,517.546
1361,34,1,-33.25986912566014,155.19147386790607,514.311
1362,34,2,-26.798826067077187,162.44461567208268,511.129
1363,34,3,-20.005970711067725,168.89836579617935,508.209
1364,34,4,-12.996216721548986,174.81080976817415,505.738
1365,34,5,-5.857582185033983,-179.60333494271867,503.867
1366,34,6,1.3372164634175063,-174.15776172125092,502.695
1367,34,7,8.521743574574353,-168.67863861058004,502.265
1368,34,8,15.627971424798584,-162.98895442817602,502.56
1369,34,9,22.578074810974666,-156.89280568826453,503.505
1370,34,10,29.274563027984417,-150.1593456572775,504.977
1371,34,11,35.587198028734036,-142.50909665475635,506.816
1372,34,12,41.336144347471674,-133.6129665061115,508.845
1373,34,13,46.27409790982409,-123.13156311148502,510.883
1374,34,14,50.08045646634006,-110.84438064371226,512.762
1375,34,15,52.397717670577364,-96.89797447181412,514.349
1376,34,16,52.93958048309657,-82.03197895082216,515.552
1377,34,17,51.63083427585209,-67.42906182609158,516.328
1378,34,18,48.65204534483696,-54.13691605969439,516.69
1379,34,19,44.33836082733995,-42.63107649711981,516.696
1380,34,20,39.04079780518636,-32.86662439929124,516.449
1381,34,21,33.04983056339849,-24.54885417899556,516.076
1382,34,22,26.581737042044793,-17.33377018887425,515.719
1383,34,23,19.792334346660773,-10.912240628413471,515.516
1384,34,24,12.795214499559265,-5.027236514522356,515.585
1385,34,25,5.677084190932641,0.5345674234336925,516.011
1386,34,26,-1.4907320086461244,5.958090979991659,516.835
1387,34,27,-8.64319799839552,11.415650329679151,518.048
1388,34,28,-15.713941308334244,17.082600227430785,519.59
1389,34,29,-22.62698238052654,23.15276863528683,521.358
1390,34,30,-29.28706227416554,29.854326560208023,523.209
1391,34,31,-35.56677234802111,37.46325633334519,524.978
1392,34,32,-41.28993128754737,46.304550308238596,526.489
1393,34,33,-46.21392394323628,56.7144928486738,527.577
1394,34,34,-50.02336633016251,68.9156866498907,528.102
1395,34,35,-52.36443415875189,82.77521964573543,527.963
1396,34,36,-52.94921104982629,97.57801542633727,527.109
1397,34,37,-51.69394180868842,112.16036685147695,525.549
1398,34,38,-48.76789901353871,125.47164056264475,523.347
1399,34,39,-44.498060895418604,137.01858078854988,520.624
1400,35,0,-36.31901181716588,160.17034026338686,515.935
1401,35,1,-30.079449595251646,167.93611508552962,512.7
1402,35,2,-23.435903882045952,174.75410553768472,509.623
1403,35,3,-16.522227602260845,-179.09201332107318,506.907
1404,35,4,-9.43822177250125,-173.36754981541546,504.72
1405,35,5,-2.263000047036604,-167.87398768483916,503.189
1406,35,6,4.934890222509668,-162.4331955957904,502.387
1407,35,7,12.089176137507755,-156.87171406410755,502.325
1408,35,8,19.12803356307992,-151.00511432182185,502.958
1409,35,9,25.96521343170818,-144.62194737260808,504.184
1410,35,10,32.488716862703605,-137.46838972653026,505.861
1411,35,11,38.54582424131929,-129.23865381444688,507.819
1412,35,12,43.92493289197366,-119.58937236640305,509.874
1413,35,13,48.341094152682956,-108.21664294546827,511.851
1414,35,14,51.44653528147764,-95.04722543317244,513.599
1415,35,15,52.90153974451418,-80.51075238868775,515.002
1416,35,16,52.510613867368505,-65.62147275281522,515.994
1417,35,17,50.331066352271584,-51.574495460483234,516.558
1418,35,18,46.63921250209629,-39.154421417124105,516.732
1419,35,19,41.792616134987384,-28.546741485122443,516.597
1420,35,20,36.11684163282809,-19.54869979141913,516.269
1421,35,21,29.864489881693004,-11.824009410907642,515.886
1422,35,22,23.21931004572839,-5.041054840986938,515.59
1423,35,23,16.31384194577834,1.0831419640294944,515.51
1424,35,24,9.246577763448093,6.782029933061814,515.75
1425,35,25,2.0952617000784923,12.252740385109343,516.373
1426,35,26,-5.0728967560107145,17.671900411283023,517.395
1427,35,27,-12.193208456303513,23.211462158372044,518.783
1428,35,28,-19.195543152836326,29.05401280459012,520.454
1429,35,29,-25.995676075406436,35.4086124876003,522.283
1430,35,30,-32.4841167302976,42.52605550844169,524.115
1431,35,31,-38.511345446389065,50.70821232276676,525.776
1432,35,32,-43.8699396238713,60.29456040779808,527.096
1433,35,33,-48.280032261503045,71.58773861546973,527.918
1434,35,34,-51.39869322143628,84.66812461193443,528.12
1435,35,35,-52.88771544163408,99.12628953758494,527.626
1436,35,36,-52.54638698314645,113.97253898168638,526.415
1437,35,37,-50.42126583045077,128.02051689673178,524.521
1438,35,38,-46.77841517247574,140.47311288582392,522.041
1439,35,39,-41.969685374125376,151.12632285883288,519.118
1440,36,0,-39.23201919628462,164.8298406736562,517.546
1441,36,1,-33.25986912566014,173.19148119899086,514.311
1442,36,2,-26.798826067077187,-179.55538701474518,511.129
1443,36,3,-20.005970711067725,-173.1016368906485,508.209
1444,36,4,-12.996216721548986,-167.18917925827535,505.738
1445,36,5,-5.857582185033983,-161.60332761163386,503.867
1446,36,6,1.3372164634175063,-156.1577543901661,502.695
1447,36,7,8.521743574574353,-150.67863127949522,502.265
1448,36,8,15.627971424798584,-144.98894709709123,502.56
1449,36,9,22.578074810974666,-138.89279835717974,503.505
1450,36,10,29.274563027984417,-132.1593383261927,504.977
1451,36,11,35.587198028734036,-124.50908932367155,506.816
1452,36,12,41.336144347471674,-115.61295917502669,508.845
1453,36,13,46.27409790982409,-105.13155578040022,510.883
1454,36,14,50.08045646634006,-92.84437331262745,512.762
1455,36,15,52.397717670577364,-78.89796714072932,514.349
1456,36,16,52.93958048309657,-64.03197161973736,515.552
1457,36,17,51.63083427585209,-49.429054495006774,516.328
1458,36,18,48.65204534483696,-36.13690872860959,516.69
1459,36,19,44.33836082733995,-24.631069166035,516.696
1460,36,20,39.04079780518636,-14.866615360659141,516.449
1461,36,21,33.04983056339849,-6.548847274797579,516.076
1462,36,22,26.581737042044793,0.6662373556539654,515.719
1463,36,23,19.792334346660773,7.087766702671333,515.516
1464,36,24,12.795214499559265,12.972770389675624,515.585
1465,36,25,5.677084190932641,18.534575501570437,516.011
1466,36,26,-1.4907320086461244,23.958097457302816,516.835
1467,36,27,-8.64319799839552,29.415657660763955,518.048
1468,36,28,-15.713941308334244,35.08260755851559,519.59
1469,36,29,-22.62698238052654,41.152777673918926,521.358
1470,36,30,-29.28706227416554,47.854333891292825,523.209
1471,36,31,-35.56677234802111,55.463263664429995,524.978
1472,36,32,-41.28993128754737,64.30455763932339,526.489
1473,36,33,-46.21392394323628,74.71450359485318,527.577
1474,36,34,-50.02336633016251,86.9156939809755,528.102
1475,36,35,-52.36443415875189,100.77522697682025,527.963
1476,36,36,-52.94921104982629,115.57801592723291,527.109
1477,36,37,-51.69394180868842,130.16037418256175,525.549
1478,36,38,-48.76789901353871,143.47164789372957,523.347
1479,36,39,-44.498060895418604,155.0185881196347,520.624
1480,37,0,-36.31901181716588,178.17034759447165,515.935
1481,37,1,-30.079449595251646,-174.0638739409199,512.7
1482,37,2,-23.435903882045952,-167.2458834887648,509.623
1483,37,3,-16.522227602260845,-161.09200598998837,506.907
1484,37,4,-9.43822177250125,-155.36754248433064,504.72
1485,37,5,-2.263000047036604,-149.87398035375438,503.189
1486,37,6,4.934890222509668,-144.43318826470562,502.387
1487,37,7,12.089176137507755,-138.87170673302273,502.325
1488,37,8,19.12803356307992,-133.00510699073703,502.958
1489,37,9,25.96521343170818,-126.62194004152329,504.184
1490,37,10,32.488716862703605,-119.46838239544545,505.861
1491,37,11,38.54582424131929,-111.23865331355124,507.819
1492,37,12,43.92493289197366,-101.58937186550742,509.874
1493,37,13,48.341094152682956,-90.21663561438346,511.851
1494,37,14,51.44653528147764,-77.04721810208764,513.599
1495,37,15,52.90153974451418,-62.510745057602946,515.002
1496,37,16,52.510613867368505,-47.62146200663583,515.994
1497,37,17,50.331066352271584,-33.57448812939843,516.558
1498,37,18,46.63921250209629,-21.154414086039303,516.732
1499,37,19,41.792616134987384,-10.546735007811286,516.597
1500,37,20,36.11684163282809,-1.548691820004089,516.269
1501,37,21,29.864489881693004,6.175997920177161,515.886
1502,37,22,23.21931004572839,12.958952063211042,515.59
1503,37,23,16.31384194577834,19.08314897494918,515.51
1504,37,24,9.246577763448093,24.782036837259795,515.75
1505,37,25,2.0952617000784923,30.252748569967792,516.373
1506,37,26,-5.0728967560107145,35.67190944991512,517.395
1507,37,27,-12.193208456303513,41.211469489456846,518.783
1508,37,28,-19.195543152836326,47.054020135674925,520.454
1509,37,29,-25.995676075406436,53.408619818685104,522.283
1510,37,30,-32.4841167302976,60.526062839526496,524.115
1511,37,31,-38.511345446389065,68.70821965385157,525.776
1512,37,32,-43.8699396238713,78.29456773888289,527.096
1513,37,33,-48.280032261503045,89.58774594655453,527.918
1514,37,34,-51.39869322143628,102.66813194301923,528.12
1515,37,35,-52.88771544163408,117.12629686866974,527.626
1516,37,36,-52.54638698314645,131.9725463127712,526.415
1517,37,37,-50.42126583045077,146.02052422781657,524.521
1518,37,38,-46.77841517247574,158.47312021690874,522.041
1519,37,39,-41.969685374125376,169.1263301899177,519.118
1520,38,0,-39.23201919628462,-177.17014835279332,517.546
1521,38,1,-33.25986912566014,-168.80850782745867,514.311
1522,38,2,-26.798826067077187,-161.5553796836604,511.129
1523,38,3,-20.005970711067725,-155.10162955956372,508.209
1524,38,4,-12.996216721548986,-149.18917192719056,505.738
1525,38,5,-5.857582185033983,-143.60332028054907,503.867
1526,38,6,1.3372164634175063,-138.1577470590813,502.695
1527,38,7,8.521743574574353,-132.67862394841043,502.265
1528,38,8,15.627971424798584,-126.98893976600641,502.56
1529,38,9,22.578074810974666,-120.89279102609493,503.505
1530,38,10,29.274563027984417,-114.1593309951079,504.977
1531,38,11,35.587198028734036,-106.50907516239756,506.816
1532,38,12,41.336144347471674,-97.61295184394189,508.845
1533,38,13,46.27409790982409,-87.13154844931542,510.883
1534,38,14,50.08045646634006,-74.84436598154264,512.762
1535,38,15,52.397717670577364,-60.89795980964452,514.349
1536,38,16,52.93958048309657,-46.03196770374714,515.552
1537,38,17,51.63083427585209,-31.42904716392197,516.328
1538,38,18,48.65204534483696,-18.136901397524785,516.69
1539,38,19,44.33836082733995,-6.6310618349501995,516.696
1540,38,20,39.04079780518636,3.133391543538839,516.449
1541,38,21,33.04983056339849,11.451160483174048,516.076
1542,38,22,26.581737042044793,18.666244473295357,515.719
1543,38,23,19.792334346660773,25.08777317998249,515.516
1544,38,24,12.795214499559265,30.97277686698678,515.585
1545,38,25,5.677084190932641,36.53458283265524,516.011
1546,38,26,-1.4907320086461244,41.95810478838762,516.835
1547,38,27,-8.64319799839552,47.41566499184876,518.048
1548,38,28,-15.713941308334244,53.08261488960039,519.59
1549,38,29,-22.62698238052654,59.15278500500373,521.358
1550,38,30,-29.28706227416554,65.85434122237763,523.209
1551,38,31,-35.56677234802111,73.46327441060939,524.978
1552,38,32,-41.28993128754737,82.3045649704082,526.489
1553,38,33,-46.21392394323628,92.714510925938,527.577
1554,38,34,-50.02336633016251,104.9157013120603,528.102
1555,38,35,-52.36443415875189,118.77522747771587,527.963
1556,38,36,-52.94921104982629,133.5780232583177,527.109
1557,38,37,-51.69394180868842,148.16038151364654,525.549
1558,38,38,-48.76789901353871,161.47165522481436,523.347
1559,38,39,-44.498060895418604,173.0185954507195,520.624
1560,39,0,-36.31901181716588,-163.82964143197788,515.935
1561,39,1,-30.079449595251646,-156.06386660983512,512.7
1562,39,2,-23.435903882045952,-149.24587615768,509.623
1563,39,3,-16.522227602260845,-143.09199865890358,506.907
1564,39,4,-9.43822177250125,-137.36753515324585,504.72
1565,39,5,-2.263000047036604,-131.87397302266956,503.189
1566,39,6,4.934890222509668,-126.43318093362082,502.387
1567,39,7,12.089176137507755,-120.87169940193793,502.325
1568,39,8,19.12803356307992,-115.00509965965223,502.958
1569,39,9,25.96521343170818,-108.62193271043849,504.184
1570,39,10,32.488716862703605,-101.46836823417148,505.861
1571,39,11,38.54582424131929,-93.23864598246644,507.819
1572,39,12,43.92493289197366,-83.58936453442261,509.874
1573,39,13,48.341094152682956,-72.21662828329866,511.851
1574,39,14,51.44653528147764,-59.047210771002845,513.599
1575,39,15,52.90153974451418,-44.510737726518144,515.002
1576,39,16,52.510613867368505,-29.621454675551025,515.994
1577,39,17,50.331066352271584,-15.574479090766339,516.558
1578,39,18,46.63921250209629,-3.154406114624264,516.732
1579,39,19,41.792616134987384,7.453272323273518,516.597
1580,39,20,36.11684163282809,16.45131487075048,516.269
1581,39,21,29.864489881693004,24.176004397488317,515.886
1582,39,22,23.21931004572839,30.958959394295846,515.59
1583,39,23,16.31384194577834,37.083156306033985,515.51
1584,39,24,9.246577763448093,42.7820441683446,515.75
1585,39,25,2.0952617000784923,48.252755901052595,516.373
1586,39,26,-5.0728967560107145,53.67191678099992,517.395
1587,39,27,-12.193208456303513,59.21147682054165,518.783
1588,39,28,-19.195543152836326,65.05402746675972,520.454
1589,39,29,-25.995676075406436,71.4086305648645,522.283
1590,39,30,-32.4841167302976,78.52607017061129,524.115
1591,39,31,-38.511345446389065,86.70822698493637,525.776
1592,39,32,-43.8699396238713,96.29457506996769,527.096
1593,39,33,-48.280032261503045,107.58775327763934,527.918
1594,39,34,-51.39869322143628,120.66813244391487,528.12
1595,39,35,-52.88771544163408,135.12630419975454,527.626
1596,39,36,-52.54638698314645,149.972553643856,526.415
1597,39,37,-50.42126583045077,164.02053155890138,524.521
1598,39,38,-46.77841517247574,176.47312754799353,522.041
1599,39,39,-41.969685374125376,-172.87367249691016,519.118
