0,0,0,-2.3467633525835248,-126.2375506554133,503.203
1,0,1,4.851238761310406,-120.79714105695807,502.392
2,0,2,12.006430103260342,-115.23809107261971,502.321
3,0,3,19.047094113867974,-109.37618367029381,502.945
4,0,4,25.88720413365017,-103.00040015557285,504.165
5,0,5,32.41514548005881,-95.85744979327605,505.838
6,0,6,38.47876885914269,-87.64218022185474,507.792
7,0,7,43.86725877462207,-78.01136760532664,509.847
8,0,8,48.29654424382155,-66.65979128025138,511.826
9,0,9,51.419320392729716,-53.51000714672477,513.577
10,0,10,52.89507155537018,-38.98453753699297,514.985
11,0,11,52.52581103827178,-24.092201391466848,515.981
12,0,12,50.36577737363359,-10.029688833867674,516.551
13,0,13,46.68947244910383,2.4114206980312156,516.729
14,0,14,41.85430640357094,13.039472309562676,516.597
15,0,15,36.18656420387558,22.05439908466791,516.271
16,0,16,29.939734660684447,29.791915706667034,515.889
17,0,17,23.298289230648535,36.584084628664904,515.591
18,0,18,16.395227064833627,42.714514088020685,515.509
19,0,19,9.32935453354677,48.417168799658555,515.744
20,0,20,2.178627360549671,53.88948562682151,516.363
21,0,21,-4.989714443430068,59.30827426145907,517.381
22,0,22,-12.110966148507389,64.8454198291292,518.766
23,0,23,-19.115117675359425,70.68331228633332,520.435
24,0,24,-25.918165381157838,77.03060708202618,522.264
25,0,25,-32.4109790646651,84.13753502664034,524.096
26,0,26,-38.44463840386013,92.30540308522174,525.761
27,0,27,-43.812449921627305,101.87343943308825,527.086
28,0,28,-48.235458446979536,113.14561480906211,527.915
29,0,29,-51.371208540216145,126.20640499279804,528.125
30,0,30,-52.88074523358608,140.65326595537218,527.64
31,0,31,-52.56095577664608,155.50205622984487,526.436
32,0,32,-50.45536896497665,169.56504690068596,524.55
33,0,33,-46.82818334586304,-177.96158969267938,522.076
34,0,34,-42.031051208723355,-167.28809405783548,519.157
35,0,35,-36.38857387876788,-158.22715144451823,515.975
36,0,36,-30.154684128959335,-150.44848122522248,512.739
37,0,37,-23.514990642445532,-143.62118805541783,509.659
38,0,38,-16.603831287369573,-137.461026782605,506.937
39,0,39,-9.52132383035915,-131.7327520313904,504.743
40,1,0,1.2534136708394463,-114.52126954941605,502.704
41,1,1,8.438444295004171,-109.04352613695752,502.265
42,1,2,15.546002324569262,-103.35736633216523,502.551
43,1,3,22.4984382203469,-97.2671940077775,503.489
44,1,4,29.198549852711345,-90.54265420384651,504.955
45,1,5,35.51657728781069,-82.90487029656062,506.791
46,1,6,41.273361248620915,-74.0252487151397,508.819
47,1,7,46.22246509479338,-63.56398071818642,510.856
48,1,8,50.04405497315848,-51.29794110098942,512.738
49,1,9,52.380570480666044,-37.3677976095051,514.329
50,1,10,52.944030351340835,-22.506089739764608,515.537
51,1,11,51.65621184371327,-7.893181755825591,516.318
52,1,12,48.695068706418866,5.418170929404498,516.684
53,1,13,44.39481917101927,16.945280981714973,516.695
54,1,14,39.10687647031165,26.72854000542317,516.45
55,1,15,33.12257890824829,35.06115051923799,516.078
56,1,16,26.659036000429122,42.287183302598834,515.721
57,1,17,19.872657371300125,48.71635499096721,515.516
58,1,18,12.877412411125784,54.60630373493059,515.582
59,1,19,5.7602464398326,60.17077688946994,516.004
60,1,20,-1.4073490592586086,65.59488965656553,516.823
61,1,21,-8.5603853698037,71.05108382219267,518.032
62,1,22,-15.632486179839963,76.71453324799467,519.572
63,1,23,-22.54785805408653,82.77878500448219,521.338
64,1,24,-29.2115203819452,89.47150295707009,523.19
65,1,25,-35.496558003353385,97.0681008236608,524.961
66,1,26,-41.22741798116883,105.89304674077577,526.476
67,1,27,-46.162383335759365,116.28304171373996,527.571
68,1,28,-49.98682823319753,128.46322243797533,528.103
69,1,29,-52.3468942329633,142.30634931943368,527.972
70,1,30,-52.9530803519911,157.1044322695082,527.127
71,1,31,-51.71868416895679,171.69620252551334,525.574
72,1,32,-48.810362299608684,-174.97370977987896,523.379
73,1,33,-44.55409918246397,-163.40565060906016,520.661
74,1,34,-39.297848559505205,-153.5756150348211,517.586
75,1,35,-33.3325355082399,-145.19908469709583,514.351
76,1,36,-26.876181374522165,-137.9349189675988,511.166
77,1,37,-20.08646107534174,-131.47345072974002,508.242
78,1,38,-13.07868442558772,-125.55600705927276,505.765
79,1,39,-5.941110702828184,-119.96746431809828,503.885
80,2,0,-2.3467633525835248,-108.23755698470684,503.203
81,2,1,4.851238761310406,-102.79714738625161,502.392
82,2,2,12.006430103260342,-97.23809740191325,502.321
83,2,3,19.047094113867974,-91.37618316939819,502.945
84,2,4,25.88720413365017,-85.00039965467721,504.165
85,2,5,32.41514548005881,-77.85744929238041,505.838
86,2,6,38.47876885914269,-69.6421797209591,507.792
87,2,7,43.86725877462207,-60.01136710443101,509.847
88,2,8,48.29654424382155,-48.65979077935575,511.826
89,2,9,51.419320392729716,-35.51000664582914,513.577
90,2,10,52.89507155537018,-20.98453703609733,514.985
91,2,11,52.52581103827178,-6.092201317458036,515.981
92,2,12,50.36577737363359,7.97031166702796,516.551
93,2,13,46.68947244910383,20.41142098548344,516.729
94,2,14,41.85430640357094,31.039473664231956,516.597
95,2,15,36.18656420387558,40.05439787801625,516.271
96,2,16,29.939734660684447,47.791916207562664,515.889
97,2,17,23.298289230648535,54.58408512956054,515.591
98,2,18,16.395227064833627,60.714514588916316,515.509
99,2,19,9.32935453354677,66.41716930055419,515.744
100,2,20,2.178627360549671,71.88948954281173,516.363
101,2,21,-4.989714443430068,77.3082747623547,517.381
102,2,22,-12.110966148507389,82.84542033002484,518.766
103,2,23,-19.115117675359425,88.68331278722896,520.435
104,2,24,-25.918165381157838,95.0306075829218,522.264
105,2,25,-32.4109790646651,102.13753552753596,524.096
106,2,26,-38.44463840386013,110.30540358611738,525.761
107,2,27,-43.812449921627305,119.87343993398389,527.086
108,2,28,-48.235458446979536,131.14561530995775,527.915
109,2,29,-51.371208540216145,144.20641232388286,528.125
110,2,30,-52.88074523358608,158.653273286457,527.64
111,2,31,-52.56095577664608,173.50204990055136,526.436
112,2,32,-50.45536896497665,-172.4349557861419,524.55
113,2,33,-46.82818334586304,-159.9615823615946,522.076
114,2,34,-42.031051208723355,-149.28810038712902,519.157
115,2,35,-36.38857387876788,-140.22715777381177,515.975
116,2,36,-30.154684128959335,-132.44848755451602,512.739
117,2,37,-23.514990642445532,-125.62119438471136,509.659
118,2,38,-16.603831287369573,-119.46101945152017,506.937
119,2,39,-9.52132383035915,-113.73275836068392,504.743
120,3,0,1.2534136708394463,-96.52126904852041,502.704
121,3,1,8.438444295004171,-91.04352563606189,502.265
122,3,2,15.546002324569262,-85.35736583126959,502.551
123,3,3,22.4984382203469,-79.26719350688187,503.489
124,3,4,29.198549852711345,-72.54265370295087,504.955
125,3,5,35.51657728781069,-64.904869795665,506.791
126,3,6,41.273361248620915,-56.025244799149476,508.819
127,3,7,46.22246509479338,-45.56398021729079,510.856
128,3,8,50.04405497315848,-33.29794060009379,512.738
129,3,9,52.380570480666044,-19.367797108609462,514.329
130,3,10,52.944030351340835,-4.506089665755798,515.537
131,3,11,51.65621184371327,10.106818745070044,516.318
132,3,12,48.695068706418866,23.41817100341331,516.684
133,3,13,44.39481917101927,34.945283190157895,516.695
134,3,14,39.10687647031165,44.72853879877151,516.45
135,3,15,33.12257890824829,53.06115102013363,516.078
136,3,16,26.659036000429122,60.287183803494464,515.721
137,3,17,19.872657371300125,66.71635890695742,515.516
138,3,18,12.877412411125784,72.60630423582623,515.582
139,3,19,5.7602464398326,78.17077739036557,516.004
140,3,20,-1.4073490592586086,83.59489015746117,516.823
141,3,21,-8.5603853698037,89.05108432308829,518.032
142,3,22,-15.632486179839963,94.7145337488903,519.572
143,3,23,-22.54785805408653,100.77878550537783,521.338
144,3,24,-29.2115203819452,107.47150345796572,523.19
145,3,25,-35.496558003353385,115.06810132455644,524.961
146,3,26,-41.22741798116883,123.89304724167141,526.476
147,3,27,-46.162383335759365,134.28304904482476,527.571
148,3,28,-49.98682823319753,146.46322976906012,528.103
149,3,29,-52.3468942329633,160.3063566505185,527.972
150,3,30,-52.9530803519911,175.10442594021467,527.127
151,3,31,-51.71868416895679,-170.30380016131454,525.574
152,3,32,-48.810362299608684,-156.97370244879417,523.379
153,3,33,-44.55409918246397,-145.40564327797534,520.661
154,3,34,-39.297848559505205,-135.57560770373632,517.586
155,3,35,-33.3325355082399,-127.19907736601102,514.351
156,3,36,-26.876181374522165,-119.93492529689235,511.166
157,3,37,-20.08646107534174,-113.47345022884438,508.242
158,3,38,-13.07868442558772,-107.55599972818796,505.765
159,3,39,-5.941110702828184,-101.96745698701348,503.885
160,4,0,-2.3467633525835248,-90.2375564838112,503.203
161,4,1,4.851238761310406,-84.79714688535597,502.392
162,4,2,12.006430103260342,-79.23809690101761,502.321
163,4,3,19.047094113867974,-73.37618266850255,502.945
164,4,4,25.88720413365017,-67.00039915378159,504.165
165,4,5,32.41514548005881,-59.85744879148478,505.838
166,4,6,38.47876885914269,-51.642179220063475,507.792
167,4,7,43.86725877462207,-42.0113631884408,509.847
168,4,8,48.29654424382155,-30.659790278460118,511.826
169,4,9,51.419320392729716,-17.510007852480797,513.577
170,4,10,52.89507155537018,-2.98453696208852,514.985
171,4,11,52.52581103827178,11.907798756550774,515.981
172,4,12,50.36577737363359,25.97031216792359,516.551
173,4,13,46.68947244910383,38.41142319392636,516.729
174,4,14,41.85430640357094,49.03947416512759,516.597
175,4,15,36.18656420387558,58.054401794006466,516.271
176,4,16,29.939734660684447,65.79192012355288,515.889
177,4,17,23.298289230648535,72.58408563045617,515.591
178,4,18,16.395227064833627,78.71451508981195,515.509
179,4,19,9.32935453354677,84.41716980144983,515.744
180,4,20,2.178627360549671,89.88949004370735,516.363
181,4,21,-4.989714443430068,95.30827526325034,517.381
182,4,22,-12.110966148507389,100.84542083092046,518.766
183,4,23,-19.115117675359425,106.6833132881246,520.435
184,4,24,-25.918165381157838,113.03060808381744,522.264
185,4,25,-32.4109790646651,120.1375360284316,524.096
186,4,26,-38.44463840386013,128.30540408701302,525.761
187,4,27,-43.812449921627305,137.87344726506868,527.086
188,4,28,-48.235458446979536,149.14562264104256,527.915
189,4,29,-51.371208540216145,162.20640599458932,528.125
190,4,30,-52.88074523358608,176.65326695716345,527.64
191,4,31,-52.56095577664608,-168.49795278627653,526.436
192,4,32,-50.45536896497665,-154.4349484550571,524.55
193,4,33,-46.82818334586304,-141.96158869088814,522.076
194,4,34,-42.031051208723355,-131.2880930560442,519.157
195,4,35,-36.38857387876788,-122.22715044272697,515.975
196,4,36,-30.154684128959335,-114.44848022343122,512.739
197,4,37,-23.514990642445532,-107.62119388381572,509.659
198,4,38,-16.603831287369573,-101.46102578081371,506.937
199,4,39,-9.52132383035915,-95.7327578597883,504.743
200,5,0,1.2534136708394463,-78.52126854762477,502.704
201,5,1,8.438444295004171,-73.04352513516625,502.265
202,5,2,15.546002324569262,-67.35736533037395,502.551
203,5,3,22.4984382203469,-61.267193005986236,503.489
204,5,4,29.198549852711345,-54.54265320205524,504.955
205,5,5,35.51657728781069,-46.904869294769355,506.791
206,5,6,41.273361248620915,-38.025244298253845,508.819
207,5,7,46.22246509479338,-27.563979716395156,510.856
208,5,8,50.04405497315848,-15.297940099198154,512.738
209,5,9,52.380570480666044,-1.367796287548711,514.329
210,5,10,52.944030351340835,13.493911262026659,515.537
211,5,11,51.65621184371327,28.106819245965678,516.318
212,5,12,48.695068706418866,41.418171504308944,516.684
213,5,13,44.39481917101927,52.94528369105353,516.695
214,5,14,39.10687647031165,62.72853929966715,516.45
215,5,15,33.12257890824829,71.06115152102926,516.078
216,5,16,26.659036000429122,78.2871843043901,515.721
217,5,17,19.872657371300125,84.71635940785306,515.516
218,5,18,12.877412411125784,90.60630473672185,515.582
219,5,19,5.7602464398326,96.17077789126121,516.004
220,5,20,-1.4073490592586086,101.59489065835679,516.823
221,5,21,-8.5603853698037,107.05108482398393,518.032
222,5,22,-15.632486179839963,112.71453424978593,519.572
223,5,23,-22.54785805408653,118.77877917608429,521.338
224,5,24,-29.2115203819452,125.47150395886136,523.19
225,5,25,-35.496558003353385,133.06810865564123,524.961
226,5,26,-41.22741798116883,141.89304091237787,526.476
227,5,27,-46.162383335759365,152.28304271553122,527.571
228,5,28,-49.98682823319753,164.46322343976658,528.103
229,5,29,-52.3468942329633,178.30635032122495,527.972
230,5,30,-52.9530803519911,-166.89556308623486,527.127
231,5,31,-51.71868416895679,-152.30379283022972,525.574
232,5,32,-48.810362299608684,-138.9737087780877,523.379
233,5,33,-44.55409918246397,-127.40564960726888,520.661
234,5,34,-39.297848559505205,-117.57561403302985,517.586
235,5,35,-33.3325355082399,-109.19907686511539,514.351
236,5,36,-26.876181374522165,-101.93492479599671,511.166
237,5,37,-20.08646107534174,-95.47344972794876,508.242
238,5,38,-13.07868442558772,-89.55599922729232,505.765
239,5,39,-5.941110702828184,-83.96745648611784,503.885
240,6,0,-2.3467633525835248,-72.23755598291558,503.203
241,6,1,4.851238761310406,-66.79714638446033,502.392
242,6,2,12.006430103260342,-61.23809640012198,502.321
243,6,3,19.047094113867974,-55.37617875251233,502.945
244,6,4,25.88720413365017,-49.00039523779136,504.165
245,6,5,32.41514548005881,-41.85744487549456,505.838
246,6,6,38.47876885914269,-33.642178719167845,507.792
247,6,7,43.86725877462207,-24.011364395092453,509.847
248,6,8,48.29654424382155,-12.659788070017191,511.826
249,6,9,51.419320392729716,0.4899928084973959,513.577
250,6,10,52.89507155537018,15.015463965693936,514.985
251,6,11,52.52581103827178,29.90780011122005,515.981
252,6,12,50.36577737363359,43.970312668819226,516.551
253,6,13,46.68947244910383,56.411423694822,516.729
254,6,14,41.85430640357094,67.03947466602322,516.597
255,6,15,36.18656420387558,76.0544022949021,516.271
256,6,16,29.939734660684447,83.79192062444852,515.889
257,6,17,23.298289230648535,90.58408613135181,515.591
258,6,18,16.395227064833627,96.71451559070758,515.509
259,6,19,9.32935453354677,102.41717030234545,515.744
260,6,20,2.178627360549671,107.88949054460299,516.363
261,6,21,-4.989714443430068,113.30827576414598,517.381
262,6,22,-12.110966148507389,118.84542816200526,518.766
263,6,23,-19.115117675359425,124.68331378902023,520.435
264,6,24,-25.918165381157838,131.03060858471306,522.264
265,6,25,-32.4109790646651,138.13752969913807,524.096
266,6,26,-38.44463840386013,146.30539775771948,525.761
267,6,27,-43.812449921627305,155.87344093577516,527.086
268,6,28,-48.235458446979536,167.14561631174902,527.915
269,6,29,-51.371208540216145,-179.79359669223854,528.125
270,6,30,-52.88074523358608,-165.34672206928607,527.64
271,6,31,-52.56095577664608,-150.4979454551917,526.436
272,6,32,-50.45536896497665,-136.43495478435065,524.55
273,6,33,-46.82818334586304,-123.96158135980332,522.076
274,6,34,-42.031051208723355,-113.28809255514858,519.157
275,6,35,-36.38857387876788,-104.22714994183133,515.975
276,6,36,-30.154684128959335,-96.44847972253558,512.739
277,6,37,-23.514990642445532,-89.62119338292008,509.659
278,6,38,-16.603831287369573,-83.46102527991808,506.937
279,6,39,-9.52132383035915,-77.73275735889266,504.743
280,7,0,1.2534136708394463,-60.52127487691831,502.704
281,7,1,8.438444295004171,-55.0435280493652,502.265
282,7,2,15.546002324569262,-49.35736824457291,502.551
283,7,3,22.4984382203469,-43.26719933527978,503.489
284,7,4,29.198549852711345,-36.54265611625419,504.955
285,7,5,35.51657728781069,-28.904872208968307,506.791
286,7,6,41.273361248620915,-20.025247212452793,508.819
287,7,7,46.22246509479338,-9.56398263059411,510.856
288,7,8,50.04405497315848,2.702056559716071,512.738
289,7,9,52.380570480666044,16.63220047808722,514.329
290,7,10,52.944030351340835,31.493906640280414,515.537
291,7,11,51.65621184371327,46.10681633176672,516.318
292,7,12,48.695068706418866,59.418172005204575,516.684
293,7,13,44.39481917101927,70.94527736175999,516.695
294,7,14,39.10687647031165,80.72853980056279,516.45
295,7,15,33.12257890824829,89.06114519173572,516.078
296,7,16,26.659036000429122,96.28717797509657,515.721
297,7,17,19.872657371300125,102.71635307855952,515.516
298,7,18,12.877412411125784,108.60630523761749,515.582
299,7,19,5.7602464398326,114.17077156196767,516.004
300,7,20,-1.4073490592586086,119.59489115925243,516.823
301,7,21,-8.5603853698037,125.05107849469039,518.032
302,7,22,-15.632486179839963,130.71453475068157,519.572
303,7,23,-22.54785805408653,136.7787865071691,521.338
304,7,24,-29.2115203819452,143.4714976295678,523.19
305,7,25,-35.496558003353385,151.0681023263477,524.961
306,7,26,-41.22741798116883,159.8930482434627,526.476
307,7,27,-46.162383335759365,170.28303638623768,527.571
308,7,28,-49.98682823319753,-177.53677924706128,528.103
309,7,29,-52.3468942329633,-163.6936523656029,527.972
310,7,30,-52.9530803519911,-148.8955694155284,527.127
311,7,31,-51.71868416895679,-134.30379915952327,525.574
312,7,32,-48.810362299608684,-120.97371510738124,523.379
313,7,33,-44.55409918246397,-109.40564910637326,520.661
314,7,34,-39.297848559505205,-99.57561353213423,517.586
315,7,35,-33.3325355082399,-91.19908319440893,514.351
316,7,36,-26.876181374522165,-83.93492429510107,511.166
317,7,37,-20.08646107534174,-77.47345605724229,508.242
318,7,38,-13.07868442558772,-71.55600555658586,505.765
319,7,39,-5.941110702828184,-65.96746281541138,503.885
320,8,0,-2.3467633525835248,-54.23755206692536,503.203
321,8,1,4.851238761310406,-48.79714246847012,502.392
322,8,2,12.006430103260342,-43.23809589922635,502.321
323,8,3,19.047094113867974,-37.3761782516167,502.945
324,8,4,25.88720413365017,-31.00039473689573,504.165
325,8,5,32.41514548005881,-23.857446082146215,505.838
326,8,6,38.47876885914269,-15.642179925819503,507.792
327,8,7,43.86725877462207,-6.0113630404231735,509.847
328,8,8,48.29654424382155,5.340212003991619,511.826
329,8,9,51.419320392729716,18.48999314931047,513.577
330,8,10,52.89507155537018,33.01546446658957,514.985
331,8,11,52.52581103827178,47.907800612115686,515.981
332,8,12,50.36577737363359,61.970313169714856,516.551
333,8,13,46.68947244910383,74.41142078062305,516.729
334,8,14,41.85430640357094,85.03947516691886,516.597
335,8,15,36.18656420387558,94.05440279579774,516.271
336,8,16,29.939734660684447,101.79192112534415,515.889
337,8,17,23.298289230648535,108.58408663224743,515.591
338,8,18,16.395227064833627,114.71451609160322,515.509
339,8,19,9.32935453354677,120.41717763343026,515.744
340,8,20,2.178627360549671,125.88948421530945,516.363
341,8,21,-4.989714443430068,131.30826943485243,517.381
342,8,22,-12.110966148507389,136.84542183271174,518.766
343,8,23,-19.115117675359425,142.68330745972668,520.435
344,8,24,-25.918165381157838,149.03061591579788,522.264
345,8,25,-32.4109790646651,156.13753703022286,524.096
346,8,26,-38.44463840386013,164.30540508880426,525.761
347,8,27,-43.812449921627305,173.87344826685995,527.086
348,8,28,-48.235458446979536,-174.85438637507886,527.915
349,8,29,-51.371208540216145,-161.79358936115375,528.125
350,8,30,-52.88074523358608,-147.34672839857961,527.64
351,8,31,-52.56095577664608,-132.49795178448525,526.436
352,8,32,-50.45536896497665,-118.43494745326583,524.55
353,8,33,-46.82818334586304,-105.96158768909686,522.076
354,8,34,-42.031051208723355,-95.28809205425294,519.157
355,8,35,-36.38857387876788,-86.22714944093569,515.975
356,8,36,-30.154684128959335,-78.44847922163996,512.739
357,8,37,-23.514990642445532,-71.62119288202446,509.659
358,8,38,-16.603831287369573,-65.46102477902245,506.937
359,8,39,-9.52132383035915,-59.732756857997025,504.743
360,9,0,1.2534136708394463,-42.5212709609281,502.704
361,9,1,8.438444295004171,-37.04352754846957,502.265
362,9,2,15.546002324569262,-31.357367743677276,502.551
363,9,3,22.4984382203469,-25.26719883438414,503.489
364,9,4,29.198549852711345,-18.542657322905853,504.955
365,9,5,35.51657728781069,-10.90487256184632,506.791
366,9,6,41.273361248620915,-2.0252475653308073,508.819
367,9,7,46.22246509479338,8.436017870301523,510.856
368,9,8,50.04405497315848,20.70205748749853,512.738
369,9,9,52.380570480666044,34.63220097898285,514.329
370,9,10,52.944030351340835,49.493907141176045,515.537
371,9,11,51.65621184371327,64.10681683266236,516.318
372,9,12,48.695068706418866,77.4181725061002,516.684
373,9,13,44.39481917101927,88.94527786265563,516.695
374,9,14,39.10687647031165,98.72854030145841,516.45
375,9,15,33.12257890824829,107.06114569263136,516.078
376,9,16,26.659036000429122,114.28717847599219,515.721
377,9,17,19.872657371300125,120.71635357945516,515.516
378,9,18,12.877412411125784,126.60629890832395,515.582
379,9,19,5.7602464398326,132.1707720628633,516.004
380,9,20,-1.4073490592586086,137.5948848299589,516.823
381,9,21,-8.5603853698037,143.0510858257752,518.032
382,9,22,-15.632486179839963,148.71452842138802,519.572
383,9,23,-22.54785805408653,154.77878017787555,521.338
384,9,24,-29.2115203819452,161.47150496065262,523.19
385,9,25,-35.496558003353385,169.06809599705417,524.961
386,9,26,-41.22741798116883,177.89304191416915,526.476
387,9,27,-46.162383335759365,-171.71695264021184,527.571
388,9,28,-49.98682823319753,-159.53677191597646,528.103
389,9,29,-52.3468942329633,-145.6936450345181,527.972
390,9,30,-52.9530803519911,-130.8955757448219,527.127
391,9,31,-51.71868416895679,-116.3038054888168,525.574
392,9,32,-48.810362299608684,-102.97370777629644,523.379
393,9,33,-44.55409918246397,-91.40564860547762,520.661
394,9,34,-39.297848559505205,-81.57561303123859,517.586
395,9,35,-33.3325355082399,-73.19908269351329,514.351
396,9,36,-26.876181374522165,-65.93492379420545,511.166
397,9,37,-20.08646107534174,-59.47345555634666,508.242
398,9,38,-13.07868442558772,-53.55600505569022,505.765
399,9,39,-5.941110702828184,-47.96745889942116,503.885
400,10,0,-2.3467633525835248,-36.23755156602972,503.203
401,10,1,4.851238761310406,-30.79714196757449,502.392
402,10,2,12.006430103260342,-25.238093690783423,502.321
403,10,3,19.047094113867974,-19.376177750721066,502.945
404,10,4,25.88720413365017,-13.000394236000094,504.165
405,10,5,32.41514548005881,-5.857444727476937,505.838
406,10,6,38.47876885914269,2.3578210019629524,507.792
407,10,7,43.86725877462207,11.988637460472459,509.847
408,10,8,48.29654424382155,23.340212931774076,511.826
409,10,9,51.419320392729716,36.48999535775339,513.577
410,10,10,52.89507155537018,51.0154649674852,514.985
411,10,11,52.52581103827178,65.90780111301132,515.981
412,10,12,50.36577737363359,79.9703136706105,516.551
413,10,13,46.68947244910383,92.41142128151868,516.729
414,10,14,41.85430640357094,103.03947566781449,516.597
415,10,15,36.18656420387558,112.05440329669337,516.271
416,10,16,29.939734660684447,119.79191479605062,515.889
417,10,17,23.298289230648535,126.58408713314307,515.591
418,10,18,16.395227064833627,132.71452342268802,515.509
419,10,19,9.32935453354677,138.41717130413673,515.744
420,10,20,2.178627360549671,143.88949154639425,516.363
421,10,21,-4.989714443430068,149.30827676593725,517.381
422,10,22,-12.110966148507389,154.84542916379652,518.766
423,10,23,-19.115117675359425,160.6833147908115,520.435
424,10,24,-25.918165381157838,167.03060958650434,522.264
425,10,25,-32.4109790646651,174.13753070092932,524.096
426,10,26,-38.44463840386013,-177.6945975980236,525.761
427,10,27,-43.812449921627305,-168.1265544199679,527.086
428,10,28,-48.235458446979536,-156.85437904399404,527.915
429,10,29,-51.371208540216145,-143.7935956904473,528.125
430,10,30,-52.88074523358608,-129.3467210674948,527.64
431,10,31,-52.56095577664608,-114.49794445340045,526.436
432,10,32,-50.45536896497665,-100.43495378255938,524.55
433,10,33,-46.82818334586304,-87.96158718820122,522.076
434,10,34,-42.031051208723355,-77.28809155335732,519.157
435,10,35,-36.38857387876788,-68.22714894004007,515.975
436,10,36,-30.154684128959335,-60.44847872074432,512.739
437,10,37,-23.514990642445532,-53.62118896603424,509.659
438,10,38,-16.603831287369573,-47.461024278126814,506.937
439,10,39,-9.52132383035915,-41.73275635710139,504.743
440,11,0,1.2534136708394463,-24.521272167579756,502.704
441,11,1,8.438444295004171,-19.04352875512123,502.265
442,11,2,15.546002324569262,-13.357368096555287,502.551
443,11,3,22.4984382203469,-7.267198333488507,503.489
444,11,4,29.198549852711345,-0.5426565552059561,504.955
445,11,5,35.51657728781069,7.0951279390493145,506.791
446,11,6,41.273361248620915,15.974753789338472,508.819
447,11,7,46.22246509479338,26.436018371197157,510.856
448,11,8,50.04405497315848,38.70205798839416,512.738
449,11,9,52.380570480666044,52.63220147987849,514.329
450,11,10,52.944030351340835,67.49390764207168,515.537
451,11,11,51.65621184371327,82.106817333558,516.318
452,11,12,48.695068706418866,95.41817300699584,516.684
453,11,13,44.39481917101927,106.94527836355127,516.695
454,11,14,39.10687647031165,116.72853397216487,516.45
455,11,15,33.12257890824829,125.061146193527,516.078
456,11,16,26.659036000429122,132.287185807077,515.721
457,11,17,19.872657371300125,138.71636091053998,515.516
458,11,18,12.877412411125784,144.60630623940875,515.582
459,11,19,5.7602464398326,150.1707793939481,516.004
460,11,20,-1.4073490592586086,155.5948921610437,516.823
461,11,21,-8.5603853698037,161.05107949648166,518.032
462,11,22,-15.632486179839963,166.71453575247284,519.572
463,11,23,-22.54785805408653,172.77878750896036,521.338
464,11,24,-29.2115203819452,179.47149863135908,523.19
465,11,25,-35.496558003353385,-172.93189302939535,524.961
466,11,26,-41.22741798116883,-164.10696077265874,526.476
467,11,27,-46.162383335759365,-153.71695896950536,527.571
468,11,28,-49.98682823319753,-141.53677824527,528.103
469,11,29,-52.3468942329633,-127.69365136381164,527.972
470,11,30,-52.9530803519911,-112.89556841373712,527.127
471,11,31,-51.71868416895679,-98.303798157732,525.574
472,11,32,-48.810362299608684,-84.9737072754008,523.379
473,11,33,-44.55409918246397,-73.40564810458199,520.661
474,11,34,-39.297848559505205,-63.57561253034296,517.586
475,11,35,-33.3325355082399,-55.19908219261766,514.351
476,11,36,-26.876181374522165,-47.93492329330981,511.166
477,11,37,-20.08646107534174,-41.47345164035644,508.242
478,11,38,-13.07868442558772,-35.55600455479459,505.765
479,11,39,-5.941110702828184,-29.96745839852553,503.885
480,12,0,-2.3467633525835248,-18.237552772681383,503.203
481,12,1,4.851238761310406,-12.797142320452501,502.392
482,12,2,12.006430103260342,-7.2380940436614365,502.321
483,12,3,19.047094113867974,-1.3761775699905514,502.945
484,12,4,25.88720413365017,4.999606264895538,504.165
485,12,5,32.41514548005881,12.142555773418698,505.838
486,12,6,38.47876885914269,20.357821075971763,507.792
487,12,7,43.86725877462207,29.98863881514174,509.847
488,12,8,48.29654424382155,41.340211725122415,511.826
489,12,9,51.419320392729716,54.48999585864903,513.577
490,12,10,52.89507155537018,69.01546205328626,514.985
491,12,11,52.52581103827178,83.90780161390695,515.981
492,12,12,50.36577737363359,97.97031417150613,516.551
493,12,13,46.68947244910383,110.41142178241431,516.729
494,12,14,41.85430640357094,121.03947616871012,516.597
495,12,15,36.18656420387558,130.05439696739984,516.271
496,12,16,29.939734660684447,137.79192212713542,515.889
497,12,17,23.298289230648535,144.58408080384953,515.591
498,12,18,16.395227064833627,150.71451709339448,515.509
499,12,19,9.32935453354677,156.41717863522152,515.744
500,12,20,2.178627360549671,161.8894852171007,516.363
501,12,21,-4.989714443430068,167.3082704366437,517.381
502,12,22,-12.110966148507389,172.84542283450298,518.766
503,12,23,-19.115117675359425,178.68330846151795,520.435
504,12,24,-25.918165381157838,-174.96939310032352,522.264
505,12,25,-32.4109790646651,-167.8624583255202,524.096
506,12,26,-38.44463840386013,-159.69459026693877,525.761
507,12,27,-43.812449921627305,-150.12656074926144,527.086
508,12,28,-48.235458446979536,-138.85438537328758,527.915
509,12,29,-51.371208540216145,-125.79358835936247,528.125
510,12,30,-52.88074523358608,-111.34672739678835,527.64
511,12,31,-52.56095577664608,-96.49794395250481,526.436
512,12,32,-50.45536896497665,-82.43495328166374,524.55
513,12,33,-46.82818334586304,-69.96158668730558,522.076
514,12,34,-42.031051208723355,-59.28809105246168,519.157
515,12,35,-36.38857387876788,-50.22714843914443,515.975
516,12,36,-30.154684128959335,-42.44848163494327,512.739
517,12,37,-23.514990642445532,-35.6211884651386,509.659
518,12,38,-16.603831287369573,-29.46102377723118,506.937
519,12,39,-9.52132383035915,-23.732755856205756,504.743
520,13,0,1.2534136708394463,-6.521264409608128,502.704
521,13,1,8.438444295004171,-1.0435208904278968,502.265
522,13,2,15.546002324569262,4.642639234529516,502.551
523,13,3,22.4984382203469,10.732808997596297,503.489
524,13,4,29.198549852711345,17.457350509074583,504.955
525,13,5,35.51657728781069,25.095134416360473,506.791
526,13,6,41.273361248620915,33.974761120423274,508.819
527,13,7,46.22246509479338,44.43602570228196,510.856
528,13,8,50.04405497315848,56.70206531947896,512.738
529,13,9,52.380570480666044,70.63220881096329,514.329
530,13,10,52.944030351340835,85.49391497315648,515.537
531,13,11,51.65621184371327,100.1068246646428,516.318
532,13,12,48.695068706418866,113.41818033808065,516.684
533,13,13,44.39481917101927,124.94529252482523,516.695
534,13,14,39.10687647031165,134.72854130324967,516.45
535,13,15,33.12257890824829,143.0611535246118,516.078
536,13,16,26.659036000429122,150.2871931381618,515.721
537,13,17,19.872657371300125,156.71636824162476,515.516
538,13,18,12.877412411125784,162.60631357049357,515.582
539,13,19,5.7602464398326,168.1707867250329,516.004
540,13,20,-1.4073490592586086,173.5948994921285,516.823
541,13,21,-8.5603853698037,179.05108682756645,518.032
542,13,22,-15.632486179839963,-175.28545327397669,519.572
543,13,23,-22.54785805408653,-169.22121517786752,521.338
544,13,24,-29.2115203819452,-162.52849039509044,523.19
545,13,25,-35.496558003353385,-154.93188569831057,524.961
546,13,26,-41.22741798116883,-146.10695344157392,526.476
547,13,27,-46.162383335759365,-135.71695163842057,527.571
548,13,28,-49.98682823319753,-123.53677091418521,528.103
549,13,29,-52.3468942329633,-109.69363720253767,527.972
550,13,30,-52.9530803519911,-94.89556108265232,527.127
551,13,31,-51.71868416895679,-80.3037908266472,525.574
552,13,32,-48.810362299608684,-66.973699944316,523.379
553,13,33,-44.55409918246397,-55.40564077349718,520.661
554,13,34,-39.297848559505205,-45.57560861435274,517.586
555,13,35,-33.3325355082399,-37.19907486153286,514.351
556,13,36,-26.876181374522165,-29.934915962225006,511.166
557,13,37,-20.08646107534174,-23.47344601681893,508.242
558,13,38,-13.07868442558772,-17.555995516162493,505.765
559,13,39,-5.941110702828184,-11.967451067440727,503.885
560,14,0,-2.3467633525835248,-0.23755835492298052,503.203
561,14,1,4.851238761310406,5.202851350253962,502.392
562,14,2,12.006430103260342,10.761899627045027,502.321
563,14,3,19.047094113867974,16.623816420881028,502.945
564,14,4,25.88720413365017,22.999599935602003,504.165
565,14,5,32.41514548005881,30.142550297898808,505.838
566,14,6,38.47876885914269,38.35781645422552,507.792
567,14,7,43.86725877462207,47.9886324858482,509.847
568,14,8,48.29654424382155,59.34020539582888,511.826
569,14,9,51.419320392729716,72.4899861142609,513.577
570,14,10,52.89507155537018,87.01545572399272,514.985
571,14,11,52.52581103827178,101.90779528461341,515.981
572,14,12,50.36577737363359,115.97031467240176,516.551
573,14,13,46.68947244910383,128.41142228330995,516.729
574,14,14,41.85430640357094,139.0394698394166,516.597
575,14,15,36.18656420387558,148.0543906381063,516.271
576,14,16,29.939734660684447,155.79191579784188,515.889
577,14,17,23.298289230648535,162.584074474556,515.591
578,14,18,16.395227064833627,168.71451076410094,515.509
579,14,19,9.32935453354677,174.417172305928,515.744
580,14,20,2.178627360549671,179.8894788878072,516.363
581,14,21,-4.989714443430068,-174.69173225018417,517.381
582,14,22,-12.110966148507389,-169.15457985232487,518.766
583,14,23,-19.115117675359425,-163.3166942253099,520.435
584,14,24,-25.918165381157838,-156.96939942961706,522.264
585,14,25,-32.4109790646651,-149.86246465481372,524.096
586,14,26,-38.44463840386013,-141.69459659623232,525.761
587,14,27,-43.812449921627305,-132.12656707855498,527.086
588,14,28,-48.235458446979536,-120.85439170258111,527.915
589,14,29,-51.371208540216145,-107.79359468865601,528.125
590,14,30,-52.88074523358608,-93.34673372608188,527.64
591,14,31,-52.56095577664608,-78.49795028179835,526.436
592,14,32,-50.45536896497665,-64.43495961095728,524.55
593,14,33,-46.82818334586304,-51.96158960150454,522.076
594,14,34,-42.031051208723355,-41.288100796849804,519.157
595,14,35,-36.38857387876788,-32.22715476843796,515.975
596,14,36,-30.154684128959335,-24.448486256689513,512.739
597,14,37,-23.514990642445532,-17.621194794432142,509.659
598,14,38,-16.603831287369573,-11.46102925275107,506.937
599,14,39,-9.52132383035915,-5.732761331725646,504.743
600,15,0,1.2534136708394463,11.47872883421151,502.704
601,15,1,8.438444295004171,16.95647224667004,502.265
602,15,2,15.546002324569262,22.642633759009627,502.551
603,15,3,22.4984382203469,28.73280266830276,503.489
604,15,4,29.198549852711345,35.45734588732834,504.955
605,15,5,35.51657728781069,43.09512979461423,506.791
606,15,6,41.273361248620915,51.97475479112974,508.819
607,15,7,46.22246509479338,62.43602278808301,510.856
608,15,8,50.04405497315848,74.70205899018542,512.738
609,15,9,52.380570480666044,88.63220248166975,514.329
610,15,10,52.944030351340835,103.49390864386295,515.537
611,15,11,51.65621184371327,118.10681150516008,516.318
612,15,12,48.695068706418866,131.41816717859794,516.684
613,15,13,44.39481917101927,142.9452861955317,516.695
614,15,14,39.10687647031165,152.72853497395613,516.45
615,15,15,33.12257890824829,161.06114719531826,516.078
616,15,16,26.659036000429122,168.28718680886826,515.721
617,15,17,19.872657371300125,174.71636191233122,515.516
618,15,18,12.877412411125784,-179.39368911633431,515.582
619,15,19,5.7602464398326,-173.8292296221733,516.004
620,15,20,-1.4073490592586086,-168.40511685507772,516.823
621,15,21,-8.5603853698037,-162.9489158592614,518.032
622,15,22,-15.632486179839963,-157.28545960327023,519.572
623,15,23,-22.54785805408653,-151.22122150716106,521.338
624,15,24,-29.2115203819452,-144.52849672438398,523.19
625,15,25,-35.496558003353385,-136.93189202760408,524.961
626,15,26,-41.22741798116883,-128.10695977086746,526.476
627,15,27,-46.162383335759365,-117.7169579677141,527.571
628,15,28,-49.98682823319753,-105.53677724347874,528.103
629,15,29,-52.3468942329633,-91.69364353183121,527.972
630,15,30,-52.9530803519911,-76.89556741194585,527.127
631,15,31,-51.71868416895679,-62.303797155940735,525.574
632,15,32,-48.810362299608684,-48.97370968870412,523.379
633,15,33,-44.55409918246397,-37.405647102790724,520.661
634,15,34,-39.297848559505205,-27.575614943646276,517.586
635,15,35,-33.3325355082399,-19.1990794832791,514.351
636,15,36,-26.876181374522165,-11.934923145292187,511.166
637,15,37,-20.08646107534174,-5.473451919225642,508.242
638,15,38,-13.07868442558772,0.44399791442013337,505.765
639,15,39,-5.941110702828184,6.0325421763789135,503.885
640,16,0,-2.3467633525835248,17.762448229109882,503.203
641,16,1,4.851238761310406,23.20285782756512,502.392
642,16,2,12.006430103260342,28.761906104356186,502.321
643,16,3,19.047094113867974,34.62382375196583,502.945
644,16,4,25.88720413365017,40.99960726668681,504.165
645,16,5,32.41514548005881,48.14255762898361,505.838
646,16,6,38.47876885914269,56.35782378531032,507.792
647,16,7,43.86725877462207,65.98863640183842,509.847
648,16,8,48.29654424382155,77.34021272691368,511.826
649,16,9,51.419320392729716,90.48999344534572,513.577
650,16,10,52.89507155537018,105.01546305507752,514.985
651,16,11,52.52581103827178,119.90779578550905,515.981
652,16,12,50.36577737363359,133.97032200348656,516.551
653,16,13,46.68947244910383,146.41142961439476,516.729
654,16,14,41.85430640357094,157.03947717050139,516.597
655,16,15,36.18656420387558,166.0543979691911,516.271
656,16,16,29.939734660684447,173.7919231289267,515.889
657,16,17,23.298289230648535,-179.41591455189354,515.591
658,16,18,16.395227064833627,-173.2854782623486,515.509
659,16,19,9.32935453354677,-167.58283038089988,515.744
660,16,20,2.178627360549671,-162.11051013864233,516.363
661,16,21,-4.989714443430068,-156.69172491909936,517.381
662,16,22,-12.110966148507389,-151.15457252124006,518.766
663,16,23,-19.115117675359425,-145.3166868942251,520.435
664,16,24,-25.918165381157838,-138.96939209853227,522.264
665,16,25,-32.4109790646651,-131.86245732372893,524.096
666,16,26,-38.44463840386013,-123.69458926514751,525.761
667,16,27,-43.812449921627305,-114.126552917281,527.086
668,16,28,-48.235458446979536,-102.85437754130714,527.915
669,16,29,-51.371208540216145,-89.79358735757121,528.125
670,16,30,-52.88074523358608,-75.34672639499708,527.64
671,16,31,-52.56095577664608,-60.49794295071355,526.436
672,16,32,-50.45536896497665,-46.434952279872476,524.55
673,16,33,-46.82818334586304,-33.96158227041974,522.076
674,16,34,-42.031051208723355,-23.288091758217707,519.157
675,16,35,-36.38857387876788,-14.227148291126806,515.975
676,16,36,-30.154684128959335,-6.448479352491534,512.739
677,16,37,-23.514990642445532,0.3788121898071184,509.659
678,16,38,-16.603831287369573,6.538977651446911,506.937
679,16,39,-9.52132383035915,12.267245999359158,504.743
680,17,0,1.2534136708394463,29.478724212465266,502.704
681,17,1,8.438444295004171,34.956467624923796,502.265
682,17,2,15.546002324569262,40.642627429716086,502.551
683,17,3,22.4984382203469,46.73279633900923,503.489
684,17,4,29.198549852711345,53.4573395580348,504.955
685,17,5,35.51657728781069,61.09512005022611,506.791
686,17,6,41.273361248620915,69.9747484618362,508.819
687,17,7,46.22246509479338,80.43601645878947,510.856
688,17,8,50.04405497315848,92.7020526608919,512.738
689,17,9,52.380570480666044,106.63219615237621,514.329
690,17,10,52.944030351340835,121.49390231456941,515.537
691,17,11,51.65621184371327,136.10680517586655,516.318
692,17,12,48.695068706418866,149.4181608493044,516.684
693,17,13,44.39481917101927,160.94527986623817,516.695
694,17,14,39.10687647031165,170.72852864466262,516.45
695,17,15,33.12257890824829,179.06114086602472,516.078
696,17,16,26.659036000429122,-173.71282953833793,515.721
697,17,17,19.872657371300125,-167.28365443487496,515.516
698,17,18,12.877412411125784,-161.39369544562783,515.582
699,17,19,5.7602464398326,-155.82923595146684,516.004
700,17,20,-1.4073490592586086,-150.40512318437123,516.823
701,17,21,-8.5603853698037,-144.94892218855495,518.032
702,17,22,-15.632486179839963,-139.28546593256377,519.572
703,17,23,-22.54785805408653,-133.22122783645457,521.338
704,17,24,-29.2115203819452,-126.52850305367751,523.19
705,17,25,-35.496558003353385,-118.93189835689763,524.961
706,17,26,-41.22741798116883,-110.10695926997182,526.476
707,17,27,-46.162383335759365,-99.71696429700764,527.571
708,17,28,-49.98682823319753,-87.53678357277228,528.103
709,17,29,-52.3468942329633,-73.69364986112474,527.972
710,17,30,-52.9530803519911,-58.89557374123939,527.127
711,17,31,-51.71868416895679,-44.30380348523427,525.574
712,17,32,-48.810362299608684,-30.97371601799766,523.379
713,17,33,-44.55409918246397,-19.40565513963155,520.661
714,17,34,-39.297848559505205,-9.575620419166166,517.586
715,17,35,-33.3325355082399,-1.1990861327377533,514.351
716,17,36,-26.876181374522165,6.065070525414276,511.166
717,17,37,-20.08646107534174,12.526542178367643,508.242
718,17,38,-13.07868442558772,18.443991825250436,505.765
719,17,39,-5.941110702828184,24.0325362739722,503.885
720,18,0,-2.3467633525835248,35.762443607363636,503.203
721,18,1,4.851238761310406,41.202853205818876,502.392
722,18,2,12.006430103260342,46.761899775062645,502.321
723,18,3,19.047094113867974,52.623817422672296,502.945
724,18,4,25.88720413365017,58.999597522298686,504.165
725,18,5,32.41514548005881,66.14254788459549,505.838
726,18,6,38.47876885914269,74.35781745601679,507.792
727,18,7,43.86725877462207,83.98863007254488,509.847
728,18,8,48.29654424382155,95.34020639762015,511.826
729,18,9,51.419320392729716,108.48998711605218,513.577
730,18,10,52.89507155537018,123.01546355597316,514.985
731,18,11,52.52581103827178,137.9077894562155,515.981
732,18,12,50.36577737363359,151.97031567419302,516.551
733,18,13,46.68947244910383,164.41142328510122,516.729
734,18,14,41.85430640357094,175.03947084120784,516.597
735,18,15,36.18656420387558,-175.94560471763677,516.271
736,18,16,29.939734660684447,-168.2080795579012,515.889
737,18,17,23.298289230648535,-161.41592088118705,515.591
738,18,18,16.395227064833627,-155.2854845916421,515.509
739,18,19,9.32935453354677,-149.58283671019342,515.744
740,18,20,2.178627360549671,-144.11051646793587,516.363
741,18,21,-4.989714443430068,-138.6917312483929,517.381
742,18,22,-12.110966148507389,-133.1545788505336,518.766
743,18,23,-19.115117675359425,-127.31669322351864,520.435
744,18,24,-25.918165381157838,-120.9693984278258,522.264
745,18,25,-32.4109790646651,-113.86247048321164,524.096
746,18,26,-38.44463840386013,-105.69460242463023,525.761
747,18,27,-43.812449921627305,-96.12655924657454,527.086
748,18,28,-48.235458446979536,-84.85438387060069,527.915
749,18,29,-51.371208540216145,-71.79359368686475,528.125
750,18,30,-52.88074523358608,-57.34673272429062,527.64
751,18,31,-52.56095577664608,-42.497952695101674,526.436
752,18,32,-50.45536896497665,-28.434956901618722,524.55
753,18,33,-46.82818334586304,-15.961588599713274,522.076
754,18,34,-42.031051208723355,-5.288098941284891,519.157
755,18,35,-36.38857387876788,3.7728453795796573,515.975
756,18,36,-30.154684128959335,11.551513891328106,512.739
757,18,37,-23.514990642445532,18.378806207359126,509.659
758,18,38,-16.603831287369573,24.53897089526655,506.937
759,18,39,-9.52132383035915,30.267238816291975,504.743
760,19,0,1.2534136708394463,47.47873154355007,502.704
761,19,1,8.438444295004171,52.9564749560086,502.265
762,19,2,15.546002324569262,58.642631345706306,502.551
763,19,3,22.4984382203469,64.73280367009403,503.489
764,19,4,29.198549852711345,71.45734347402502,504.955
765,19,5,35.51657728781069,79.0951273813109,506.791
766,19,6,41.273361248620915,87.974755792921,508.819
767,19,7,46.22246509479338,98.43602378987427,510.856
768,19,8,50.04405497315848,110.7020599919767,512.738
769,19,9,52.380570480666044,124.63221031365019,514.329
770,19,10,52.944030351340835,139.4939096456542,515.537
771,19,11,51.65621184371327,154.10681250695134,516.318
772,19,12,48.695068706418866,167.41816818038922,516.684
773,19,13,44.39481917101927,178.94528719732295,516.695
774,19,14,39.10687647031165,-171.2714603817869,516.45
775,19,15,33.12257890824829,-162.9388481604248,516.078
776,19,16,26.659036000429122,-155.71282220725314,515.721
777,19,17,19.872657371300125,-149.28364710379017,515.516
778,19,18,12.877412411125784,-143.39368811454304,515.582
779,19,19,5.7602464398326,-137.82922862038203,516.004
780,19,20,-1.4073490592586086,-132.40511585328645,516.823
781,19,21,-8.5603853698037,-126.94891485747013,518.032
782,19,22,-15.632486179839963,-121.28545860147896,519.572
783,19,23,-22.54785805408653,-115.22122050536979,521.338
784,19,24,-29.2115203819452,-108.52849572259271,523.19
785,19,25,-35.496558003353385,-100.931897856002,524.961
786,19,26,-41.22741798116883,-92.10695193888702,526.476
787,19,27,-46.162383335759365,-81.71695696592283,527.571
788,19,28,-49.98682823319753,-69.53677624168748,528.103
789,19,29,-52.3468942329633,-55.693642530039945,527.972
790,19,30,-52.9530803519911,-40.895566410154586,527.127
791,19,31,-51.71868416895679,-26.303796154149467,525.574
792,19,32,-48.810362299608684,-12.973706979365563,523.379
793,19,33,-44.55409918246397,-1.4056477018250408,520.661
794,19,34,-39.297848559505205,8.424386911918639,517.586
795,19,35,-33.3325355082399,16.80092151851217,514.351
796,19,36,-26.876181374522165,24.065078710272726,511.166
797,19,37,-20.08646107534174,30.526550363226093,508.242
798,19,38,-13.07868442558772,36.44399744878795,505.765
799,19,39,-5.941110702828184,42.032543605057,503.885
800,20,0,-2.3467633525835248,53.76245093844844,503.203
801,20,1,4.851238761310406,59.202857121809096,502.392
802,20,2,12.006430103260342,64.76190710614745,502.321
803,20,3,19.047094113867974,70.62382133866251,502.945
804,20,4,25.88720413365017,76.99960485338349,504.165
805,20,5,32.41514548005881,84.14255521568029,505.838
806,20,6,38.47876885914269,92.35782478710159,507.792
807,20,7,43.86725877462207,101.98863740362968,509.847
808,20,8,48.29654424382155,113.34021372870495,511.826
809,20,9,51.419320392729716,126.48999444713698,513.577
810,20,10,52.89507155537018,141.01547088705794,514.985
811,20,11,52.52581103827178,155.90779678730033,515.981
812,20,12,50.36577737363359,169.97032300527783,516.551
813,20,13,46.68947244910383,-177.58857940172666,516.729
814,20,14,41.85430640357094,-166.96051818524168,516.597
815,20,15,36.18656420387558,-157.94559738655195,516.271
816,20,16,29.939734660684447,-150.20807222681637,515.889
817,20,17,23.298289230648535,-143.41591355010226,515.591
818,20,18,16.395227064833627,-137.28547726055731,515.509
819,20,19,9.32935453354677,-131.5828293791086,515.744
820,20,20,2.178627360549671,-126.11050913685106,516.363
821,20,21,-4.989714443430068,-120.6917239173081,517.381
822,20,22,-12.110966148507389,-115.1545715194488,518.766
823,20,23,-19.115117675359425,-109.31668589243384,520.435
824,20,24,-25.918165381157838,-102.96938426655181,522.264
825,20,25,-32.4109790646651,-95.86246315212684,524.096
826,20,26,-38.44463840386013,-87.69459509354542,525.761
827,20,27,-43.812449921627305,-78.12655191548974,527.086
828,20,28,-48.235458446979536,-66.85437653951588,527.915
829,20,29,-51.371208540216145,-53.793586355779944,528.125
830,20,30,-52.88074523358608,-39.346721978111226,527.64
831,20,31,-52.56095577664608,-24.497943656469577,526.436
832,20,32,-50.45536896497665,-10.434949570533918,524.55
833,20,33,-46.82818334586304,2.0384185179281187,522.076
834,20,34,-42.031051208723355,12.711908389799913,519.157
835,20,35,-36.38857387876788,21.772851856890814,515.975
836,20,36,-30.154684128959335,29.551520368639263,512.739
837,20,37,-23.514990642445532,36.37881353844393,509.659
838,20,38,-16.603831287369573,42.538978226351354,506.937
839,20,39,-9.52132383035915,48.26724614737678,504.743
840,21,0,1.2534136708394463,65.47872179916195,502.704
841,21,1,8.438444295004171,70.95646521162047,502.265
842,21,2,15.546002324569262,76.64262501641277,502.551
843,21,3,22.4984382203469,82.73279734080049,503.489
844,21,4,29.198549852711345,89.45733714473148,504.955
845,21,5,35.51657728781069,97.09512105201738,506.791
846,21,6,41.273361248620915,105.97474946362748,508.819
847,21,7,46.22246509479338,116.43601063039156,510.856
848,21,8,50.04405497315848,128.70204683249398,512.738
849,21,9,52.380570480666044,142.63220398435666,514.329
850,21,10,52.944030351340835,157.49390331636067,515.537
851,21,11,51.65621184371327,172.10680617765783,516.318
852,21,12,48.695068706418866,-174.58183450643867,516.684
853,21,13,44.39481917101927,-163.05472914988323,516.695
854,21,14,39.10687647031165,-153.27146671108045,516.45
855,21,15,33.12257890824829,-144.93885448971835,516.078
856,21,16,26.659036000429122,-137.71282853654668,515.721
857,21,17,19.872657371300125,-131.2836534330837,515.516
858,21,18,12.877412411125784,-125.39369444383657,515.582
859,21,19,5.7602464398326,-119.82923494967557,516.004
860,21,20,-1.4073490592586086,-114.40511535239081,516.823
861,21,21,-8.5603853698037,-108.94892118676367,518.032
862,21,22,-15.632486179839963,-103.28547176096167,519.572
863,21,23,-22.54785805408653,-97.22122000447415,521.338
864,21,24,-29.2115203819452,-90.52850205188625,523.19
865,21,25,-35.496558003353385,-82.93190418529554,524.961
866,21,26,-41.22741798116883,-74.10695826818056,526.476
867,21,27,-46.162383335759365,-63.716963295216374,527.571
868,21,28,-49.98682823319753,-51.53677915588643,528.103
869,21,29,-52.3468942329633,-37.69364885933348,527.972
870,21,30,-52.9530803519911,-22.895574446995415,527.127
871,21,31,-51.71868416895679,-8.303803337216648,525.574
872,21,32,-48.810362299608684,5.026286691340901,523.379
873,21,33,-44.55409918246397,16.594345862159717,520.661
874,21,34,-39.297848559505205,26.424379728851456,517.586
875,21,35,-33.3325355082399,34.80091348167134,514.351
876,21,36,-26.876181374522165,42.06507238097919,511.166
877,21,37,-20.08646107534174,48.52654403393256,508.242
878,21,38,-13.07868442558772,54.443991119494406,505.765
879,21,39,-5.941110702828184,60.032533860668885,503.885
880,22,0,-2.3467633525835248,71.76244119406032,503.203
881,22,1,4.851238761310406,77.20285079251556,502.392
882,22,2,12.006430103260342,82.76190077685392,502.321
883,22,3,19.047094113867974,88.62381500936898,502.945
884,22,4,25.88720413365017,94.99959852408995,504.165
885,22,5,32.41514548005881,102.14254888638675,505.838
886,22,6,38.47876885914269,110.35781845780805,507.792
887,22,7,43.86725877462207,119.98863790452532,509.847
888,22,8,48.29654424382155,131.3402073994114,511.826
889,22,9,51.419320392729716,144.48998811784344,513.577
890,22,10,52.89507155537018,159.01546455776443,514.985
891,22,11,52.52581103827178,173.9077904580068,515.981
892,22,12,50.36577737363359,-172.02969334192838,516.551
893,22,13,46.68947244910383,-159.5885857310202,516.729
894,22,14,41.85430640357094,-148.9605245145352,516.597
895,22,15,36.18656420387558,-139.9456037158455,516.271
896,22,16,29.939734660684447,-132.2080785561099,515.889
897,22,17,23.298289230648535,-125.41591987939579,515.591
898,22,18,16.395227064833627,-119.28548358985086,515.509
899,22,19,9.32935453354677,-113.58282887821298,515.744
900,22,20,2.178627360549671,-108.1105154661446,516.363
901,22,21,-4.989714443430068,-102.69173024660164,517.381
902,22,22,-12.110966148507389,-97.15457784874233,518.766
903,22,23,-19.115117675359425,-91.31669222172738,520.435
904,22,24,-25.918165381157838,-84.96939059584535,522.264
905,22,25,-32.4109790646651,-77.86246948142036,524.096
906,22,26,-38.44463840386013,-69.69460142283896,525.761
907,22,27,-43.812449921627305,-60.126558244783276,527.086
908,22,28,-48.235458446979536,-48.854386283904,527.915
909,22,29,-51.371208540216145,-35.793592685073484,528.125
910,22,30,-52.88074523358608,-21.346728307404767,527.64
911,22,31,-52.56095577664608,-6.497950412649937,526.436
912,22,32,-50.45536896497665,7.565044100172545,524.55
913,22,33,-46.82818334586304,20.038412402077995,522.076
914,22,34,-42.031051208723355,30.71190120673273,519.157
915,22,35,-36.38857387876788,39.77284723514457,515.975
916,22,36,-30.154684128959335,47.551514039345726,512.739
917,22,37,-23.514990642445532,54.378807209150395,509.659
918,22,38,-16.603831287369573,60.53897189705782,506.937
919,22,39,-9.52132383035915,66.26723981808324,504.743
920,23,0,1.2534136708394463,83.47872913024675,502.704
921,23,1,8.438444295004171,88.95647254270528,502.265
922,23,2,15.546002324569262,94.64263234749757,502.551
923,23,3,22.4984382203469,100.73280467188529,503.489
924,23,4,29.198549852711345,107.45734447581629,504.955
925,23,5,35.51657728781069,115.09513521329134,506.791
926,23,6,41.273361248620915,123.9747499645231,508.819
927,23,7,46.22246509479338,134.43601796147638,510.856
928,23,8,50.04405497315848,146.7020541635788,512.738
929,23,9,52.380570480666044,160.63221131544145,514.329
930,23,10,52.944030351340835,175.4939106474455,515.537
931,23,11,51.65621184371327,-169.8931828487917,516.318
932,23,12,48.695068706418866,-156.58182717535385,516.684
933,23,13,44.39481917101927,-145.05472181879844,516.695
934,23,14,39.10687647031165,-135.27145937999566,516.45
935,23,15,33.12257890824829,-126.93884715863354,516.078
936,23,16,26.659036000429122,-119.71282120546186,515.721
937,23,17,19.872657371300125,-113.28363927180973,515.516
938,23,18,12.877412411125784,-107.39369394294094,515.582
939,23,19,5.7602464398326,-101.82922761859076,516.004
940,23,20,-1.4073490592586086,-96.405108021306,516.823
941,23,21,-8.5603853698037,-90.94891385567887,518.032
942,23,22,-15.632486179839963,-85.28546442987687,519.572
943,23,23,-22.54785805408653,-79.22121267338935,521.338
944,23,24,-29.2115203819452,-72.52849472080145,523.19
945,23,25,-35.496558003353385,-64.93189685421073,524.961
946,23,26,-41.22741798116883,-56.106954352190336,526.476
947,23,27,-46.162383335759365,-45.71695254903698,527.571
948,23,28,-49.98682823319753,-33.536771824801626,528.103
949,23,29,-52.3468942329633,-19.693641528248676,527.972
950,23,30,-52.9530803519911,-4.895566689023789,527.127
951,23,31,-51.71868416895679,9.696203993868155,525.574
952,23,32,-48.810362299608684,23.026294022425706,523.379
953,23,33,-44.55409918246397,34.594354900791814,520.661
954,23,34,-39.297848559505205,44.42438705993626,517.586
955,23,35,-33.3325355082399,52.80092081275614,514.351
956,23,36,-26.876181374522165,60.06507971206399,511.166
957,23,37,-20.08646107534174,66.52654794992277,508.242
958,23,38,-13.07868442558772,72.44399845057922,505.765
959,23,39,-5.941110702828184,78.03254119175368,503.885
960,24,0,-2.3467633525835248,89.76244852514512,503.203
961,24,1,4.851238761310406,95.20285812360036,502.392
962,24,2,12.006430103260342,100.76190810793872,502.321
963,24,3,19.047094113867974,106.62382234045378,502.945
964,24,4,25.88720413365017,112.99960585517475,504.165
965,24,5,32.41514548005881,120.14256304766073,505.838
966,24,6,38.47876885914269,128.3578189587037,507.792
967,24,7,43.86725877462207,137.98864523561014,509.847
968,24,8,48.29654424382155,149.34021473049623,511.826
969,24,9,51.419320392729716,162.48999544892825,513.577
970,24,10,52.89507155537018,177.01547188884922,514.985
971,24,11,52.52581103827178,-168.09219856844274,515.981
972,24,12,50.36577737363359,-154.02968601084356,516.551
973,24,13,46.68947244910383,-141.5885783999354,516.729
974,24,14,41.85430640357094,-130.9605171834504,516.597
975,24,15,36.18656420387558,-121.94559638476069,516.271
976,24,16,29.939734660684447,-114.20807805521429,515.889
977,24,17,23.298289230648535,-107.41591254831098,515.591
978,24,18,16.395227064833627,-101.28547625876604,515.509
979,24,19,9.32935453354677,-95.58282154712816,515.744
980,24,20,2.178627360549671,-90.1105081350598,516.363
981,24,21,-4.989714443430068,-84.69172291551682,517.381
982,24,22,-12.110966148507389,-79.15457051765753,518.766
983,24,23,-19.115117675359425,-73.31668489064258,520.435
984,24,24,-25.918165381157838,-66.96938326476055,522.264
985,24,25,-32.4109790646651,-59.86246215033557,524.096
986,24,26,-38.44463840386013,-51.694594091754155,525.761
987,24,27,-43.812449921627305,-42.12655432879306,527.086
988,24,28,-48.235458446979536,-30.854378952819197,527.915
989,24,29,-51.371208540216145,-17.79358706153597,528.125
990,24,30,-52.88074523358608,-3.3467216166501976,527.64
991,24,31,-52.56095577664608,11.50205734532169,526.436
992,24,32,-50.45536896497665,25.56505143125735,524.55
993,24,33,-46.82818334586304,38.0384197331628,522.076
994,24,34,-42.031051208723355,48.711908537817536,519.157
995,24,35,-36.38857387876788,57.77285456622938,515.975
996,24,36,-30.154684128959335,65.55152478552512,512.739
997,24,37,-23.514990642445532,72.37881112514061,509.659
998,24,38,-16.603831287369573,78.53897922814262,506.937
999,24,39,-9.52132383035915,84.26724714916804,504.743
1000,25,0,1.2534136708394463,101.47872280095322,502.704
1001,25,1,8.438444295004171,106.95646621341174,502.265
1002,25,2,15.546002324569262,112.64262601820404,502.551
1003,25,3,22.4984382203469,118.73279834259176,503.489
1004,25,4,29.198549852711345,125.45733814652274,504.955
1005,25,5,35.51657728781069,133.0951288839978,506.791
1006,25,6,41.273361248620915,141.97474363522957,508.819
1007,25,7,46.22246509479338,152.43601163218284,510.856
1008,25,8,50.04405497315848,164.70204783428525,512.738
1009,25,9,52.380570480666044,178.6322049861479,514.329
1010,25,10,52.944030351340835,-166.5060920393824,515.537
1011,25,11,51.65621184371327,-151.89318917808524,516.318
1012,25,12,48.695068706418866,-138.5818335046474,516.684
1013,25,13,44.39481917101927,-127.05472814809197,516.695
1014,25,14,39.10687647031165,-117.27146570928919,516.45
1015,25,15,33.12257890824829,-108.93885348792708,516.078
1016,25,16,26.659036000429122,-101.71282070456623,515.721
1017,25,17,19.872657371300125,-95.28364560110327,515.516
1018,25,18,12.877412411125784,-89.39370027223447,515.582
1019,25,19,5.7602464398326,-83.82923394788429,516.004
1020,25,20,-1.4073490592586086,-78.40511435059955,516.823
1021,25,21,-8.5603853698037,-72.94892018497241,518.032
1022,25,22,-15.632486179839963,-67.28547075917041,519.572
1023,25,23,-22.54785805408653,-61.22121900268288,521.338
1024,25,24,-29.2115203819452,-54.52850446518956,523.19
1025,25,25,-35.496558003353385,-46.93189976840968,524.961
1026,25,26,-41.22741798116883,-38.106960681483876,526.476
1027,25,27,-46.162383335759365,-27.71696058587781,527.571
1028,25,28,-49.98682823319753,-15.536779861642453,528.103
1029,25,29,-52.3468942329633,-1.693648711315858,527.972
1030,25,30,-52.9530803519911,13.104427408569498,527.127
1031,25,31,-51.71868416895679,27.696198518348265,525.574
1032,25,32,-48.810362299608684,41.02628598558488,523.379
1033,25,33,-44.55409918246397,52.59434857149827,520.661
1034,25,34,-39.297848559505205,62.42438414573731,517.586
1035,25,35,-33.3325355082399,70.8009144834626,514.351
1036,25,36,-26.876181374522165,78.06507338277045,511.166
1037,25,37,-20.08646107534174,84.52654162062925,508.242
1038,25,38,-13.07868442558772,90.44399212128567,505.765
1039,25,39,-5.941110702828184,96.03253486246015,503.885
1040,26,0,-2.3467633525835248,107.76245585622992,503.203
1041,26,1,4.851238761310406,113.20286545468517,502.392
1042,26,2,12.006430103260342,118.76192226921269,502.321
1043,26,3,19.047094113867974,124.62383650172775,502.945
1044,26,4,25.88720413365017,130.99961318625955,504.165
1045,26,5,32.41514548005881,138.14257037874555,505.838
1046,26,6,38.47876885914269,146.35782628978848,507.792
1047,26,7,43.86725877462207,155.98865256669492,509.847
1048,26,8,48.29654424382155,167.34022206158102,511.826
1049,26,9,51.419320392729716,-179.50999357752127,513.577
1050,26,10,52.89507155537018,-164.98453079797864,514.985
1051,26,11,52.52581103827178,-150.09219123735795,515.981
1052,26,12,50.36577737363359,-136.02967867975877,516.551
1053,26,13,46.68947244910383,-123.58857106885058,516.729
1054,26,14,41.85430640357094,-112.96051668255477,516.597
1055,26,15,36.18656420387558,-103.94558905367589,516.271
1056,26,16,29.939734660684447,-96.20807072412947,515.889
1057,26,17,23.298289230648535,-89.41590521722618,515.591
1058,26,18,16.395227064833627,-83.28546892768124,515.509
1059,26,19,9.32935453354677,-77.58281421604336,515.744
1060,26,20,2.178627360549671,-72.110500803975,516.363
1061,26,21,-4.989714443430068,-66.69171558443202,517.381
1062,26,22,-12.110966148507389,-61.15456318657273,518.766
1063,26,23,-19.115117675359425,-55.316674144463185,520.435
1064,26,24,-25.918165381157838,-48.96937593367575,522.264
1065,26,25,-32.4109790646651,-41.862454819250765,524.096
1066,26,26,-38.44463840386013,-33.69458676066935,525.761
1067,26,27,-43.812449921627305,-24.126545290160962,527.086
1068,26,28,-48.235458446979536,-12.854370767960747,527.915
1069,26,29,-51.371208540216145,0.2064204029509651,528.125
1070,26,30,-52.88074523358608,14.653286354764841,527.64
1071,26,31,-52.56095577664608,29.5020629688592,526.436
1072,26,32,-50.45536896497665,43.565057054794856,524.55
1073,26,33,-46.82818334586304,56.0384270642476,522.076
1074,26,34,-42.031051208723355,66.71191928399692,519.157
1075,26,35,-36.38857387876788,75.77286189731417,515.975
1076,26,36,-30.154684128959335,83.55153211660992,512.739
1077,26,37,-23.514990642445532,90.37881845622542,509.659
1078,26,38,-16.603831287369573,96.53898655922742,506.937
1079,26,39,-9.52132383035915,102.26725448025284,504.743
1080,27,0,1.2534136708394463,119.47872330184885,502.704
1081,27,1,8.438444295004171,124.95646671430738,502.265
1082,27,2,15.546002324569262,130.64262651909968,502.551
1083,27,3,22.4984382203469,136.73279201329822,503.489
1084,27,4,29.198549852711345,143.4573318172292,504.955
1085,27,5,35.51657728781069,151.09512255470426,506.791
1086,27,6,41.273361248620915,159.97473730593603,508.819
1087,27,7,46.22246509479338,170.4360053028893,510.856
1088,27,8,50.04405497315848,-177.2979548525426,512.738
1089,27,9,52.380570480666044,-163.36781136105827,514.329
1090,27,10,52.944030351340835,-148.5060983686759,515.537
1091,27,11,51.65621184371327,-133.89319550737878,516.318
1092,27,12,48.695068706418866,-120.58183983394093,516.684
1093,27,13,44.39481917101927,-109.05472764719634,516.695
1094,27,14,39.10687647031165,-99.27147203858273,516.45
1095,27,15,33.12257890824829,-90.9388598172206,516.078
1096,27,16,26.659036000429122,-83.71282703385977,515.721
1097,27,17,19.872657371300125,-77.2836519303968,515.516
1098,27,18,12.877412411125784,-71.39370660152801,515.582
1099,27,19,5.7602464398326,-65.82924027717783,516.004
1100,27,20,-1.4073490592586086,-60.40512067989308,516.823
1101,27,21,-8.5603853698037,-54.948929929360524,518.032
1102,27,22,-15.632486179839963,-49.28547708846394,519.572
1103,27,23,-22.54785805408653,-43.22122533197642,521.338
1104,27,24,-29.2115203819452,-36.5285107944831,523.19
1105,27,25,-35.496558003353385,-28.931906097703216,524.961
1106,27,26,-41.22741798116883,-20.10696530323012,526.476
1107,27,27,-46.162383335759365,-9.716966061397702,527.571
1108,27,28,-49.98682823319753,2.4632144493942456,528.103
1109,27,29,-52.3468942329633,16.306345813164253,527.972
1110,27,30,-52.9530803519911,31.104421933049608,527.127
1111,27,31,-51.71868416895679,45.69619218905473,525.574
1112,27,32,-48.810362299608684,59.026283071385926,523.379
1113,27,33,-44.55409918246397,70.59434224220475,520.661
1114,27,34,-39.297848559505205,80.42437781644377,517.586
1115,27,35,-33.3325355082399,88.80090815416906,514.351
1116,27,36,-26.876181374522165,96.06506705347692,511.166
1117,27,37,-20.08646107534174,102.5265352913357,508.242
1118,27,38,-13.07868442558772,108.44398579199213,505.765
1119,27,39,-5.941110702828184,114.03252853316661,503.885
1120,28,0,-2.3467633525835248,125.76244269674721,503.203
1121,28,1,4.851238761310406,131.20285229520246,502.392
1122,28,2,12.006430103260342,136.7619022795408,502.321
1123,28,3,19.047094113867974,142.62381651205587,502.945
1124,28,4,25.88720413365017,148.99959319658768,504.165
1125,28,5,32.41514548005881,156.14255038907365,505.838
1126,28,6,38.47876885914269,164.3578063001166,507.792
1127,28,7,43.86725877462207,173.98863257702305,509.847
1128,28,8,48.29654424382155,-174.6597942856252,511.826
1129,28,9,51.419320392729716,-161.51001356719317,513.577
1130,28,10,52.89507155537018,-146.9845507876505,514.985
1131,28,11,52.52581103827178,-132.09221122702982,515.981
1132,28,12,50.36577737363359,-118.02969866943064,516.551
1133,28,13,46.68947244910383,-105.58858422833329,516.729
1134,28,14,41.85430640357094,-94.96053667222665,516.597
1135,28,15,36.18656420387558,-85.94560904334777,516.271
1136,28,16,29.939734660684447,-78.20809071380135,515.889
1137,28,17,23.298289230648535,-71.41592520689807,515.591
1138,28,18,16.395227064833627,-65.28548891735312,515.509
1139,28,19,9.32935453354677,-59.582834205715244,515.744
1140,28,20,2.178627360549671,-54.11052079364688,516.363
1141,28,21,-4.989714443430068,-48.69173215900931,517.381
1142,28,22,-12.110966148507389,-43.15458659133919,518.766
1143,28,23,-19.115117675359425,-37.31669413413506,520.435
1144,28,24,-25.918165381157838,-30.969395923347626,522.264
1145,28,25,-32.4109790646651,-23.862474808922638,524.096
1146,28,26,-38.44463840386013,-15.69460675034123,525.761
1147,28,27,-43.812449921627305,-6.12656527983284,527.086
1148,28,28,-48.235458446979536,5.145609242367377,527.915
1149,28,29,-51.371208540216145,18.206400279876956,528.125
1150,28,30,-52.88074523358608,32.65326636509296,527.64
1151,28,31,-52.56095577664608,47.50204297918732,526.436
1152,28,32,-50.45536896497665,61.565037065122986,524.55
1153,28,33,-46.82818334586304,74.03840365948113,522.076
1154,28,34,-42.031051208723355,84.71189929432505,519.157
1155,28,35,-36.38857387876788,93.7728419076423,515.975
1156,28,36,-30.154684128959335,101.55151212693804,512.739
1157,28,37,-23.514990642445532,108.37879846655353,509.659
1158,28,38,-16.603831287369573,114.53896656955554,506.937
1159,28,39,-9.52132383035915,120.26724132077014,504.743
1160,29,0,1.2534136708394463,137.47873063293366,502.704
1161,29,1,8.438444295004171,142.95647404539218,502.265
1162,29,2,15.546002324569262,148.64263385018447,502.551
1163,29,3,22.4984382203469,154.732799344383,503.489
1164,29,4,29.198549852711345,161.45733914831402,504.955
1165,29,5,35.51657728781069,169.09512988578908,506.791
1166,29,6,41.273361248620915,177.97474463702082,508.819
1167,29,7,46.22246509479338,-171.56398372356023,510.856
1168,29,8,50.04405497315848,-159.29794752145781,512.738
1169,29,9,52.380570480666044,-145.36780402997348,514.329
1170,29,10,52.944030351340835,-130.50609103759112,515.537
1171,29,11,51.65621184371327,-115.89318817629398,516.318
1172,29,12,48.695068706418866,-102.58183250285613,516.684
1173,29,13,44.39481917101927,-91.05472031611154,516.695
1174,29,14,39.10687647031165,-81.27146470749793,516.45
1175,29,15,33.12257890824829,-72.9388524861358,516.078
1176,29,16,26.659036000429122,-65.71281970277496,515.721
1177,29,17,19.872657371300125,-59.283644599312005,515.516
1178,29,18,12.877412411125784,-53.39369927044321,515.582
1179,29,19,5.7602464398326,-47.82922953099845,516.004
1180,29,20,-1.4073490592586086,-42.40511334880827,516.823
1181,29,21,-8.5603853698037,-36.94892259827572,518.032
1182,29,22,-15.632486179839963,-31.285469757379136,519.572
1183,29,23,-22.54785805408653,-25.221219708438905,521.338
1184,29,24,-29.2115203819452,-18.528501755851003,523.19
1185,29,25,-35.496558003353385,-10.931899620392059,524.961
1186,29,26,-41.22741798116883,-2.1069586124755504,526.476
1187,29,27,-46.162383335759365,8.283041269687102,527.571
1188,29,28,-49.98682823319753,20.463221140148814,528.103
1189,29,29,-52.3468942329633,34.30635314424905,527.972
1190,29,30,-52.9530803519911,49.10442926413441,527.127
1191,29,31,-51.71868416895679,63.69619952013953,525.574
1192,29,32,-48.810362299608684,77.02629040247072,523.379
1193,29,33,-44.55409918246397,88.59434957328955,520.661
1194,29,34,-39.297848559505205,98.42438514752857,517.586
1195,29,35,-33.3325355082399,106.80091548525387,514.351
1196,29,36,-26.876181374522165,114.06507438456173,511.166
1197,29,37,-20.08646107534174,120.52654262242051,508.242
1198,29,38,-13.07868442558772,126.44399995326611,505.765
1199,29,39,-5.941110702828184,132.0325426944406,503.885
1200,30,0,-2.3467633525835248,143.76245002783202,503.203
1201,30,1,4.851238761310406,149.20285962628725,502.392
1202,30,2,12.006430103260342,154.76190961062562,502.321
1203,30,3,19.047094113867974,160.62382384314068,502.945
1204,30,4,25.88720413365017,166.99960052767247,504.165
1205,30,5,32.41514548005881,174.14255772015846,505.838
1206,30,6,38.47876885914269,-177.64218272633292,507.792
1207,30,7,43.86725877462207,-168.0113701098048,509.847
1208,30,8,48.29654424382155,-156.65978695454038,511.826
1209,30,9,51.419320392729716,-143.51000623610835,513.577
1210,30,10,52.89507155537018,-128.98454345656572,514.985
1211,30,11,52.52581103827178,-114.09220389594502,515.981
1212,30,12,50.36577737363359,-100.02968450815668,516.551
1213,30,13,46.68947244910383,-87.58857689724849,516.729
1214,30,14,41.85430640357094,-76.96052934114185,516.597
1215,30,15,36.18656420387558,-67.94560171226297,516.271
1216,30,16,29.939734660684447,-60.20808338271655,515.889
1217,30,17,23.298289230648535,-53.415914460718675,515.591
1218,30,18,16.395227064833627,-47.2854850013629,515.509
1219,30,19,9.32935453354677,-41.582830289725024,515.744
1220,30,20,2.178627360549671,-36.110513462562075,516.363
1221,30,21,-4.989714443430068,-30.691724827924514,517.381
1222,30,22,-12.110966148507389,-25.154579260254383,518.766
1223,30,23,-19.115117675359425,-19.316688510597547,520.435
1224,30,24,-25.918165381157838,-12.969388592262822,522.264
1225,30,25,-32.4109790646651,-5.862467050951011,524.096
1226,30,26,-38.44463840386013,2.305401007630397,525.761
1227,30,27,-43.812449921627305,11.873442051251963,527.086
1228,30,28,-48.235458446979536,23.145615719678535,527.915
1229,30,29,-51.371208540216145,36.20640931850905,528.125
1230,30,30,-52.88074523358608,50.65327369617777,527.64
1231,30,31,-52.56095577664608,65.50205372536671,526.436
1232,30,32,-50.45536896497665,79.56504439620778,524.55
1233,30,33,-46.82818334586304,92.03841099056594,522.076
1234,30,34,-42.031051208723355,102.71190662540985,519.157
1235,30,35,-36.38857387876788,111.7728492387271,515.975
1236,30,36,-30.154684128959335,119.55151945802284,512.739
1237,30,37,-23.514990642445532,126.37881262782751,509.659
1238,30,38,-16.603831287369573,132.53897390064034,506.937
1239,30,39,-9.52132383035915,138.26724865185494,504.743
1240,31,0,1.2534136708394463,155.47873796401845,502.704
1241,31,1,8.438444295004171,160.95648137647697,502.265
1242,31,2,15.546002324569262,166.64264118126928,502.551
1243,31,3,22.4984382203469,172.73280667546783,503.489
1244,31,4,29.198549852711345,179.4573464793988,504.955
1245,31,5,35.51657728781069,-172.90487280103878,506.791
1246,31,6,41.273361248620915,-164.02524438942868,508.819
1247,31,7,46.22246509479338,-153.5639763924754,510.856
1248,31,8,50.04405497315848,-141.297940190373,512.738
1249,31,9,52.380570480666044,-127.36779669888868,514.329
1250,31,10,52.944030351340835,-112.50608370650632,515.537
1251,31,11,51.65621184371327,-97.89318084520917,516.318
1252,31,12,48.695068706418866,-84.58182517177133,516.684
1253,31,13,44.39481917101927,-73.05471298502673,516.695
1254,31,14,39.10687647031165,-63.27145737641312,516.45
1255,31,15,33.12257890824829,-54.938845155051006,516.078
1256,31,16,26.659036000429122,-47.71281237169016,515.721
1257,31,17,19.872657371300125,-41.283640683321785,515.516
1258,31,18,12.877412411125784,-35.393691939358405,515.582
1259,31,19,5.7602464398326,-29.82922219991364,516.004
1260,31,20,-1.4073490592586086,-24.405106017723472,516.823
1261,31,21,-8.5603853698037,-18.94891355964363,518.032
1262,31,22,-15.632486179839963,-13.285461572520687,519.572
1263,31,23,-22.54785805408653,-7.221212377354103,521.338
1264,31,24,-29.2115203819452,-0.5284952251789925,523.19
1265,31,25,-35.496558003353385,7.068107710692744,524.961
1266,31,26,-41.22741798116883,15.893049358939487,526.476
1267,31,27,-46.162383335759365,26.28304774699826,527.571
1268,31,28,-49.98682823319753,38.46323017878091,528.103
1269,31,29,-52.3468942329633,52.30636047533386,527.972
1270,31,30,-52.9530803519911,67.10443659521921,527.127
1271,31,31,-51.71868416895679,81.69620685122433,525.574
1272,31,32,-48.810362299608684,95.02629773355552,523.379
1273,31,33,-44.55409918246397,106.59435690437435,520.661
1274,31,34,-39.297848559505205,116.4243856484242,517.586
1275,31,35,-33.3325355082399,124.80092964652785,514.351
1276,31,36,-26.876181374522165,132.06508171564653,511.166
1277,31,37,-20.08646107534174,138.5265499535053,508.242
1278,31,38,-13.07868442558772,144.4440072843509,505.765
1279,31,39,-5.941110702828184,150.03255002552538,503.885
1280,32,0,-2.3467633525835248,161.76245735891683,503.203
1281,32,1,4.851238761310406,167.20286695737207,502.392
1282,32,2,12.006430103260342,172.7619169417104,502.321
1283,32,3,19.047094113867974,178.62383117422547,502.945
1284,32,4,25.88720413365017,-175.00038849877703,504.165
1285,32,5,32.41514548005881,-167.85744496666942,505.838
1286,32,6,38.47876885914269,-159.6421753952481,507.792
1287,32,7,43.86725877462207,-150.01136277872,509.847
1288,32,8,48.29654424382155,-138.6597796234556,511.826
1289,32,9,51.419320392729716,-125.50999890502355,513.577
1290,32,10,52.89507155537018,-110.98452929529174,514.985
1291,32,11,52.52581103827178,-96.09219656486022,515.981
1292,32,12,50.36577737363359,-82.02967717707186,516.551
1293,32,13,46.68947244910383,-69.58856956616368,516.729
1294,32,14,41.85430640357094,-58.96052201005704,516.597
1295,32,15,36.18656420387558,-49.94559438117816,516.271
1296,32,16,29.939734660684447,-42.20807605163175,515.889
1297,32,17,23.298289230648535,-35.41590712963387,515.591
1298,32,18,16.395227064833627,-29.285477670278098,515.509
1299,32,19,9.32935453354677,-23.582821251092927,515.744
1300,32,20,2.178627360549671,-18.110504423929978,516.363
1301,32,21,-4.989714443430068,-12.691719204387,517.381
1302,32,22,-12.110966148507389,-7.154571929169582,518.766
1303,32,23,-19.115117675359425,-1.3166803257390993,520.435
1304,32,24,-25.918165381157838,5.030618311935158,522.264
1305,32,25,-32.4109790646651,12.137540707020616,524.096
1306,32,26,-38.44463840386013,20.30540791182838,525.761
1307,32,27,-43.812449921627305,29.873447674789475,527.086
1308,32,28,-48.235458446979536,41.14562305076334,527.915
1309,32,29,-51.371208540216145,54.206416649593855,528.125
1310,32,30,-52.88074523358608,68.65327761216798,527.64
1311,32,31,-52.56095577664608,83.50206105645151,526.436
1312,32,32,-50.45536896497665,97.56505172729258,524.55
1313,32,33,-46.82818334586304,110.03841832165075,522.076
1314,32,34,-42.031051208723355,120.71191395649466,519.157
1315,32,35,-36.38857387876788,129.77285656981192,515.975
1316,32,36,-30.154684128959335,137.55152678910764,512.739
1317,32,37,-23.514990642445532,144.37881995891232,509.659
1318,32,38,-16.603831287369573,150.53898123172516,506.937
1319,32,39,-9.52132383035915,156.26725598293976,504.743
1320,33,0,1.2534136708394463,173.47874529510327,502.704
1321,33,1,8.438444295004171,178.9564887075618,502.265
1322,33,2,15.546002324569262,-175.3573615055586,502.551
1323,33,3,22.4984382203469,-169.2671823509817,503.489
1324,33,4,29.198549852711345,-162.5426425470507,504.955
1325,33,5,35.51657728781069,-154.904865469954,506.791
1326,33,6,41.273361248620915,-146.0252370583439,508.819
1327,33,7,46.22246509479338,-135.56396906139062,510.856
1328,33,8,50.04405497315848,-123.2979328592882,512.738
1329,33,9,52.380570480666044,-109.3677825376147,514.329
1330,33,10,52.944030351340835,-94.50607637542151,515.537
1331,33,11,51.65621184371327,-79.89317351412437,516.318
1332,33,12,48.695068706418866,-66.58181784068651,516.684
1333,33,13,44.39481917101927,-55.05470565394193,516.695
1334,33,14,39.10687647031165,-45.271450045328315,516.45
1335,33,15,33.12257890824829,-36.938837823966196,516.078
1336,33,16,26.659036000429122,-29.71280504060536,515.721
1337,33,17,19.872657371300125,-23.283631644689688,515.516
1338,33,18,12.877412411125784,-17.393684608273603,515.582
1339,33,19,5.7602464398326,-11.829214868828839,516.004
1340,33,20,-1.4073490592586086,-6.405099540412314,516.823
1341,33,21,-8.5603853698037,-0.9489065487239413,518.032
1342,33,22,-15.632486179839963,4.7145457585641175,519.572
1343,33,23,-22.54785805408653,10.7787949537307,521.338
1344,33,24,-29.2115203819452,17.471512906318605,523.19
1345,33,25,-35.496558003353385,25.068115895551195,524.961
1346,33,26,-41.22741798116883,33.893054982477,526.476
1347,33,27,-46.162383335759365,44.28305678563036,527.571
1348,33,28,-49.98682823319753,56.46323750986571,528.103
1349,33,29,-52.3468942329633,70.30636780641866,527.972
1350,33,30,-52.9530803519911,85.10444392630401,527.127
1351,33,31,-51.71868416895679,99.69621418230913,525.574
1352,33,32,-48.810362299608684,113.02630506464034,523.379
1353,33,33,-44.55409918246397,124.59435740526997,520.661
1354,33,34,-39.297848559505205,134.424392979509,517.586
1355,33,35,-33.3325355082399,142.80093697761265,514.351
1356,33,36,-26.876181374522165,150.06508904673132,511.166
1357,33,37,-20.08646107534174,156.52655728459013,508.242
1358,33,38,-13.07868442558772,162.44401461543572,505.765
1359,33,39,-5.941110702828184,168.0325573566102,503.885
1360,34,0,-2.3467633525835248,179.76243736924496,503.203
1361,34,1,4.851238761310406,-174.79716305021248,502.392
1362,34,2,12.006430103260342,-169.23811306587413,502.321
1363,34,3,19.047094113867974,-163.37619883335907,502.945
1364,34,4,25.88720413365017,-157.00040848844893,504.165
1365,34,5,32.41514548005881,-149.8574649563413,505.838
1366,34,6,38.47876885914269,-141.64219538491997,507.792
1367,34,7,43.86725877462207,-132.01138276839188,509.847
1368,34,8,48.29654424382155,-120.65979961312746,511.826
1369,34,9,51.419320392729716,-107.51001889469542,513.577
1370,34,10,52.89507155537018,-92.98454928496362,514.985
1371,34,11,52.52581103827178,-78.09221655453209,515.981
1372,34,12,50.36577737363359,-64.02969716674374,516.551
1373,34,13,46.68947244910383,-51.588592970930144,516.729
1374,34,14,41.85430640357094,-40.960538584634335,516.597
1375,34,15,36.18656420387558,-31.945614370850038,516.271
1376,34,16,29.939734660684447,-24.208096041303623,515.889
1377,34,17,23.298289230648535,-17.41592882685304,515.591
1378,34,18,16.395227064833627,-11.285496806176328,515.509
1379,34,19,9.32935453354677,-5.582841667651628,515.744
1380,34,20,2.178627360549671,-0.1105247471071844,516.363
1381,34,21,-4.989714443430068,5.3082608059411225,517.381
1382,34,22,-12.110966148507389,10.845408081158542,518.766
1383,34,23,-19.115117675359425,16.683298830815378,520.435
1384,34,24,-25.918165381157838,23.030598749150105,522.264
1385,34,25,-32.4109790646651,30.137519863575093,524.096
1386,34,26,-38.44463840386013,38.3053879221565,525.761
1387,34,27,-43.812449921627305,47.8734276851176,527.086
1388,34,28,-48.235458446979536,59.145606476186046,527.915
1389,34,29,-51.371208540216145,72.20639665992198,528.125
1390,34,30,-52.88074523358608,86.65325762249611,527.64
1391,34,31,-52.56095577664608,101.50204106677964,526.436
1392,34,32,-50.45536896497665,115.56503856780988,524.55
1393,34,33,-46.82818334586304,128.03839833197887,522.076
1394,34,34,-42.031051208723355,138.71189396682277,519.157
1395,34,35,-36.38857387876788,147.77283658014002,515.975
1396,34,36,-30.154684128959335,155.55150679943577,512.739
1397,34,37,-23.514990642445532,162.37879996924045,509.659
1398,34,38,-16.603831287369573,168.5389612420533,506.937
1399,34,39,-9.52132383035915,174.26723599326786,504.743
1400,35,0,1.2534136708394463,-168.52128471248128,502.704
1401,35,1,8.438444295004171,-163.04354130002275,502.265
1402,35,2,15.546002324569262,-157.35738149523047,502.551
1403,35,3,22.4984382203469,-151.26720234065357,503.489
1404,35,4,29.198549852711345,-144.5426625367226,504.955
1405,35,5,35.51657728781069,-136.90488545962586,506.791
1406,35,6,41.273361248620915,-128.02525704801576,508.819
1407,35,7,46.22246509479338,-117.56398905106249,510.856
1408,35,8,50.04405497315848,-105.29795284896008,512.738
1409,35,9,52.380570480666044,-91.36780252728659,514.329
1410,35,10,52.944030351340835,-76.50609636509338,515.537
1411,35,11,51.65621184371327,-61.89319350379625,516.318
1412,35,12,48.695068706418866,-48.581837830358396,516.684
1413,35,13,44.39481917101927,-37.05472564361381,516.695
1414,35,14,39.10687647031165,-27.271470035000192,516.45
1415,35,15,33.12257890824829,-18.938859521185368,516.078
1416,35,16,26.659036000429122,-11.712825884050883,515.721
1417,35,17,19.872657371300125,-5.2836520612483895,515.516
1418,35,18,12.877412411125784,0.606295828941345,515.582
1419,35,19,5.7602464398326,6.170765141499285,516.004
1420,35,20,-1.4073490592586086,11.59488046991581,516.823
1421,35,21,-8.5603853698037,17.0510737817693,518.032
1422,35,22,-15.632486179839963,22.714526622665886,519.572
1423,35,23,-22.54785805408653,28.778776671606117,521.338
1424,35,24,-29.2115203819452,35.47149120909943,523.19
1425,35,25,-35.496558003353385,43.06809590587932,524.961
1426,35,26,-41.22741798116883,51.89303499280512,526.476
1427,35,27,-46.162383335759365,62.28303338086389,527.571
1428,35,28,-49.98682823319753,74.46321410509925,528.103
1429,35,29,-52.3468942329633,88.30634781674678,527.972
1430,35,30,-52.9530803519911,103.10442393663214,527.127
1431,35,31,-51.71868416895679,117.69619419263726,525.574
1432,35,32,-48.810362299608684,131.0262782447793,523.379
1433,35,33,-44.55409918246397,142.5943374155981,520.661
1434,35,34,-39.297848559505205,152.42437298983714,517.586
1435,35,35,-33.3325355082399,160.80091698794078,514.351
1436,35,36,-26.876181374522165,168.06506905705945,511.166
1437,35,37,-20.08646107534174,174.52653729491823,508.242
1438,35,38,-13.07868442558772,-179.55601539214882,505.765
1439,35,39,-5.941110702828184,-173.96747265097434,503.885
1440,36,0,-2.3467633525835248,-162.23756531758292,503.203
1441,36,1,4.851238761310406,-156.7971557191277,502.392
1442,36,2,12.006430103260342,-151.23810573478931,502.321
1443,36,3,19.047094113867974,-145.37619150227425,502.945
1444,36,4,25.88720413365017,-139.0004011573641,504.165
1445,36,5,32.41514548005881,-131.85745762525647,505.838
1446,36,6,38.47876885914269,-123.64218805383518,507.792
1447,36,7,43.86725877462207,-114.01136860711792,509.847
1448,36,8,48.29654424382155,-102.65979228204264,511.826
1449,36,9,51.419320392729716,-89.51001156361062,513.577
1450,36,10,52.89507155537018,-74.98454195387882,514.985
1451,36,11,52.52581103827178,-60.092209223447284,515.981
1452,36,12,50.36577737363359,-46.029693250753525,516.551
1453,36,13,46.68947244910383,-33.58858563984534,516.729
1454,36,14,41.85430640357094,-22.96053296109682,516.597
1455,36,15,36.18656420387558,-13.945606185991588,516.271
1456,36,16,29.939734660684447,-6.208088283331996,515.889
1457,36,17,23.298289230648535,0.5840788777577332,515.591
1458,36,18,16.395227064833627,6.714510524908476,515.509
1459,36,19,9.32935453354677,12.417166090319999,515.744
1460,36,20,2.178627360549671,17.88948291748295,516.363
1461,36,21,-4.989714443430068,23.308268137025927,517.381
1462,36,22,-12.110966148507389,28.845415412243344,518.766
1463,36,23,-19.115117675359425,34.683307869447475,520.435
1464,36,24,-25.918165381157838,41.03060608023491,522.264
1465,36,25,-32.4109790646651,48.137527194659896,524.096
1466,36,26,-38.44463840386013,56.3053952532413,525.761
1467,36,27,-43.812449921627305,65.87343843129699,527.086
1468,36,28,-48.235458446979536,77.14561380727085,527.915
1469,36,29,-51.371208540216145,90.20640399100678,528.125
1470,36,30,-52.88074523358608,104.65326495358092,527.64
1471,36,31,-52.56095577664608,119.50204156767528,526.436
1472,36,32,-50.45536896497665,133.56504589889468,524.55
1473,36,33,-46.82818334586304,146.03840566306368,522.076
1474,36,34,-42.031051208723355,156.7119012979076,519.157
1475,36,35,-36.38857387876788,165.77284391122484,515.975
1476,36,36,-30.154684128959335,173.5515141305206,512.739
1477,36,37,-23.514990642445532,-179.62120271758744,509.659
1478,36,38,-16.603831287369573,-173.46102778439624,506.937
1479,36,39,-9.52132383035915,-167.73276669356,504.743
1480,37,0,1.2534136708394463,-150.5212773813965,502.704
1481,37,1,8.438444295004171,-145.04353396893796,502.265
1482,37,2,15.546002324569262,-139.35737416414565,502.551
1483,37,3,22.4984382203469,-133.26719500956878,503.489
1484,37,4,29.198549852711345,-126.54265520563777,504.955
1485,37,5,35.51657728781069,-118.90487812854106,506.791
1486,37,6,41.273361248620915,-110.02524971693096,508.819
1487,37,7,46.22246509479338,-99.56398171997769,510.856
1488,37,8,50.04405497315848,-87.29794551787528,512.738
1489,37,9,52.380570480666044,-73.36779519620178,514.329
1490,37,10,52.944030351340835,-58.50608903400858,515.537
1491,37,11,51.65621184371327,-43.893182757616856,516.318
1492,37,12,48.695068706418866,-30.581830499273593,516.684
1493,37,13,44.39481917101927,-19.054720020076296,516.695
1494,37,14,39.10687647031165,-9.271461850141742,516.45
1495,37,15,33.12257890824829,-0.9388518699354479,516.078
1496,37,16,26.659036000429122,6.287181020147098,515.721
1497,37,17,19.872657371300125,12.716355696723237,515.516
1498,37,18,12.877412411125784,18.606302733139326,515.582
1499,37,19,5.7602464398326,24.170772472584087,516.004
1500,37,20,-1.4073490592586086,29.59488865477426,516.823
1501,37,21,-8.5603853698037,35.05107940530681,518.032
1502,37,22,-15.632486179839963,40.7145322462034,519.572
1503,37,23,-22.54785805408653,46.77878400269092,521.338
1504,37,24,-29.2115203819452,53.471498540184236,523.19
1505,37,25,-35.496558003353385,61.06809982186954,524.961
1506,37,26,-41.22741798116883,69.89304573898451,526.476
1507,37,27,-46.162383335759365,80.2830407119487,527.571
1508,37,28,-49.98682823319753,92.46322143618406,528.103
1509,37,29,-52.3468942329633,106.30635514783158,527.972
1510,37,30,-52.9530803519911,121.10443126771695,527.127
1511,37,31,-51.71868416895679,135.69620152372207,525.574
1512,37,32,-48.810362299608684,149.02628557586408,523.379
1513,37,33,-44.55409918246397,160.5943447466829,520.661
1514,37,34,-39.297848559505205,170.42438032092193,517.586
1515,37,35,-33.3325355082399,178.80092431902557,514.351
1516,37,36,-26.876181374522165,-173.93491996939008,511.166
1517,37,37,-20.08646107534174,-167.4734517315313,508.242
1518,37,38,-13.07868442558772,-161.55600806106403,505.765
1519,37,39,-5.941110702828184,-155.96746531988956,503.885
1520,38,0,-2.3467633525835248,-144.2375579864981,503.203
1521,38,1,4.851238761310406,-138.79714838804287,502.392
1522,38,2,12.006430103260342,-133.23809840370453,502.321
1523,38,3,19.047094113867974,-127.37618417118945,502.945
1524,38,4,25.88720413365017,-121.0003938262793,504.165
1525,38,5,32.41514548005881,-113.8574434639825,505.838
1526,38,6,38.47876885914269,-105.64218072275038,507.792
1527,38,7,43.86725877462207,-96.01136127603311,509.847
1528,38,8,48.29654424382155,-84.65978495095784,511.826
1529,38,9,51.419320392729716,-71.51000423252582,513.577
1530,38,10,52.89507155537018,-56.98453462279401,514.985
1531,38,11,52.52581103827178,-42.09219847726789,515.981
1532,38,12,50.36577737363359,-28.029685919668722,516.551
1533,38,13,46.68947244910383,-15.588576601213244,516.729
1534,38,14,41.85430640357094,-4.960524776238372,516.597
1535,38,15,36.18656420387558,4.054401145093215,516.271
1536,38,16,29.939734660684447,11.791918620865983,515.889
1537,38,17,23.298289230648535,18.584085835316568,515.591
1538,38,18,16.395227064833627,24.714518709766924,515.509
1539,38,19,9.32935453354677,30.41717171385751,515.744
1540,38,20,2.178627360549671,35.88948854102046,516.363
1541,38,21,-4.989714443430068,41.30827717565802,517.381
1542,38,22,-12.110966148507389,46.84542274332815,518.766
1543,38,23,-19.115117675359425,52.68331520053228,520.435
1544,38,24,-25.918165381157838,59.03061341131971,522.264
1545,38,25,-32.4109790646651,66.1375345257447,524.096
1546,38,26,-38.44463840386013,74.3054025843261,525.761
1547,38,27,-43.812449921627305,83.87344576238179,527.086
1548,38,28,-48.235458446979536,95.14562113835565,527.915
1549,38,29,-51.371208540216145,108.20641132209158,528.125
1550,38,30,-52.88074523358608,122.65327228466572,527.64
1551,38,31,-52.56095577664608,137.50204889876008,526.436
1552,38,32,-50.45536896497665,151.5650532299795,524.55
1553,38,33,-46.82818334586304,164.03841299414847,522.076
1554,38,34,-42.031051208723355,174.71190862899238,519.157
1555,38,35,-36.38857387876788,-176.2271451152247,515.975
1556,38,36,-30.154684128959335,-168.44847489592894,512.739
1557,38,37,-23.514990642445532,-161.62119538650262,509.659
1558,38,38,-16.603831287369573,-155.46102045331145,506.937
1559,38,39,-9.52132383035915,-149.73275936247518,504.743
1560,39,0,1.2534136708394463,-132.52127005031167,502.704
1561,39,1,8.438444295004171,-127.04352663785315,502.265
1562,39,2,15.546002324569262,-121.35736683306085,502.551
1563,39,3,22.4984382203469,-115.26718767848396,503.489
1564,39,4,29.198549852711345,-108.54264787455297,504.955
1565,39,5,35.51657728781069,-100.90486396726709,506.791
1566,39,6,41.273361248620915,-92.02524238584616,508.819
1567,39,7,46.22246509479338,-81.56397438889289,510.856
1568,39,8,50.04405497315848,-69.29793818679047,512.738
1569,39,9,52.380570480666044,-55.367791280211556,514.329
1570,39,10,52.944030351340835,-40.50608511801836,515.537
1571,39,11,51.65621184371327,-25.893175426532054,516.318
1572,39,12,48.695068706418866,-12.581823168188789,516.684
1573,39,13,44.39481917101927,-1.0547125822697858,516.695
1574,39,14,39.10687647031165,8.728545480943062,516.45
1575,39,15,33.12257890824829,17.061155140984237,516.078
1576,39,16,26.659036000429122,24.28718792434508,515.721
1577,39,17,19.872657371300125,30.71636132026075,515.516
1578,39,18,12.877412411125784,36.606310064224125,515.582
1579,39,19,5.7602464398326,42.17077980366889,516.004
1580,39,20,-1.4073490592586086,47.59489598585906,516.823
1581,39,21,-8.5603853698037,53.05108673639161,518.032
1582,39,22,-15.632486179839963,58.7145395772882,519.572
1583,39,23,-22.54785805408653,64.77879133377573,521.338
1584,39,24,-29.2115203819452,71.47150928636363,523.19
1585,39,25,-35.496558003353385,79.06810715295434,524.961
1586,39,26,-41.22741798116883,87.89305307006931,526.476
1587,39,27,-46.162383335759365,98.2830480430335,527.571
1588,39,28,-49.98682823319753,110.46322876726886,528.103
1589,39,29,-52.3468942329633,124.30635564872722,527.972
1590,39,30,-52.9530803519911,139.10443859880175,527.127
1591,39,31,-51.71868416895679,153.69620885480686,525.574
1592,39,32,-48.810362299608684,167.0262929069489,523.379
1593,39,33,-44.55409918246397,178.59435207776772,520.661
1594,39,34,-39.297848559505205,-171.5756087055276,517.586
1595,39,35,-33.3325355082399,-163.1990783678023,514.351
1596,39,36,-26.876181374522165,-155.93491263830526,511.166
1597,39,37,-20.08646107534174,-149.47344440044648,508.242
1598,39,38,-13.07868442558772,-143.55600072997922,505.765
1599,39,39,-5.941110702828184,-137.96745798880474,503.885
