0,0,0,44.73084398761639,-80.44888453518578,510.204
1,0,1,48.95523061190465,-68.77375531893784,512.153
2,0,2,51.80907147733816,-55.33157420213757,513.85
3,0,3,52.96612259821124,-40.65418410979175,515.188
4,0,4,52.26812166126554,-25.826504242496267,516.108
5,0,5,49.81521631520637,-12.011248801719788,516.605
6,0,6,45.90745677027239,0.10769726223421068,516.721
7,0,7,40.90296350502571,10.428862164436143,516.546
8,0,8,35.11634869301545,19.19208024692713,516.2
9,0,9,28.78790521943184,26.739143874109615,515.823
10,0,10,22.091601417529677,33.39499758819967,515.555
11,0,11,15.153256202009773,39.43386494663684,515.523
12,0,12,8.067097155114332,45.082137692103075,515.824
13,0,13,0.9085211342655368,50.5324339893819,516.514
14,0,14,-6.256243251414702,55.959558869901464,517.602
15,0,15,-13.362131299727725,61.53613170455549,519.045
16,0,16,-20.33733904619819,67.44803609160587,520.753
17,0,17,-27.09430688076111,73.9102214993275,522.595
18,0,18,-33.51806735175954,81.18162039915558,524.411
19,0,19,-39.450786740305546,89.57227556808446,526.029
20,0,20,-44.67376751181718,99.42312272872452,527.276
21,0,21,-48.89494736229012,111.01626235417562,528.004
22,0,22,-51.765481210055135,124.3694529362798,528.095
23,0,23,-52.95967831472933,138.97279353273893,527.483
24,0,24,-52.31288330599122,153.7647156521821,526.154
25,0,25,-49.914144775144834,167.58736562650876,524.156
26,0,26,-46.053827724185766,179.7421790281667,521.59
27,0,27,-41.08516563132497,-169.8904507731237,518.61
28,0,28,-35.32158563229058,-161.08184266850338,515.403
29,0,29,-29.004022650054797,-153.4946909535348,512.179
30,0,30,-22.30765396135552,-146.80475288793912,509.148
31,0,31,-15.359608169666906,-140.73696309346153,506.507
32,0,32,-8.255443890345665,-135.06367136506552,504.42
33,0,33,-1.0718955239525396,-129.59080470767438,503.005
34,0,34,6.123385826774199,-124.14214424070178,502.325
35,0,35,13.263809872851745,-118.54343817804232,502.382
36,0,36,20.275799041776374,-112.60691095903404,503.12
37,0,37,27.069707954465308,-106.11514400201708,504.43
38,0,38,33.52794722039397,-98.8060083070247,506.165
39,0,39,39.489343158170264,-90.36547909677638,508.151
40,1,0,46.99153415005306,-65.84141850446797,511.201
41,1,1,50.57602084157034,-53.255408430317964,513.04
42,1,2,52.61520455412891,-39.089046261483325,514.569
43,1,3,52.84887215582422,-24.18030912421272,515.702
44,1,4,51.24534181419115,-9.734495741902538,516.408
45,1,5,48.020597771163864,3.278092516200144,516.706
46,1,6,43.52096818370243,14.482637493446656,516.663
47,1,7,38.09065360484047,23.984289525222522,516.386
48,1,8,32.00763590360834,32.09625419299467,516.007
49,1,9,25.476957358889816,39.160083643946045,515.667
50,1,10,18.64622518883805,45.4764240223204,515.503
51,1,11,11.623624467264163,51.29418449694592,515.628
52,1,12,4.492611568089247,56.82087304499675,516.119
53,1,13,-2.677085601553916,62.23822733990861,517.01
54,1,14,-9.82078152168731,67.71804029968565,518.284
55,1,15,-16.871052193362566,73.4375997295193,519.873
56,1,16,-23.749489819672288,79.59534311536596,521.667
57,1,17,-30.356492313271115,86.42656364394338,523.517
58,1,18,-36.557839626779135,94.21588212815517,525.256
59,1,19,-42.167494482678116,103.29439198801771,526.709
60,1,20,-46.93060203246738,113.99133566228227,527.713
61,1,21,-50.52142030934526,126.48988516411026,528.135
62,1,22,-52.58785989178676,140.57141296835874,527.879
63,1,23,-52.866927760895145,155.42312656379622,526.907
64,1,24,-51.31752325333985,169.85564412911333,525.234
65,1,25,-48.14450081780248,-177.10766578226605,522.935
66,1,26,-43.68685298807453,-165.8602020307093,520.141
67,1,27,-38.285956033967814,-156.31182979746325,517.022
68,1,28,-32.21976108866142,-148.15685713603483,513.78
69,1,29,-25.69432812922547,-141.05598756921447,510.626
70,1,30,-18.858545034282482,-134.70829662254977,507.767
71,1,31,-11.821928764531727,-128.86374473090487,505.386
72,1,32,-4.669251785970001,-123.31342372832579,503.624
73,1,33,2.5283846993599224,-117.87420258278614,502.572
74,1,34,9.704795518070386,-112.37277890447517,502.264
75,1,35,16.79096310270229,-106.63010611449019,502.671
76,1,36,23.70654329771854,-100.4456088776646,503.712
77,1,37,30.349627973155254,-93.58118679953174,505.255
78,1,38,36.58302936443814,-85.74859223673874,507.138
79,1,39,42.21689724094482,-76.61263365576724,509.18
80,2,0,44.73084398761639,-62.448884034290145,510.204
81,2,1,48.95523061190465,-50.773751402947624,512.153
82,2,2,51.80907147733816,-37.33157370124193,513.85
83,2,3,52.96612259821124,-22.65418531644341,515.188
84,2,4,52.26812166126554,-7.826503741600633,516.108
85,2,5,49.81521631520637,5.988751699175847,516.605
86,2,6,45.90745677027239,18.1076972161811,516.721
87,2,7,40.90296350502571,28.428862665331778,516.546
88,2,8,35.11634869301545,37.192080747822764,516.2
89,2,9,28.78790521943184,44.739142667457955,515.823
90,2,10,22.091601417529677,51.3949980890953,515.555
91,2,11,15.153256202009773,57.43386544753247,515.523
92,2,12,8.067097155114332,63.082138192998706,515.824
93,2,13,0.9085211342655368,68.53243790537212,516.514
94,2,14,-6.256243251414702,73.95955595570251,517.602
95,2,15,-13.362131299727725,79.53613220545112,519.045
96,2,16,-20.33733904619819,85.44803659250151,520.753
97,2,17,-27.09430688076111,91.91022200022314,522.595
98,2,18,-33.51806735175954,99.18162090005121,524.411
99,2,19,-39.450786740305546,107.57227606898009,526.029
100,2,20,-44.67376751181718,117.42312322962015,527.276
101,2,21,-48.89494736229012,129.01626285507126,528.004
102,2,22,-51.765481210055135,142.36946026736462,528.095
103,2,23,-52.95967831472933,156.97280086382372,527.483
104,2,24,-52.31288330599122,171.7647229832669,526.154
105,2,25,-49.914144775144834,-174.4126370603191,524.156
106,2,26,-46.053827724185766,-162.25782365866118,521.59
107,2,27,-41.08516563132497,-151.89045710241723,518.61
108,2,28,-35.32158563229058,-143.08184899779693,515.403
109,2,29,-29.004022650054797,-135.49468362245,512.179
110,2,30,-22.30765396135552,-128.8047455568543,509.148
111,2,31,-15.359608169666906,-122.73696942275505,506.507
112,2,32,-8.255443890345665,-117.06366403398071,504.42
113,2,33,-1.0718955239525396,-111.59081103696792,503.005
114,2,34,6.123385826774199,-106.14214373980614,502.325
115,2,35,13.263809872851745,-100.54343767714668,502.382
116,2,36,20.275799041776374,-94.6069104581384,503.12
117,2,37,27.069707954465308,-88.11514350112145,504.43
118,2,38,33.52794722039397,-80.80600780612906,506.165
119,2,39,39.489343158170264,-72.36547859588075,508.151
120,3,0,46.99153415005306,-47.841418003572336,511.201
121,3,1,50.57602084157034,-35.255407929422326,513.04
122,3,2,52.61520455412891,-21.089045760587695,514.569
123,3,3,52.84887215582422,-6.180308623317085,515.702
124,3,4,51.24534181419115,8.265504758993094,516.408
125,3,5,48.020597771163864,21.278093443982602,516.706
126,3,6,43.52096818370243,32.48263799434229,516.663
127,3,7,38.09065360484047,41.98429173366545,516.386
128,3,8,32.00763590360834,50.0962546938903,516.007
129,3,9,25.476957358889816,57.16008414484168,515.667
130,3,10,18.64622518883805,63.47642452321603,515.503
131,3,11,11.623624467264163,69.29418158274696,515.628
132,3,12,4.492611568089247,74.8208701307978,516.119
133,3,13,-2.677085601553916,80.23822784080424,517.01
134,3,14,-9.82078152168731,85.71804080058128,518.284
135,3,15,-16.871052193362566,91.43760023041494,519.873
136,3,16,-23.749489819672288,97.5953436162616,521.667
137,3,17,-30.356492313271115,104.42656414483902,523.517
138,3,18,-36.557839626779135,112.21588262905081,525.256
139,3,19,-42.167494482678116,121.29439248891335,526.709
140,3,20,-46.93060203246738,131.99134299336706,527.713
141,3,21,-50.52142030934526,144.48987883481672,528.135
142,3,22,-52.58785989178676,158.5714066390652,527.879
143,3,23,-52.866927760895145,173.42312023450268,526.907
144,3,24,-51.31752325333985,-172.1443448973362,525.234
145,3,25,-48.14450081780248,-159.1076721115596,522.935
146,3,26,-43.68685298807453,-147.86020836000284,520.141
147,3,27,-38.285956033967814,-138.31182246637846,517.022
148,3,28,-32.21976108866142,-130.15686346532837,513.78
149,3,29,-25.69432812922547,-123.05598023812966,510.626
150,3,30,-18.858545034282482,-116.70828929146495,507.767
151,3,31,-11.821928764531727,-110.86373739982007,505.386
152,3,32,-4.669251785970001,-105.31343005761933,503.624
153,3,33,2.5283846993599224,-99.8742020818905,502.572
154,3,34,9.704795518070386,-94.37277840357955,502.264
155,3,35,16.79096310270229,-88.63010561359457,502.671
156,3,36,23.70654329771854,-82.44560837676896,503.712
157,3,37,30.349627973155254,-75.58118629863611,505.255
158,3,38,36.58302936443814,-67.74859173584312,507.138
159,3,39,42.21689724094482,-58.61263315487161,509.18
160,4,0,44.73084398761639,-44.448880118299925,510.204
161,4,1,48.95523061190465,-32.77375090205199,512.153
162,4,2,51.80907147733816,-19.3315732003463,513.85
163,4,3,52.96612259821124,-4.654184815547776,515.188
164,4,4,52.26812166126554,10.173496759295,516.108
165,4,5,49.81521631520637,23.988753053845127,516.605
166,4,6,45.90745677027239,36.10769942462403,516.721
167,4,7,40.90296350502571,46.42886316622741,516.546
168,4,8,35.11634869301545,55.192081248718395,516.2
169,4,9,28.78790521943184,62.739146583448175,515.823
170,4,10,22.091601417529677,69.39499517489635,515.555
171,4,11,15.153256202009773,75.4338659484281,515.523
172,4,12,8.067097155114332,81.08213869389434,515.824
173,4,13,0.9085211342655368,86.53243840626776,516.514
174,4,14,-6.256243251414702,91.95955645659815,517.602
175,4,15,-13.362131299727725,97.53613270634676,519.045
176,4,16,-20.33733904619819,103.44803709339715,520.753
177,4,17,-27.09430688076111,109.91022250111878,522.595
178,4,18,-33.51806735175954,117.18162140094684,524.411
179,4,19,-39.450786740305546,125.57227656987573,526.029
180,4,20,-44.67376751181718,135.42311690032662,527.276
181,4,21,-48.89494736229012,147.01627018615605,528.004
182,4,22,-51.765481210055135,160.36945393807108,528.095
183,4,23,-52.95967831472933,174.97279453453018,527.483
184,4,24,-52.31288330599122,-170.23527970356096,526.154
185,4,25,-49.914144775144834,-156.41264338961264,524.156
186,4,26,-46.053827724185766,-144.25781632757636,521.59
187,4,27,-41.08516563132497,-133.89044977133244,518.61
188,4,28,-35.32158563229058,-125.08184166671212,515.403
189,4,29,-29.004022650054797,-117.49468995174354,512.179
190,4,30,-22.30765396135552,-110.80474505595866,509.148
191,4,31,-15.359608169666906,-104.73696892185941,506.507
192,4,32,-8.255443890345665,-99.06366353308509,504.42
193,4,33,-1.0718955239525396,-93.5908105360723,503.005
194,4,34,6.123385826774199,-88.1421432389105,502.325
195,4,35,13.263809872851745,-82.54343717625106,502.382
196,4,36,20.275799041776374,-76.60690995724278,503.12
197,4,37,27.069707954465308,-70.11514300022581,504.43
198,4,38,33.52794722039397,-62.80600730523343,506.165
199,4,39,39.489343158170264,-54.365478094985114,508.151
200,5,0,46.99153415005306,-29.8414175026767,511.201
201,5,1,50.57602084157034,-17.255407428526695,513.04
202,5,2,52.61520455412891,-3.0890459000222963,514.569
203,5,3,52.84887215582422,11.819691877578547,515.702
204,5,4,51.24534181419115,26.265506113662372,516.408
205,5,5,48.020597771163864,39.27809223733094,516.706
206,5,6,43.52096818370243,50.48263849523792,516.663
207,5,7,38.09065360484047,59.98429223456108,516.386
208,5,8,32.00763590360834,68.09625519478594,516.007
209,5,9,25.476957358889816,75.16008464573731,515.667
210,5,10,18.64622518883805,81.47642502411166,515.503
211,5,11,11.623624467264163,87.2941820836426,515.628
212,5,12,4.492611568089247,92.82087063169344,516.119
213,5,13,-2.677085601553916,98.23822834169988,517.01
214,5,14,-9.82078152168731,103.71804130147692,518.284
215,5,15,-16.871052193362566,109.43760073131057,519.873
216,5,16,-23.749489819672288,115.5953509473464,521.667
217,5,17,-30.356492313271115,122.42656464573466,523.517
218,5,18,-36.557839626779135,130.21587629975727,525.256
219,5,19,-42.167494482678116,139.2943861596198,526.709
220,5,20,-46.93060203246738,149.99133666407354,527.713
221,5,21,-50.52142030934526,162.48988616590154,528.135
222,5,22,-52.58785989178676,176.57141397015002,527.879
223,5,23,-52.866927760895145,-168.57688245232518,526.907
224,5,24,-51.31752325333985,-154.14435122662974,525.234
225,5,25,-48.14450081780248,-141.10766478047478,522.935
226,5,26,-43.68685298807453,-129.86020102891803,520.141
227,5,27,-38.285956033967814,-120.31182879567199,517.022
228,5,28,-32.21976108866142,-112.15686296443273,513.78
229,5,29,-25.69432812922547,-105.0559865674232,510.626
230,5,30,-18.858545034282482,-98.70828879056933,507.767
231,5,31,-11.821928764531727,-92.86373689892443,505.386
232,5,32,-4.669251785970001,-87.31342955672369,503.624
233,5,33,2.5283846993599224,-81.87420158099486,502.572
234,5,34,9.704795518070386,-76.37277790268391,502.264
235,5,35,16.79096310270229,-70.63010511269893,502.671
236,5,36,23.70654329771854,-64.44560787587334,503.712
237,5,37,30.349627973155254,-57.581185797740474,505.255
238,5,38,36.58302936443814,-49.7485878198529,507.138
239,5,39,42.21689724094482,-40.61262923888139,509.18
240,6,0,44.73084398761639,-26.44887961740429,510.204
241,6,1,48.95523061190465,-14.773750401156356,512.153
242,6,2,51.80907147733816,-1.331572165842137,513.85
243,6,3,52.96612259821124,13.345815685347857,515.188
244,6,4,52.26812166126554,28.173497260190633,516.108
245,6,5,49.81521631520637,41.98875184719347,516.605
246,6,6,45.90745677027239,54.10769992551966,516.721
247,6,7,40.90296350502571,64.42886025202846,516.546
248,6,8,35.11634869301545,73.19208174961403,516.2
249,6,9,28.78790521943184,80.73914708434381,515.823
250,6,10,22.091601417529677,87.39499567579199,515.555
251,6,11,15.153256202009773,93.43386644932373,515.523
252,6,12,8.067097155114332,99.08213919478997,515.824
253,6,13,0.9085211342655368,104.53243890716338,516.514
254,6,14,-6.256243251414702,109.95955695749377,517.602
255,6,15,-13.362131299727725,115.53613320724239,519.045
256,6,16,-20.33733904619819,121.4480307641036,520.753
257,6,17,-27.09430688076111,127.9102230020144,522.595
258,6,18,-33.51806735175954,135.1816150716533,524.411
259,6,19,-39.450786740305546,143.57228390096054,526.029
260,6,20,-44.67376751181718,153.4231242314114,527.276
261,6,21,-48.89494736229012,165.0162638568625,528.004
262,6,22,-51.765481210055135,178.36946126915586,528.095
263,6,23,-52.95967831472933,-167.02719449191935,527.483
264,6,24,-52.31288330599122,-152.23527237247617,526.154
265,6,25,-49.914144775144834,-138.41263605852782,524.156
266,6,26,-46.053827724185766,-126.2578226568699,521.59
267,6,27,-41.08516563132497,-115.89045610062597,518.61
268,6,28,-35.32158563229058,-107.08184799600566,515.403
269,6,29,-29.004022650054797,-99.49468945084791,512.179
270,6,30,-22.30765396135552,-92.80474455506304,509.148
271,6,31,-15.359608169666906,-86.73696842096379,506.507
272,6,32,-8.255443890345665,-81.06366303218945,504.42
273,6,33,-1.0718955239525396,-75.59081003517666,503.005
274,6,34,6.123385826774199,-70.14214273801487,502.325
275,6,35,13.263809872851745,-64.54343667535542,502.382
276,6,36,20.275799041776374,-58.60690945634714,503.12
277,6,37,27.069707954465308,-52.115139084235594,504.43
278,6,38,33.52794722039397,-44.80600338924321,506.165
279,6,39,39.489343158170264,-36.36547759408948,508.151
280,7,0,46.99153415005306,-11.841419563102004,511.201
281,7,1,50.57602084157034,0.7445894971917963,513.04
282,7,2,52.61520455412891,14.910951826108986,514.569
283,7,3,52.84887215582422,29.81969067092689,515.702
284,7,4,51.24534181419115,44.265503199463424,516.408
285,7,5,48.020597771163864,57.27808932313199,516.706
286,7,6,43.52096818370243,68.48263899613356,516.663
287,7,7,38.09065360484047,77.98428590526754,516.386
288,7,8,32.00763590360834,86.09625569568156,516.007
289,7,9,25.476957358889816,93.16008514663295,515.667
290,7,10,18.64622518883805,99.4764255250073,515.503
291,7,11,11.623624467264163,105.29418258453823,515.628
292,7,12,4.492611568089247,110.82087113258906,516.119
293,7,13,-2.677085601553916,116.23822201240634,517.01
294,7,14,-9.82078152168731,121.71804180237255,518.284
295,7,15,-16.871052193362566,127.4376012322062,519.873
296,7,16,-23.749489819672288,133.59534461805288,521.667
297,7,17,-30.356492313271115,140.42655831644112,523.517
298,7,18,-36.557839626779135,148.2158836308421,525.256
299,7,19,-42.167494482678116,157.2943934907046,526.709
300,7,20,-46.93060203246738,167.99133033478,527.713
301,7,21,-50.52142030934526,-179.51011652092635,528.135
302,7,22,-52.58785989178676,-165.42858871667787,527.879
303,7,23,-52.866927760895145,-150.5768751212404,526.907
304,7,24,-51.31752325333985,-136.14435755592328,525.234
305,7,25,-48.14450081780248,-123.10767110976832,522.935
306,7,26,-43.68685298807453,-111.86020735821157,520.141
307,7,27,-38.285956033967814,-102.31182829477635,517.022
308,7,28,-32.21976108866142,-94.1568624635371,513.78
309,7,29,-25.69432812922547,-87.05598606652757,510.626
310,7,30,-18.858545034282482,-80.70829511986285,507.767
311,7,31,-11.821928764531727,-74.86374322821797,505.386
312,7,32,-4.669251785970001,-69.31342905582805,503.624
313,7,33,2.5283846993599224,-63.87420108009923,502.572
314,7,34,9.704795518070386,-58.37277740178828,502.264
315,7,35,16.79096310270229,-52.63010802689788,502.671
316,7,36,23.70654329771854,-46.44561420516687,503.712
317,7,37,30.349627973155254,-39.581188711939426,505.255
318,7,38,36.58302936443814,-31.74859073405185,507.138
319,7,39,42.21689724094482,-22.612633860627636,509.18
320,8,0,44.73084398761639,-8.448879970282304,510.204
321,8,1,48.95523061190465,3.2262492459656316,512.153
322,8,2,51.80907147733816,16.668427801444967,513.85
323,8,3,52.96612259821124,31.345817893790784,515.188
324,8,4,52.26812166126554,46.173496053538976,516.108
325,8,5,49.81521631520637,59.9887523480891,516.605
326,8,6,45.90745677027239,72.10770042641529,516.721
327,8,7,40.90296350502571,82.4288607529241,516.546
328,8,8,35.11634869301545,91.19208225050966,516.2
329,8,9,28.78790521943184,98.73914758523944,515.823
330,8,10,22.091601417529677,105.39499617668761,515.555
331,8,11,15.153256202009773,111.43386695021937,515.523
332,8,12,8.067097155114332,117.08214652587478,515.824
333,8,13,0.9085211342655368,122.53243257786986,516.514
334,8,14,-6.256243251414702,127.95956428857858,517.602
335,8,15,-13.362131299727725,133.5361405383272,519.045
336,8,16,-20.33733904619819,139.44803809518842,520.753
337,8,17,-27.09430688076111,145.91021667272088,522.595
338,8,18,-33.51806735175954,153.1816224027381,524.411
339,8,19,-39.450786740305546,161.572277571667,526.029
340,8,20,-44.67376751181718,171.4231179021179,527.276
341,8,21,-48.89494736229012,-176.98373882996535,528.004
342,8,22,-51.765481210055135,-163.630541417672,528.095
343,8,23,-52.95967831472933,-149.02720082121286,527.483
344,8,24,-52.31288330599122,-134.2352787017697,526.154
345,8,25,-49.914144775144834,-120.41264238782138,524.156
346,8,26,-46.053827724185766,-108.25782215597427,521.59
347,8,27,-41.08516563132497,-97.89044876954117,518.61
348,8,28,-35.32158563229058,-89.08184749511004,515.403
349,8,29,-29.004022650054797,-81.49468894995228,512.179
350,8,30,-22.30765396135552,-74.8047440541674,509.148
351,8,31,-15.359608169666906,-68.73696792006815,506.507
352,8,32,-8.255443890345665,-63.06366253129382,504.42
353,8,33,-1.0718955239525396,-57.59080953428102,503.005
354,8,34,6.123385826774199,-52.14214565221383,502.325
355,8,35,13.263809872851745,-46.54343617445979,502.382
356,8,36,20.275799041776374,-40.60690554035692,503.12
357,8,37,27.069707954465308,-34.11513858333996,504.43
358,8,38,33.52794722039397,-26.80600459589487,506.165
359,8,39,39.489343158170264,-18.365475385646555,508.151
360,9,0,46.99153415005306,6.1585805109068055,511.201
361,9,1,50.57602084157034,18.744590158169988,513.04
362,9,2,52.61520455412891,32.91095232700462,514.569
363,9,3,52.84887215582422,47.81969117182252,515.702
364,9,4,51.24534181419115,62.26550028526447,516.408
365,9,5,48.020597771163864,75.27808982402762,516.706
366,9,6,43.52096818370243,86.4826394970292,516.663
367,9,7,38.09065360484047,95.98428640616318,516.386
368,9,8,32.00763590360834,104.0962561965772,516.007
369,9,9,25.476957358889816,111.16008564752858,515.667
370,9,10,18.64622518883805,117.47642602590292,515.503
371,9,11,11.623624467264163,123.2941762552447,515.628
372,9,12,4.492611568089247,128.82086480329554,516.119
373,9,13,-2.677085601553916,134.23822934349116,517.01
374,9,14,-9.82078152168731,139.71803547307903,518.284
375,9,15,-16.871052193362566,145.43759490291268,519.873
376,9,16,-23.749489819672288,151.59533828875934,521.667
377,9,17,-30.356492313271115,158.42656564752593,523.517
378,9,18,-36.557839626779135,166.21587730154855,525.256
379,9,19,-42.167494482678116,175.29438716141107,526.709
380,9,20,-46.93060203246738,-174.00865869166952,527.713
381,9,21,-50.52142030934526,-161.5101228502199,528.135
382,9,22,-52.58785989178676,-147.42859504597138,527.879
383,9,23,-52.866927760895145,-132.57688145053393,526.907
384,9,24,-51.31752325333985,-118.14435022483848,525.234
385,9,25,-48.14450081780248,-105.1076706088727,522.935
386,9,26,-43.68685298807453,-93.86020685731593,520.141
387,9,27,-38.285956033967814,-84.31182779388072,517.022
388,9,28,-32.21976108866142,-76.15686196264146,513.78
389,9,29,-25.69432812922547,-69.05598556563194,510.626
390,9,30,-18.858545034282482,-62.70829461896723,507.767
391,9,31,-11.821928764531727,-56.86373931222775,505.386
392,9,32,-4.669251785970001,-51.31343197002701,503.624
393,9,33,2.5283846993599224,-45.874203994298185,502.572
394,9,34,9.704795518070386,-40.37278031598723,502.264
395,9,35,16.79096310270229,-34.63010752600224,502.671
396,9,36,23.70654329771854,-28.445613704271235,503.712
397,9,37,30.349627973155254,-21.581188211043795,505.255
398,9,38,36.58302936443814,-13.748591086929864,507.138
399,9,39,42.21689724094482,-4.61263293284518,509.18
400,10,0,44.73084398761639,9.551120530613328,510.204
401,10,1,48.95523061190465,21.226250600634913,512.153
402,10,2,51.80907147733816,34.6684283023406,513.85
403,10,3,52.96612259821124,49.34581839468642,515.188
404,10,4,52.26812166126554,64.17349996952919,516.108
405,10,5,49.81521631520637,77.98875284898473,516.605
406,10,6,45.90745677027239,90.10770092731093,516.721
407,10,7,40.90296350502571,100.42886125381973,516.546
408,10,8,35.11634869301545,109.1920827514053,516.2
409,10,9,28.78790521943184,116.73914808613507,515.823
410,10,10,22.091601417529677,123.39500350777242,515.555
411,10,11,15.153256202009773,129.43386062092583,515.523
412,10,12,8.067097155114332,135.08214019658124,515.824
413,10,13,0.9085211342655368,140.53243990895464,516.514
414,10,14,-6.256243251414702,145.95955795928504,517.602
415,10,15,-13.362131299727725,151.53613420903366,519.045
416,10,16,-20.33733904619819,157.44803176589488,520.753
417,10,17,-27.09430688076111,163.91022400380567,522.595
418,10,18,-33.51806735175954,171.18161607344456,524.411
419,10,19,-39.450786740305546,179.5722849027518,526.029
420,10,20,-44.67376751181718,-170.57687112433163,527.276
421,10,21,-48.89494736229012,-158.98373149888053,528.004
422,10,22,-51.765481210055135,-145.63054774696553,528.095
423,10,23,-52.95967831472933,-131.02719349012807,527.483
424,10,24,-52.31288330599122,-116.2352713706849,526.154
425,10,25,-49.914144775144834,-102.41263505673658,524.156
426,10,26,-46.053827724185766,-90.25782165507864,521.59
427,10,27,-41.08516563132497,-79.89044826864553,518.61
428,10,28,-35.32158563229058,-71.0818469942144,515.403
429,10,29,-29.004022650054797,-63.494688449056646,512.179
430,10,30,-22.30765396135552,-56.80474355327176,509.148
431,10,31,-15.359608169666906,-50.736967419172515,506.507
432,10,32,-8.255443890345665,-45.063665445492774,504.42
433,10,33,-1.0718955239525396,-39.59080903338539,503.005
434,10,34,6.123385826774199,-34.142145151318196,502.325
435,10,35,13.263809872851745,-28.543435673564158,502.382
436,10,36,20.275799041776374,-22.60690674700858,503.12
437,10,37,27.069707954465308,-16.11513808244433,504.43
438,10,38,33.52794722039397,-8.806004094999237,506.165
439,10,39,39.489343158170264,-0.36547568516371315,508.151
440,11,0,46.99153415005306,24.158580584915615,511.201
441,11,1,50.57602084157034,36.74459065906562,513.04
442,11,2,52.61520455412891,50.91095282790025,514.569
443,11,3,52.84887215582422,65.81969167271815,515.702
444,11,4,51.24534181419115,80.2655007861601,516.408
445,11,5,48.020597771163864,93.27809032492326,516.706
446,11,6,43.52096818370243,104.48263999792482,516.663
447,11,7,38.09065360484047,113.98428690705882,516.386
448,11,8,32.00763590360834,122.09625669747284,516.007
449,11,9,25.476957358889816,129.16007931823503,515.667
450,11,10,18.64622518883805,135.47641969660938,515.503
451,11,11,11.623624467264163,141.2941835863295,515.628
452,11,12,4.492611568089247,146.82087213438032,516.119
453,11,13,-2.677085601553916,152.23822301419762,517.01
454,11,14,-9.82078152168731,157.71804280416382,518.284
455,11,15,-16.871052193362566,163.43760223399747,519.873
456,11,16,-23.749489819672288,169.59534561984412,521.667
457,11,17,-30.356492313271115,176.4265593182324,523.517
458,11,18,-36.557839626779135,-175.7841253852793,525.256
459,11,19,-42.167494482678116,-166.7056155254168,526.709
460,11,20,-46.93060203246738,-156.00866502096306,527.713
461,11,21,-50.52142030934526,-143.51011551913507,528.135
462,11,22,-52.58785989178676,-129.4285877148866,527.879
463,11,23,-52.866927760895145,-114.5768809496383,526.907
464,11,24,-51.31752325333985,-100.14434972394284,525.234
465,11,25,-48.14450081780248,-87.10767010797706,522.935
466,11,26,-43.68685298807453,-75.8602063564203,520.141
467,11,27,-38.285956033967814,-66.31182729298509,517.022
468,11,28,-32.21976108866142,-58.156861461745834,513.78
469,11,29,-25.69432812922547,-51.055985064736305,510.626
470,11,30,-18.858545034282482,-44.70829070297701,507.767
471,11,31,-11.821928764531727,-38.86373881133212,505.386
472,11,32,-4.669251785970001,-33.31343146913137,503.624
473,11,33,2.5283846993599224,-27.87420349340255,502.572
474,11,34,9.704795518070386,-22.37277981509159,502.264
475,11,35,16.79096310270229,-16.63010702510661,502.671
476,11,36,23.70654329771854,-10.445612349601955,503.712
477,11,37,30.349627973155254,-3.5811872832613374,505.255
478,11,38,36.58302936443814,4.251409413965771,507.138
479,11,39,42.21689724094482,13.38736714116363,509.18
480,12,0,44.73084398761639,27.55112188528261,510.204
481,12,1,48.95523061190465,39.22625110153054,512.153
482,12,2,51.80907147733816,52.66842880323623,513.85
483,12,3,52.96612259821124,67.34581548048746,515.188
484,12,4,52.26812166126554,82.17350047042483,516.108
485,12,5,49.81521631520637,95.98875334988037,516.605
486,12,6,45.90745677027239,108.10770142820657,516.721
487,12,7,40.90296350502571,118.42886858490454,516.546
488,12,8,35.11634869301545,127.19208325230093,516.2
489,12,9,28.78790521943184,134.73914175684155,515.823
490,12,10,22.091601417529677,141.3949971784789,515.555
491,12,11,15.153256202009773,147.43386795201064,515.523
492,12,12,8.067097155114332,153.08214752766605,515.824
493,12,13,0.9085211342655368,158.53243357966113,516.514
494,12,14,-6.256243251414702,163.95956529036985,517.602
495,12,15,-13.362131299727725,169.53614154011845,519.045
496,12,16,-20.33733904619819,175.44803909697967,520.753
497,12,17,-27.09430688076111,-178.0897786830222,522.595
498,12,18,-33.51806735175954,-170.81837295300494,524.411
499,12,19,-39.450786740305546,-162.42771778407607,526.029
500,12,20,-44.67376751181718,-152.57687745362517,527.276
501,12,21,-48.89494736229012,-140.98373782817407,528.004
502,12,22,-51.765481210055135,-127.63054041588073,528.095
503,12,23,-52.95967831472933,-113.02719981942161,527.483
504,12,24,-52.31288330599122,-98.23527769997843,526.154
505,12,25,-49.914144775144834,-84.41263455584094,524.156
506,12,26,-46.053827724185766,-72.257821154183,521.59
507,12,27,-41.08516563132497,-61.8904477677499,518.61
508,12,28,-35.32158563229058,-53.08184307822418,515.403
509,12,29,-29.004022650054797,-45.494684533066426,512.179
510,12,30,-22.30765396135552,-38.80474305237613,509.148
511,12,31,-15.359608169666906,-32.736966918276885,506.507
512,12,32,-8.255443890345665,-27.063663237049845,504.42
513,12,33,-1.0718955239525396,-21.590806824942465,503.005
514,12,34,6.123385826774199,-16.142142942875267,502.325
515,12,35,13.263809872851745,-10.543435172668524,502.382
516,12,36,20.275799041776374,-4.606905392339302,503.12
517,12,37,27.069707954465308,1.8848622050078923,504.43
518,12,38,33.52794722039397,9.193996405896396,506.165
519,12,39,39.489343158170264,17.634525616144714,508.151
520,13,0,46.99153415005306,42.15858791600042,511.201
521,13,1,50.57602084157034,54.744597990150424,513.04
522,13,2,52.61520455412891,68.91096015898506,514.569
523,13,3,52.84887215582422,83.81969900380295,515.702
524,13,4,51.24534181419115,98.2655081172449,516.408
525,13,5,48.020597771163864,111.27809765600806,516.706
526,13,6,43.52096818370243,122.48264049882046,516.663
527,13,7,38.09065360484047,131.9842942381436,516.386
528,13,8,32.00763590360834,140.09626402855764,516.007
529,13,9,25.476957358889816,147.16008664931985,515.667
530,13,10,18.64622518883805,153.4764270276942,515.503
531,13,11,11.623624467264163,159.2941909174143,515.628
532,13,12,4.492611568089247,164.82087946546514,516.119
533,13,13,-2.677085601553916,170.2382303452824,517.01
534,13,14,-9.82078152168731,175.71805013524863,518.284
535,13,15,-16.871052193362566,-178.56238679245206,519.873
536,13,16,-23.749489819672288,-172.4046434066054,521.667
537,13,17,-30.356492313271115,-165.57342970821713,523.517
538,13,18,-36.557839626779135,-157.78411805419452,525.256
539,13,19,-42.167494482678116,-148.705608194332,526.709
540,13,20,-46.93060203246738,-138.00865768987825,527.713
541,13,21,-50.52142030934526,-125.51010818805027,528.135
542,13,22,-52.58785989178676,-111.42858721399095,527.879
543,13,23,-52.866927760895145,-96.57687361855349,526.907
544,13,24,-51.31752325333985,-82.14434239285804,525.234
545,13,25,-48.14450081780248,-69.10766277689225,522.935
546,13,26,-43.68685298807453,-57.8601990253355,520.141
547,13,27,-38.285956033967814,-48.311816546805694,517.022
548,13,28,-32.21976108866142,-40.156854130661024,513.78
549,13,29,-25.69432812922547,-33.0559777336515,510.626
550,13,30,-18.858545034282482,-26.708283371892204,507.767
551,13,31,-11.821928764531727,-20.863731480247313,505.386
552,13,32,-4.669251785970001,-15.313424138046573,503.624
553,13,33,2.5283846993599224,-9.874195308544103,502.572
554,13,34,9.704795518070386,-4.372771630233142,502.264
555,13,35,16.79096310270229,1.3699008395867214,502.671
556,13,36,23.70654329771854,7.554394981482849,503.712
557,13,37,30.349627973155254,14.418819620936643,505.255
558,13,38,36.58302936443814,22.25141759882422,507.138
559,13,39,42.21689724094482,31.387376179795726,509.18
560,14,0,44.73084398761639,45.55111555598907,510.204
561,14,1,48.95523061190465,57.22624477223701,512.153
562,14,2,51.80907147733816,70.6684224739427,513.85
563,14,3,52.96612259821124,85.34580915119393,515.188
564,14,4,52.26812166126554,100.17349414113129,516.108
565,14,5,49.81521631520637,113.98874702058683,516.605
566,14,6,45.90745677027239,126.10769509891303,516.721
567,14,7,40.90296350502571,136.428862255611,516.546
568,14,8,35.11634869301545,145.1920769230074,516.2
569,14,9,28.78790521943184,152.739135427548,515.823
570,14,10,22.091601417529677,159.39499084918535,515.555
571,14,11,15.153256202009773,165.4338616227171,515.523
572,14,12,8.067097155114332,171.0821411983725,515.824
573,14,13,0.9085211342655368,176.5324272503676,516.514
574,14,14,-6.256243251414702,-178.04045105683636,517.602
575,14,15,-13.362131299727725,-172.46387480708773,519.045
576,14,16,-20.33733904619819,-166.55196358984819,520.753
577,14,17,-27.09430688076111,-160.08978501231573,522.595
578,14,18,-33.51806735175954,-152.81837928229848,524.411
579,14,19,-39.450786740305546,-144.4277241133696,526.029
580,14,20,-44.67376751181718,-134.5768837829187,527.276
581,14,21,-48.89494736229012,-122.98374415746761,528.004
582,14,22,-51.765481210055135,-109.63054674517426,528.095
583,14,23,-52.95967831472933,-95.02720614871514,527.483
584,14,24,-52.31288330599122,-80.23528402927197,526.154
585,14,25,-49.914144775144834,-66.41264088513448,524.156
586,14,26,-46.053827724185766,-54.25782406838196,521.59
587,14,27,-41.08516563132497,-43.89045409704344,518.61
588,14,28,-35.32158563229058,-35.081849407517716,515.403
589,14,29,-29.004022650054797,-27.494690862359963,512.179
590,14,30,-22.30765396135552,-20.80475108921696,509.148
591,14,31,-15.359608169666906,-14.736973247570422,506.507
592,14,32,-8.255443890345665,-9.06367042011703,504.42
593,14,33,-1.0718955239525396,-3.5908135811228243,503.005
594,14,34,6.123385826774199,1.8578503009443728,502.325
595,14,35,13.263809872851745,7.45655849803794,502.382
596,14,36,20.275799041776374,13.393088278367161,503.12
597,14,37,27.069707954465308,19.88485608915777,504.43
598,14,38,33.52794722039397,27.19399007660286,506.165
599,14,39,39.489343158170264,35.63451757930388,508.151
600,15,0,46.99153415005306,60.15858500180147,511.201
601,15,1,50.57602084157034,72.7445882457623,513.04
602,15,2,52.61520455412891,86.91095382969152,514.569
603,15,3,52.84887215582422,101.81969267450943,515.702
604,15,4,51.24534181419115,116.26550178795137,516.408
605,15,5,48.020597771163864,129.27809132671453,516.706
606,15,6,43.52096818370243,140.48263416952693,516.663
607,15,7,38.09065360484047,149.9842879088501,516.386
608,15,8,32.00763590360834,158.0962576992641,516.007
609,15,9,25.476957358889816,165.1600803200263,515.667
610,15,10,18.64622518883805,171.47642069840066,515.503
611,15,11,11.623624467264163,177.29418458812077,515.628
612,15,12,4.492611568089247,-177.17912322136272,516.119
613,15,13,-2.677085601553916,-171.76177234154545,517.01
614,15,14,-9.82078152168731,-166.28195255157925,518.284
615,15,15,-16.871052193362566,-160.5623931217456,519.873
616,15,16,-23.749489819672288,-154.40464973589894,521.667
617,15,17,-30.356492313271115,-147.57343603751067,523.517
618,15,18,-36.557839626779135,-139.78412438348806,525.256
619,15,19,-42.167494482678116,-130.70561452362554,526.709
620,15,20,-46.93060203246738,-120.0086640191718,527.713
621,15,21,-50.52142030934526,-107.51012134753297,528.135
622,15,22,-52.58785989178676,-93.42859354328449,527.879
623,15,23,-52.866927760895145,-78.57687994784702,526.907
624,15,24,-51.31752325333985,-64.14434872215158,525.234
625,15,25,-48.14450081780248,-51.10767252128038,522.935
626,15,26,-43.68685298807453,-39.86020193953445,520.141
627,15,27,-38.285956033967814,-30.31182287609923,517.022
628,15,28,-32.21976108866142,-22.156860459954565,513.78
629,15,29,-25.69432812922547,-15.05598577049233,510.626
630,15,30,-18.858545034282482,-8.708290554959389,507.767
631,15,31,-11.821928764531727,-2.8637382364276744,505.386
632,15,32,-4.669251785970001,2.686570172990125,503.624
633,15,33,2.5283846993599224,8.12579836216236,502.572
634,15,34,9.704795518070386,13.62722204047332,502.264
635,15,35,16.79096310270229,19.369893976684654,502.671
636,15,36,23.70654329771854,25.554387798415668,503.712
637,15,37,30.349627973155254,32.418813291643104,505.255
638,15,38,36.58302936443814,40.251411269530685,507.138
639,15,39,42.21689724094482,49.38736985050219,509.18
640,16,0,44.73084398761639,63.55111947197929,510.204
641,16,1,48.95523061190465,75.22624868822723,512.153
642,16,2,51.80907147733816,88.6684298050275,513.85
643,16,3,52.96612259821124,103.34581648227874,515.188
644,16,4,52.26812166126554,118.17350147221609,516.108
645,16,5,49.81521631520637,131.9887611818608,516.605
646,16,6,45.90745677027239,144.10770242999783,516.721
647,16,7,40.90296350502571,154.42886958669578,516.546
648,16,8,35.11634869301545,163.1920842540922,516.2
649,16,9,28.78790521943184,170.7391427586328,515.823
650,16,10,22.091601417529677,177.39499818027016,515.555
651,16,11,15.153256202009773,-176.56612740373242,515.523
652,16,12,8.067097155114332,-170.91786148845537,515.824
653,16,13,0.9085211342655368,-165.46756177608194,516.514
654,16,14,-6.256243251414702,-160.04044372575154,517.602
655,16,15,-13.362131299727725,-154.46386747600295,519.045
656,16,16,-20.33733904619819,-148.5519562587634,520.753
657,16,17,-27.09430688076111,-142.0897776812309,522.595
658,16,18,-33.51806735175954,-134.8183719512137,524.411
659,16,19,-39.450786740305546,-126.4277167822848,526.029
660,16,20,-44.67376751181718,-116.57687645183391,527.276
661,16,21,-48.89494736229012,-104.98372999619365,528.004
662,16,22,-51.765481210055135,-91.63053941408945,528.095
663,16,23,-52.95967831472933,-77.02719881763034,527.483
664,16,24,-52.31288330599122,-62.235276698187164,526.154
665,16,25,-49.914144775144834,-48.41263696914425,524.156
666,16,26,-46.053827724185766,-36.257816737297155,521.59
667,16,27,-41.08516563132497,-25.890446765958632,518.61
668,16,28,-35.32158563229058,-17.081843783980208,515.403
669,16,29,-29.004022650054797,-9.494683531275161,512.179
670,16,30,-22.30765396135552,-2.804743117801924,509.148
671,16,31,-15.359608169666906,3.2630347238446165,506.507
672,16,32,-8.255443890345665,8.936336910967775,504.42
673,16,33,-1.0718955239525396,14.409194176848802,503.005
674,16,34,6.123385826774199,19.857858058915998,502.325
675,16,35,13.263809872851745,25.456565829122745,502.382
676,16,36,20.275799041776374,31.39309646322561,503.12
677,16,37,27.069707954465308,37.88486342024257,504.43
678,16,38,33.52794722039397,45.19399911523495,506.165
679,16,39,39.489343158170264,53.634524910388684,508.151
680,17,0,46.99153415005306,78.15857867250793,511.201
681,17,1,50.57602084157034,90.74458191646876,513.04
682,17,2,52.61520455412891,104.91094750039798,514.569
683,17,3,52.84887215582422,119.81968634521589,515.702
684,17,4,51.24534181419115,134.26549545865782,516.408
685,17,5,48.020597771163864,147.278084997421,516.706
686,17,6,43.52096818370243,158.4826278402334,516.663
687,17,7,38.09065360484047,167.98428157955655,516.386
688,17,8,32.00763590360834,176.09625136997056,516.007
689,17,9,25.476957358889816,-176.83992236680155,515.667
690,17,10,18.64622518883805,-170.5235819884272,515.503
691,17,11,11.623624467264163,-164.7058180987071,515.628
692,17,12,4.492611568089247,-159.17912955065626,516.119
693,17,13,-2.677085601553916,-153.761778670839,517.01
694,17,14,-9.82078152168731,-148.2819588808728,518.284
695,17,15,-16.871052193362566,-142.5623994510391,519.873
696,17,16,-23.749489819672288,-136.40465606519246,521.667
697,17,17,-30.356492313271115,-129.57344236680422,523.517
698,17,18,-36.557839626779135,-121.78413071278159,525.256
699,17,19,-42.167494482678116,-112.70561402272989,526.709
700,17,20,-46.93060203246738,-102.00867034846533,527.713
701,17,21,-50.52142030934526,-89.51012767682651,528.135
702,17,22,-52.58785989178676,-75.42859987257802,527.879
703,17,23,-52.866927760895145,-60.57688627714056,526.907
704,17,24,-51.31752325333985,-46.14435505144512,525.234
705,17,25,-48.14450081780248,-33.10767885057391,522.935
706,17,26,-43.68685298807453,-21.860209976375277,520.141
707,17,27,-38.285956033967814,-12.311830059166416,517.022
708,17,28,-32.21976108866142,-4.156867216134923,513.78
709,17,29,-25.69432812922547,2.9440083271009567,510.626
710,17,30,-18.858545034282482,9.291703115747074,507.767
711,17,31,-11.821928764531727,15.136255861165612,505.386
712,17,32,-4.669251785970001,20.686563203366354,503.624
713,17,33,2.5283846993599224,26.125791179095177,502.572
714,17,34,9.704795518070386,31.627214857406138,502.264
715,17,35,16.79096310270229,37.36988764739112,502.671
716,17,36,23.70654329771854,43.55438146912213,503.712
717,17,37,30.349627973155254,50.41880696234957,505.255
718,17,38,36.58302936443814,58.251404940237144,507.138
719,17,39,42.21689724094482,67.38736352120866,509.18
720,18,0,44.73084398761639,81.55111314268575,510.204
721,18,1,48.95523061190465,93.22624235893369,512.153
722,18,2,51.80907147733816,106.66842347573396,513.85
723,18,3,52.96612259821124,121.3458101529852,515.188
724,18,4,52.26812166126554,136.17349514292255,516.108
725,18,5,49.81521631520637,149.98875485256727,516.605
726,18,6,45.90745677027239,162.1076961007043,516.721
727,18,7,40.90296350502571,172.42886325740227,516.546
728,18,8,35.11634869301545,-178.80791843273568,516.2
729,18,9,28.78790521943184,-171.26085992819506,515.823
730,18,10,22.091601417529677,-164.60500450655772,515.555
731,18,11,15.153256202009773,-158.56613373302596,515.523
732,18,12,8.067097155114332,-152.91786781774888,515.824
733,18,13,0.9085211342655368,-147.46756810537548,516.514
734,18,14,-6.256243251414702,-142.04045005504508,517.602
735,18,15,-13.362131299727725,-136.4638738052965,519.045
736,18,16,-20.33733904619819,-130.5519625880569,520.753
737,18,17,-27.09430688076111,-124.08978401052445,522.595
738,18,18,-33.51806735175954,-116.81837828050722,524.411
739,18,19,-39.450786740305546,-108.42772311157835,526.029
740,18,20,-44.67376751181718,-98.57688278112745,527.276
741,18,21,-48.89494736229012,-86.98373632548717,528.004
742,18,22,-51.765481210055135,-73.630545743383,528.095
743,18,23,-52.95967831472933,-59.027205146923876,527.483
744,18,24,-52.31288330599122,-44.235279612386115,526.154
745,18,25,-49.914144775144834,-30.41264329843779,524.156
746,18,26,-46.053827724185766,-18.257824774137983,521.59
747,18,27,-41.08516563132497,-7.8904530952521705,518.61
748,18,28,-35.32158563229058,0.9181503136130796,515.403
749,18,29,-29.004022650054797,8.505310139431304,512.179
750,18,30,-22.30765396135552,15.195249912574305,509.148
751,18,31,-15.359608169666906,21.263027754220843,506.507
752,18,32,-8.255443890345665,26.936331435447883,504.42
753,18,33,-1.0718955239525396,32.409186140007975,503.005
754,18,34,6.123385826774199,37.85785002207517,502.325
755,18,35,13.263809872851745,43.456559499829204,502.382
756,18,36,20.275799041776374,49.39309013393208,503.12
757,18,37,27.069707954465308,55.88485709094903,504.43
758,18,38,33.52794722039397,63.193989370846836,506.165
759,18,39,39.489343158170264,71.63451858109515,508.151
760,19,0,46.99153415005306,96.15858600359273,511.201
761,19,1,50.57602084157034,108.74458924755358,513.04
762,19,2,52.61520455412891,122.91094800129362,514.569
763,19,3,52.84887215582422,137.8196936763007,515.702
764,19,4,51.24534181419115,152.26550278974264,516.408
765,19,5,48.020597771163864,165.27809232850578,516.706
766,19,6,43.52096818370243,176.48263517131818,516.663
767,19,7,38.09065360484047,-174.01570744689297,516.386
768,19,8,32.00763590360834,-165.9037513168573,516.007
769,19,9,25.476957358889816,-158.83991503571676,515.667
770,19,10,18.64622518883805,-152.5235746573424,515.503
771,19,11,11.623624467264163,-146.7058107676223,515.628
772,19,12,4.492611568089247,-141.17912221957147,516.119
773,19,13,-2.677085601553916,-135.76177133975418,517.01
774,19,14,-9.82078152168731,-130.28195154978798,518.284
775,19,15,-16.871052193362566,-124.56239211995432,519.873
776,19,16,-23.749489819672288,-118.40464873410767,521.667
777,19,17,-30.356492313271115,-111.57343503571941,523.517
778,19,18,-36.557839626779135,-103.78412338169679,525.256
779,19,19,-42.167494482678116,-94.70560669164509,526.709
780,19,20,-46.93060203246738,-84.00866301738053,527.713
781,19,21,-50.52142030934526,-71.51012034574171,528.135
782,19,22,-52.58785989178676,-57.428592541493224,527.879
783,19,23,-52.866927760895145,-42.57687894605576,526.907
784,19,24,-51.31752325333985,-28.14434772036031,525.234
785,19,25,-48.14450081780248,-15.107669811941816,522.935
786,19,26,-43.68685298807453,-3.860202645290474,520.141
787,19,27,-38.285956033967814,5.688177271918388,517.022
788,19,28,-32.21976108866142,13.843140541836704,513.78
789,19,29,-25.69432812922547,20.944015231298938,510.626
790,19,30,-18.858545034282482,27.291711300605524,507.767
791,19,31,-11.821928764531727,33.13626319225042,505.386
792,19,32,-4.669251785970001,38.68657053445116,503.624
793,19,33,2.5283846993599224,44.12579851017998,502.572
794,19,34,9.704795518070386,49.62722218849094,502.264
795,19,35,16.79096310270229,55.36989497847592,502.671
796,19,36,23.70654329771854,61.55438880020694,503.712
797,19,37,30.349627973155254,68.41881770852896,505.255
798,19,38,36.58302936443814,76.25141227132195,507.138
799,19,39,42.21689724094482,85.38737085229346,509.18
800,20,0,44.73084398761639,99.55112047377055,510.204
801,20,1,48.95523061190465,111.22624969001849,512.153
802,20,2,51.80907147733816,124.66843763700794,513.85
803,20,3,52.96612259821124,139.34581748407,515.188
804,20,4,52.26812166126554,154.17350247400736,516.108
805,20,5,49.81521631520637,167.98876218365206,516.605
806,20,6,45.90745677027239,-179.89229292574524,516.721
807,20,7,40.90296350502571,-169.5711394294256,516.546
808,20,8,35.11634869301545,-160.80791110165086,516.2
809,20,9,28.78790521943184,-153.26085259711024,515.823
810,20,10,22.091601417529677,-146.6049971754729,515.555
811,20,11,15.153256202009773,-140.56612640194115,515.523
812,20,12,8.067097155114332,-134.9178604866641,515.824
813,20,13,0.9085211342655368,-129.4675607742907,516.514
814,20,14,-6.256243251414702,-124.04044272396028,517.602
815,20,15,-13.362131299727725,-118.46386647421167,519.045
816,20,16,-20.33733904619819,-112.55196208716129,520.753
817,20,17,-27.09430688076111,-106.08977667943965,522.595
818,20,18,-33.51806735175954,-98.8183777796116,524.411
819,20,19,-39.450786740305546,-90.42771578049353,526.029
820,20,20,-44.67376751181718,-80.57687545004265,527.276
821,20,21,-48.89494736229012,-68.98372899440237,528.004
822,20,22,-51.765481210055135,-55.63053841229819,528.095
823,20,23,-52.95967831472933,-41.027197815839074,527.483
824,20,24,-52.31288330599122,-26.235273988848604,526.154
825,20,25,-49.914144775144834,-12.412635113579341,524.156
826,20,26,-46.053827724185766,-0.25781741637275235,521.59
827,20,27,-41.08516563132497,10.109554235832633,518.61
828,20,28,-35.32158563229058,18.91815721781106,515.403
829,20,29,-29.004022650054797,26.505317470516108,512.179
830,20,30,-22.30765396135552,33.1952589512064,509.148
831,20,31,-15.359608169666906,39.263035085305646,506.507
832,20,32,-8.255443890345665,44.936337058985394,504.42
833,20,33,-1.0718955239525396,50.40919347109278,503.005
834,20,34,6.123385826774199,55.85785735315997,502.325
835,20,35,13.263809872851745,61.456566830914014,502.382
836,20,36,20.275799041776374,67.3930940499223,503.12
837,20,37,27.069707954465308,73.88486100693925,504.43
838,20,38,33.52794722039397,81.19399670193164,506.165
839,20,39,39.489343158170264,89.63452591217995,508.151
840,21,0,46.99153415005306,114.1585796742992,511.201
841,21,1,50.57602084157034,126.74458291826004,513.04
842,21,2,52.61520455412891,140.9109416720001,514.569
843,21,3,52.84887215582422,155.81968734700715,515.702
844,21,4,51.24534181419115,170.2654964604491,516.408
845,21,5,48.020597771163864,-176.72191035832208,516.706
846,21,6,43.52096818370243,-165.51736751550968,516.663
847,21,7,38.09065360484047,-156.01571377618652,516.386
848,21,8,32.00763590360834,-147.90375764615084,516.007
849,21,9,25.476957358889816,-140.8399213650103,515.667
850,21,10,18.64622518883805,-134.52358098663595,515.503
851,21,11,11.623624467264163,-128.70581709691584,515.628
852,21,12,4.492611568089247,-123.179128548865,516.119
853,21,13,-2.677085601553916,-117.76177766904772,517.01
854,21,14,-9.82078152168731,-112.28196470927068,518.284
855,21,15,-16.871052193362566,-106.56240527943703,519.873
856,21,16,-23.749489819672288,-100.40466189359037,521.667
857,21,17,-30.356492313271115,-93.57344136501295,523.517
858,21,18,-36.557839626779135,-85.78412971099033,525.256
859,21,19,-42.167494482678116,-76.70561302093863,526.709
860,21,20,-46.93060203246738,-66.00866934667407,527.713
861,21,21,-50.52142030934526,-53.510126675035245,528.135
862,21,22,-52.58785989178676,-39.42859887078676,527.879
863,21,23,-52.866927760895145,-24.57688527534929,526.907
864,21,24,-51.31752325333985,-10.144354903427494,525.234
865,21,25,-48.14450081780248,2.8923236453212353,522.935
866,21,26,-43.68685298807453,14.13979102541599,520.141
867,21,27,-38.285956033967814,23.688171796398496,517.022
868,21,28,-32.21976108866142,31.843134212543166,513.78
869,21,29,-25.69432812922547,38.94401060955269,510.626
870,21,30,-18.858545034282482,45.29170497131199,507.767
871,21,31,-11.821928764531727,51.13625686295688,505.386
872,21,32,-4.669251785970001,56.68656420515762,503.624
873,21,33,2.5283846993599224,62.12579559598103,502.572
874,21,34,9.704795518070386,67.62721927429199,502.264
875,21,35,16.79096310270229,73.36989206427697,502.671
876,21,36,23.70654329771854,79.5543824709134,503.712
877,21,37,30.349627973155254,86.41881137923542,505.255
878,21,38,36.58302936443814,94.25140594202841,507.138
879,21,39,42.21689724094482,103.38736452299992,509.18
880,22,0,44.73084398761639,117.55112097466619,510.204
881,22,1,48.95523061190465,129.22625019091413,512.153
882,22,2,51.80907147733816,142.6684313077144,513.85
883,22,3,52.96612259821124,157.34581115477647,515.188
884,22,4,52.26812166126554,172.17349614471382,516.108
885,22,5,49.81521631520637,-174.01125416355413,516.605
886,22,6,45.90745677027239,-161.89229925503878,516.721
887,22,7,40.90296350502571,-151.57114575871915,516.546
888,22,8,35.11634869301545,-142.8079174309444,516.2
889,22,9,28.78790521943184,-135.26085892640378,515.823
890,22,10,22.091601417529677,-128.60500350476644,515.555
891,22,11,15.153256202009773,-122.56613273123469,515.523
892,22,12,8.067097155114332,-116.91786681595762,515.824
893,22,13,0.9085211342655368,-111.46756710358422,516.514
894,22,14,-6.256243251414702,-106.04044222306466,517.602
895,22,15,-13.362131299727725,-100.46386597331605,519.045
896,22,16,-20.33733904619819,-94.55196841645483,520.753
897,22,17,-27.09430688076111,-88.08978300873319,522.595
898,22,18,-33.51806735175954,-80.81838410890512,524.411
899,22,19,-39.450786740305546,-72.42772210978707,526.029
900,22,20,-44.67376751181718,-62.57688177933618,527.276
901,22,21,-48.89494736229012,-50.98373873879049,528.004
902,22,22,-51.765481210055135,-37.630544741591734,528.095
903,22,23,-52.95967831472933,-23.027202437585316,527.483
904,22,24,-52.31288330599122,-8.235280318142141,526.154
905,22,25,-49.914144775144834,5.587358557127122,524.156
906,22,26,-46.053827724185766,17.742176227653285,521.59
907,22,27,-41.08516563132497,28.109547906539095,518.61
908,22,28,-35.32158563229058,36.918152596064814,515.403
909,22,29,-29.004022650054797,44.50531114122257,512.179
910,22,30,-22.30765396135552,51.195252621912864,509.148
911,22,31,-15.359608169666906,57.26302875601211,506.507
912,22,32,-8.255443890345665,62.93633414478644,504.42
913,22,33,-1.0718955239525396,68.40918714179924,503.005
914,22,34,6.123385826774199,73.85785443896103,502.325
915,22,35,13.263809872851745,79.45656050162047,502.382
916,22,36,20.275799041776374,85.39308772062876,503.12
917,22,37,27.069707954465308,91.88485467764572,504.43
918,22,38,33.52794722039397,99.1939903726381,506.165
919,22,39,39.489343158170264,107.63451958288641,508.151
920,23,0,46.99153415005306,132.158587005384,511.201
921,23,1,50.57602084157034,144.74459024934484,513.04
922,23,2,52.61520455412891,158.91094900308488,514.569
923,23,3,52.84887215582422,173.81969467809196,515.702
924,23,4,51.24534181419115,-171.73449256600043,516.408
925,23,5,48.020597771163864,-158.72190302723726,516.706
926,23,6,43.52096818370243,-147.51736018442486,516.663
927,23,7,38.09065360484047,-138.01570644510173,516.386
928,23,8,32.00763590360834,-129.90375031506602,516.007
929,23,9,25.476957358889816,-122.83991403392548,515.667
930,23,10,18.64622518883805,-116.52357365555113,515.503
931,23,11,11.623624467264163,-110.7058165960202,515.628
932,23,12,4.492611568089247,-105.17912804796937,516.119
933,23,13,-2.677085601553916,-99.76177033796291,517.01
934,23,14,-9.82078152168731,-94.28195737818588,518.284
935,23,15,-16.871052193362566,-88.56239794835223,519.873
936,23,16,-23.749489819672288,-82.40465456250557,521.667
937,23,17,-30.356492313271115,-75.57343403392815,523.517
938,23,18,-36.557839626779135,-67.78412237990553,525.256
939,23,19,-42.167494482678116,-58.705605689853826,526.709
940,23,20,-46.93060203246738,-48.00865860049468,527.713
941,23,21,-50.52142030934526,-35.51011934395044,528.135
942,23,22,-52.58785989178676,-21.42858983215466,527.879
943,23,23,-52.866927760895145,-6.5768779442644885,526.907
944,23,24,-51.31752325333985,7.855652427657309,525.234
945,23,25,-48.14450081780248,20.89233118984945,522.935
946,23,26,-43.68685298807453,32.13980006404809,520.141
947,23,27,-38.285956033967814,41.6881791274833,517.022
948,23,28,-32.21976108866142,49.84314154362797,513.78
949,23,29,-25.69432812922547,56.944017940637494,510.626
950,23,30,-18.858545034282482,63.29170888730221,507.767
951,23,31,-11.821928764531727,69.1362607789471,505.386
952,23,32,-4.669251785970001,74.68657495133701,503.624
953,23,33,2.5283846993599224,80.12580292706583,502.572
954,23,34,9.704795518070386,85.62722660537679,502.264
955,23,35,16.79096310270229,91.36989939536177,502.671
956,23,36,23.70654329771854,97.5543898019982,503.712
957,23,37,30.349627973155254,104.41881871032022,505.255
958,23,38,36.58302936443814,112.25141327311322,507.138
959,23,39,42.21689724094482,121.38736502389555,509.18
960,24,0,44.73084398761639,135.551128305751,510.204
961,24,1,48.95523061190465,147.22625752199892,512.153
962,24,2,51.80907147733816,160.66843863879922,513.85
963,24,3,52.96612259821124,175.34581848586126,515.188
964,24,4,52.26812166126554,-169.8264928817357,516.108
965,24,5,49.81521631520637,-156.01124683246934,516.605
966,24,6,45.90745677027239,-143.89229192395396,516.721
967,24,7,40.90296350502571,-133.57113842763434,516.546
968,24,8,35.11634869301545,-124.8079100998596,516.2
969,24,9,28.78790521943184,-117.26085159531898,515.823
970,24,10,22.091601417529677,-110.60499617368164,515.555
971,24,11,15.153256202009773,-104.56613223033906,515.523
972,24,12,8.067097155114332,-98.91785265468366,515.824
973,24,13,0.9085211342655368,-93.46755977249941,516.514
974,24,14,-6.256243251414702,-88.04043489197984,517.602
975,24,15,-13.362131299727725,-82.46385864223124,519.045
976,24,16,-20.33733904619819,-76.55196108537002,520.753
977,24,17,-27.09430688076111,-70.08977567764839,522.595
978,24,18,-33.51806735175954,-62.818376777820326,524.411
979,24,19,-39.450786740305546,-54.427718193796856,526.029
980,24,20,-44.67376751181718,-44.57687103315679,527.276
981,24,21,-48.89494736229012,-32.98373140770569,528.004
982,24,22,-51.765481210055135,-19.63053911805422,528.095
983,24,23,-52.95967831472933,-5.027195533387336,527.483
984,24,24,-52.31288330599122,9.764727012942663,526.154
985,24,25,-49.914144775144834,23.587365034438278,524.156
986,24,26,-46.053827724185766,35.74218526628538,521.59
987,24,27,-41.08516563132497,46.1095552376239,518.61
988,24,28,-35.32158563229058,54.91815992714962,515.403
989,24,29,-29.004022650054797,62.50531505721279,512.179
990,24,30,-22.30765396135552,69.19525995299767,509.148
991,24,31,-15.359608169666906,75.26303608709692,506.507
992,24,32,-8.255443890345665,80.93634147587125,504.42
993,24,33,-1.0718955239525396,86.40919447288404,503.005
994,24,34,6.123385826774199,91.85786177004583,502.325
995,24,35,13.263809872851745,97.45656783270528,502.382
996,24,36,20.275799041776374,103.39309505171356,503.12
997,24,37,27.069707954465308,109.88486200873052,504.43
998,24,38,33.52794722039397,117.1939977037229,506.165
999,24,39,39.489343158170264,125.63452691397121,508.151
1000,25,0,46.99153415005306,150.15858067609045,511.201
1001,25,1,50.57602084157034,162.7445839200513,513.04
1002,25,2,52.61520455412891,176.91094267379134,514.569
1003,25,3,52.84887215582422,-168.18030800873592,515.702
1004,25,4,51.24534181419115,-153.73449889529397,516.408
1005,25,5,48.020597771163864,-140.7219093565308,516.706
1006,25,6,43.52096818370243,-129.5173665137184,516.663
1007,25,7,38.09065360484047,-120.01571277439525,516.386
1008,25,8,32.00763590360834,-111.9037498141704,516.007
1009,25,9,25.476957358889816,-104.83992036321902,515.667
1010,25,10,18.64622518883805,-98.52357998484467,515.503
1011,25,11,11.623624467264163,-92.70582292531374,515.628
1012,25,12,4.492611568089247,-87.1791343772629,516.119
1013,25,13,-2.677085601553916,-81.76177666725646,517.01
1014,25,14,-9.82078152168731,-76.28196370747942,518.284
1015,25,15,-16.871052193362566,-70.56240427764575,519.873
1016,25,16,-23.749489819672288,-64.40466089179911,521.667
1017,25,17,-30.356492313271115,-57.57344036322168,523.517
1018,25,18,-36.557839626779135,-49.78412529410448,525.256
1019,25,19,-42.167494482678116,-40.70561543424195,526.709
1020,25,20,-46.93060203246738,-30.008664929788218,527.713
1021,25,21,-50.52142030934526,-17.510123965696685,528.135
1022,25,22,-52.58785989178676,-3.4285968017784327,527.879
1023,25,23,-52.866927760895145,11.423115726441976,526.907
1024,25,24,-51.31752325333985,25.85564695213742,525.234
1025,25,25,-48.14450081780248,38.89232315300862,522.935
1026,25,26,-43.68685298807453,50.13979373475455,520.141
1027,25,27,-38.285956033967814,59.68816938309518,517.022
1028,25,28,-32.21976108866142,67.84313521433444,513.78
1029,25,29,-25.69432812922547,74.94401161134395,510.626
1030,25,30,-18.858545034282482,81.29170255800867,507.767
1031,25,31,-11.821928764531727,87.13625444965356,505.386
1032,25,32,-4.669251785970001,92.68656862204347,503.624
1033,25,33,2.5283846993599224,98.1257965977723,502.572
1034,25,34,9.704795518070386,103.62722027608325,502.264
1035,25,35,16.79096310270229,109.36989306606824,502.671
1036,25,36,23.70654329771854,115.55438347270466,503.712
1037,25,37,30.349627973155254,122.41880555083752,505.255
1038,25,38,36.58302936443814,130.2514069438197,507.138
1039,25,39,42.21689724094482,139.38735869460203,509.18
1040,26,0,44.73084398761639,153.5511356368358,510.204
1041,26,1,48.95523061190465,165.22626485308373,512.153
1042,26,2,51.80907147733816,178.668445969884,513.85
1043,26,3,52.96612259821124,-166.65417054058827,515.188
1044,26,4,52.26812166126554,-151.8264855506509,516.108
1045,26,5,49.81521631520637,-138.01123950138452,516.605
1046,26,6,45.90745677027239,-125.89228459286916,516.721
1047,26,7,40.90296350502571,-115.57113109654954,516.546
1048,26,8,35.11634869301545,-106.80790959896396,516.2
1049,26,9,28.78790521943184,-99.26084426423418,515.823
1050,26,10,22.091601417529677,-92.60498884259684,515.555
1051,26,11,15.153256202009773,-86.56612489925426,515.523
1052,26,12,8.067097155114332,-80.91784532359885,515.824
1053,26,13,0.9085211342655368,-75.46755244141461,516.514
1054,26,14,-6.256243251414702,-70.04042756089504,517.602
1055,26,15,-13.362131299727725,-64.46385131114643,519.045
1056,26,16,-20.33733904619819,-58.551953754285215,520.753
1057,26,17,-27.09430688076111,-52.089764931469,522.595
1058,26,18,-33.51806735175954,-44.81836944673552,524.411
1059,26,19,-39.450786740305546,-36.42771086271205,526.029
1060,26,20,-44.67376751181718,-26.57686370207199,527.276
1061,26,21,-48.89494736229012,-14.983722369073595,528.004
1062,26,22,-51.765481210055135,-1.6305309331957702,528.095
1063,26,23,-52.95967831472933,12.97281222458429,527.483
1064,26,24,-52.31288330599122,27.764734344027467,526.154
1065,26,25,-49.914144775144834,41.58737236552308,524.156
1066,26,26,-46.053827724185766,53.742192597370185,521.59
1067,26,27,-41.08516563132497,64.1095625687087,518.61
1068,26,28,-35.32158563229058,72.91816384313984,515.403
1069,26,29,-29.004022650054797,80.50532238829759,512.179
1070,26,30,-22.30765396135552,87.19526728408248,509.148
1071,26,31,-15.359608169666906,93.26304341818172,506.507
1072,26,32,-8.255443890345665,98.93634880695605,504.42
1073,26,33,-1.0718955239525396,104.40920180396884,503.005
1074,26,34,6.123385826774199,109.85786910113063,502.325
1075,26,35,13.263809872851745,115.45657516379008,502.382
1076,26,36,20.275799041776374,121.39310238279836,503.12
1077,26,37,27.069707954465308,127.88486933981532,504.43
1078,26,38,33.52794722039397,135.1940050348077,506.165
1079,26,39,39.489343158170264,143.63453424505602,508.151
1080,27,0,46.99153415005306,168.15857434679694,511.201
1081,27,1,50.57602084157034,-179.25541876677656,513.04
1082,27,2,52.61520455412891,-165.08906001303652,514.569
1083,27,3,52.84887215582422,-150.18031433802943,515.702
1084,27,4,51.24534181419115,-135.7345052245875,516.408
1085,27,5,48.020597771163864,-122.72191568582434,516.706
1086,27,6,43.52096818370243,-111.51737284301194,516.663
1087,27,7,38.09065360484047,-102.0157191036888,516.386
1088,27,8,32.00763590360834,-93.90375614346394,516.007
1089,27,9,25.476957358889816,-86.83992669251256,515.667
1090,27,10,18.64622518883805,-80.5235863141382,515.503
1091,27,11,11.623624467264163,-74.70582925460728,515.628
1092,27,12,4.492611568089247,-69.17914070655644,516.119
1093,27,13,-2.677085601553916,-63.76178299655,517.01
1094,27,14,-9.82078152168731,-58.281970036772954,518.284
1095,27,15,-16.871052193362566,-52.562410606939295,519.873
1096,27,16,-23.749489819672288,-46.404663805998055,521.667
1097,27,17,-30.356492313271115,-39.5734501076098,523.517
1098,27,18,-36.557839626779135,-31.78413162339801,525.256
1099,27,19,-42.167494482678116,-22.705621763535483,526.709
1100,27,20,-46.93060203246738,-12.008671259081753,527.713
1101,27,21,-50.52142030934526,0.489869224762101,528.135
1102,27,22,-52.58785989178676,14.571397509258265,527.879
1103,27,23,-52.866927760895145,29.423109397148437,526.907
1104,27,24,-51.31752325333985,43.85564062284388,525.234
1105,27,25,-48.14450081780248,56.892316823715085,522.935
1106,27,26,-43.68685298807453,68.13978399036642,520.141
1107,27,27,-38.285956033967814,77.68816305380165,517.022
1108,27,28,-32.21976108866142,85.8431288850409,513.78
1109,27,29,-25.69432812922547,92.94400528205043,510.626
1110,27,30,-18.858545034282482,99.29169622871514,507.767
1111,27,31,-11.821928764531727,105.13624812036002,505.386
1112,27,32,-4.669251785970001,110.68656229274994,503.624
1113,27,33,2.5283846993599224,116.12578343828959,502.572
1114,27,34,9.704795518070386,121.62721394678972,502.264
1115,27,35,16.79096310270229,127.3698867367747,502.671
1116,27,36,23.70654329771854,133.55437714341113,503.712
1117,27,37,30.349627973155254,140.418799221544,505.255
1118,27,38,36.58302936443814,148.25140061452615,507.138
1119,27,39,42.21689724094482,157.3873523653085,509.18
1120,28,0,44.73084398761639,171.55111564716393,510.204
1121,28,1,48.95523061190465,-176.7737651545008,512.153
1122,28,2,51.80907147733816,-163.33158403770054,513.85
1123,28,3,52.96612259821124,-148.65419053026014,515.188
1124,28,4,52.26812166126554,-133.82650554032278,516.108
1125,28,5,49.81521631520637,-120.0112594910564,516.605
1126,28,6,45.90745677027239,-107.89231141273021,516.721
1127,28,7,40.90296350502571,-97.57114425603224,516.546
1128,28,8,35.11634869301545,-88.80792958863584,516.2
1129,28,9,28.78790521943184,-81.26086425390606,515.823
1130,28,10,22.091601417529677,-74.60500883226872,515.555
1131,28,11,15.153256202009773,-68.56614488892613,515.523
1132,28,12,8.067097155114332,-62.91786531327073,515.824
1133,28,13,0.9085211342655368,-57.46757243108648,516.514
1134,28,14,-6.256243251414702,-52.040447550566924,517.602
1135,28,15,-13.362131299727725,-46.463874715912894,519.045
1136,28,16,-20.33733904619819,-40.55197032886251,520.753
1137,28,17,-27.09430688076111,-34.089784921140875,522.595
1138,28,18,-33.51806735175954,-26.818389436407397,524.411
1139,28,19,-39.450786740305546,-18.427730852383927,526.029
1140,28,20,-44.67376751181718,-8.576884545517514,527.276
1141,28,21,-48.89494736229012,3.0162572143677053,528.004
1142,28,22,-51.765481210055135,16.369448223358706,528.095
1143,28,23,-52.95967831472933,30.97279052736512,527.483
1144,28,24,-52.31288330599122,45.76471606190288,526.154
1145,28,25,-49.914144775144834,59.58735579094579,524.156
1146,28,26,-46.053827724185766,71.74216919260373,521.59
1147,28,27,-41.08516563132497,82.10954257903683,518.61
1148,28,28,-35.32158563229058,90.91814385346797,515.403
1149,28,29,-29.004022650054797,98.50530239862572,512.179
1150,28,30,-22.30765396135552,105.19524729441059,509.148
1151,28,31,-15.359608169666906,111.26302342850984,506.507
1152,28,32,-8.255443890345665,116.936321987095,504.42
1153,28,33,-1.0718955239525396,122.40918864448614,503.005
1154,28,34,6.123385826774199,127.85784911145875,502.325
1155,28,35,13.263809872851745,133.4565551741182,502.382
1156,28,36,20.275799041776374,139.3930823931265,503.12
1157,28,37,27.069707954465308,145.88484935014344,504.43
1158,28,38,33.52794722039397,153.19398504513583,506.165
1159,28,39,39.489343158170264,161.63451425538415,508.151
1160,29,0,46.99153415005306,-173.8414146796526,511.201
1161,29,1,50.57602084157034,-161.25541143569177,513.04
1162,29,2,52.61520455412891,-147.08905268195173,514.569
1163,29,3,52.84887215582422,-132.18030700694464,515.702
1164,29,4,51.24534181419115,-117.73449789350269,516.408
1165,29,5,48.020597771163864,-104.72190835473954,516.706
1166,29,6,43.52096818370243,-93.51736551192714,516.663
1167,29,7,38.09065360484047,-84.01571177260398,516.386
1168,29,8,32.00763590360834,-75.90374881237913,516.007
1169,29,9,25.476957358889816,-68.83991936142776,515.667
1170,29,10,18.64622518883805,-62.523578983053405,515.503
1171,29,11,11.623624467264163,-56.70581850842789,515.628
1172,29,12,4.492611568089247,-51.179133375471636,516.119
1173,29,13,-2.677085601553916,-45.76177566546519,517.01
1174,29,14,-9.82078152168731,-40.28196270568815,518.284
1175,29,15,-16.871052193362566,-34.56240327585449,519.873
1176,29,16,-23.749489819672288,-28.404658182460544,521.667
1177,29,17,-30.356492313271115,-21.573442776525,523.517
1178,29,18,-36.557839626779135,-13.784124292313209,525.256
1179,29,19,-42.167494482678116,-4.705614005563857,526.709
1180,29,20,-46.93060203246738,5.9913356451162265,527.713
1181,29,21,-50.52142030934526,18.48987703609458,528.135
1182,29,22,-52.58785989178676,32.57140313279577,527.879
1183,29,23,-52.866927760895145,47.42311672823324,526.907
1184,29,24,-51.31752325333985,61.85564795392869,525.234
1185,29,25,-48.14450081780248,74.89232756989448,522.935
1186,29,26,-43.68685298807453,86.13979132145123,520.141
1187,29,27,-38.285956033967814,95.68817038488645,517.022
1188,29,28,-32.21976108866142,103.8431362161257,513.78
1189,29,29,-25.69432812922547,110.94401261313523,510.626
1190,29,30,-18.858545034282482,117.2917103899891,507.767
1191,29,31,-11.821928764531727,123.136262281634,505.386
1192,29,32,-4.669251785970001,128.68656962383474,503.624
1193,29,33,2.5283846993599224,134.1257907693744,502.572
1194,29,34,9.704795518070386,139.62722127787453,502.264
1195,29,35,16.79096310270229,145.3698940678595,502.671
1196,29,36,23.70654329771854,151.55438447449592,503.712
1197,29,37,30.349627973155254,158.41880655262878,505.255
1198,29,38,36.58302936443814,166.25140794561094,507.138
1199,29,39,42.21689724094482,175.38735969639328,509.18
1200,30,0,44.73084398761639,-170.44888703966393,510.204
1201,30,1,48.95523061190465,-158.77375782341602,512.153
1202,30,2,51.80907147733816,-145.33157670661572,513.85
1203,30,3,52.96612259821124,-130.65418319917532,515.188
1204,30,4,52.26812166126554,-115.82649820923797,516.108
1205,30,5,49.81521631520637,-102.01124532978243,516.605
1206,30,6,45.90745677027239,-89.8923040816454,516.721
1207,30,7,40.90296350502571,-79.57113692494744,516.546
1208,30,8,35.11634869301545,-70.80792225755104,516.2
1209,30,9,28.78790521943184,-63.26085692282126,515.823
1210,30,10,22.091601417529677,-56.605001501183914,515.555
1211,30,11,15.153256202009773,-50.56613414274675,515.523
1212,30,12,8.067097155114332,-44.91786139728051,515.824
1213,30,13,0.9085211342655368,-39.46756510000168,516.514
1214,30,14,-6.256243251414702,-34.04044021948212,517.602
1215,30,15,-13.362131299727725,-28.46386738482809,519.045
1216,30,16,-20.33733904619819,-22.551964705325,520.753
1217,30,17,-27.09430688076111,-16.089779297603364,522.595
1218,30,18,-33.51806735175954,-8.818382105322593,524.411
1219,30,19,-39.450786740305546,-0.42772296101016816,526.029
1220,30,20,-44.67376751181718,9.42312278556729,527.276
1221,30,21,-48.89494736229012,21.016264972339332,528.004
1222,30,22,-51.765481210055135,34.3694572619908,528.095
1223,30,23,-52.95967831472933,48.97279785844992,527.483
1224,30,24,-52.31288330599122,63.7647199778931,526.154
1225,30,25,-49.914144775144834,77.5873631220306,524.156
1226,30,26,-46.053827724185766,89.74217652368853,521.59
1227,30,27,-41.08516563132497,100.10954991012163,518.61
1228,30,28,-35.32158563229058,108.91815118455277,515.403
1229,30,29,-29.004022650054797,116.50530972971052,512.179
1230,30,30,-22.30765396135552,123.19524779530623,509.148
1231,30,31,-15.359608169666906,129.2630375897838,506.507
1232,30,32,-8.255443890345665,134.93632931817982,504.42
1233,30,33,-1.0718955239525396,140.40919597557095,503.005
1234,30,34,6.123385826774199,145.85785644254355,502.325
1235,30,35,13.263809872851745,151.456562505203,502.382
1236,30,36,20.275799041776374,157.39308972421128,503.12
1237,30,37,27.069707954465308,163.88485668122826,504.43
1238,30,38,33.52794722039397,171.19399237622062,506.165
1239,30,39,39.489343158170264,179.63452158646896,508.151
1240,31,0,46.99153415005306,-155.8414073485678,511.201
1241,31,1,50.57602084157034,-143.25540410460695,513.04
1242,31,2,52.61520455412891,-129.0890453508669,514.569
1243,31,3,52.84887215582422,-114.180306506049,515.702
1244,31,4,51.24534181419115,-99.73449056241789,516.408
1245,31,5,48.020597771163864,-86.72190102365474,516.706
1246,31,6,43.52096818370243,-75.51735818084234,516.663
1247,31,7,38.09065360484047,-66.01570444151918,516.386
1248,31,8,32.00763590360834,-57.903741481294325,516.007
1249,31,9,25.476957358889816,-50.83991203034295,515.667
1250,31,10,18.64622518883805,-44.5235716519686,515.503
1251,31,11,11.623624467264163,-38.70581117734309,515.628
1252,31,12,4.492611568089247,-33.179126044386834,516.119
1253,31,13,-2.677085601553916,-27.76176833438039,517.01
1254,31,14,-9.82078152168731,-22.281953667056055,518.284
1255,31,15,-16.871052193362566,-16.562394237222396,519.873
1256,31,16,-23.749489819672288,-10.404649997602096,521.667
1257,31,17,-30.356492313271115,-3.5734348051099616,523.517
1258,31,18,-36.557839626779135,4.2158830387715955,525.256
1259,31,19,-42.167494482678116,13.294392898634124,526.709
1260,31,20,-46.93060203246738,23.991343403087853,527.713
1261,31,21,-50.52142030934526,36.489882659632094,528.135
1262,31,22,-52.58785989178676,50.57141046388058,527.879
1263,31,23,-52.866927760895145,65.42312405931804,526.907
1264,31,24,-51.31752325333985,79.85565528501348,525.234
1265,31,25,-48.14450081780248,92.89233490097928,522.935
1266,31,26,-43.68685298807453,104.13979865253603,520.141
1267,31,27,-38.285956033967814,113.68817771597125,517.022
1268,31,28,-32.21976108866142,121.8431435472105,513.78
1269,31,29,-25.69432812922547,128.94401311403087,510.626
1270,31,30,-18.858545034282482,135.29171772107392,507.767
1271,31,31,-11.821928764531727,141.1362696127188,505.386
1272,31,32,-4.669251785970001,146.68657695491953,503.624
1273,31,33,2.5283846993599224,152.1257981004592,502.572
1274,31,34,9.704795518070386,157.6272286089593,502.264
1275,31,35,16.79096310270229,163.3699013989443,502.671
1276,31,36,23.70654329771854,169.55439180558074,503.712
1277,31,37,30.349627973155254,176.4188138837136,505.255
1278,31,38,36.58302936443814,-175.7485810808386,507.138
1279,31,39,42.21689724094482,-166.61262933005625,509.18
1280,32,0,44.73084398761639,-152.44887970857914,510.204
1281,32,1,48.95523061190465,-140.7737504923312,512.153
1282,32,2,51.80907147733816,-127.33156937553093,513.85
1283,32,3,52.96612259821124,-112.65417586809053,515.188
1284,32,4,52.26812166126554,-97.82649770834234,516.108
1285,32,5,49.81521631520637,-84.01123799869762,516.605
1286,32,6,45.90745677027239,-71.8922967505606,516.721
1287,32,7,40.90296350502571,-61.571129593862636,516.546
1288,32,8,35.11634869301545,-52.80791151137165,516.2
1289,32,9,28.78790521943184,-45.26084959173645,515.823
1290,32,10,22.091601417529677,-38.60499417009911,515.555
1291,32,11,15.153256202009773,-32.56612681166194,515.523
1292,32,12,8.067097155114332,-26.917854066195705,515.824
1293,32,13,0.9085211342655368,-21.467557768916876,516.514
1294,32,14,-6.256243251414702,-16.040434595944607,517.602
1295,32,15,-13.362131299727725,-10.463859199969644,519.045
1296,32,16,-20.33733904619819,-4.5519565204665495,520.753
1297,32,17,-27.09430688076111,1.9102286738116734,522.595
1298,32,18,-33.51806735175954,9.181625225762211,524.411
1299,32,19,-39.450786740305546,17.57228380978568,526.029
1300,32,20,-44.67376751181718,27.42313097042574,527.276
1301,32,21,-48.89494736229012,39.01627059587684,528.004
1302,32,22,-51.765481210055135,52.369464593075605,528.095
1303,32,23,-52.95967831472933,66.97280518953472,527.483
1304,32,24,-52.31288330599122,81.7647273089779,526.154
1305,32,25,-49.914144775144834,95.5873704531154,524.156
1306,32,26,-46.053827724185766,107.74218385477333,521.59
1307,32,27,-41.08516563132497,118.10955724120643,518.61
1308,32,28,-35.32158563229058,126.91816534582674,515.403
1309,32,29,-29.004022650054797,134.50531706079533,512.179
1310,32,30,-22.30765396135552,141.19525512639103,509.148
1311,32,31,-15.359608169666906,147.26304492086862,506.507
1312,32,32,-8.255443890345665,152.9363366492646,504.42
1313,32,33,-1.0718955239525396,158.40920330665574,503.005
1314,32,34,6.123385826774199,163.85786377362837,502.325
1315,32,35,13.263809872851745,169.4565698362878,502.382
1316,32,36,20.275799041776374,175.3930970552961,503.12
1317,32,37,27.069707954465308,-178.11513234522127,504.43
1318,32,38,33.52794722039397,-170.80599665022888,506.165
1319,32,39,39.489343158170264,-162.36546743998056,508.151
1320,33,0,46.99153415005306,-137.84140001748298,511.201
1321,33,1,50.57602084157034,-125.25539677352215,513.04
1322,33,2,52.61520455412891,-111.08903801978211,514.569
1323,33,3,52.84887215582422,-96.1802991749642,515.702
1324,33,4,51.24534181419115,-81.73448323133309,516.408
1325,33,5,48.020597771163864,-68.72189369256994,516.706
1326,33,6,43.52096818370243,-57.517350849757534,516.663
1327,33,7,38.09065360484047,-48.01569711043438,516.386
1328,33,8,32.00763590360834,-39.90373415020952,516.007
1329,33,9,25.476957358889816,-32.83990469925815,515.667
1330,33,10,18.64622518883805,-26.5235626133365,515.503
1331,33,11,11.623624467264163,-20.705805553805572,515.628
1332,33,12,4.492611568089247,-15.179117005754735,516.119
1333,33,13,-2.677085601553916,-9.761760149521937,517.01
1334,33,14,-9.82078152168731,-4.281946762858074,518.284
1335,33,15,-16.871052193362566,1.43761224008876,519.873
1336,33,16,-23.749489819672288,7.595357333482708,521.667
1337,33,17,-30.356492313271115,14.426571885644607,523.517
1338,33,18,-36.557839626779135,22.2158903698564,525.256
1339,33,19,-42.167494482678116,31.294400229718928,526.709
1340,33,20,-46.93060203246738,41.991350734172656,527.713
1341,33,21,-50.52142030934526,54.4898899907169,528.135
1342,33,22,-52.58785989178676,68.57141779496538,527.879
1343,33,23,-52.866927760895145,83.42313139040284,526.907
1344,33,24,-51.31752325333985,97.85566261609829,525.234
1345,33,25,-48.14450081780248,110.89234223206408,522.935
1346,33,26,-43.68685298807453,122.13980598362083,520.141
1347,33,27,-38.285956033967814,131.68819187724523,517.022
1348,33,28,-32.21976108866142,139.84315087829532,513.78
1349,33,29,-25.69432812922547,146.94402044511565,510.626
1350,33,30,-18.858545034282482,153.2917250521587,507.767
1351,33,31,-11.821928764531727,159.1362769438036,505.386
1352,33,32,-4.669251785970001,164.68658428600435,503.624
1353,33,33,2.5283846993599224,170.125805431544,502.572
1354,33,34,9.704795518070386,175.62723594004413,502.264
1355,33,35,16.79096310270229,-178.63008762750522,502.671
1356,33,36,23.70654329771854,-172.4455972208688,503.712
1357,33,37,30.349627973155254,-165.58117514273593,505.255
1358,33,38,36.58302936443814,-157.74857374975377,507.138
1359,33,39,42.21689724094482,-148.61262199897143,509.18
1360,34,0,44.73084398761639,-134.448899698251,510.204
1361,34,1,48.95523061190465,-122.77377048200309,512.153
1362,34,2,51.80907147733816,-109.33158253501364,513.85
1363,34,3,52.96612259821124,-94.6541958577624,515.188
1364,34,4,52.26812166126554,-79.82651769801421,516.108
1365,34,5,49.81521631520637,-66.01125798836951,516.605
1366,34,6,45.90745677027239,-53.89231332513789,516.721
1367,34,7,40.90296350502571,-43.57114958353451,516.546
1368,34,8,35.11634869301545,-34.80793150104353,516.2
1369,34,9,28.78790521943184,-27.260867873861038,515.823
1370,34,10,22.091601417529677,-20.605014159770988,515.555
1371,34,11,15.153256202009773,-14.56614850888111,515.523
1372,34,12,8.067097155114332,-8.917874055867584,515.824
1373,34,13,0.9085211342655368,-3.467577545145342,516.514
1374,34,14,-6.256243251414702,1.9595456278269272,517.602
1375,34,15,-13.362131299727725,7.53612081035848,519.045
1376,34,16,-20.33733904619819,13.448023489861574,520.753
1377,34,17,-27.09430688076111,19.91020804380956,522.595
1378,34,18,-33.51806735175954,27.181605236090334,524.411
1379,34,19,-39.450786740305546,35.572263820113804,526.029
1380,34,20,-44.67376751181718,45.42311098075386,527.276
1381,34,21,-48.89494736229012,57.01625060620496,528.004
1382,34,22,-51.765481210055135,70.36944460340374,528.095
1383,34,23,-52.95967831472933,84.97278519986286,527.483
1384,34,24,-52.31288330599122,99.76470731930603,526.154
1385,34,25,-49.914144775144834,113.58735046344353,524.156
1386,34,26,-46.053827724185766,125.74217069529062,521.59
1387,34,27,-41.08516563132497,136.10953725153456,518.61
1388,34,28,-35.32158563229058,144.91814535615487,515.403
1389,34,29,-29.004022650054797,152.50529707112344,512.179
1390,34,30,-22.30765396135552,159.19523513671916,509.148
1391,34,31,-15.359608169666906,165.26302493119675,506.507
1392,34,32,-8.255443890345665,170.93631665959273,504.42
1393,34,33,-1.0718955239525396,176.40918331698387,503.005
1394,34,34,6.123385826774199,-178.14215257357785,502.325
1395,34,35,13.263809872851745,-172.5434465109184,502.382
1396,34,36,20.275799041776374,-166.60691929191012,503.12
1397,34,37,27.069707954465308,-160.11515233489314,504.43
1398,34,38,33.52794722039397,-152.80601663990078,506.165
1399,34,39,39.489343158170264,-144.36548742965246,508.151
1400,35,0,46.99153415005306,-119.84142000715487,511.201
1401,35,1,50.57602084157034,-107.25541676319403,513.04
1402,35,2,52.61520455412891,-93.08905800945398,514.569
1403,35,3,52.84887215582422,-78.18031916463607,515.702
1404,35,4,51.24534181419115,-63.734503221004964,516.408
1405,35,5,48.020597771163864,-50.721917097336394,516.706
1406,35,6,43.52096818370243,-39.51737083942941,516.663
1407,35,7,38.09065360484047,-30.015717100106254,516.386
1408,35,8,32.00763590360834,-21.9037541398814,516.007
1409,35,9,25.476957358889816,-14.839924688930024,515.667
1410,35,10,18.64622518883805,-8.523583456782026,515.503
1411,35,11,11.623624467264163,-2.705825116590626,515.628
1412,35,12,4.492611568089247,2.8208630045733885,516.119
1413,35,13,-2.677085601553916,8.238219860806186,517.01
1414,35,14,-9.82078152168731,13.718032820583225,518.284
1415,35,15,-16.871052193362566,19.43759310419053,519.873
1416,35,16,-23.749489819672288,25.595336490037184,521.667
1417,35,17,-30.356492313271115,32.42655189597273,523.517
1418,35,18,-36.557839626779135,40.21587038018452,525.256
1419,35,19,-42.167494482678116,49.29438024004705,526.709
1420,35,20,-46.93060203246738,59.9913273294062,527.713
1421,35,21,-50.52142030934526,72.48987000104502,528.135
1422,35,22,-52.58785989178676,86.5713978052935,527.879
1423,35,23,-52.866927760895145,101.42311140073097,526.907
1424,35,24,-51.31752325333985,115.85563579623725,525.234
1425,35,25,-48.14450081780248,128.8923222423922,522.935
1426,35,26,-43.68685298807453,140.13978599394895,520.141
1427,35,27,-38.285956033967814,149.68817188757333,517.022
1428,35,28,-32.21976108866142,157.84313088862342,513.78
1429,35,29,-25.69432812922547,164.94400045544378,510.626
1430,35,30,-18.858545034282482,171.29170506248684,507.767
1431,35,31,-11.821928764531727,177.13625695413174,505.386
1432,35,32,-4.669251785970001,-177.31343206120187,503.624
1433,35,33,2.5283846993599224,-171.87421091566222,502.572
1434,35,34,9.704795518070386,-166.37278040716208,502.264
1435,35,35,16.79096310270229,-160.6301076171771,502.671
1436,35,36,23.70654329771854,-154.44561721054066,503.712
1437,35,37,30.349627973155254,-147.5811951324078,505.255
1438,35,38,36.58302936443814,-139.74859373942564,507.138
1439,35,39,42.21689724094482,-130.6126419886433,509.18
1440,36,0,44.73084398761639,-116.44889236716621,510.204
1441,36,1,48.95523061190465,-104.7737563207291,512.153
1442,36,2,51.80907147733816,-91.33157520392884,513.85
1443,36,3,52.96612259821124,-76.6541885266776,515.188
1444,36,4,52.26812166126554,-61.82651036692941,516.108
1445,36,5,49.81521631520637,-48.01125407237929,516.605
1446,36,6,45.90745677027239,-35.89230599405309,516.721
1447,36,7,40.90296350502571,-25.571142252449707,516.546
1448,36,8,35.11634869301545,-16.807924169958724,516.2
1449,36,9,28.78790521943184,-9.260861396549883,515.823
1450,36,10,22.091601417529677,-2.6050072555730064,515.555
1451,36,11,15.153256202009773,3.4338594625339276,515.523
1452,36,12,8.067097155114332,9.08213327521722,515.824
1453,36,13,0.9085211342655368,14.53242957249605,516.514
1454,36,14,-6.256243251414702,19.95955274546832,517.602
1455,36,15,-13.362131299727725,25.536127287669636,519.045
1456,36,16,-20.33733904619819,31.448031674720024,520.753
1457,36,17,-27.09430688076111,37.910217082441655,522.595
1458,36,18,-33.51806735175954,45.18161256717514,524.411
1459,36,19,-39.450786740305546,53.572271151198606,526.029
1460,36,20,-44.67376751181718,63.42311489674408,527.276
1461,36,21,-48.89494736229012,75.01626135238435,528.004
1462,36,22,-51.765481210055135,88.36945193448854,528.095
1463,36,23,-52.95967831472933,102.97279253094766,527.483
1464,36,24,-52.31288330599122,117.76471465039083,526.154
1465,36,25,-49.914144775144834,131.58735096433915,524.156
1466,36,26,-46.053827724185766,143.74217802637543,521.59
1467,36,27,-41.08516563132497,154.10954458261935,518.61
1468,36,28,-35.32158563229058,162.91815268723965,515.403
1469,36,29,-29.004022650054797,170.50530440220825,512.179
1470,36,30,-22.30765396135552,177.19524246780395,509.148
1471,36,31,-15.359608169666906,-176.73697775563113,506.507
1472,36,32,-8.255443890345665,-171.0636723668568,504.42
1473,36,33,-1.0718955239525396,-165.59081936984398,503.005
1474,36,34,6.123385826774199,-160.14214524249303,502.325
1475,36,35,13.263809872851745,-154.5434391798336,502.382
1476,36,36,20.275799041776374,-148.6069119608253,503.12
1477,36,37,27.069707954465308,-142.11514500380835,504.43
1478,36,38,33.52794722039397,-134.80600930881596,506.165
1479,36,39,39.489343158170264,-126.36548009856764,508.151
1480,37,0,46.99153415005306,-101.84141950625923,511.201
1481,37,1,50.57602084157034,-89.25540943210923,513.04
1482,37,2,52.61520455412891,-75.08905067836918,514.569
1483,37,3,52.84887215582422,-60.18031183355128,515.702
1484,37,4,51.24534181419115,-45.73449588992016,516.408
1485,37,5,48.020597771163864,-32.72190976625159,516.706
1486,37,6,43.52096818370243,-21.51736350834461,516.663
1487,37,7,38.09065360484047,-12.015711476568745,516.386
1488,37,8,32.00763590360834,-3.9037468087965976,516.007
1489,37,9,25.476957358889816,3.1600830690416024,515.667
1490,37,10,18.64622518883805,9.476423874302778,515.503
1491,37,11,11.623624467264163,15.294181787607355,515.628
1492,37,12,4.492611568089247,20.820870335658192,516.119
1493,37,13,-2.677085601553916,26.238226338117343,517.01
1494,37,14,-9.82078152168731,31.718039297894382,518.284
1495,37,15,-16.871052193362566,37.43759872772804,519.873
1496,37,16,-23.749489819672288,43.595345528669284,521.667
1497,37,17,-30.356492313271115,50.42655922705753,523.517
1498,37,18,-36.557839626779135,58.21587429617474,525.256
1499,37,19,-42.167494482678116,67.29439098622643,526.709
1500,37,20,-46.93060203246738,77.99133466049099,527.713
1501,37,21,-50.52142030934526,90.48987733212982,528.135
1502,37,22,-52.58785989178676,104.5714051363783,527.879
1503,37,23,-52.866927760895145,119.42312556200494,526.907
1504,37,24,-51.31752325333985,133.85564312732205,525.234
1505,37,25,-48.14450081780248,146.892329573477,522.935
1506,37,26,-43.68685298807453,158.13979332503376,520.141
1507,37,27,-38.285956033967814,167.68817921865815,517.022
1508,37,28,-32.21976108866142,175.84313821970824,513.78
1509,37,29,-25.69432812922547,-177.05598857100574,510.626
1510,37,30,-18.858545034282482,-170.70829762434101,507.767
1511,37,31,-11.821928764531727,-164.86374573269615,505.386
1512,37,32,-4.669251785970001,-159.31342473011705,503.624
1513,37,33,2.5283846993599224,-153.8742035845774,502.572
1514,37,34,9.704795518070386,-148.37277307607727,502.264
1515,37,35,16.79096310270229,-142.6301002860923,502.671
1516,37,36,23.70654329771854,-136.44560987945587,503.712
1517,37,37,30.349627973155254,-129.581187801323,505.255
1518,37,38,36.58302936443814,-121.74858640834084,507.138
1519,37,39,42.21689724094482,-112.61263465755852,509.18
1520,38,0,44.73084398761639,-98.44887820589224,510.204
1521,38,1,48.95523061190465,-86.7737489896443,512.153
1522,38,2,51.80907147733816,-73.33156787284403,513.85
1523,38,3,52.96612259821124,-58.6541811955928,515.188
1524,38,4,52.26812166126554,-43.82650303584461,516.108
1525,38,5,49.81521631520637,-30.01124674129448,516.605
1526,38,6,45.90745677027239,-17.89230037051558,516.721
1527,38,7,40.90296350502571,-7.571135775138551,516.546
1528,38,8,35.11634869301545,1.1920827342392573,516.2
1529,38,9,28.78790521943184,8.739145934534921,515.823
1530,38,10,22.091601417529677,15.39500050239862,515.555
1531,38,11,15.153256202009773,21.433866153288495,515.523
1532,38,12,8.067097155114332,27.082140606302023,515.824
1533,38,13,0.9085211342655368,32.53243690358085,516.514
1534,38,14,-6.256243251414702,37.959561784100416,517.602
1535,38,15,-13.362131299727725,43.53613461875444,519.045
1536,38,16,-20.33733904619819,49.44803900580483,520.753
1537,38,17,-27.09430688076111,55.910224413526464,522.595
1538,38,18,-33.51806735175954,63.18161989825994,524.411
1539,38,19,-39.450786740305546,71.57228189737799,526.029
1540,38,20,-44.67376751181718,81.42312222782888,527.276
1541,38,21,-48.89494736229012,93.01626868346916,528.004
1542,38,22,-51.765481210055135,106.36945926557334,528.095
1543,38,23,-52.95967831472933,120.97279986203246,527.483
1544,38,24,-52.31288330599122,135.76472198147565,526.154
1545,38,25,-49.914144775144834,149.58735829542397,524.156
1546,38,26,-46.053827724185766,161.74218535746022,521.59
1547,38,27,-41.08516563132497,172.10955191370417,518.61
1548,38,28,-35.32158563229058,-179.0818499995882,515.403
1549,38,29,-29.004022650054797,-171.49468462424127,512.179
1550,38,30,-22.30765396135552,-164.80474655864558,509.148
1551,38,31,-15.359608169666906,-158.7369704245463,506.507
1552,38,32,-8.255443890345665,-153.06366503577198,504.42
1553,38,33,-1.0718955239525396,-147.5908120387592,503.005
1554,38,34,6.123385826774199,-142.14213791140824,502.325
1555,38,35,13.263809872851745,-136.54343184874878,502.382
1556,38,36,20.275799041776374,-130.6069046297405,503.12
1557,38,37,27.069707954465308,-124.11513767272355,504.43
1558,38,38,33.52794722039397,-116.80600197773116,506.165
1559,38,39,39.489343158170264,-108.36547276748284,508.151
1560,39,0,46.99153415005306,-83.84141217517443,511.201
1561,39,1,50.57602084157034,-71.25540210102443,513.04
1562,39,2,52.61520455412891,-57.08903993218979,514.569
1563,39,3,52.84887215582422,-42.18030450246648,515.702
1564,39,4,51.24534181419115,-27.734488558835356,516.408
1565,39,5,48.020597771163864,-14.721900727619497,516.706
1566,39,6,43.52096818370243,-3.517355963816395,516.663
1567,39,7,38.09065360484047,5.984295854516059,516.386
1568,39,8,32.00763590360834,14.096260522288206,516.007
1569,39,9,25.476957358889816,21.160089973239582,515.667
1570,39,10,18.64622518883805,27.476432059161226,515.503
1571,39,11,11.623624467264163,33.29419082623945,515.628
1572,39,12,4.492611568089247,38.8208759591957,516.119
1573,39,13,-2.677085601553916,44.238233669202145,517.01
1574,39,14,-9.82078152168731,49.71804662897919,518.284
1575,39,15,-16.871052193362566,55.43760605881285,519.873
1576,39,16,-23.749489819672288,61.5953494446595,521.667
1577,39,17,-30.356492313271115,68.42656997323692,523.517
1578,39,18,-36.557839626779135,76.21588162725955,525.256
1579,39,19,-42.167494482678116,85.29439831731125,526.709
1580,39,20,-46.93060203246738,95.99134199157581,527.713
1581,39,21,-50.52142030934526,108.48988466321462,528.135
1582,39,22,-52.58785989178676,122.57141929765228,527.879
1583,39,23,-52.866927760895145,137.42313289308976,526.907
1584,39,24,-51.31752325333985,151.85565045840684,525.234
1585,39,25,-48.14450081780248,164.8923369045618,522.935
1586,39,26,-43.68685298807453,176.13980065611858,520.141
1587,39,27,-38.285956033967814,-174.3118234681697,517.022
1588,39,28,-32.21976108866142,-166.1568508067413,513.78
1589,39,29,-25.69432812922547,-159.05598123992092,510.626
1590,39,30,-18.858545034282482,-152.70829029325623,507.767
1591,39,31,-11.821928764531727,-146.86373840161133,505.386
1592,39,32,-4.669251785970001,-141.31341739903226,503.624
1593,39,33,2.5283846993599224,-135.87419625349258,502.572
1594,39,34,9.704795518070386,-130.37276574499248,502.264
1595,39,35,16.79096310270229,-124.63009295500748,502.671
1596,39,36,23.70654329771854,-118.44560254837106,503.712
1597,39,37,30.349627973155254,-111.58118047023821,505.255
1598,39,38,36.58302936443814,-103.74858590744522,507.138
1599,39,39,42.21689724094482,-94.61262732647371,509.18
