0,0,0,49.947237041673546,8.522500871798579,516.613
1,0,1,46.09223046279416,20.716523828160614,516.742
2,0,2,41.12619116257465,31.108240008795644,516.575
3,0,3,35.36653510721843,39.928913642584774,516.232
4,0,4,29.056587785907215,47.51927554646327,515.85
5,0,5,22.372696145274258,54.20600342314907,515.573
6,0,6,15.442299562400958,60.26549795287968,515.526
7,0,7,8.36065868564148,65.92585330298766,515.808
8,0,8,1.203727246278777,71.38077705342917,516.479
9,0,9,-5.962055904804852,76.80549087717172,517.547
10,0,10,-13.071720193955246,82.37239557905559,518.974
11,0,11,-20.05390156356829,88.26652098369644,520.67
12,0,12,-26.821915521566414,94.7013241630355,522.507
13,0,13,-33.26217089941043,101.9336748713786,524.325
14,0,14,-39.21895304440238,110.27162147048249,525.951
15,0,15,-44.47640919574966,120.05596990936331,527.216
16,0,16,-48.745485747777316,131.57442824642948,527.966
17,0,17,-51.678584128339644,144.86104497469356,528.084
18,0,18,-52.946550691144566,159.43113621027305,527.501
19,0,19,-52.375468329356046,174.23977863280442,526.201
20,0,20,-50.04394569013176,-171.87959310472817,524.229
21,0,21,-46.2367196995912,-159.6504262637655,521.686
22,0,22,-41.30693162839153,-149.212572155287,518.721
23,0,23,-35.57074068792889,-140.3463445748285,515.521
24,0,24,-29.272070008937362,-132.71562991333357,512.296
25,0,25,-22.588478896627887,-125.99460082663596,509.256
26,0,26,-15.648694218740404,-119.90600627594651,506.598
27,0,27,-8.5493503454259,-114.22050216931453,504.489
28,0,28,-1.3676922338855741,-108.7429431719636,503.049
29,0,29,5.828419411712144,-103.29666644101133,502.341
30,0,30,12.972463031162974,-97.7076797375408,502.372
31,0,31,19.991331908129094,-91.78906810472546,503.086
32,0,32,26.796257915949262,-85.32494975346872,504.379
33,0,33,33.271084296277294,-78.05526523112232,506.103
34,0,34,39.256761556552995,-69.66805247753511,508.084
35,0,35,44.533174897941635,-59.81868063775578,510.139
36,0,36,48.80609684647201,-48.21888840805309,512.097
37,0,37,51.72331503721406,-34.843318711133364,513.808
38,0,38,52.95486644645906,-20.198214922994197,515.162
39,0,39,52.332960647056474,-5.352147759566216,516.1
40,1,0,48.18088865060572,23.84896810983894,516.721
41,1,1,43.726611519233174,35.128079542914946,516.689
42,1,2,38.32860032005079,44.694210268003026,516.417
43,1,3,32.2679617336342,52.85642634504625,516.037
44,1,4,25.752488897555423,59.957067100529414,515.69
45,1,5,18.93177319992148,66.29890457507543,515.513
46,1,6,11.915308549543203,72.13284235275012,515.621
47,1,7,4.787328254359774,77.66779542969667,516.093
48,1,8,-2.38206027611027,83.0862459699703,516.965
49,1,9,-9.528117307262372,88.56008934441276,518.22
50,1,10,-16.583682229318033,94.26606352798726,519.796
51,1,11,-23.470988856265016,100.40145170468047,521.58
52,1,12,-30.091549275366322,107.19973023089092,523.429
53,1,13,-36.31286123181829,114.94336840993367,525.173
54,1,14,-41.951400957717254,123.96205947304522,526.639
55,1,15,-46.75536669912153,134.58714272705208,527.663
56,1,16,-50.40147877242525,147.0122540349241,528.11
57,1,17,-52.53691692586222,161.04067028818656,527.883
58,1,18,-52.89212091364874,175.88347731694634,526.939
59,1,19,-51.415280335835654,-169.64399022711297,525.294
60,1,20,-48.30272898011499,-156.53797736088237,523.021
61,1,21,-43.890809266880275,-145.21625579266924,520.245
62,1,22,-38.52265623965461,-135.60333827176657,517.138
63,1,23,-32.47925705070313,-127.39789051237176,513.898
64,1,24,-25.96941741314232,-120.25997399949325,510.74
65,1,25,-19.1439820547919,-113.88656056041427,507.868
66,1,26,-12.113825436448685,-108.02568451665304,505.467
67,1,27,-4.964446158595606,-102.46701702290821,503.68
68,1,28,2.23265522410153,-97.02664840558799,502.601
69,1,29,9.411267284715441,-91.53120797298996,502.266
70,1,30,16.5026044687754,-85.80220239153418,502.649
71,1,31,23.426995607820963,-79.64025843934796,503.669
72,1,32,30.083660406874955,-72.80910621266224,505.197
73,1,33,36.337186950547284,-65.02267689846937,507.072
74,1,34,42.000243640472014,-55.94724403882793,509.113
75,1,35,46.81627149595053,-45.24862696821672,511.14
76,1,36,50.45680330470235,-32.73646831446747,512.991
77,1,37,52.565798380767625,-18.622756658849887,514.534
78,1,38,52.876186082315094,-3.721505835796433,515.685
79,1,39,51.34538359496433,10.765942245260028,516.408
80,2,0,49.947237041673546,26.522500518920566,516.613
81,2,1,46.09223046279416,38.71652432905625,516.742
82,2,2,41.12619116257465,49.10824050969128,516.575
83,2,3,35.36653510721843,57.92891072838582,516.232
84,2,4,29.056587785907215,65.51927263226432,515.85
85,2,5,22.372696145274258,72.20600733913929,515.573
86,2,6,15.442299562400958,78.26549845377531,515.526
87,2,7,8.36065868564148,83.9258538038833,515.808
88,2,8,1.203727246278777,89.38077755432481,516.479
89,2,9,-5.962055904804852,94.80549137806736,517.547
90,2,10,-13.071720193955246,100.37239607995123,518.974
91,2,11,-20.05390156356829,106.26652148459208,520.67
92,2,12,-26.821915521566414,112.70132466393113,522.507
93,2,13,-33.26217089941043,119.93366854208506,524.325
94,2,14,-39.21895304440238,128.27162197137812,525.951
95,2,15,-44.47640919574966,138.05596358006977,527.216
96,2,16,-48.745485747777316,149.5744355775143,527.966
97,2,17,-51.678584128339644,162.86105230577834,528.084
98,2,18,-52.946550691144566,177.4311298809795,527.501
99,2,19,-52.375468329356046,-167.76022405402344,526.201
100,2,20,-50.04394569013176,-153.87958577364338,524.229
101,2,21,-46.2367196995912,-141.65041893268068,521.686
102,2,22,-41.30693162839153,-131.21257848458055,518.721
103,2,23,-35.57074068792889,-122.34633724374368,515.521
104,2,24,-29.272070008937362,-114.7156362426271,512.296
105,2,25,-22.588478896627887,-107.99459349555114,509.256
106,2,26,-15.648694218740404,-101.90599894486171,506.598
107,2,27,-8.5493503454259,-96.2205016684189,504.489
108,2,28,-1.3676922338855741,-90.74294267106796,503.049
109,2,29,5.828419411712144,-85.29666594011569,502.341
110,2,30,12.972463031162974,-79.70767923664516,502.372
111,2,31,19.991331908129094,-73.78906760382982,503.086
112,2,32,26.796257915949262,-67.32494925257308,504.379
113,2,33,33.271084296277294,-60.05526473022668,506.103
114,2,34,39.256761556552995,-51.66805197663949,508.084
115,2,35,44.533174897941635,-41.818683551954734,510.139
116,2,36,48.80609684647201,-30.218887907157455,512.097
117,2,37,51.72331503721406,-16.84331821023773,513.808
118,2,38,52.95486644645906,-2.1982144220985638,515.162
119,2,39,52.332960647056474,12.647852314442595,516.1
120,3,0,48.18088865060572,41.84896861073457,516.721
121,3,1,43.726611519233174,53.128080043810584,516.689
122,3,2,38.32860032005079,62.694210768898664,516.417
123,3,3,32.2679617336342,70.85643026103646,516.037
124,3,4,25.752488897555423,77.95706760142504,515.69
125,3,5,18.93177319992148,84.29890507597105,515.513
126,3,6,11.915308549543203,90.13284285364574,515.621
127,3,7,4.787328254359774,95.66779593059229,516.093
128,3,8,-2.38206027611027,101.08624647086594,516.965
129,3,9,-9.528117307262372,106.5600898453084,518.22
130,3,10,-16.583682229318033,112.2660640288829,519.796
131,3,11,-23.470988856265016,118.40145220557609,521.58
132,3,12,-30.091549275366322,125.19973073178654,523.429
133,3,13,-36.31286123181829,132.94336208064013,525.173
134,3,14,-41.951400957717254,141.9620531437517,526.639
135,3,15,-46.75536669912153,152.58715005813687,527.663
136,3,16,-50.40147877242525,165.0122613660089,528.11
137,3,17,-52.53691692586222,179.04067761927135,527.883
138,3,18,-52.89212091364874,-166.11652536988154,526.939
139,3,19,-51.415280335835654,-151.64398289602815,525.294
140,3,20,-48.30272898011499,-138.53797002979758,523.021
141,3,21,-43.890809266880275,-127.21626212196277,520.245
142,3,22,-38.52265623965461,-117.60333094068177,517.138
143,3,23,-32.47925705070313,-109.39789001147612,513.898
144,3,24,-25.96941741314232,-102.25997349859762,510.74
145,3,25,-19.1439820547919,-95.88656005951863,507.868
146,3,26,-12.113825436448685,-90.02568401575742,505.467
147,3,27,-4.964446158595606,-84.46701652201257,503.68
148,3,28,2.23265522410153,-79.02664790469237,502.601
149,3,29,9.411267284715441,-73.53120747209434,502.266
150,3,30,16.5026044687754,-67.80220189063854,502.649
151,3,31,23.426995607820963,-61.640257938452336,503.669
152,3,32,30.083660406874955,-54.80910229667202,505.197
153,3,33,36.337186950547284,-47.02267639757373,507.072
154,3,34,42.000243640472014,-37.947243537932295,509.113
155,3,35,46.81627149595053,-27.248626467321085,511.14
156,3,36,50.45680330470235,-14.736469521119133,512.991
157,3,37,52.565798380767625,-0.6227562646759583,514.534
158,3,38,52.876186082315094,14.278495091986024,515.685
159,3,39,51.34538359496433,28.765942746155662,516.408
160,4,0,49.947237041673546,44.522502727363495,516.613
161,4,1,46.09223046279416,56.71652482995188,516.742
162,4,2,41.12619116257465,67.10824101058691,516.575
163,4,3,35.36653510721843,75.92891122928145,516.232
164,4,4,29.056587785907215,83.51927313315994,515.85
165,4,5,22.372696145274258,90.20600784003493,515.573
166,4,6,15.442299562400958,96.26549895467095,515.526
167,4,7,8.36065868564148,101.92585430477894,515.808
168,4,8,1.203727246278777,107.38077805522045,516.479
169,4,9,-5.962055904804852,112.805491878963,517.547
170,4,10,-13.071720193955246,118.37239658084687,518.974
171,4,11,-20.05390156356829,124.26652198548771,520.67
172,4,12,-26.821915521566414,130.70132516482676,522.507
173,4,13,-33.26217089941043,137.93367587316988,524.325
174,4,14,-39.21895304440238,146.27162930246294,525.951
175,4,15,-44.47640919574966,156.05597091115456,527.216
176,4,16,-48.745485747777316,167.57442924822075,527.966
177,4,17,-51.678584128339644,-179.1389503810495,528.084
178,4,18,-52.946550691144566,-164.56887280584834,527.501
179,4,19,-52.375468329356046,-149.76023038331698,526.201
180,4,20,-50.04394569013176,-135.8795921029369,524.229
181,4,21,-46.2367196995912,-123.65042526197422,521.686
182,4,22,-41.30693162839153,-113.21257115349574,518.721
183,4,23,-35.57074068792889,-104.34633674284805,515.521
184,4,24,-29.272070008937362,-96.71563574173146,512.296
185,4,25,-22.588478896627887,-89.99459299465552,509.256
186,4,26,-15.648694218740404,-83.90599844396607,506.598
187,4,27,-8.5493503454259,-78.22050116752327,504.489
188,4,28,-1.3676922338855741,-72.74294217017233,503.049
189,4,29,5.828419411712144,-67.29666543922005,502.341
190,4,30,12.972463031162974,-61.70767873574953,502.372
191,4,31,19.991331908129094,-55.78906710293419,503.086
192,4,32,26.796257915949262,-49.32494533658286,504.379
193,4,33,33.271084296277294,-42.05526422933105,506.103
194,4,34,39.256761556552995,-33.66805147574385,508.084
195,4,35,44.533174897941635,-23.81868134351181,510.139
196,4,36,48.80609684647201,-12.218888260035467,512.097
197,4,37,51.72331503721406,1.156681970492787,513.808
198,4,38,52.95486644645906,15.80178607879707,515.162
199,4,39,52.332960647056474,30.64785452288552,516.1
200,5,0,48.18088865060572,59.84896569653562,516.721
201,5,1,43.726611519233174,71.12808054470622,516.689
202,5,2,38.32860032005079,80.6942112697943,516.417
203,5,3,32.2679617336342,88.8564307619321,516.037
204,5,4,25.752488897555423,95.95706810232068,515.69
205,5,5,18.93177319992148,102.29890557686669,515.513
206,5,6,11.915308549543203,108.13284335454138,515.621
207,5,7,4.787328254359774,113.66779643148793,516.093
208,5,8,-2.38206027611027,119.08624697176158,516.965
209,5,9,-9.528117307262372,124.56008351601486,518.22
210,5,10,-16.583682229318033,130.26606452977853,519.796
211,5,11,-23.470988856265016,136.4014595366609,521.58
212,5,12,-30.091549275366322,143.19972440249302,523.429
213,5,13,-36.31286123181829,150.94336941172492,525.173
214,5,14,-41.951400957717254,159.96206047483648,526.639
215,5,15,-46.75536669912153,170.58714372884333,527.663
216,5,16,-50.40147877242525,-176.98774132081897,528.11
217,5,17,-52.53691692586222,-162.9593250675565,527.883
218,5,18,-52.89212091364874,-148.11651803879673,526.939
219,5,19,-51.415280335835654,-133.6439892253217,525.294
220,5,20,-48.30272898011499,-120.5379763590911,523.021
221,5,21,-43.890809266880275,-109.21625479087797,520.245
222,5,22,-38.52265623965461,-99.6033372699753,517.138
223,5,23,-32.47925705070313,-91.39788951058048,513.898
224,5,24,-25.96941741314232,-84.25997299770198,510.74
225,5,25,-19.1439820547919,-77.886559558623,507.868
226,5,26,-12.113825436448685,-72.02568351486178,505.467
227,5,27,-4.964446158595606,-66.46701602111695,503.68
228,5,28,2.23265522410153,-61.02664740379673,502.601
229,5,29,9.411267284715441,-55.53120355610412,502.266
230,5,30,16.5026044687754,-49.80220138974291,502.649
231,5,31,23.426995607820963,-43.6402574375567,503.669
232,5,32,30.083660406874955,-36.80910179577639,505.197
233,5,33,36.337186950547284,-29.022675896678102,507.072
234,5,34,42.000243640472014,-19.947241329489373,509.113
235,5,35,46.81627149595053,-9.24862596642545,511.14
236,5,36,50.45680330470235,3.263531406663323,512.991
237,5,37,52.565798380767625,17.37724434294138,514.534
238,5,38,52.876186082315094,32.27849388533436,515.685
239,5,39,51.34538359496433,46.7659432470513,516.408
240,6,0,49.947237041673546,62.52249981316454,516.613
241,6,1,46.09223046279416,74.71652533084752,516.742
242,6,2,41.12619116257465,85.10824151148255,516.575
243,6,3,35.36653510721843,93.92891173017709,516.232
244,6,4,29.056587785907215,101.51927363405558,515.85
245,6,5,22.372696145274258,108.20600834093055,515.573
246,6,6,15.442299562400958,114.26549945556658,515.526
247,6,7,8.36065868564148,119.92585480567456,515.808
248,6,8,1.203727246278777,125.38078538630525,516.479
249,6,9,-5.962055904804852,130.8054992100478,517.547
250,6,10,-13.071720193955246,136.37240391193166,518.974
251,6,11,-20.05390156356829,142.26651565619417,520.67
252,6,12,-26.821915521566414,148.70131883553321,522.507
253,6,13,-33.26217089941043,155.93366954387633,524.325
254,6,14,-39.21895304440238,164.2716229731694,525.951
255,6,15,-44.47640919574966,174.05596458186105,527.216
256,6,16,-48.745485747777316,-174.4255734386071,527.966
257,6,17,-51.678584128339644,-161.13895671034305,528.084
258,6,18,-52.946550691144566,-146.56886547476356,527.501
259,6,19,-52.375468329356046,-131.76022305223216,526.201
260,6,20,-50.04394569013176,-117.87958477185211,524.229
261,6,21,-46.2367196995912,-105.65041793088942,521.686
262,6,22,-41.30693162839153,-95.21257065260012,518.721
263,6,23,-35.57074068792889,-86.34633624195241,515.521
264,6,24,-29.272070008937362,-78.71563524083584,512.296
265,6,25,-22.588478896627887,-71.99459249375988,509.256
266,6,26,-15.648694218740404,-65.90599794307043,506.598
267,6,27,-8.5493503454259,-60.220500666627636,504.489
268,6,28,-1.3676922338855741,-54.742941669276696,503.049
269,6,29,5.828419411712144,-49.29666493832442,502.341
270,6,30,12.972463031162974,-43.707678234853894,502.372
271,6,31,19.991331908129094,-37.78906660203856,503.086
272,6,32,26.796257915949262,-31.324944835687223,504.379
273,6,33,33.271084296277294,-24.05526543598271,506.103
274,6,34,39.256761556552995,-15.66805097484822,508.084
275,6,35,44.533174897941635,-5.818680842616175,510.139
276,6,36,48.80609684647201,5.781111813973343,512.097
277,6,37,51.72331503721406,19.15668279155354,513.808
278,6,38,52.95486644645906,33.8017865796927,515.162
279,6,39,52.332960647056474,48.647855023781155,516.1
280,7,0,48.18088865060572,77.84896619743125,516.721
281,7,1,43.726611519233174,89.12808104560185,516.689
282,7,2,38.32860032005079,98.69420494050075,516.417
283,7,3,32.2679617336342,106.85642443263856,516.037
284,7,4,25.752488897555423,113.95706177302714,515.69
285,7,5,18.93177319992148,120.29890607776233,515.513
286,7,6,11.915308549543203,126.13284385543702,515.621
287,7,7,4.787328254359774,131.66779693238357,516.093
288,7,8,-2.38206027611027,137.08624064246803,516.965
289,7,9,-9.528117307262372,142.56009084709967,518.22
290,7,10,-16.583682229318033,148.266058200485,519.796
291,7,11,-23.470988856265016,154.40145320736735,521.58
292,7,12,-30.091549275366322,161.1997317335778,523.429
293,7,13,-36.31286123181829,168.9433630824314,525.173
294,7,14,-41.951400957717254,177.96205414554294,526.639
295,7,15,-46.75536669912153,-171.41285895798453,527.663
296,7,16,-50.40147877242525,-158.9877476501125,528.11
297,7,17,-52.53691692586222,-144.95933139685005,527.883
298,7,18,-52.89212091364874,-130.11652436809027,526.939
299,7,19,-51.415280335835654,-115.64399555461523,525.294
300,7,20,-48.30272898011499,-102.53797585819548,523.021
301,7,21,-43.890809266880275,-91.21626112017151,520.245
302,7,22,-38.52265623965461,-81.60333676907968,517.138
303,7,23,-32.47925705070313,-73.39789583987402,513.898
304,7,24,-25.96941741314232,-66.25997249680634,510.74
305,7,25,-19.1439820547919,-59.88655905772737,507.868
306,7,26,-12.113825436448685,-54.025689844155316,505.467
307,7,27,-4.964446158595606,-48.46701552022131,503.68
308,7,28,2.23265522410153,-43.026653733090264,502.601
309,7,29,9.411267284715441,-37.53120647030307,502.266
310,7,30,16.5026044687754,-31.802204303941863,502.649
311,7,31,23.426995607820963,-25.64026035175565,503.669
312,7,32,30.083660406874955,-18.809104709975344,505.197
313,7,33,36.337186950547284,-11.022678810877053,507.072
314,7,34,42.000243640472014,-1.9472448840185574,509.113
315,7,35,46.81627149595053,8.751371119375598,511.14
316,7,36,50.45680330470235,21.26352806557755,512.991
317,7,37,52.565798380767625,35.37724142874243,514.534
318,7,38,52.876186082315094,50.27849097113541,515.685
319,7,39,51.34538359496433,64.76594374794693,516.408
320,8,0,49.947237041673546,80.52250031406017,516.613
321,8,1,46.09223046279416,92.71652583174316,516.742
322,8,2,41.12619116257465,103.10824201237818,516.575
323,8,3,35.36653510721843,111.92891223107273,516.232
324,8,4,29.056587785907215,119.51928096514038,515.85
325,8,5,22.372696145274258,126.20600884182619,515.573
326,8,6,15.442299562400958,132.26549312627304,515.526
327,8,7,8.36065868564148,137.92586213675938,515.808
328,8,8,1.203727246278777,143.38077905701172,516.479
329,8,9,-5.962055904804852,148.80549288075426,517.547
330,8,10,-13.071720193955246,154.37239758263814,518.974
331,8,11,-20.05390156356829,160.26652298727896,520.67
332,8,12,-26.821915521566414,166.70132616661803,522.507
333,8,13,-33.26217089941043,173.93367687496112,524.325
334,8,14,-39.21895304440238,-177.72837971365848,525.951
335,8,15,-44.47640919574966,-167.94403810496684,527.216
336,8,16,-48.745485747777316,-156.42556610752231,527.966
337,8,17,-51.678584128339644,-143.13894937925824,528.084
338,8,18,-52.946550691144566,-128.56887180405707,527.501
339,8,19,-52.375468329356046,-113.76022255133654,526.201
340,8,20,-50.04394569013176,-99.87958427095647,524.229
341,8,21,-46.2367196995912,-87.65041742999378,521.686
342,8,22,-41.30693162839153,-77.21257015170448,518.721
343,8,23,-35.57074068792889,-68.34633574105678,515.521
344,8,24,-29.272070008937362,-60.7156347399402,512.296
345,8,25,-22.588478896627887,-53.99459199286425,509.256
346,8,26,-15.648694218740404,-47.9059974421748,506.598
347,8,27,-8.5493503454259,-42.220496750637416,504.489
348,8,28,-1.3676922338855741,-36.742941168381066,503.049
349,8,29,5.828419411712144,-31.296664437428785,502.341
350,8,30,12.972463031162974,-25.707677733958263,502.372
351,8,31,19.991331908129094,-19.78906610114292,503.086
352,8,32,26.796257915949262,-13.324945188565238,504.379
353,8,33,33.271084296277294,-6.055264935087076,506.103
354,8,34,39.256761556552995,2.331949739490825,508.084
355,8,35,44.533174897941635,12.181319658279458,510.139
356,8,36,48.80609684647201,23.781111887982153,512.097
357,8,37,51.72331503721406,37.15668329244917,513.808
358,8,38,52.95486644645906,51.80178708058833,515.162
359,8,39,52.332960647056474,66.6478521095822,516.1
360,9,0,48.18088865060572,95.84896669832689,516.721
361,9,1,43.726611519233174,107.12808154649748,516.689
362,9,2,38.32860032005079,116.69420544139639,516.417
363,9,3,32.2679617336342,124.85643176372336,516.037
364,9,4,25.752488897555423,131.95706910411195,515.69
365,9,5,18.93177319992148,138.29889974846878,515.513
366,9,6,11.915308549543203,144.13283752614348,515.621
367,9,7,4.787328254359774,149.66779060309003,516.093
368,9,8,-2.38206027611027,155.08624797355284,516.965
369,9,9,-9.528117307262372,160.56008451780613,518.22
370,9,10,-16.583682229318033,166.2660655315698,519.796
371,9,11,-23.470988856265016,172.40144687807384,521.58
372,9,12,-30.091549275366322,179.19972540428427,523.429
373,9,13,-36.31286123181829,-173.05663960439648,525.173
374,9,14,-41.951400957717254,-164.03794854128492,526.639
375,9,15,-46.75536669912153,-153.4128516268997,527.663
376,9,16,-50.40147877242525,-140.9877403190277,528.11
377,9,17,-52.53691692586222,-126.95932406576523,527.883
378,9,18,-52.89212091364874,-112.11652386719463,526.939
379,9,19,-51.415280335835654,-97.64398822353043,525.294
380,9,20,-48.30272898011499,-84.53797535729984,523.021
381,9,21,-43.890809266880275,-73.21626061927587,520.245
382,9,22,-38.52265623965461,-63.60333626818404,517.138
383,9,23,-32.47925705070313,-55.39789533897839,513.898
384,9,24,-25.96941741314232,-48.25997199591072,510.74
385,9,25,-19.1439820547919,-41.88655855683174,507.868
386,9,26,-12.113825436448685,-36.025689343259685,505.467
387,9,27,-4.964446158595606,-30.46701501932568,503.68
388,9,28,2.23265522410153,-25.026651524647338,502.601
389,9,29,9.411267284715441,-19.53120596940743,502.266
390,9,30,16.5026044687754,-13.802202949272585,502.649
391,9,31,23.426995607820963,-7.640258997086372,503.669
392,9,32,30.083660406874955,-0.8091043691622691,505.197
393,9,33,36.337186950547284,6.977321690018581,507.072
394,9,34,42.000243640472014,16.05275625720731,509.113
395,9,35,46.81627149595053,26.751371620271232,511.14
396,9,36,50.45680330470235,39.263530274020475,512.991
397,9,37,52.565798380767625,53.37724192963806,514.534
398,9,38,52.876186082315094,68.27849147203105,515.685
399,9,39,51.34538359496433,82.76594424884256,516.408
400,10,0,49.947237041673546,98.5225008149558,516.613
401,10,1,46.09223046279416,110.71652633263878,516.742
402,10,2,41.12619116257465,121.10824251327381,516.575
403,10,3,35.36653510721843,129.92891273196835,516.232
404,10,4,29.056587785907215,137.51927463584684,515.85
405,10,5,22.372696145274258,144.20600251253265,515.573
406,10,6,15.442299562400958,150.26550045735783,515.526
407,10,7,8.36065868564148,155.92585580746584,515.808
408,10,8,1.203727246278777,161.3807863880965,516.479
409,10,9,-5.962055904804852,166.80550021183907,517.547
410,10,10,-13.071720193955246,172.37240491372293,518.974
411,10,11,-20.05390156356829,178.26651665798545,520.67
412,10,12,-26.821915521566414,-175.29867652020982,522.507
413,10,13,-33.26217089941043,-168.06632581186673,524.325
414,10,14,-39.21895304440238,-159.72837238257367,525.951
415,10,15,-44.47640919574966,-149.94403077388202,527.216
416,10,16,-48.745485747777316,-138.42557243681583,527.966
417,10,17,-51.678584128339644,-125.13895570855178,528.084
418,10,18,-52.946550691144566,-110.56886447297228,527.501
419,10,19,-52.375468329356046,-95.76022205044092,526.201
420,10,20,-50.04394569013176,-81.87958377006083,524.229
421,10,21,-46.2367196995912,-69.65041692909814,521.686
422,10,22,-41.30693162839153,-59.21256965080885,518.721
423,10,23,-35.57074068792889,-50.346335240161146,515.521
424,10,24,-29.272070008937362,-42.71563423904456,512.296
425,10,25,-22.588478896627887,-35.99459149196861,509.256
426,10,26,-15.648694218740404,-29.90599694127917,506.598
427,10,27,-8.5493503454259,-24.22049624974178,504.489
428,10,28,-1.3676922338855741,-18.742942375032722,503.049
429,10,29,5.828419411712144,-13.296663082759506,502.341
430,10,30,12.972463031162974,-7.7076780868362755,502.372
431,10,31,19.991331908129094,-1.7890657069689957,503.086
432,10,32,26.796257915949262,4.675055739217219,504.379
433,10,33,33.271084296277294,11.944735565808557,506.103
434,10,34,39.256761556552995,20.331950026943048,508.084
435,10,35,44.533174897941635,30.1813184516278,510.139
436,10,36,48.80609684647201,41.78111409642508,512.097
437,10,37,51.72331503721406,55.156683793344804,513.808
438,10,38,52.95486644645906,69.80178758148396,515.162
439,10,39,52.332960647056474,84.64785261047784,516.1
440,11,0,48.18088865060572,113.84896719922251,516.721
441,11,1,43.726611519233174,125.12808204739312,516.689
442,11,2,38.32860032005079,134.6942127724812,516.417
443,11,3,32.2679617336342,142.85642543442984,516.037
444,11,4,25.752488897555423,149.9570627748184,515.69
445,11,5,18.93177319992148,156.2989070795536,515.513
446,11,6,11.915308549543203,162.1328448572283,515.621
447,11,7,4.787328254359774,167.66779793417484,516.093
448,11,8,-2.38206027611027,173.0862416442593,516.965
449,11,9,-9.528117307262372,178.56009184889092,518.22
450,11,10,-16.583682229318033,-175.73393715525808,519.796
451,11,11,-23.470988856265016,-169.59854214837569,521.58
452,11,12,-30.091549275366322,-162.8002772825436,523.429
453,11,13,-36.31286123181829,-155.05663227331166,525.173
454,11,14,-41.951400957717254,-146.0379412102001,526.639
455,11,15,-46.75536669912153,-135.41285795619325,527.663
456,11,16,-50.40147877242525,-122.98774664832123,528.11
457,11,17,-52.53691692586222,-108.9593235648696,527.883
458,11,18,-52.89212091364874,-94.116523366299,526.939
459,11,19,-51.415280335835654,-79.64398772263479,525.294
460,11,20,-48.30272898011499,-66.5379748564042,523.021
461,11,21,-43.890809266880275,-55.21625670328566,520.245
462,11,22,-38.52265623965461,-45.60333918238299,517.138
463,11,23,-32.47925705070313,-37.397894838082756,513.898
464,11,24,-25.96941741314232,-30.25997149501508,510.74
465,11,25,-19.1439820547919,-23.886559763483394,507.868
466,11,26,-12.113825436448685,-18.02568884236405,505.467
467,11,27,-4.964446158595606,-12.46701537220369,503.68
468,11,28,2.23265522410153,-7.0266514506385285,502.601
469,11,29,9.411267284715441,-1.53120568195521,502.266
470,11,30,16.5026044687754,4.1977971247362245,502.649
471,11,31,23.426995607820963,10.35974150380926,503.669
472,11,32,30.083660406874955,17.19089629181592,505.197
473,11,33,36.337186950547284,24.977322190914215,507.072
474,11,34,42.000243640472014,34.05275505055565,509.113
475,11,35,46.81627149595053,44.75137212116687,511.14
476,11,36,50.45680330470235,57.263530774916106,512.991
477,11,37,52.565798380767625,71.37723901543912,514.534
478,11,38,52.876186082315094,86.27849197292667,515.685
479,11,39,51.34538359496433,100.7659447497382,516.408
480,12,0,49.947237041673546,116.52250814604061,516.613
481,12,1,46.09223046279416,128.7165268335344,516.742
482,12,2,41.12619116257465,139.10824984435862,516.575
483,12,3,35.36653510721843,147.92892006305317,516.232
484,12,4,29.056587785907215,155.51928196693166,515.85
485,12,5,22.372696145274258,162.20600984361747,515.573
486,12,6,15.442299562400958,168.26549412806432,515.526
487,12,7,8.36065868564148,173.92586313855062,515.808
488,12,8,1.203727246278777,179.38078005880297,516.479
489,12,9,-5.962055904804852,-175.1945024749888,517.547
490,12,10,-13.071720193955246,-169.62759777310492,518.974
491,12,11,-20.05390156356829,-163.73347236846408,520.67
492,12,12,-26.821915521566414,-157.29866918912504,522.507
493,12,13,-33.26217089941043,-150.06631848078194,524.325
494,12,14,-39.21895304440238,-141.7283787118672,525.951
495,12,15,-44.47640919574966,-131.94403710317556,527.216
496,12,16,-48.745485747777316,-120.42556510573104,527.966
497,12,17,-51.678584128339644,-107.13895520765614,528.084
498,12,18,-52.946550691144566,-92.56886397207664,527.501
499,12,19,-52.375468329356046,-77.76022154954528,526.201
500,12,20,-50.04394569013176,-63.8795832691652,524.229
501,12,21,-46.2367196995912,-51.6504198432971,521.686
502,12,22,-41.30693162839153,-41.212572565007804,518.721
503,12,23,-35.57074068792889,-32.346334739265515,515.521
504,12,24,-29.272070008937362,-24.71563203060164,512.296
505,12,25,-22.588478896627887,-17.994590991072982,509.256
506,12,26,-15.648694218740404,-11.905998147930829,506.598
507,12,27,-8.5493503454259,-6.220496175732971,504.489
508,12,28,-1.3676922338855741,-0.7429413938894135,503.049
509,12,29,5.828419411712144,4.703336991249303,502.341
510,12,30,12.972463031162974,10.292322414059358,502.372
511,12,31,19.991331908129094,16.210934900648343,503.086
512,12,32,26.796257915949262,22.675056666999676,504.379
513,12,33,33.271084296277294,29.944737774251482,506.103
514,12,34,39.256761556552995,38.33195052783868,508.084
515,12,35,44.533174897941635,48.18131895252343,510.139
516,12,36,48.80609684647201,59.781114597320716,512.097
517,12,37,51.72331503721406,73.15668087914585,513.808
518,12,38,52.95486644645906,87.8017880823796,515.162
519,12,39,52.332960647056474,102.64785311137346,516.1
520,13,0,48.18088865060572,131.84897453030732,516.721
521,13,1,43.726611519233174,143.1280893784779,516.689
522,13,2,38.32860032005079,152.694220103566,516.417
523,13,3,32.2679617336342,160.85643276551463,516.037
524,13,4,25.752488897555423,167.9570701059032,515.69
525,13,5,18.93177319992148,174.2989144106384,515.513
526,13,6,11.915308549543203,-179.86714416922123,515.621
527,13,7,4.787328254359774,-174.33219109227468,516.093
528,13,8,-2.38206027611027,-168.91374738219022,516.965
529,13,9,-9.528117307262372,-163.43991083793694,518.22
530,13,10,-16.583682229318033,-157.73392982417326,519.796
531,13,11,-23.470988856265016,-151.5985348172909,521.58
532,13,12,-30.091549275366322,-144.80026995145877,523.429
533,13,13,-36.31286123181829,-137.05662494222688,525.173
534,13,14,-41.951400957717254,-128.03793387911531,526.639
535,13,15,-46.75536669912153,-117.41285062510845,527.663
536,13,16,-50.40147877242525,-104.98773248704727,528.11
537,13,17,-52.53691692586222,-90.9593162337848,527.883
538,13,18,-52.89212091364874,-76.1165160352142,526.939
539,13,19,-51.415280335835654,-61.64398039154999,525.294
540,13,20,-48.30272898011499,-48.53796411022482,523.021
541,13,21,-43.890809266880275,-37.21624937220085,520.245
542,13,22,-38.52265623965461,-27.603330143750895,517.138
543,13,23,-32.47925705070313,-19.397887506997954,513.898
544,13,24,-25.96941741314232,-12.259965017703923,510.74
545,13,25,-19.1439820547919,-5.886552005511769,507.868
546,13,26,-12.113825436448685,-0.02568136286937584,505.467
547,13,27,-4.964446158595606,5.532991958881113,503.68
548,13,28,2.23265522410153,10.973355453559451,502.601
549,13,29,9.411267284715441,16.468801862573006,502.266
550,13,30,16.5026044687754,22.197804028934204,502.649
551,13,31,23.426995607820963,28.359747981120417,503.669
552,13,32,30.083660406874955,35.19090362290073,505.197
553,13,33,36.337186950547284,42.97732952199902,507.072
554,13,34,42.000243640472014,52.052762381640456,509.113
555,13,35,46.81627149595053,62.75137945225167,511.14
556,13,36,50.45680330470235,75.26353469090633,512.991
557,13,37,52.565798380767625,89.37724634652392,514.534
558,13,38,52.876186082315094,104.27849930401149,515.685
559,13,39,51.34538359496433,118.765952080823,516.408
560,14,0,49.947237041673546,134.52250181674708,516.613
561,14,1,46.09223046279416,146.7165205042409,516.742
562,14,2,41.12619116257465,157.10824351506508,516.575
563,14,3,35.36653510721843,165.92891373375963,516.232
564,14,4,29.056587785907215,173.51927563763812,515.85
565,14,5,22.372696145274258,-179.79399284321042,515.573
566,14,6,15.442299562400958,-173.73450855876357,515.526
567,14,7,8.36065868564148,-168.07415320865556,515.808
568,14,8,1.203727246278777,-162.6192226280249,516.479
569,14,9,-5.962055904804852,-157.19450880428235,517.547
570,14,10,-13.071720193955246,-151.62760410239846,518.974
571,14,11,-20.05390156356829,-145.73347869775762,520.67
572,14,12,-26.821915521566414,-139.29867551841858,522.507
573,14,13,-33.26217089941043,-132.06632481007546,524.325
574,14,14,-39.21895304440238,-123.72838504116075,525.951
575,14,15,-44.47640919574966,-113.94403660227992,527.216
576,14,16,-48.745485747777316,-102.42557143502458,527.966
577,14,17,-51.678584128339644,-89.13896153694968,528.084
578,14,18,-52.946550691144566,-74.56887030137018,527.501
579,14,19,-52.375468329356046,-59.76022787883881,526.201
580,14,20,-50.04394569013176,-45.87958959845874,524.229
581,14,21,-46.2367196995912,-33.650426172590635,521.686
582,14,22,-41.30693162839153,-23.212577186754046,518.721
583,14,23,-35.57074068792889,-14.346342776106345,515.521
584,14,24,-29.272070008937362,-6.715638786781998,512.296
585,14,25,-22.588478896627887,0.005401962597019367,509.256
586,14,26,-15.648694218740404,6.093995949662458,506.598
587,14,27,-8.5493503454259,11.779497921860315,504.489
588,14,28,-1.3676922338855741,17.257051796569375,503.049
589,14,29,5.828419411712144,22.703330235068943,502.341
590,14,30,12.972463031162974,28.292316938539468,502.372
591,14,31,19.991331908129094,34.210928571354806,503.086
592,14,32,26.796257915949262,40.67505033770614,504.379
593,14,33,33.271084296277294,47.944731444957945,506.103
594,14,34,39.256761556552995,56.331944198545145,508.084
595,14,35,44.533174897941635,66.18131603832448,510.139
596,14,36,48.80609684647201,77.78110826802718,512.097
597,14,37,51.72331503721406,91.15667454985231,513.808
598,14,38,52.95486644645906,105.80178175308606,515.162
599,14,39,52.332960647056474,120.64784678207994,516.1
600,15,0,48.18088865060572,149.84896820101378,516.721
601,15,1,43.726611519233174,161.12808304918437,516.689
602,15,2,38.32860032005079,170.69421377427247,516.417
603,15,3,32.2679617336342,178.85642643622108,516.037
604,15,4,25.752488897555423,-174.04293258092466,515.69
605,15,5,18.93177319992148,-167.70108827618947,515.513
606,15,6,11.915308549543203,-161.86715049851477,515.621
607,15,7,4.787328254359774,-156.33219742156822,516.093
608,15,8,-2.38206027611027,-150.91375371148376,516.965
609,15,9,-9.528117307262372,-145.43991716723048,518.22
610,15,10,-16.583682229318033,-139.7339361534668,519.796
611,15,11,-23.470988856265016,-133.59854114658444,521.58
612,15,12,-30.091549275366322,-126.80027628075231,523.429
613,15,13,-36.31286123181829,-119.0566312715204,525.173
614,15,14,-41.951400957717254,-110.03794703859802,526.639
615,15,15,-46.75536669912153,-99.41285012421282,527.663
616,15,16,-50.40147877242525,-86.98773881634081,528.11
617,15,17,-52.53691692586222,-72.95932256307833,527.883
618,15,18,-52.89212091364874,-58.11652236450774,526.939
619,15,19,-51.415280335835654,-43.64399013593811,525.294
620,15,20,-48.30272898011499,-30.537970439518354,523.021
621,15,21,-43.890809266880275,-19.21625740904168,520.245
622,15,22,-38.52265623965461,-9.60333647304443,517.138
623,15,23,-32.47925705070313,-1.3978929825178434,513.898
624,15,24,-25.96941741314232,5.74002865300254,510.74
625,15,25,-19.1439820547919,12.113441238307871,507.868
626,15,26,-12.113825436448685,17.974312159427214,505.467
627,15,27,-4.964446158595606,23.53298477581393,503.68
628,15,28,2.23265522410153,28.97334827049227,502.601
629,15,29,9.411267284715441,34.46879553327947,502.266
630,15,30,16.5026044687754,40.19779769964067,502.649
631,15,31,23.426995607820963,46.35974165182688,503.669
632,15,32,30.083660406874955,53.190897293607186,505.197
633,15,33,36.337186950547284,60.977319777610894,507.072
634,15,34,42.000243640472014,70.05275605234692,509.113
635,15,35,46.81627149595053,80.75137312295813,511.14
636,15,36,50.45680330470235,93.26352836161279,512.991
637,15,37,52.565798380767625,107.37724001723038,514.534
638,15,38,52.876186082315094,122.27849980490711,515.685
639,15,39,51.34538359496433,136.76594575152947,516.408
640,16,0,49.947237041673546,152.52250914783187,516.613
641,16,1,46.09223046279416,164.71652783532568,516.742
642,16,2,41.12619116257465,175.10825084614987,516.575
643,16,3,35.36653510721843,-176.07108895306823,516.232
644,16,4,29.056587785907215,-168.48072704918974,515.85
645,16,5,22.372696145274258,-161.7939855121256,515.573
646,16,6,15.442299562400958,-155.73450122767875,515.526
647,16,7,8.36065868564148,-150.07414587757077,515.808
648,16,8,1.203727246278777,-144.61921529694007,516.479
649,16,9,-5.962055904804852,-139.19450147319753,517.547
650,16,10,-13.071720193955246,-133.62759677131368,518.974
651,16,11,-20.05390156356829,-127.73347136667282,520.67
652,16,12,-26.821915521566414,-121.29866818733376,522.507
653,16,13,-33.26217089941043,-114.06632430917983,524.325
654,16,14,-39.21895304440238,-105.72837087988677,525.951
655,16,15,-44.47640919574966,-95.94402927119512,527.216
656,16,16,-48.745485747777316,-84.42556410393978,527.966
657,16,17,-51.678584128339644,-71.13895420586488,528.084
658,16,18,-52.946550691144566,-56.56886638537996,527.501
659,16,19,-52.375468329356046,-41.76022054775401,526.201
660,16,20,-50.04394569013176,-27.879582267373937,524.229
661,16,21,-46.2367196995912,-15.650418841505832,521.686
662,16,22,-41.30693162839153,-5.212570282556067,518.721
663,16,23,-35.57074068792889,3.6536654087521048,515.521
664,16,24,-29.272070008937362,11.284368117415983,512.296
665,16,25,-22.588478896627887,18.005410010718283,509.256
666,16,26,-15.648694218740404,24.094002853860438,506.598
667,16,27,-8.5493503454259,29.779505252945118,504.489
668,16,28,-1.3676922338855741,35.25706083520147,503.049
669,16,29,5.828419411712144,40.70333756615375,502.341
670,16,30,12.972463031162974,46.292324269624274,502.372
671,16,31,19.991331908129094,52.21093590243961,503.086
672,16,32,26.796257915949262,58.67505425369636,504.379
673,16,33,33.271084296277294,65.94473877604275,506.103
674,16,34,39.256761556552995,74.33195152962995,508.084
675,16,35,44.533174897941635,84.18132336940928,510.139
676,16,36,48.80609684647201,95.78111559911198,512.097
677,16,37,51.72331503721406,109.15668188093711,513.808
678,16,38,52.95486644645906,123.8017822539817,515.162
679,16,39,52.332960647056474,138.64785411316473,516.1
680,17,0,48.18088865060572,167.84896187172026,516.721
681,17,1,43.726611519233174,179.12807671989086,516.689
682,17,2,38.32860032005079,-171.30580257293374,516.417
683,17,3,32.2679617336342,-163.14357625060677,516.037
684,17,4,25.752488897555423,-156.0429389102182,515.69
685,17,5,18.93177319992148,-149.701094605483,515.513
686,17,6,11.915308549543203,-143.86715682780832,515.621
687,17,7,4.787328254359774,-138.33220375086177,516.093
688,17,8,-2.38206027611027,-132.91376004077728,516.965
689,17,9,-9.528117307262372,-127.43992349652402,518.22
690,17,10,-16.583682229318033,-121.73394248276034,519.796
691,17,11,-23.470988856265016,-115.59854747587796,521.58
692,17,12,-30.091549275366322,-108.80027577985669,523.429
693,17,13,-36.31286123181829,-101.05663760081394,525.173
694,17,14,-41.951400957717254,-92.03795336789155,526.639
695,17,15,-46.75536669912153,-81.41285645350635,527.663
696,17,16,-50.40147877242525,-68.98774514563434,528.11
697,17,17,-52.53691692586222,-54.95932889237187,527.883
698,17,18,-52.89212091364874,-40.11652527870669,526.939
699,17,19,-51.415280335835654,-25.643994757684357,525.294
700,17,20,-48.30272898011499,-12.537977622585538,523.021
701,17,21,-43.890809266880275,-1.2162629912832776,520.245
702,17,22,-38.52265623965461,8.396657197662034,517.138
703,17,23,-32.47925705070313,16.602099834414975,513.898
704,17,24,-25.96941741314232,23.740021469935357,510.74
705,17,25,-19.1439820547919,30.11343661656163,507.868
706,17,26,-12.113825436448685,35.97430583013368,505.467
707,17,27,-4.964446158595606,41.53298015406769,503.68
708,17,28,2.23265522410153,46.97334194119873,502.601
709,17,29,9.411267284715441,52.468789203985935,502.266
710,17,30,16.5026044687754,58.197794785441715,502.649
711,17,31,23.426995607820963,64.35973873762794,503.669
712,17,32,30.083660406874955,71.19089096431365,505.197
713,17,33,36.337186950547284,78.97731344831736,507.072
714,17,34,42.000243640472014,88.05274972305338,509.113
715,17,35,46.81627149595053,98.75136679366459,511.14
716,17,36,50.45680330470235,111.26352203231926,512.991
717,17,37,52.565798380767625,125.37723368793684,514.534
718,17,38,52.876186082315094,140.27849347561357,515.685
719,17,39,51.34538359496433,154.76593942223593,516.408
720,18,0,49.947237041673546,170.52250281853833,516.613
721,18,1,46.09223046279416,-177.28347485150218,516.742
722,18,2,41.12619116257465,-166.8917655010563,516.575
723,18,3,35.36653510721843,-158.07109528236177,516.232
724,18,4,29.056587785907215,-150.48073337848328,515.85
725,18,5,22.372696145274258,-143.79399184141914,515.573
726,18,6,15.442299562400958,-137.7345075569723,515.526
727,18,7,8.36065868564148,-132.0741522068643,515.808
728,18,8,1.203727246278777,-126.61922162623362,516.479
729,18,9,-5.962055904804852,-121.19450780249107,517.547
730,18,10,-13.071720193955246,-115.6276031006072,518.974
731,18,11,-20.05390156356829,-109.73348452615552,520.67
732,18,12,-26.821915521566414,-103.29868134681648,522.507
733,18,13,-33.26217089941043,-96.06633063847337,524.325
734,18,14,-39.21895304440238,-87.72837720918031,525.951
735,18,15,-44.47640919574966,-77.94403560048866,527.216
736,18,16,-48.745485747777316,-66.4255704332333,527.966
737,18,17,-51.678584128339644,-53.13895712006383,528.084
738,18,18,-52.946550691144566,-38.568872714673496,527.501
739,18,19,-52.375468329356046,-23.760226877047547,526.201
740,18,20,-50.04394569013176,-9.87958945044112,524.229
741,18,21,-46.2367196995912,2.349575469530866,521.686
742,18,22,-41.30693162839153,12.787422961263573,518.721
743,18,23,-35.57074068792889,21.65365822568492,515.521
744,18,24,-29.272070008937362,29.2843609343488,512.296
745,18,25,-22.588478896627887,36.005403681424745,509.256
746,18,26,-15.648694218740404,42.093998232114195,506.598
747,18,27,-8.5493503454259,47.77949892365158,504.489
748,18,28,-1.3676922338855741,53.25705450590793,503.049
749,18,29,5.828419411712144,58.70333123686021,502.341
750,18,30,12.972463031162974,64.29231794033073,502.372
751,18,31,19.991331908129094,70.21092957314607,503.086
752,18,32,26.796257915949262,76.67504792440282,504.379
753,18,33,33.271084296277294,83.94473244674921,506.103
754,18,34,39.256761556552995,92.3319452003364,508.084
755,18,35,44.533174897941635,102.18131704011574,510.139
756,18,36,48.80609684647201,113.78110926981844,512.097
757,18,37,51.72331503721406,127.15667555164359,513.808
758,18,38,52.95486644645906,141.80177592468817,515.162
759,18,39,52.332960647056474,156.64784778387119,516.1
760,19,0,48.18088865060572,-174.15102715472926,516.721
761,19,1,43.726611519233174,-162.87191230655867,516.689
762,19,2,38.32860032005079,-153.30579524184893,516.417
763,19,3,32.2679617336342,-145.14356891952195,516.037
764,19,4,25.752488897555423,-138.04293157913338,515.69
765,19,5,18.93177319992148,-131.70108727439822,515.513
766,19,6,11.915308549543203,-125.86714949672351,515.621
767,19,7,4.787328254359774,-120.33219641977696,516.093
768,19,8,-2.38206027611027,-114.91375270969249,516.965
769,19,9,-9.528117307262372,-109.43991616543921,518.22
770,19,10,-16.583682229318033,-103.73393515167554,519.796
771,19,11,-23.470988856265016,-97.59854697498233,521.58
772,19,12,-30.091549275366322,-90.80026844877187,523.429
773,19,13,-36.31286123181829,-83.05663026972914,525.173
774,19,14,-41.951400957717254,-74.03794603680674,526.639
775,19,15,-46.75536669912153,-63.412849122421555,527.663
776,19,16,-50.40147877242525,-50.98774122964412,528.11
777,19,17,-52.53691692586222,-36.95932156128707,527.883
778,19,18,-52.89212091364874,-22.116517947621883,526.939
779,19,19,-51.415280335835654,-7.643988280373199,525.294
780,19,20,-48.30272898011499,5.462029708499266,523.021
781,19,21,-43.890809266880275,16.783743592749584,520.245
782,19,22,-38.52265623965461,26.396664528746836,517.138
783,19,23,-32.47925705070313,34.602107165499774,513.898
784,19,24,-25.96941741314232,41.74003050856745,510.74
785,19,25,-19.1439820547919,48.11344394764643,507.868
786,19,26,-12.113825436448685,53.97431316121848,505.467
787,19,27,-4.964446158595606,59.53298748515249,503.68
788,19,28,2.23265522410153,64.97334927228354,502.601
789,19,29,9.411267284715441,70.46879653507074,502.266
790,19,30,16.5026044687754,76.19780211652652,502.649
791,19,31,23.426995607820963,82.35974606871274,503.669
792,19,32,30.083660406874955,89.19089829539845,505.197
793,19,33,36.337186950547284,96.97732077940216,507.072
794,19,34,42.000243640472014,106.05275705413818,509.113
795,19,35,46.81627149595053,116.7513741247494,511.14
796,19,36,50.45680330470235,129.26352936340405,512.991
797,19,37,52.565798380767625,143.37724101902165,514.534
798,19,38,52.876186082315094,158.2785008066984,515.685
799,19,39,51.34538359496433,172.76594675332072,516.408
800,20,0,49.947237041673546,-171.47749986828953,516.613
801,20,1,46.09223046279416,-159.2834675204174,516.742
802,20,2,41.12619116257465,-148.89175816997152,516.575
803,20,3,35.36653510721843,-140.07108795127698,516.232
804,20,4,29.056587785907215,-132.4807260473985,515.85
805,20,5,22.372696145274258,-125.79398451033434,515.573
806,20,6,15.442299562400958,-119.73450022588749,515.526
807,20,7,8.36065868564148,-114.07413804559033,515.808
808,20,8,1.203727246278777,-108.61921429514882,516.479
809,20,9,-5.962055904804852,-103.19450047140627,517.547
810,20,10,-13.071720193955246,-97.6275957695224,518.974
811,20,11,-20.05390156356829,-91.73347719507072,520.67
812,20,12,-26.821915521566414,-85.29867401573166,522.507
813,20,13,-33.26217089941043,-78.06632330738857,524.325
814,20,14,-39.21895304440238,-69.7283698780955,525.951
815,20,15,-44.47640919574966,-59.94402826940386,527.216
816,20,16,-48.745485747777316,-48.42556651724309,527.966
817,20,17,-51.678584128339644,-35.138949788979026,528.084
818,20,18,-52.946550691144566,-20.568863676041403,527.501
819,20,19,-52.375468329356046,-5.760219545962744,526.201
820,20,20,-50.04394569013176,8.120417880643684,524.229
821,20,21,-46.2367196995912,20.349582160285436,521.686
822,20,22,-41.30693162839153,30.78742943857473,518.721
823,20,23,-35.57074068792889,39.653667264317015,515.521
824,20,24,-29.272070008937362,47.284368265433606,512.296
825,20,25,-22.588478896627887,54.00541101250955,509.256
826,20,26,-15.648694218740404,60.094005563199,506.598
827,20,27,-8.5493503454259,65.77950283964181,504.489
828,20,28,-1.3676922338855741,71.25706183699273,503.049
829,20,29,5.828419411712144,76.70333856794501,502.341
830,20,30,12.972463031162974,82.29232527141554,502.372
831,20,31,19.991331908129094,88.21093690423088,503.086
832,20,32,26.796257915949262,94.67505525548762,504.379
833,20,33,33.271084296277294,101.94473977783402,506.103
834,20,34,39.256761556552995,110.33195253142121,508.084
835,20,35,44.533174897941635,120.18131754101138,510.139
836,20,36,48.80609684647201,131.78110977071407,512.097
837,20,37,51.72331503721406,145.15668288272838,513.808
838,20,38,52.95486644645906,159.80178325577296,515.162
839,20,39,52.332960647056474,174.647855114956,516.1
840,21,0,48.18088865060572,-156.1510334840228,516.721
841,21,1,43.726611519233174,-144.8719186358522,516.689
842,21,2,38.32860032005079,-135.30580157114247,516.417
843,21,3,32.2679617336342,-127.1435752488155,516.037
844,21,4,25.752488897555423,-120.04293790842692,515.69
845,21,5,18.93177319992148,-113.70110043388091,515.513
846,21,6,11.915308549543203,-107.86716265620622,515.621
847,21,7,4.787328254359774,-102.33220957925967,516.093
848,21,8,-2.38206027611027,-96.91375903898603,516.965
849,21,9,-9.528117307262372,-91.43992249473274,518.22
850,21,10,-16.583682229318033,-85.73394148096908,519.796
851,21,11,-23.470988856265016,-79.59855330427587,521.58
852,21,12,-30.091549275366322,-72.80027477806541,523.429
853,21,13,-36.31286123181829,-65.05663659902267,525.173
854,21,14,-41.951400957717254,-56.0379489510057,526.639
855,21,15,-46.75536669912153,-45.41285545171509,527.663
856,21,16,-50.40147877242525,-32.987747558937656,528.11
857,21,17,-52.53691692586222,-18.959327890580603,527.883
858,21,18,-52.89212091364874,-4.116524703802243,526.939
859,21,19,-51.415280335835654,10.356005390333264,525.294
860,21,20,-48.30272898011499,23.462024232979374,523.021
861,21,21,-43.890809266880275,34.78373897100334,520.245
862,21,22,-38.52265623965461,44.39665649190601,517.138
863,21,23,-32.47925705070313,52.60210083620624,513.898
864,21,24,-25.96941741314232,59.74002417927392,510.74
865,21,25,-19.1439820547919,66.11343761835289,507.868
866,21,26,-12.113825436448685,71.97430683192495,505.467
867,21,27,-4.964446158595606,77.53298115585895,503.68
868,21,28,2.23265522410153,82.97334294299,502.601
869,21,29,9.411267284715441,88.4687902057772,502.266
870,21,30,16.5026044687754,94.19779578723298,502.649
871,21,31,23.426995607820963,100.3597397394192,503.669
872,21,32,30.083660406874955,107.19089196610491,505.197
873,21,33,36.337186950547284,114.97731445010862,507.072
874,21,34,42.000243640472014,124.05275072484464,509.113
875,21,35,46.81627149595053,134.75136779545585,511.14
876,21,36,50.45680330470235,147.2635230341105,512.991
877,21,37,52.565798380767625,161.3772346897281,514.534
878,21,38,52.876186082315094,176.27849447740485,515.685
879,21,39,51.34538359496433,-169.23405593350714,516.408
880,22,0,49.947237041673546,-153.47750619758307,516.613
881,22,1,46.09223046279416,-141.2834738497109,516.742
882,22,2,41.12619116257465,-130.89176449926507,516.575
883,22,3,35.36653510721843,-122.0710942805705,516.232
884,22,4,29.056587785907215,-114.48072554650285,515.85
885,22,5,22.372696145274258,-107.79399766981705,515.573
886,22,6,15.442299562400958,-101.73450655518103,515.526
887,22,7,8.36065868564148,-96.07414437488387,515.808
888,22,8,1.203727246278777,-90.61922062444235,516.479
889,22,9,-5.962055904804852,-85.19450680069981,517.547
890,22,10,-13.071720193955246,-79.62760209881593,518.974
891,22,11,-20.05390156356829,-73.73348352436426,520.67
892,22,12,-26.821915521566414,-67.2986803450252,522.507
893,22,13,-33.26217089941043,-60.066329636682106,524.325
894,22,14,-39.21895304440238,-51.72837962248362,525.951
895,22,15,-44.47640919574966,-41.94403801379198,527.216
896,22,16,-48.745485747777316,-30.425572846536625,527.966
897,22,17,-51.678584128339644,-17.13895611827256,528.084
898,22,18,-52.946550691144566,-2.5688700053349383,527.501
899,22,19,-52.375468329356046,12.23977412474372,526.201
900,22,20,-50.04394569013176,26.120412405123794,524.229
901,22,21,-46.2367196995912,38.349575830991895,521.686
902,22,22,-41.30693162839153,48.78742310928119,518.721
903,22,23,-35.57074068792889,57.65366093502348,515.521
904,22,24,-29.272070008937362,65.28436193614007,512.296
905,22,25,-22.588478896627887,72.00540468321601,509.256
906,22,26,-15.648694218740404,78.09399923390546,506.598
907,22,27,-8.5493503454259,83.77949651034827,504.489
908,22,28,-1.3676922338855741,89.2570555076992,503.049
909,22,29,5.828419411712144,94.70333223865148,502.341
910,22,30,12.972463031162974,100.292318942122,502.372
911,22,31,19.991331908129094,106.21093057493734,503.086
912,22,32,26.796257915949262,112.6750489261941,504.379
913,22,33,33.271084296277294,119.94473344854048,506.103
914,22,34,39.256761556552995,128.33194620212768,508.084
915,22,35,44.533174897941635,138.18131121171785,510.139
916,22,36,48.80609684647201,149.78110344142053,512.097
917,22,37,51.72331503721406,163.15667655343486,513.808
918,22,38,52.95486644645906,177.80177692647942,515.162
919,22,39,52.332960647056474,-167.35214757187185,516.1
920,23,0,48.18088865060572,-138.15102615293802,516.721
921,23,1,43.726611519233174,-126.87191130476741,516.689
922,23,2,38.32860032005079,-117.30579424005768,516.417
923,23,3,32.2679617336342,-109.14356791773069,516.037
924,23,4,25.752488897555423,-102.04293057734212,515.69
925,23,5,18.93177319992148,-95.70109310279611,515.513
926,23,6,11.915308549543203,-89.86715532512142,515.621
927,23,7,4.787328254359774,-84.33220224817487,516.093
928,23,8,-2.38206027611027,-78.91375170790123,516.965
929,23,9,-9.528117307262372,-73.43991516364794,518.22
930,23,10,-16.583682229318033,-67.73393414988426,519.796
931,23,11,-23.470988856265016,-61.598545973191065,521.58
932,23,12,-30.091549275366322,-54.80026744698061,523.429
933,23,13,-36.31286123181829,-47.056629267937865,525.173
934,23,14,-41.951400957717254,-38.03794161992089,526.639
935,23,15,-46.75536669912153,-27.412849828177578,527.663
936,23,16,-50.40147877242525,-14.987738520305562,528.11
937,23,17,-52.53691692586222,-0.9593210931043298,527.883
938,23,18,-52.89212091364874,13.883482200395736,526.939
939,23,19,-51.415280335835654,28.356013575191714,525.294
940,23,20,-48.30272898011499,41.462031564064176,523.021
941,23,21,-43.890809266880275,52.78374630208815,520.245
942,23,22,-38.52265623965461,62.39666723808539,517.138
943,23,23,-32.47925705070313,70.60210816729105,513.898
944,23,24,-25.96941741314232,77.74003151035872,510.74
945,23,25,-19.1439820547919,84.11344494943769,507.868
946,23,26,-12.113825436448685,89.97431416300975,505.467
947,23,27,-4.964446158595606,95.53298848694375,503.68
948,23,28,2.23265522410153,100.9733502740748,502.601
949,23,29,9.411267284715441,106.468797536862,502.266
950,23,30,16.5026044687754,112.1978031183178,502.649
951,23,31,23.426995607820963,118.359747070504,503.669
952,23,32,30.083660406874955,125.19089246700055,505.197
953,23,33,36.337186950547284,132.97732178119344,507.072
954,23,34,42.000243640472014,142.05275805592944,509.113
955,23,35,46.81627149595053,152.75137512654067,511.14
956,23,36,50.45680330470235,165.26353036519532,512.991
957,23,37,52.565798380767625,179.3772420208129,514.534
958,23,38,52.876186082315094,-165.721508209423,515.685
959,23,39,51.34538359496433,-151.23404860242232,516.408
960,24,0,49.947237041673546,-135.47749886649825,516.613
961,24,1,46.09223046279416,-123.28346651862611,516.742
962,24,2,41.12619116257465,-112.89175033799108,516.575
963,24,3,35.36653510721843,-104.07108011929654,516.232
964,24,4,29.056587785907215,-96.48071821541805,515.85
965,24,5,22.372696145274258,-89.79399033873224,515.573
966,24,6,15.442299562400958,-83.73449922409623,515.526
967,24,7,8.36065868564148,-78.07413704379907,515.808
968,24,8,1.203727246278777,-72.61921329335755,516.479
969,24,9,-5.962055904804852,-67.194499469615,517.547
970,24,10,-13.071720193955246,-61.62759476773113,518.974
971,24,11,-20.05390156356829,-55.73347619327946,520.67
972,24,12,-26.821915521566414,-49.29866959884582,522.507
973,24,13,-33.26217089941043,-42.066318890502714,524.325
974,24,14,-39.21895304440238,-33.72837229139882,525.951
975,24,15,-44.47640919574966,-23.94402897515988,527.216
976,24,16,-48.745485747777316,-12.42556380790453,527.966
977,24,17,-51.678584128339644,0.8610509993688309,528.084
978,24,18,-52.946550691144566,15.431137325749866,527.501
979,24,19,-52.375468329356046,30.239781455828524,526.201
980,24,20,-50.04394569013176,44.120419736208596,524.229
981,24,21,-46.2367196995912,56.349583162076705,521.686
982,24,22,-41.30693162839153,66.78743385546058,518.721
983,24,23,-35.57074068792889,75.65366826610828,515.521
984,24,24,-29.272070008937362,83.28436926722487,512.296
985,24,25,-22.588478896627887,90.00541201430082,509.256
986,24,26,-15.648694218740404,96.09400656499027,506.598
987,24,27,-8.5493503454259,101.77950384143307,504.489
988,24,28,-1.3676922338855741,107.25706283878401,503.049
989,24,29,5.828419411712144,112.70333956973629,502.341
990,24,30,12.972463031162974,118.29231944301763,502.372
991,24,31,19.991331908129094,124.21093790602214,503.086
992,24,32,26.796257915949262,130.6750562572789,504.379
993,24,33,33.271084296277294,137.94474077962528,506.103
994,24,34,39.256761556552995,146.33195353321247,508.084
995,24,35,44.533174897941635,156.18131854280264,510.139
996,24,36,48.80609684647201,167.78111077250534,512.097
997,24,37,51.72331503721406,-178.84331247301466,513.808
998,24,38,52.95486644645906,-164.1982120999701,515.162
999,24,39,52.332960647056474,-149.35214024078707,516.1
1000,25,0,48.18088865060572,-120.15103248223154,516.721
1001,25,1,43.726611519233174,-108.87192446425011,516.689
1002,25,2,38.32860032005079,-99.30579373916204,516.417
1003,25,3,32.2679617336342,-91.14357424702423,516.037
1004,25,4,25.752488897555423,-84.04293690663566,515.69
1005,25,5,18.93177319992148,-77.70109943208965,515.513
1006,25,6,11.915308549543203,-71.86716165441496,515.621
1007,25,7,4.787328254359774,-66.3322085774684,516.093
1008,25,8,-2.38206027611027,-60.913758037194754,516.965
1009,25,9,-9.528117307262372,-55.43991807784689,518.22
1010,25,10,-16.583682229318033,-49.73393706408322,519.796
1011,25,11,-23.470988856265016,-43.5985523024846,521.58
1012,25,12,-30.091549275366322,-36.80027377627415,523.429
1013,25,13,-36.31286123181829,-29.056635597231406,525.173
1014,25,14,-41.951400957717254,-20.037947949214434,526.639
1015,25,15,-46.75536669912153,-9.412856157471115,527.663
1016,25,16,-50.40147877242525,3.0122549369574894,528.11
1017,25,17,-52.53691692586222,17.040673111210662,527.883
1018,25,18,-52.89212091364874,31.883476724875848,526.939
1019,25,19,-51.415280335835654,46.356005538350885,525.294
1020,25,20,-48.30272898011499,59.46202181967606,523.021
1021,25,21,-43.890809266880275,70.78373655770002,520.245
1022,25,22,-38.52265623965461,80.39666090879186,517.138
1023,25,23,-32.47925705070313,88.60210183799751,513.898
1024,25,24,-25.96941741314232,95.74002518106518,510.74
1025,25,25,-19.1439820547919,102.11343862014417,507.868
1026,25,26,-12.113825436448685,107.97430783371621,505.467
1027,25,27,-4.964446158595606,113.53298215765022,503.68
1028,25,28,2.23265522410153,118.97334394478126,502.601
1029,25,29,9.411267284715441,124.46879120756847,502.266
1030,25,30,16.5026044687754,130.19778995883507,502.649
1031,25,31,23.426995607820963,136.35974074121046,503.669
1032,25,32,30.083660406874955,143.19088613770703,505.197
1033,25,33,36.337186950547284,150.9773154518999,507.072
1034,25,34,42.000243640472014,160.0527517266359,509.113
1035,25,35,46.81627149595053,170.75136879724712,511.14
1036,25,36,50.45680330470235,-176.73647232163253,512.991
1037,25,37,52.565798380767625,-162.62276066601495,514.534
1038,25,38,52.876186082315094,-147.72151453871655,515.685
1039,25,39,51.34538359496433,-133.23405493171586,516.408
1040,26,0,49.947237041673546,-117.47749153541345,516.613
1041,26,1,46.09223046279416,-105.28346601773048,516.742
1042,26,2,41.12619116257465,-94.89174300690628,516.575
1043,26,3,35.36653510721843,-86.07107278821174,516.232
1044,26,4,29.056587785907215,-78.48071088433325,515.85
1045,26,5,22.372696145274258,-71.79398300764744,515.573
1046,26,6,15.442299562400958,-65.73449189301142,515.526
1047,26,7,8.36065868564148,-60.07412971271426,515.808
1048,26,8,1.203727246278777,-54.61920937736733,516.479
1049,26,9,-5.962055904804852,-49.19449555362478,517.547
1050,26,10,-13.071720193955246,-43.62758743664633,518.974
1051,26,11,-20.05390156356829,-37.733468862194655,520.67
1052,26,12,-26.821915521566414,-31.298662267761014,522.507
1053,26,13,-33.26217089941043,-24.066313266965206,524.325
1054,26,14,-39.21895304440238,-15.728363252766725,525.951
1055,26,15,-44.47640919574966,-5.9440220709619025,527.216
1056,26,16,-48.745485747777316,5.574443096293451,527.966
1057,26,17,-51.678584128339644,18.861058543897045,528.084
1058,26,18,-52.946550691144566,33.43114294928738,527.501
1059,26,19,-52.375468329356046,48.23978878691333,526.201
1060,26,20,-50.04394569013176,62.1204270672934,524.229
1061,26,21,-46.2367196995912,74.3495939082561,521.686
1062,26,22,-41.30693162839153,84.78744118654538,518.721
1063,26,23,-35.57074068792889,93.65367559719309,515.521
1064,26,24,-29.272070008937362,101.28437659830968,512.296
1065,26,25,-22.588478896627887,108.00541934538562,509.256
1066,26,26,-15.648694218740404,114.09401389607507,506.598
1067,26,27,-8.5493503454259,119.77951117251787,504.489
1068,26,28,-1.3676922338855741,125.25706333967963,503.049
1069,26,29,5.828419411712144,130.7033469008211,502.341
1070,26,30,12.972463031162974,136.29232677410243,502.372
1071,26,31,19.991331908129094,142.21094523710696,503.086
1072,26,32,26.796257915949262,148.67506358836368,504.379
1073,26,33,33.271084296277294,155.9447481107101,506.103
1074,26,34,39.256761556552995,164.3319608642973,508.084
1075,26,35,44.533174897941635,174.18132587388746,510.139
1076,26,36,48.80609684647201,-174.21887825394418,512.097
1077,26,37,51.72331503721406,-160.84330514192987,513.808
1078,26,38,52.95486644645906,-146.1982047688853,515.162
1079,26,39,52.332960647056474,-131.35213290970225,516.1
1080,27,0,48.18088865060572,-102.15104564171425,516.721
1081,27,1,43.726611519233174,-90.87193079354365,516.689
1082,27,2,38.32860032005079,-81.30580006845558,516.417
1083,27,3,32.2679617336342,-73.14358057631777,516.037
1084,27,4,25.752488897555423,-66.04294323592919,515.69
1085,27,5,18.93177319992148,-59.70110576138318,515.513
1086,27,6,11.915308549543203,-53.86716456861391,515.621
1087,27,7,4.787328254359774,-48.33221149166735,516.093
1088,27,8,-2.38206027611027,-42.913764366488294,516.965
1089,27,9,-9.528117307262372,-37.43992440714043,518.22
1090,27,10,-16.583682229318033,-31.73394339337676,519.796
1091,27,11,-23.470988856265016,-25.598556924230845,521.58
1092,27,12,-30.091549275366322,-18.800280105567687,523.429
1093,27,13,-36.31286123181829,-11.056643634072234,525.173
1094,27,14,-41.951400957717254,-2.037954491951381,526.639
1095,27,15,-46.75536669912153,8.587137513235348,527.663
1096,27,16,-50.40147877242525,21.012248821107363,528.11
1097,27,17,-52.53691692586222,35.040666781917125,527.883
1098,27,18,-52.89212091364874,49.88347039558231,526.939
1099,27,19,-51.415280335835654,64.35600262415193,525.294
1100,27,20,-48.30272898011499,77.46201549038253,523.021
1101,27,21,-43.890809266880275,88.78373022840648,520.245
1102,27,22,-38.52265623965461,98.39665457949832,517.138
1103,27,23,-32.47925705070313,106.60209550870397,513.898
1104,27,24,-25.96941741314232,113.74001885177165,510.74
1105,27,25,-19.1439820547919,120.11342546066146,507.868
1106,27,26,-12.113825436448685,125.97430150442267,505.467
1107,27,27,-4.964446158595606,131.53296899816752,503.68
1108,27,28,2.23265522410153,136.97333761548774,502.601
1109,27,29,9.411267284715441,142.46878487827493,502.266
1110,27,30,16.5026044687754,148.19778362954153,502.649
1111,27,31,23.426995607820963,154.35973441191692,503.669
1112,27,32,30.083660406874955,161.19087980841348,505.197
1113,27,33,36.337186950547284,168.97730912260636,507.072
1114,27,34,42.000243640472014,178.0527453973424,509.113
1115,27,35,46.81627149595053,-171.24863388958073,511.14
1116,27,36,50.45680330470235,-158.73647865092607,512.991
1117,27,37,52.565798380767625,-144.6227669953085,514.534
1118,27,38,52.876186082315094,-129.7215208680101,515.685
1119,27,39,51.34538359496433,-115.2340612610094,516.408
1120,28,0,49.947237041673546,-99.47750469489615,516.613
1121,28,1,46.09223046279416,-87.28348600740236,516.742
1122,28,2,41.12619116257465,-76.89176299657815,516.575
1123,28,3,35.36653510721843,-68.0710927778836,516.232
1124,28,4,29.056587785907215,-60.48073087400512,515.85
1125,28,5,22.372696145274258,-53.79400299731932,515.573
1126,28,6,15.442299562400958,-47.73450846758871,515.526
1127,28,7,8.36065868564148,-42.07414970238614,515.808
1128,28,8,1.203727246278777,-36.61922936703921,516.479
1129,28,9,-5.962055904804852,-31.19451554329666,517.547
1130,28,10,-13.071720193955246,-25.627609133865494,518.974
1131,28,11,-20.05390156356829,-19.733487144319238,520.67
1132,28,12,-26.821915521566414,-13.298683964980183,522.507
1133,28,13,-33.26217089941043,-6.06633282975026,524.325
1134,28,14,-39.21895304440238,2.2716161172311637,525.951
1135,28,15,-44.47640919574966,12.055958366253044,527.216
1136,28,16,-48.745485747777316,23.574423533508398,527.966
1137,28,17,-51.678584128339644,36.86103855422517,528.084
1138,28,18,-52.946550691144566,51.4311229596155,527.501
1139,28,19,-52.375468329356046,66.23976879724145,526.201
1140,28,20,-50.04394569013176,80.12040707762152,524.229
1141,28,21,-46.2367196995912,92.34957391858421,521.686
1142,28,22,-41.30693162839153,102.78742119687351,518.721
1143,28,23,-35.57074068792889,111.65365560752122,515.521
1144,28,24,-29.272070008937362,119.28436343882697,512.296
1145,28,25,-22.588478896627887,126.00539252552457,509.256
1146,28,26,-15.648694218740404,132.093987076214,506.598
1147,28,27,-8.5493503454259,137.779491182846,504.489
1148,28,28,-1.3676922338855741,143.25704335000776,503.049
1149,28,29,5.828419411712144,148.70332691114922,502.341
1150,28,30,12.972463031162974,154.29230678443056,502.372
1151,28,31,19.991331908129094,160.21092524743506,503.086
1152,28,32,26.796257915949262,166.67504359869181,504.379
1153,28,33,33.271084296277294,173.9447281210382,506.103
1154,28,34,39.256761556552995,-177.66805548290893,508.084
1155,28,35,44.533174897941635,-167.81869047331875,510.139
1156,28,36,48.80609684647201,-156.21889824361605,512.097
1157,28,37,51.72331503721406,-142.84332513160174,513.808
1158,28,38,52.95486644645906,-128.19822475855716,515.162
1159,28,39,52.332960647056474,-113.35215289937413,516.1
1160,29,0,48.18088865060572,-84.15103831062945,516.721
1161,29,1,43.726611519233174,-72.87192346245885,516.689
1162,29,2,38.32860032005079,-63.30579273737077,516.417
1163,29,3,32.2679617336342,-55.14357666032755,516.037
1164,29,4,25.752488897555423,-48.042939319938974,515.69
1165,29,5,18.93177319992148,-41.7010950152038,515.513
1166,29,6,11.915308549543203,-35.867157237529106,515.621
1167,29,7,4.787328254359774,-30.332204160582553,516.093
1168,29,8,-2.38206027611027,-24.913755327856197,516.965
1169,29,9,-9.528117307262372,-19.439917076055625,518.22
1170,29,10,-16.583682229318033,-13.7339369160656,519.796
1171,29,11,-23.470988856265016,-7.598549593146043,521.58
1172,29,12,-30.091549275366322,-0.80027325473056,523.429
1173,29,13,-36.31286123181829,6.943364123899393,525.173
1174,29,14,-41.951400957717254,15.962053052576834,526.639
1175,29,15,-46.75536669912153,26.58714484432015,527.663
1176,29,16,-50.40147877242525,39.012254444644874,528.11
1177,29,17,-52.53691692586222,53.04067411300193,527.883
1178,29,18,-52.89212091364874,67.88347431157253,526.939
1179,29,19,-51.415280335835654,82.35600995523674,525.294
1180,29,20,-48.30272898011499,95.46202282146733,523.021
1181,29,21,-43.890809266880275,106.78373755949129,520.245
1182,29,22,-38.52265623965461,116.39665508039396,517.138
1183,29,23,-32.47925705070313,124.60210283978877,513.898
1184,29,24,-25.96941741314232,131.74001935266728,510.74
1185,29,25,-19.1439820547919,138.11343279174625,507.868
1186,29,26,-12.113825436448685,143.9743088355075,505.467
1187,29,27,-4.964446158595606,149.5329763292523,503.68
1188,29,28,2.23265522410153,154.97334494657252,502.601
1189,29,29,9.411267284715441,160.46879220935972,502.266
1190,29,30,16.5026044687754,166.19779096062635,502.649
1191,29,31,23.426995607820963,172.35974174300173,503.669
1192,29,32,30.083660406874955,179.19088713949827,505.197
1193,29,33,36.337186950547284,-173.02267990384317,507.072
1194,29,34,42.000243640472014,-163.94724362910713,509.113
1195,29,35,46.81627149595053,-153.24862655849594,511.14
1196,29,36,50.45680330470235,-140.73647131984129,512.991
1197,29,37,52.565798380767625,-126.6227596642237,514.534
1198,29,38,52.876186082315094,-111.72150670673612,515.685
1199,29,39,51.34538359496433,-97.23406076011378,516.408
1200,30,0,49.947237041673546,-81.47749736381135,516.613
1201,30,1,46.09223046279416,-69.28347867631756,516.742
1202,30,2,41.12619116257465,-58.89175566549335,516.575
1203,30,3,35.36653510721843,-50.071085446798804,516.232
1204,30,4,29.056587785907215,-42.480723542920316,515.85
1205,30,5,22.372696145274258,-35.793995666234515,515.573
1206,30,6,15.442299562400958,-29.734501136503905,515.526
1207,30,7,8.36065868564148,-24.074144078848626,515.808
1208,30,8,1.203727246278777,-18.619220328407113,516.479
1209,30,9,-5.962055904804852,-13.194508212211858,517.547
1210,30,10,-13.071720193955246,-7.627601802780692,518.974
1211,30,11,-20.05390156356829,-1.7334802401212568,520.67
1212,30,12,-26.821915521566414,4.701323366104619,522.507
1213,30,13,-33.26217089941043,11.93367407444772,524.325
1214,30,14,-39.21895304440238,20.271624088646202,525.951
1215,30,15,-44.47640919574966,30.055963989790556,527.216
1216,30,16,-48.745485747777316,41.574429157045905,527.966
1217,30,17,-51.678584128339644,54.86104588530997,528.084
1218,30,18,-52.946550691144566,69.43113370579489,527.501
1219,30,19,-52.375468329356046,84.23977612832626,526.201
1220,30,20,-50.04394569013176,98.12041440870632,524.229
1221,30,21,-46.2367196995912,110.34958124966901,521.686
1222,30,22,-41.30693162839153,120.78742852795831,518.721
1223,30,23,-35.57074068792889,129.65365610841684,515.521
1224,30,24,-29.272070008937362,137.28437076991176,512.296
1225,30,25,-22.588478896627887,144.0053998566094,509.256
1226,30,26,-15.648694218740404,150.09399440729882,506.598
1227,30,27,-8.5493503454259,155.7794985139308,504.489
1228,30,28,-1.3676922338855741,161.25705068109255,503.049
1229,30,29,5.828419411712144,166.703334242234,502.341
1230,30,30,12.972463031162974,172.29231411551535,502.372
1231,30,31,19.991331908129094,178.21093257851987,503.086
1232,30,32,26.796257915949262,-175.3249454277577,504.379
1233,30,33,33.271084296277294,-168.0552609054113,506.103
1234,30,34,39.256761556552995,-159.6680481518241,508.084
1235,30,35,44.533174897941635,-149.81868314223394,510.139
1236,30,36,48.80609684647201,-138.21889091253126,512.097
1237,30,37,51.72331503721406,-124.84331780051694,513.808
1238,30,38,52.95486644645906,-110.19821742747236,515.162
1239,30,39,52.332960647056474,-95.35214556828933,516.1
1240,31,0,48.18088865060572,-66.15103097954464,516.721
1241,31,1,43.726611519233174,-54.87191613137405,516.689
1242,31,2,38.32860032005079,-45.30578540628597,516.417
1243,31,3,32.2679617336342,-37.143569329242744,516.037
1244,31,4,25.752488897555423,-30.04293198885417,515.69
1245,31,5,18.93177319992148,-23.701089391666283,515.513
1246,31,6,11.915308549543203,-17.86715161399159,515.621
1247,31,7,4.787328254359774,-12.33219853704504,516.093
1248,31,8,-2.38206027611027,-6.913747996771394,516.965
1249,31,9,-9.528117307262372,-1.4399097449708231,518.22
1250,31,10,-16.583682229318033,4.266069988132379,519.796
1251,31,11,-23.470988856265016,10.401457737938761,521.58
1252,31,12,-30.091549275366322,17.199734556601918,523.429
1253,31,13,-36.31286123181829,24.943371028097374,525.173
1254,31,14,-41.951400957717254,33.96206038366164,526.639
1255,31,15,-46.75536669912153,44.58715388295225,527.663
1256,31,16,-50.40147877242525,57.01226177572968,528.11
1257,31,17,-52.53691692586222,71.04068144408673,527.883
1258,31,18,-52.89212091364874,85.88348164265733,526.939
1259,31,19,-51.415280335835654,100.35601728632155,525.294
1260,31,20,-48.30272898011499,113.46203015255213,523.021
1261,31,21,-43.890809266880275,124.78374489057609,520.245
1262,31,22,-38.52265623965461,134.39666241147876,517.138
1263,31,23,-32.47925705070313,142.60211017087357,513.898
1264,31,24,-25.96941741314232,149.7400266837521,510.74
1265,31,25,-19.1439820547919,156.11344012283107,507.868
1266,31,26,-12.113825436448685,161.97431616659227,505.467
1267,31,27,-4.964446158595606,167.53298366033712,503.68
1268,31,28,2.23265522410153,172.97335227765734,502.601
1269,31,29,9.411267284715441,178.46879954044454,502.266
1270,31,30,16.5026044687754,-175.80219806582318,502.649
1271,31,31,23.426995607820963,-169.6402472834478,503.669
1272,31,32,30.083660406874955,-162.80910188695125,505.197
1273,31,33,36.337186950547284,-155.02267257275835,507.072
1274,31,34,42.000243640472014,-145.94723629802235,509.113
1275,31,35,46.81627149595053,-135.24861922741113,511.14
1276,31,36,50.45680330470235,-122.73646398875647,512.991
1277,31,37,52.565798380767625,-108.62275233313888,514.534
1278,31,38,52.876186082315094,-93.72149937565132,515.685
1279,31,39,51.34538359496433,-79.23405342902898,516.408
1280,32,0,49.947237041673546,-63.47749003272655,516.613
1281,32,1,46.09223046279416,-51.283467930138166,516.742
1282,32,2,41.12619116257465,-40.891751749503136,516.575
1283,32,3,35.36653510721843,-32.071078115714,516.232
1284,32,4,29.056587785907215,-24.480717919382805,515.85
1285,32,5,22.372696145274258,-17.79398833514971,515.573
1286,32,6,15.442299562400958,-11.734494659192748,515.526
1287,32,7,8.36065868564148,-6.074136747763822,515.808
1288,32,8,1.203727246278777,-0.6192136910133961,516.479
1289,32,9,-5.962055904804852,4.805499118872946,517.547
1290,32,10,-13.071720193955246,10.372405528304112,518.974
1291,32,11,-20.05390156356829,16.26652751785037,520.67
1292,32,12,-26.821915521566414,22.701330697189423,522.507
1293,32,13,-33.26217089941043,29.933683113079816,524.325
1294,32,14,-39.21895304440238,38.27162971218371,525.951
1295,32,15,-44.47640919574966,48.05597132087536,527.216
1296,32,16,-48.745485747777316,59.5744399032253,527.966
1297,32,17,-51.678584128339644,72.8610498013002,528.084
1298,32,18,-52.946550691144566,87.4311410368797,527.501
1299,32,19,-52.375468329356046,102.23978345941106,526.201
1300,32,20,-50.04394569013176,116.12041490960196,524.229
1301,32,21,-46.2367196995912,128.34958175056465,521.686
1302,32,22,-41.30693162839153,138.78743585904311,518.721
1303,32,23,-35.57074068792889,147.65366343950166,515.521
1304,32,24,-29.272070008937362,155.28437810099658,512.296
1305,32,25,-22.588478896627887,162.00540718769417,509.256
1306,32,26,-15.648694218740404,168.09400173838364,506.598
1307,32,27,-8.5493503454259,173.7795058450156,504.489
1308,32,28,-1.3676922338855741,179.25705801217737,503.049
1309,32,29,5.828419411712144,-175.29665478421552,502.341
1310,32,30,12.972463031162974,-169.70767491093417,502.372
1311,32,31,19.991331908129094,-163.78905644792965,503.086
1312,32,32,26.796257915949262,-157.3249380966729,504.379
1313,32,33,33.271084296277294,-150.0552535743265,506.103
1314,32,34,39.256761556552995,-141.66804082073932,508.084
1315,32,35,44.533174897941635,-131.81867581114915,510.139
1316,32,36,48.80609684647201,-120.21888358144645,512.097
1317,32,37,51.72331503721406,-106.84331046943214,513.808
1318,32,38,52.95486644645906,-92.19821009638756,515.162
1319,32,39,52.332960647056474,-77.35213823720453,516.1
1320,33,0,48.18088865060572,-48.15102023336526,516.721
1321,33,1,43.726611519233174,-36.87190880028925,516.689
1322,33,2,38.32860032005079,-27.30577978274846,516.417
1323,33,3,32.2679617336342,-19.143561998157942,516.037
1324,33,4,25.752488897555423,-12.042924657769367,515.69
1325,33,5,18.93177319992148,-5.701082060581481,515.513
1326,33,6,11.915308549543203,0.13285645080493777,515.621
1327,33,7,4.787328254359774,5.6678092209265865,516.093
1328,33,8,-2.38206027611027,11.086259334313409,516.965
1329,33,9,-9.528117307262372,16.56009758611398,518.22
1330,33,10,-16.583682229318033,22.26607689233036,519.796
1331,33,11,-23.470988856265016,28.401465069023565,521.58
1332,33,12,-30.091549275366322,35.19974188768672,523.429
1333,33,13,-36.31286123181829,42.94338006672947,525.173
1334,33,14,-41.951400957717254,51.96206771474644,526.639
1335,33,15,-46.75536669912153,62.58716121403705,527.663
1336,33,16,-50.40147877242525,75.01227252190907,528.11
1337,33,17,-52.53691692586222,89.04068877517153,527.883
1338,33,18,-52.89212091364874,103.88348897374213,526.939
1339,33,19,-51.415280335835654,118.35601778721717,525.294
1340,33,20,-48.30272898011499,131.4620443138261,523.021
1341,33,21,-43.890809266880275,142.7837522216609,520.245
1342,33,22,-38.52265623965461,152.39666974256357,517.138
1343,33,23,-32.47925705070313,160.6021175019584,513.898
1344,33,24,-25.96941741314232,167.74003401483688,510.74
1345,33,25,-19.1439820547919,174.11344745391585,507.868
1346,33,26,-12.113825436448685,179.9743234976771,505.467
1347,33,27,-4.964446158595606,-174.4670053661124,503.68
1348,33,28,2.23265522410153,-169.02663674879219,502.601
1349,33,29,9.411267284715441,-163.531189486005,502.266
1350,33,30,16.5026044687754,-157.80219073473836,502.649
1351,33,31,23.426995607820963,-151.640239952363,503.669
1352,33,32,30.083660406874955,-144.80909455586644,505.197
1353,33,33,36.337186950547284,-137.02266524167356,507.072
1354,33,34,42.000243640472014,-127.94722896693754,509.113
1355,33,35,46.81627149595053,-117.24861189632632,511.14
1356,33,36,50.45680330470235,-104.73645665767167,512.991
1357,33,37,52.565798380767625,-90.62274500205407,514.534
1358,33,38,52.876186082315094,-75.72149204456652,515.685
1359,33,39,51.34538359496433,-61.234046097944166,516.408
1360,34,0,49.947237041673546,-45.47751002239843,516.613
1361,34,1,46.09223046279416,-33.28348791981004,516.742
1362,34,2,41.12619116257465,-22.89177173917501,516.575
1363,34,3,35.36653510721843,-14.071098105385879,516.232
1364,34,4,29.056587785907215,-6.480737482167858,515.85
1365,34,5,22.372696145274258,0.20599247559120792,515.573
1366,34,6,15.442299562400958,6.265485351135376,515.526
1367,34,7,8.36065868564148,11.925843262564301,515.808
1368,34,8,1.203727246278777,17.380767013005816,516.479
1369,34,9,-5.962055904804852,22.80547912920107,517.547
1370,34,10,-13.071720193955246,28.372385538632233,518.974
1371,34,11,-20.05390156356829,34.2665058206312,520.67
1372,34,12,-26.821915521566414,40.70131241506484,522.507
1373,34,13,-33.26217089941043,47.93366312340794,524.325
1374,34,14,-39.21895304440238,56.27160972251183,525.951
1375,34,15,-44.47640919574966,66.05595474629807,527.216
1376,34,16,-48.745485747777316,77.57441991355341,527.966
1377,34,17,-51.678584128339644,90.86102981162831,528.084
1378,34,18,-52.946550691144566,105.43112104720781,527.501
1379,34,19,-52.375468329356046,120.23975663955001,526.201
1380,34,20,-50.04394569013176,134.12039491993008,524.229
1381,34,21,-46.2367196995912,146.34956176089278,521.686
1382,34,22,-41.30693162839153,156.78741586937124,518.721
1383,34,23,-35.57074068792889,165.65364344982976,515.521
1384,34,24,-29.272070008937362,173.2843581113247,512.296
1385,34,25,-22.588478896627887,-179.99460915951204,509.256
1386,34,26,-15.648694218740404,-173.90601460882257,506.598
1387,34,27,-8.5493503454259,-168.2205105021906,504.489
1388,34,28,-1.3676922338855741,-162.74295833502885,503.049
1389,34,29,5.828419411712144,-157.2966747738874,502.341
1390,34,30,12.972463031162974,-151.70769490060604,502.372
1391,34,31,19.991331908129094,-145.78907643760152,503.086
1392,34,32,26.796257915949262,-139.3249580863448,504.379
1393,34,33,33.271084296277294,-132.05527356399838,506.103
1394,34,34,39.256761556552995,-123.66806081041119,508.084
1395,34,35,44.533174897941635,-113.81869580082102,510.139
1396,34,36,48.80609684647201,-102.21890357111833,512.097
1397,34,37,51.72331503721406,-88.84333045910402,513.808
1398,34,38,52.95486644645906,-74.19823008605944,515.162
1399,34,39,52.332960647056474,-59.352158226876405,516.1
1400,35,0,48.18088865060572,-30.151040223037132,516.721
1401,35,1,43.726611519233174,-18.87192708241383,516.689
1402,35,2,38.32860032005079,-9.305799772420334,516.417
1403,35,3,32.2679617336342,-1.1435815609429967,516.037
1404,35,4,25.752488897555423,5.957055352558756,515.69
1405,35,5,18.93177319992148,12.298897949746642,515.513
1406,35,6,11.915308549543203,18.132835727421334,515.621
1407,35,7,4.787328254359774,23.667788804367888,516.093
1408,35,8,-2.38206027611027,29.08623763709424,516.965
1409,35,9,-9.528117307262372,34.560077596442106,518.22
1410,35,10,-16.583682229318033,40.266058610205775,519.796
1411,35,11,-23.470988856265016,46.4014433718044,521.58
1412,35,12,-30.091549275366322,53.19972189801484,523.429
1413,35,13,-36.31286123181829,60.94336007705759,525.173
1414,35,14,-41.951400957717254,69.96204430997997,526.639
1415,35,15,-46.75536669912153,80.58714122436517,527.663
1416,35,16,-50.40147877242525,93.01225253223718,528.11
1417,35,17,-52.53691692586222,107.04066878549966,527.883
1418,35,18,-52.89212091364874,121.88346898407026,526.939
1419,35,19,-51.415280335835654,136.35599779754529,525.294
1420,35,20,-48.30272898011499,149.4620243241542,523.021
1421,35,21,-43.890809266880275,160.783732231989,520.245
1422,35,22,-38.52265623965461,170.39664975289168,517.138
1423,35,23,-32.47925705070313,178.6020975122865,513.898
1424,35,24,-25.96941741314232,-174.2599823323693,510.74
1425,35,25,-19.1439820547919,-167.88656889329033,507.868
1426,35,26,-12.113825436448685,-162.02569284952912,505.467
1427,35,27,-4.964446158595606,-156.46702535578427,503.68
1428,35,28,2.23265522410153,-151.02665673846406,502.601
1429,35,29,9.411267284715441,-145.53120947567686,502.266
1430,35,30,16.5026044687754,-139.80221072441026,502.649
1431,35,31,23.426995607820963,-133.64025994203487,503.669
1432,35,32,30.083660406874955,-126.8091145455383,505.197
1433,35,33,36.337186950547284,-119.02268523134543,507.072
1434,35,34,42.000243640472014,-109.94724895660941,509.113
1435,35,35,46.81627149595053,-99.24863871618737,511.14
1436,35,36,50.45680330470235,-86.73647664734355,512.991
1437,35,37,52.565798380767625,-72.62276499172596,514.534
1438,35,38,52.876186082315094,-57.72151203423839,515.685
1439,35,39,51.34538359496433,-43.23406608761604,516.408
1440,36,0,49.947237041673546,-27.47750439886092,516.613
1441,36,1,46.09223046279416,-15.283480588725237,516.742
1442,36,2,41.12619116257465,-4.891763981203384,516.575
1443,36,3,35.36653510721843,3.9289087988121016,516.232
1444,36,4,29.056587785907215,11.519270275803768,515.85
1445,36,5,22.372696145274258,18.20599900626322,515.573
1446,36,6,15.442299562400958,24.26549182844653,515.526
1447,36,7,8.36065868564148,29.925852301196397,515.808
1448,36,8,1.203727246278777,35.38077263654333,516.479
1449,36,9,-5.962055904804852,40.80548646028587,517.547
1450,36,10,-13.071720193955246,46.37239457726433,518.974
1451,36,11,-20.05390156356829,52.266513151716005,520.67
1452,36,12,-26.821915521566414,58.701316331055054,522.507
1453,36,13,-33.26217089941043,65.93366703939816,524.325
1454,36,14,-39.21895304440238,74.27162046869122,525.951
1455,36,15,-44.47640919574966,84.05596207738287,527.216
1456,36,16,-48.745485747777316,95.57442724463823,527.966
1457,36,17,-51.678584128339644,108.86103714271312,528.084
1458,36,18,-52.946550691144566,123.43112154810345,527.501
1459,36,19,-52.375468329356046,138.2397639706348,526.201
1460,36,20,-50.04394569013176,152.1204022510149,524.229
1461,36,21,-46.2367196995912,164.34956909197757,521.686
1462,36,22,-41.30693162839153,174.78742320045603,518.721
1463,36,23,-35.57074068792889,-176.34634557661974,515.521
1464,36,24,-29.272070008937362,-168.71564457550318,512.296
1465,36,25,-22.588478896627887,-161.99460182842722,509.256
1466,36,26,-15.648694218740404,-155.90600727773779,506.598
1467,36,27,-8.5493503454259,-150.2205031711058,504.489
1468,36,28,-1.3676922338855741,-144.74295100394403,503.049
1469,36,29,5.828419411712144,-139.29666744280257,502.341
1470,36,30,12.972463031162974,-133.70768756952123,502.372
1471,36,31,19.991331908129094,-127.78906910651672,503.086
1472,36,32,26.796257915949262,-121.32495075525998,504.379
1473,36,33,33.271084296277294,-114.05527306310276,506.103
1474,36,34,39.256761556552995,-105.66806030951555,508.084
1475,36,35,44.533174897941635,-95.81868846973622,510.139
1476,36,36,48.80609684647201,-84.21889624003353,512.097
1477,36,37,51.72331503721406,-70.84332312801921,513.808
1478,36,38,52.95486644645906,-56.19821933988005,515.162
1479,36,39,52.332960647056474,-41.352150895791596,516.1
1480,37,0,48.18088865060572,-12.151033745725975,516.721
1481,37,1,43.726611519233174,-0.8719201782158483,516.689
1482,37,2,38.32860032005079,8.694207558664468,516.417
1483,37,3,32.2679617336342,16.856425343254983,516.037
1484,37,4,25.752488897555423,23.95706268364356,515.69
1485,37,5,18.93177319992148,30.29890698837874,515.513
1486,37,6,11.915308549543203,36.13284476605343,515.621
1487,37,7,4.787328254359774,41.66779784299998,516.093
1488,37,8,-2.38206027611027,47.086244968179045,516.965
1489,37,9,-9.528117307262372,52.56008492752691,518.22
1490,37,10,-16.583682229318033,58.266062526195995,519.796
1491,37,11,-23.470988856265016,64.40145070288919,521.58
1492,37,12,-30.091549275366322,71.19972922909965,523.429
1493,37,13,-36.31286123181829,78.9433674081424,525.173
1494,37,14,-41.951400957717254,87.96205164106478,526.639
1495,37,15,-46.75536669912153,98.58714855544997,527.663
1496,37,16,-50.40147877242525,111.012259863322,528.11
1497,37,17,-52.53691692586222,125.0406692863953,527.883
1498,37,18,-52.89212091364874,139.88347631515506,526.939
1499,37,19,-51.415280335835654,154.3560051286301,525.294
1500,37,20,-48.30272898011499,167.46203165523903,523.021
1501,37,21,-43.890809266880275,178.78373956307382,520.245
1502,37,22,-38.52265623965461,-171.60333927355785,517.138
1503,37,23,-32.47925705070313,-163.397891514163,513.898
1504,37,24,-25.96941741314232,-156.25997500128452,510.74
1505,37,25,-19.1439820547919,-149.88656156220554,507.868
1506,37,26,-12.113825436448685,-144.0256855184443,505.467
1507,37,27,-4.964446158595606,-138.46701802469948,503.68
1508,37,28,2.23265522410153,-133.02664940737927,502.601
1509,37,29,9.411267284715441,-127.53120214459206,502.266
1510,37,30,16.5026044687754,-121.80220339332544,502.649
1511,37,31,23.426995607820963,-115.64025261095006,503.669
1512,37,32,30.083660406874955,-108.8091072144535,505.197
1513,37,33,36.337186950547284,-101.02267790026063,507.072
1514,37,34,42.000243640472014,-91.94724162552461,509.113
1515,37,35,46.81627149595053,-81.24863138510257,511.14
1516,37,36,50.45680330470235,-68.73646931625873,512.991
1517,37,37,52.565798380767625,-54.622757660641156,514.534
1518,37,38,52.876186082315094,-39.72150811824817,515.685
1519,37,39,51.34538359496433,-25.234058756531237,516.408
1520,38,0,49.947237041673546,-9.47749621400247,516.613
1521,38,1,46.09223046279416,2.7165258885859203,516.742
1522,38,2,41.12619116257465,13.108242922994597,516.575
1523,38,3,35.36653510721843,21.92891655678373,516.232
1524,38,4,29.056587785907215,29.519278460662218,515.85
1525,38,5,22.372696145274258,36.20600633734802,515.573
1526,38,6,15.442299562400958,42.26550086707863,515.526
1527,38,7,8.36065868564148,47.9258596322812,515.808
1528,38,8,1.203727246278777,53.38077996762813,516.479
1529,38,9,-5.962055904804852,58.80549720646526,517.547
1530,38,10,-13.071720193955246,64.37240190834913,518.974
1531,38,11,-20.05390156356829,70.26652048280081,520.67
1532,38,12,-26.821915521566414,76.70132366213986,522.507
1533,38,13,-33.26217089941043,83.93367437048296,524.325
1534,38,14,-39.21895304440238,92.27162779977603,525.951
1535,38,15,-44.47640919574966,102.05596940846767,527.216
1536,38,16,-48.745485747777316,113.57443457572303,527.966
1537,38,17,-51.678584128339644,126.8610513039871,528.084
1538,38,18,-52.946550691144566,141.43112887918826,527.501
1539,38,19,-52.375468329356046,156.23977130171963,526.201
1540,38,20,-50.04394569013176,170.12040958209968,524.229
1541,38,21,-46.2367196995912,-177.65041993447196,521.686
1542,38,22,-41.30693162839153,-167.2125658259935,518.721
1543,38,23,-35.57074068792889,-158.34633824553495,515.521
1544,38,24,-29.272070008937362,-150.71563724441836,512.296
1545,38,25,-22.588478896627887,-143.9945944973424,509.256
1546,38,26,-15.648694218740404,-137.90599994665297,506.598
1547,38,27,-8.5493503454259,-132.220495840021,504.489
1548,38,28,-1.3676922338855741,-126.74294367285923,503.049
1549,38,29,5.828419411712144,-121.29666011171778,502.341
1550,38,30,12.972463031162974,-115.70768023843642,502.372
1551,38,31,19.991331908129094,-109.7890686056211,503.086
1552,38,32,26.796257915949262,-103.32494342417517,504.379
1553,38,33,33.271084296277294,-96.05526573201796,506.103
1554,38,34,39.256761556552995,-87.66805297843075,508.084
1555,38,35,44.533174897941635,-77.81868113865141,510.139
1556,38,36,48.80609684647201,-66.21888890894873,512.097
1557,38,37,51.72331503721406,-52.84331579693441,513.808
1558,38,38,52.95486644645906,-38.198212008795245,515.162
1559,38,39,52.332960647056474,-23.352145272254088,516.1
1560,39,0,48.18088865060572,5.848973585358828,516.721
1561,39,1,43.726611519233174,17.12808757975578,516.689
1562,39,2,38.32860032005079,26.694214889749272,516.417
1563,39,3,32.2679617336342,34.856432674339786,516.037
1564,39,4,25.752488897555423,41.957070014728366,515.69
1565,39,5,18.93177319992148,48.29891431946354,515.513
1566,39,6,11.915308549543203,54.13285209713823,515.621
1567,39,7,4.787328254359774,59.6678017589902,516.093
1568,39,8,-2.38206027611027,65.08625229926385,516.965
1569,39,9,-9.528117307262372,70.56008884351712,518.22
1570,39,10,-16.583682229318033,76.2660698572808,519.796
1571,39,11,-23.470988856265016,82.401458033974,521.58
1572,39,12,-30.091549275366322,89.19973656018445,523.429
1573,39,13,-36.31286123181829,96.9433747392272,525.173
1574,39,14,-41.951400957717254,105.96205897214959,526.639
1575,39,15,-46.75536669912153,116.58714905634561,527.663
1576,39,16,-50.40147877242525,129.01226036421764,528.11
1577,39,17,-52.53691692586222,143.0406766174801,527.883
1578,39,18,-52.89212091364874,157.88348364623985,526.939
1579,39,19,-51.415280335835654,172.3560124597149,525.294
1580,39,20,-48.30272898011499,-174.53797103158882,523.021
1581,39,21,-43.890809266880275,-163.2162494633757,520.245
1582,39,22,-38.52265623965461,-153.60333194247303,517.138
1583,39,23,-32.47925705070313,-145.39788418307822,513.898
1584,39,24,-25.96941741314232,-138.2599676701997,510.74
1585,39,25,-19.1439820547919,-131.88655423112073,507.868
1586,39,26,-12.113825436448685,-126.02567818735952,505.467
1587,39,27,-4.964446158595606,-120.46701069361467,503.68
1588,39,28,2.23265522410153,-115.02664207629446,502.601
1589,39,29,9.411267284715441,-109.53120164369643,502.266
1590,39,30,16.5026044687754,-103.80219606224064,502.649
1591,39,31,23.426995607820963,-97.64025211005443,503.669
1592,39,32,30.083660406874955,-90.8090998833687,505.197
1593,39,33,36.337186950547284,-83.02267056917583,507.072
1594,39,34,42.000243640472014,-73.94723429443981,509.113
1595,39,35,46.81627149595053,-63.24862405401777,511.14
1596,39,36,50.45680330470235,-50.73646198517394,512.991
1597,39,37,52.565798380767625,-36.62275032955635,514.534
1598,39,38,52.876186082315094,-21.721499079616073,515.685
1599,39,39,51.34538359496433,-7.2340514254464345,516.408
