0,0,0,39.76146130979816,-65.29745540877899,508.27
1,0,1,44.96119211737507,-55.30121401127686,510.324
2,0,2,49.12765532240704,-43.537548467912636,512.265
3,0,3,51.906196767335736,-30.01836721350422,513.948
4,0,4,52.9752887120774,-15.305678703527779,515.267
5,0,5,52.18809916494967,-0.5024409349814499,516.167
6,0,6,49.65698473779927,13.241340258029696,516.642
7,0,7,45.68810866017202,25.27177506112805,516.741
8,0,8,40.63919867475274,35.51054281567898,516.552
9,0,9,34.82152357749185,44.206961648087244,516.199
10,0,10,28.471802357096355,51.70384899807952,515.822
11,0,11,21.761262733416594,58.32400302092521,515.559
12,0,12,14.81382312101682,64.33912522671284,515.538
13,0,13,7.722555946395856,69.97360782024481,515.853
14,0,14,0.5622138947597884,75.41883953225408,516.558
15,0,15,-6.601238667712985,80.84917460168354,517.661
16,0,16,-13.702565857207732,86.43750560699375,519.115
17,0,17,-20.6694245511915,92.37075433520042,520.829
18,0,18,-27.413256224433194,98.86569049999227,522.67
19,0,19,-33.817373071378675,106.18365762958148,524.478
20,0,20,-39.7214329861673,114.63702076528025,526.079
21,0,21,-44.903354075483406,124.56669513913143,527.303
22,0,22,-49.06759063884595,136.24782126147065,528
23,0,23,-51.86392131146794,149.67829543403352,528.058
24,0,24,-52.9710744853595,164.31854637276737,527.41
25,0,25,-52.235487017411224,179.08837966043473,526.048
26,0,26,-49.758324254514754,-167.1584434070103,524.02
27,0,27,-45.836323765161296,-155.09120669089026,521.432
28,0,28,-40.8225175369813,-144.80599364998326,518.438
29,0,29,-35.02716349792801,-136.0643623803641,515.228
30,0,30,-28.687675608456487,-128.52768576336192,512.011
31,0,31,-21.976492239447452,-121.87371547393548,508.998
32,0,32,-15.01887052254248,-115.82991330382298,506.384
33,0,33,-7.909195988108332,-110.17055516133381,504.331
34,0,34,-0.7235772206230455,-104.70286578733355,502.955
35,0,35,6.470625813988478,-99.25098147107269,502.315
36,0,36,13.606609383331868,-93.6404386905816,502.41
37,0,37,20.610264867695435,-87.68237588512027,503.182
38,0,38,27.390902722827036,-81.15754398233128,504.52
39,0,39,33.829216619399475,-73.80134828395751,506.275
40,1,0,42.46994208931545,-51.50661021032248,509.301
41,1,1,47.19511135335988,-40.64966935475037,511.319
42,1,2,50.71285343630779,-27.977434972518125,513.146
43,1,3,52.669337218395846,-13.751225832402195,514.658
44,1,4,52.8127507003986,1.1633748088274591,515.771
45,1,5,51.124276711152675,15.557900514103425,516.456
46,1,6,47.82957445555153,28.4867792543989,516.734
47,1,7,43.27750950583191,39.60387860036221,516.675
48,1,8,37.80992941485836,49.030430994666496,516.388
49,1,9,31.70114140988777,57.08407779975778,516.005
50,1,10,25.152996363914234,64.10529370047745,515.668
51,1,11,18.31077923077309,70.39220962390738,515.511
52,1,12,11.281196348320158,76.19139539908505,515.649
53,1,13,4.146794394656447,81.70876073891881,516.155
54,1,14,-3.023129878776619,87.12521003376565,517.062
55,1,15,-10.163925102946873,92.61242008841381,518.349
56,1,16,-17.207841991146726,98.34835831187716,519.947
57,1,17,-24.075691116695634,104.5328692090811,521.744
58,1,18,-30.666569241211356,111.40342479708862,523.589
59,1,19,-36.844137251123975,119.24715256822874,525.315
60,1,20,-42.41939185926819,128.3967237162161,526.748
61,1,21,-47.133885537639884,139.17866909470143,527.725
62,1,22,-50.65901788526975,151.76319701780156,528.114
63,1,23,-52.64381280146751,165.90551350566315,527.824
64,1,24,-52.833312984894924,-179.23481891623982,526.817
65,1,25,-51.19903654671305,-164.85121916575832,525.112
66,1,26,-47.95564950234621,-151.8968228387237,522.787
67,1,27,-43.444873046159316,-140.7362117726528,519.975
68,1,28,-38.00598316479441,-131.26297162027691,516.847
69,1,29,-31.91333831192714,-123.16658832154886,513.607
70,1,30,-25.36982071911629,-116.10861234271617,510.466
71,1,31,-18.52202844406512,-109.79060539818434,507.63
72,1,32,-11.477979220950102,-103.96481603618948,505.279
73,1,33,-4.321553322307686,-98.42394801542169,503.553
74,1,34,2.876552311640853,-92.98569675674418,502.541
75,1,35,10.050256241005874,-87.4768281722379,502.273
76,1,36,17.130133221412198,-81.717646815029,502.717
77,1,37,24.03508051943803,-75.50612934984684,503.789
78,1,38,30.661829089927366,-68.60197606131202,505.356
79,1,39,36.8710755172105,-60.71437798513291,507.253
80,2,0,39.76146130979816,-47.29745149278876,508.27
81,2,1,44.96119211737507,-37.301213510381224,510.324
82,2,2,49.12765532240704,-25.537549674564293,512.265
83,2,3,51.906196767335736,-12.018367566382233,513.948
84,2,4,52.9752887120774,2.6943224376980894,515.267
85,2,5,52.18809916494967,17.497559832718448,516.167
86,2,6,49.65698473779927,31.241339905151683,516.642
87,2,7,45.68810866017202,43.271775562023684,516.741
88,2,8,40.63919867475274,53.51054331657462,516.552
89,2,9,34.82152357749185,62.20695873388829,516.199
90,2,10,28.471802357096355,69.70384949897516,515.822
91,2,11,21.761262733416594,76.32400352182084,515.559
92,2,12,14.81382312101682,82.33912572760846,515.538
93,2,13,7.722555946395856,87.97360832114045,515.853
94,2,14,0.5622138947597884,93.4188400331497,516.558
95,2,15,-6.601238667712985,98.84917510257918,517.661
96,2,16,-13.702565857207732,104.43750610788938,519.115
97,2,17,-20.6694245511915,110.37075483609605,520.829
98,2,18,-27.413256224433194,116.86569783107707,522.67
99,2,19,-33.817373071378675,124.18365813047711,524.478
100,2,20,-39.7214329861673,132.6370144359867,526.079
101,2,21,-44.903354075483406,142.56670247021623,527.303
102,2,22,-49.06759063884595,154.24782859255544,528
103,2,23,-51.86392131146794,167.6783027651183,528.058
104,2,24,-52.9710744853595,-177.68145631406048,527.41
105,2,25,-52.235487017411224,-162.91162302639313,526.048
106,2,26,-49.758324254514754,-149.1584360759255,524.02
107,2,27,-45.836323765161296,-137.09119935980547,521.432
108,2,28,-40.8225175369813,-126.80599997927679,518.438
109,2,29,-35.02716349792801,-118.06436870965763,515.228
110,2,30,-28.687675608456487,-110.5276784322771,512.011
111,2,31,-21.976492239447452,-103.87371497303985,508.998
112,2,32,-15.01887052254248,-97.82991280292734,506.384
113,2,33,-7.909195988108332,-92.17055466043819,504.331
114,2,34,-0.7235772206230455,-86.70286528643791,502.955
115,2,35,6.470625813988478,-81.25098097017705,502.315
116,2,36,13.606609383331868,-75.64043818968597,502.41
117,2,37,20.610264867695435,-69.68237538422464,503.182
118,2,38,27.390902722827036,-63.157543481435646,504.52
119,2,39,33.829216619399475,-55.80135119815646,506.275
120,3,0,42.46994208931545,-33.50660970942685,509.301
121,3,1,47.19511135335988,-22.649668853854738,511.319
122,3,2,50.71285343630779,-9.977433617848845,513.146
123,3,3,52.669337218395846,4.248774668493438,514.658
124,3,4,52.8127507003986,19.16337466939286,515.771
125,3,5,51.124276711152675,33.55790101499906,516.456
126,3,6,47.82957445555153,46.486779755294535,516.734
127,3,7,43.27750950583191,57.603875686163256,516.675
128,3,8,37.80992941485836,67.03043149556213,516.388
129,3,9,31.70114140988777,75.08407830065342,516.005
130,3,10,25.152996363914234,82.10529420137308,515.668
131,3,11,18.31077923077309,88.39221012480301,515.511
132,3,12,11.281196348320158,94.19139589998068,515.649
133,3,13,4.146794394656447,99.70876123981445,516.155
134,3,14,-3.023129878776619,105.12521053466128,517.062
135,3,15,-10.163925102946873,110.61242058930945,518.349
136,3,16,-17.207841991146726,116.34835198258362,519.947
137,3,17,-24.075691116695634,122.53286970997674,521.744
138,3,18,-30.666569241211356,129.40342529798426,523.589
139,3,19,-36.844137251123975,137.24715989931354,525.315
140,3,20,-42.41939185926819,146.39671738692255,526.748
141,3,21,-47.133885537639884,157.17866276540792,527.725
142,3,22,-50.65901788526975,169.76320434888638,528.114
143,3,23,-52.64381280146751,-176.0944891811647,527.824
144,3,24,-52.833312984894924,-161.234811585155,526.817
145,3,25,-51.19903654671305,-146.85121183467353,525.112
146,3,26,-47.95564950234621,-133.89681550763888,522.787
147,3,27,-43.444873046159316,-122.73621810194635,519.975
148,3,28,-38.00598316479441,-113.26297111938128,516.847
149,3,29,-31.91333831192714,-105.16658782065322,513.607
150,3,30,-25.36982071911629,-98.10861867200971,510.466
151,3,31,-18.52202844406512,-91.79060489728872,507.63
152,3,32,-11.477979220950102,-85.96481553529384,505.279
153,3,33,-4.321553322307686,-80.42394751452606,503.553
154,3,34,2.876552311640853,-74.98569625584855,502.541
155,3,35,10.050256241005874,-69.47682767134228,502.273
156,3,36,17.130133221412198,-63.71764631413337,502.717
157,3,37,24.03508051943803,-57.50612884895121,503.789
158,3,38,30.661829089927366,-50.6019721453218,505.356
159,3,39,36.8710755172105,-42.71437748423728,507.253
160,4,0,39.76146130979816,-29.29745099189313,508.27
161,4,1,44.96119211737507,-19.301213009485593,510.324
162,4,2,49.12765532240704,-7.537549173668659,512.265
163,4,3,51.906196767335736,5.9816325076265775,513.948
164,4,4,52.9752887120774,20.69432229826349,515.267
165,4,5,52.18809916494967,35.49755862606679,516.167
166,4,6,49.65698473779927,49.241340406047314,516.642
167,4,7,45.68810866017202,61.271776062919315,516.741
168,4,8,40.63919867475274,71.51054381747025,516.552
169,4,9,34.82152357749185,80.20695923478392,516.199
170,4,10,28.471802357096355,87.70384999987078,515.822
171,4,11,21.761262733416594,94.32400402271648,515.559
172,4,12,14.81382312101682,100.3391262285041,515.538
173,4,13,7.722555946395856,105.97360882203608,515.853
174,4,14,0.5622138947597884,111.41884053404534,516.558
175,4,15,-6.601238667712985,116.84918243366398,517.661
176,4,16,-13.702565857207732,122.43750660878501,519.115
177,4,17,-20.6694245511915,128.3707553369917,520.829
178,4,18,-27.413256224433194,134.86569150178354,522.67
179,4,19,-33.817373071378675,142.18365180118357,524.478
180,4,20,-39.7214329861673,150.63702176707153,526.079
181,4,21,-44.903354075483406,160.5666961409227,527.303
182,4,22,-49.06759063884595,172.2478222632619,528
183,4,23,-51.86392131146794,-174.32169992170955,528.058
184,4,24,-52.9710744853595,-159.6814489829757,527.41
185,4,25,-52.235487017411224,-144.91161569530834,526.048
186,4,26,-49.758324254514754,-131.15844240521903,524.02
187,4,27,-45.836323765161296,-119.09120568909901,521.432
188,4,28,-40.8225175369813,-108.80599947838115,518.438
189,4,29,-35.02716349792801,-100.06436820876199,515.228
190,4,30,-28.687675608456487,-92.52767793138146,512.011
191,4,31,-21.976492239447452,-85.87371447214421,508.998
192,4,32,-15.01887052254248,-79.82991230203172,506.384
193,4,33,-7.909195988108332,-74.17055415954255,504.331
194,4,34,-0.7235772206230455,-68.70286478554227,502.955
195,4,35,6.470625813988478,-63.25098046928142,502.315
196,4,36,13.606609383331868,-57.640437688790335,502.41
197,4,37,20.610264867695435,-51.682374883329004,503.182
198,4,38,27.390902722827036,-45.157542980540015,504.52
199,4,39,33.829216619399475,-37.80135069726082,506.275
200,5,0,42.46994208931545,-15.506609208531213,509.301
201,5,1,47.19511135335988,-4.649667499185459,511.319
202,5,2,50.71285343630779,8.022566883046789,513.146
203,5,3,52.669337218395846,22.248774315615425,514.658
204,5,4,52.8127507003986,37.16337687783578,515.771
205,5,5,51.124276711152675,51.55790151589469,516.456
206,5,6,47.82957445555153,64.48678025619017,516.734
207,5,7,43.27750950583191,75.60387618705889,516.675
208,5,8,37.80992941485836,85.03043199645776,516.388
209,5,9,31.70114140988777,93.08407880154904,516.005
210,5,10,25.152996363914234,100.10529470226871,515.668
211,5,11,18.31077923077309,106.39221062569865,515.511
212,5,12,11.281196348320158,112.19139640087631,515.649
213,5,13,4.146794394656447,117.70876174071009,516.155
214,5,14,-3.023129878776619,123.12521103555692,517.062
215,5,15,-10.163925102946873,128.6124210902051,518.349
216,5,16,-17.207841991146726,134.34835931366842,519.947
217,5,17,-24.075691116695634,140.53287704106154,521.744
218,5,18,-30.666569241211356,147.40343262906907,523.589
219,5,19,-36.844137251123975,155.24715357002,525.315
220,5,20,-42.41939185926819,164.39672471800733,526.748
221,5,21,-47.133885537639884,175.1786700964927,527.725
222,5,22,-50.65901788526975,-172.2367983379415,528.114
223,5,23,-52.64381280146751,-158.09449551045824,527.824
224,5,24,-52.833312984894924,-143.23481791444854,526.817
225,5,25,-51.19903654671305,-128.85121816396708,525.112
226,5,26,-47.95564950234621,-115.89682183693242,522.787
227,5,27,-43.444873046159316,-104.73621760105071,519.975
228,5,28,-38.00598316479441,-95.26297061848564,516.847
229,5,29,-31.91333831192714,-87.16658731975758,513.607
230,5,30,-25.36982071911629,-80.10861817111409,510.466
231,5,31,-18.52202844406512,-73.79060439639308,507.63
232,5,32,-11.477979220950102,-67.96481503439821,505.279
233,5,33,-4.321553322307686,-62.423947013630425,503.553
234,5,34,2.876552311640853,-56.985699170047496,502.541
235,5,35,10.050256241005874,-51.47682375535206,502.273
236,5,36,17.130133221412198,-45.71764922833232,502.717
237,5,37,24.03508051943803,-39.50613176315016,503.789
238,5,38,30.661829089927366,-32.601971644426165,505.356
239,5,39,36.8710755172105,-24.714376983341648,507.253
240,6,0,39.76146130979816,-11.297450490997496,508.27
241,6,1,44.96119211737507,-1.3012124018682534,510.324
242,6,2,49.12765532240704,10.462451327226974,512.265
243,6,3,51.906196767335736,23.981632581635388,513.948
244,6,4,52.9752887120774,38.694322799159124,515.267
245,6,5,52.18809916494967,53.49755912696242,516.167
246,6,6,49.65698473779927,67.24134090694295,516.642
247,6,7,45.68810866017202,79.27177656381495,516.741
248,6,8,40.63919867475274,89.51054431836589,516.552
249,6,9,34.82152357749185,98.20695973567956,516.199
250,6,10,28.471802357096355,105.70385050076642,515.822
251,6,11,21.761262733416594,112.32400452361212,515.559
252,6,12,14.81382312101682,118.3391335595889,515.538
253,6,13,7.722555946395856,123.97361615312089,515.853
254,6,14,0.5622138947597884,129.41883420475182,516.558
255,6,15,-6.601238667712985,134.84917610437046,517.661
256,6,16,-13.702565857207732,140.4375139398698,519.115
257,6,17,-20.6694245511915,146.37074900769815,520.829
258,6,18,-27.413256224433194,152.86569883286833,522.67
259,6,19,-33.817373071378675,160.1836591322684,524.478
260,6,20,-39.7214329861673,168.637015437778,526.079
261,6,21,-44.903354075483406,178.5667034720075,527.303
262,6,22,-49.06759063884595,-169.75218042356596,528
263,6,23,-51.86392131146794,-156.32169259062476,528.058
264,6,24,-52.9710744853595,-141.6814553122692,527.41
265,6,25,-52.235487017411224,-126.91162202460187,526.048
266,6,26,-49.758324254514754,-113.15843507413423,524.02
267,6,27,-45.836323765161296,-101.0911983580142,521.432
268,6,28,-40.8225175369813,-90.80599897748552,518.438
269,6,29,-35.02716349792801,-82.06436770786637,515.228
270,6,30,-28.687675608456487,-74.52767743048584,512.011
271,6,31,-21.976492239447452,-67.87371397124858,508.998
272,6,32,-15.01887052254248,-61.82991180113608,506.384
273,6,33,-7.909195988108332,-56.1705570737415,504.331
274,6,34,-0.7235772206230455,-50.70286086955206,502.955
275,6,35,6.470625813988478,-45.250983383480374,502.315
276,6,36,13.606609383331868,-39.64044060298929,502.41
277,6,37,20.610264867695435,-33.68237438243337,503.182
278,6,38,27.390902722827036,-27.157540772097086,504.52
279,6,39,33.829216619399475,-19.801348488817897,506.275
280,7,0,42.46994208931545,2.4933876638264234,509.301
281,7,1,47.19511135335988,13.35032958661559,511.319
282,7,2,50.71285343630779,26.022563115074192,513.146
283,7,3,52.669337218395846,40.24877140141648,514.658
284,7,4,52.8127507003986,55.16337396363683,515.771
285,7,5,51.124276711152675,69.55789518660116,516.456
286,7,6,47.82957445555153,82.48677392689663,516.734
287,7,7,43.27750950583191,93.60387668795452,516.675
288,7,8,37.80992941485836,103.03042566716422,516.388
289,7,9,31.70114140988777,111.08407930244468,516.005
290,7,10,25.152996363914234,118.10529520316435,515.668
291,7,11,18.31077923077309,124.39221112659428,515.511
292,7,12,11.281196348320158,130.19139690177195,515.649
293,7,13,4.146794394656447,135.70875541141655,516.155
294,7,14,-3.023129878776619,141.1252047062634,517.062
295,7,15,-10.163925102946873,146.61241476091155,518.349
296,7,16,-17.207841991146726,152.34835298437488,519.947
297,7,17,-24.075691116695634,158.532870711768,521.744
298,7,18,-30.666569241211356,165.40342629977553,523.589
299,7,19,-36.844137251123975,173.24714724072646,525.315
300,7,20,-42.41939185926819,-177.60327796882052,526.748
301,7,21,-47.133885537639884,-166.82133259033515,527.725
302,7,22,-50.65901788526975,-154.23680466723505,528.114
303,7,23,-52.64381280146751,-140.09448817937343,527.824
304,7,24,-52.833312984894924,-125.23481058336374,526.817
305,7,25,-51.19903654671305,-110.85121766307144,525.112
306,7,26,-47.95564950234621,-97.8968213360368,522.787
307,7,27,-43.444873046159316,-86.73621710015509,519.975
308,7,28,-38.00598316479441,-77.26297011759002,516.847
309,7,29,-31.91333831192714,-69.16658681886196,513.607
310,7,30,-25.36982071911629,-62.10861767021845,510.466
311,7,31,-18.52202844406512,-55.79061072568661,507.63
312,7,32,-11.477979220950102,-49.964817948597165,505.279
313,7,33,-4.321553322307686,-44.423949927829376,503.553
314,7,34,2.876552311640853,-38.98570208424645,502.541
315,7,35,10.050256241005874,-33.47682666955101,502.273
316,7,36,17.130133221412198,-27.717652142531275,502.717
317,7,37,24.03508051943803,-21.506132969801815,503.789
318,7,38,30.661829089927366,-14.60197455862512,505.356
319,7,39,36.8710755172105,-6.714380324427423,507.253
320,8,0,39.76146130979816,6.702549583011314,508.27
321,8,1,44.96119211737507,16.698787992305675,510.324
322,8,2,49.12765532240704,28.462451828122607,512.265
323,8,3,51.906196767335736,41.98163479007832,513.948
324,8,4,52.9752887120774,56.694323300054755,515.267
325,8,5,52.18809916494967,71.49755962785805,516.167
326,8,6,49.65698473779927,85.24134140783859,516.642
327,8,7,45.68810866017202,97.27177706471058,516.741
328,8,8,40.63919867475274,107.51054481926151,516.552
329,8,9,34.82152357749185,116.20696706676436,516.199
330,8,10,28.471802357096355,123.70385100166206,515.822
331,8,11,21.761262733416594,130.32399819431856,515.559
332,8,12,14.81382312101682,136.33912723029536,515.538
333,8,13,7.722555946395856,141.97360982382733,515.853
334,8,14,0.5622138947597884,147.4188415358366,516.558
335,8,15,-6.601238667712985,152.84918343545525,517.661
336,8,16,-13.702565857207732,158.4375076105763,519.115
337,8,17,-20.6694245511915,164.37075633878297,520.829
338,8,18,-27.413256224433194,170.8656925035748,522.67
339,8,19,-33.817373071378675,178.18365280297485,524.478
340,8,20,-39.7214329861673,-173.3629872490499,526.079
341,8,21,-44.903354075483406,-163.43329921482038,527.303
342,8,22,-49.06759063884595,-151.75217309248117,528
343,8,23,-51.86392131146794,-138.32169891991828,528.058
344,8,24,-52.9710744853595,-123.68144798118442,527.41
345,8,25,-52.235487017411224,-108.91161469351707,526.048
346,8,26,-49.758324254514754,-95.1584345732386,524.02
347,8,27,-45.836323765161296,-83.09119785711857,521.432
348,8,28,-40.8225175369813,-72.80599847658989,518.438
349,8,29,-35.02716349792801,-64.06436720697073,515.228
350,8,30,-28.687675608456487,-56.52768034468478,512.011
351,8,31,-21.976492239447452,-49.87371688544753,508.998
352,8,32,-15.01887052254248,-43.82991130024045,506.384
353,8,33,-7.909195988108332,-38.17055657284586,504.331
354,8,34,-0.7235772206230455,-32.702860368656424,502.955
355,8,35,6.470625813988478,-27.25098288258474,502.315
356,8,36,13.606609383331868,-21.64043839454636,502.41
357,8,37,20.610264867695435,-15.68237558908503,503.182
358,8,38,27.390902722827036,-9.157540271201453,504.52
359,8,39,33.829216619399475,-1.801348201365677,506.275
360,9,0,42.46994208931545,20.493388378165466,509.301
361,9,1,47.19511135335988,31.350329233737575,511.319
362,9,2,50.71285343630779,44.02256361596982,513.146
363,9,3,52.669337218395846,58.24877531740669,514.658
364,9,4,52.8127507003986,73.16337446453247,515.771
365,9,5,51.124276711152675,87.55789568749678,516.456
366,9,6,47.82957445555153,100.48677442779227,516.734
367,9,7,43.27750950583191,111.60387718885016,516.675
368,9,8,37.80992941485836,121.03043299824903,516.388
369,9,9,31.70114140988777,129.08407297315114,516.005
370,9,10,25.152996363914234,136.10528887387082,515.668
371,9,11,18.31077923077309,142.39220479730074,515.511
372,9,12,11.281196348320158,148.1913905724784,515.649
373,9,13,4.146794394656447,153.70876274250136,516.155
374,9,14,-3.023129878776619,159.12521203734818,517.062
375,9,15,-10.163925102946873,164.61242209199634,518.349
376,9,16,-17.207841991146726,170.3483603154597,519.947
377,9,17,-24.075691116695634,176.53286438247446,521.744
378,9,18,-30.666569241211356,-176.59657638705235,523.589
379,9,19,-36.844137251123975,-168.75284178572306,525.315
380,9,20,-42.41939185926819,-159.60328429811406,526.748
381,9,21,-47.133885537639884,-148.8213389196287,527.725
382,9,22,-50.65901788526975,-136.23679733615023,528.114
383,9,23,-52.64381280146751,-122.09449450866697,527.824
384,9,24,-52.833312984894924,-107.23481691265727,526.817
385,9,25,-51.19903654671305,-92.8512171621758,525.112
386,9,26,-47.95564950234621,-79.89682083514116,522.787
387,9,27,-43.444873046159316,-68.73621659925945,519.975
388,9,28,-38.00598316479441,-59.26296961669438,516.847
389,9,29,-31.91333831192714,-51.1665897330609,513.607
390,9,30,-25.36982071911629,-44.1086205844174,510.466
391,9,31,-18.52202844406512,-37.79061022479098,507.63
392,9,32,-11.477979220950102,-31.964817447701527,505.279
393,9,33,-4.321553322307686,-26.423949426933746,503.553
394,9,34,2.876552311640853,-20.985701583350817,502.541
395,9,35,10.050256241005874,-15.476827876202666,502.273
396,9,36,17.130133221412198,-9.71765164163564,502.717
397,9,37,24.03508051943803,-3.5061331092364174,503.789
398,9,38,30.661829089927366,3.3980255153836905,505.356
399,9,39,36.8710755172105,11.285620603355033,507.253
400,10,0,39.76146130979816,24.70255051079377,508.27
401,10,1,44.96119211737507,34.698788493201306,510.324
402,10,2,49.12765532240704,46.46245403656553,512.265
403,10,3,51.906196767335736,59.98163529097395,513.948
404,10,4,52.9752887120774,74.69432721604497,515.267
405,10,5,52.18809916494967,89.49756012875369,516.167
406,10,6,49.65698473779927,103.24134190873421,516.642
407,10,7,45.68810866017202,115.27177756560621,516.741
408,10,8,40.63919867475274,125.51054532015715,516.552
409,10,9,34.82152357749185,134.20696073747084,516.199
410,10,10,28.471802357096355,141.70385833274685,515.822
411,10,11,21.761262733416594,148.32400552540338,515.559
412,10,12,14.81382312101682,154.33913456138018,515.538
413,10,13,7.722555946395856,159.97361715491215,515.853
414,10,14,0.5622138947597884,165.41883520654306,516.558
415,10,15,-6.601238667712985,170.8491771061617,517.661
416,10,16,-13.702565857207732,176.43751494166108,519.115
417,10,17,-20.6694245511915,-177.62924634804492,520.829
418,10,18,-27.413256224433194,-171.13431018325306,522.67
419,10,19,-33.817373071378675,-163.81633622347468,524.478
420,10,20,-39.7214329861673,-155.36297991796508,526.079
421,10,21,-44.903354075483406,-145.4333055441139,527.303
422,10,22,-49.06759063884595,-133.75217942177468,528
423,10,23,-51.86392131146794,-120.32169158883349,528.058
424,10,24,-52.9710744853595,-105.68145431047795,527.41
425,10,25,-52.235487017411224,-90.91161419262143,526.048
426,10,26,-49.758324254514754,-77.15843407234297,524.02
427,10,27,-45.836323765161296,-65.09119735622293,521.432
428,10,28,-40.8225175369813,-54.805997975694254,518.438
429,10,29,-35.02716349792801,-46.0643667060751,515.228
430,10,30,-28.687675608456487,-38.52767984378915,512.011
431,10,31,-21.976492239447452,-31.873716384551898,508.998
432,10,32,-15.01887052254248,-25.82991079934481,506.384
433,10,33,-7.909195988108332,-20.17055607195023,504.331
434,10,34,-0.7235772206230455,-14.702861575308086,502.955
435,10,35,6.470625813988478,-9.250982381689106,502.315
436,10,36,13.606609383331868,-3.6404378936507285,502.41
437,10,37,20.610264867695435,2.317625552140839,503.182
438,10,38,27.390902722827036,8.84246022969418,504.52
439,10,39,33.829216619399475,16.198652512973368,506.275
440,11,0,42.46994208931545,38.4933888790611,509.301
441,11,1,47.19511135335988,49.35032973463321,511.319
442,11,2,50.71285343630779,62.02256411686546,513.146
443,11,3,52.669337218395846,76.24877581830232,514.658
444,11,4,52.8127507003986,91.1633749654281,515.771
445,11,5,51.124276711152675,105.55789618839242,516.456
446,11,6,47.82957445555153,118.4867749286879,516.734
447,11,7,43.27750950583191,129.6038776897458,516.675
448,11,8,37.80992941485836,139.0304266689555,516.388
449,11,9,31.70114140988777,147.08408030423595,516.005
450,11,10,25.152996363914234,154.1052962049556,515.668
451,11,11,18.31077923077309,160.39221212838555,515.511
452,11,12,11.281196348320158,166.19139790356323,515.649
453,11,13,4.146794394656447,171.70875641320782,516.155
454,11,14,-3.023129878776619,177.12520570805464,517.062
455,11,15,-10.163925102946873,-177.38758059483152,518.349
456,11,16,-17.207841991146726,-171.65164237136815,519.947
457,11,17,-24.075691116695634,-165.4671383043534,521.744
458,11,18,-30.666569241211356,-158.59656905596754,523.589
459,11,19,-36.844137251123975,-150.7528481150166,525.315
460,11,20,-42.41939185926819,-141.60327696702925,526.748
461,11,21,-47.133885537639884,-130.82133158854387,527.725
462,11,22,-50.65901788526975,-118.23680366544377,528.114
463,11,23,-52.64381280146751,-104.09449400777135,527.824
464,11,24,-52.833312984894924,-89.23481641176164,526.817
465,11,25,-51.19903654671305,-74.85121666128016,525.112
466,11,26,-47.95564950234621,-61.896820334245525,522.787
467,11,27,-43.444873046159316,-50.73621609836382,519.975
468,11,28,-38.00598316479441,-41.26296911579874,516.847
469,11,29,-31.91333831192714,-33.16658923216527,513.607
470,11,30,-25.36982071911629,-26.108618375974473,510.466
471,11,31,-18.52202844406512,-19.790609723895347,507.63
472,11,32,-11.477979220950102,-13.964815239258602,505.279
473,11,33,-4.321553322307686,-8.423948072264466,503.553
474,11,34,2.876552311640853,-2.985700442124949,502.541
475,11,35,10.050256241005874,2.5231728381363796,502.273
476,11,36,17.130133221412198,8.282348859259992,502.717
477,11,37,24.03508051943803,14.49386803198945,503.789
478,11,38,30.661829089927366,21.398026443166145,505.356
479,11,39,36.8710755172105,29.285621104250666,507.253
480,12,0,39.76146130979816,42.7025510116894,508.27
481,12,1,44.96119211737507,52.698788994096944,510.324
482,12,2,49.12765532240704,64.46245112236659,512.265
483,12,3,51.906196767335736,77.98163579186958,513.948
484,12,4,52.9752887120774,92.6943277169406,515.267
485,12,5,52.18809916494967,107.49756062964933,516.167
486,12,6,49.65698473779927,121.24134923981902,516.642
487,12,7,45.68810866017202,133.27178489669103,516.741
488,12,8,40.63919867475274,143.5105389908636,516.552
489,12,9,34.82152357749185,152.20696806855562,516.199
490,12,10,28.471802357096355,159.70385200345333,515.822
491,12,11,21.761262733416594,166.32399919610984,515.559
492,12,12,14.81382312101682,172.33912823208664,515.538
493,12,13,7.722555946395856,177.9736108256186,515.853
494,12,14,0.5622138947597884,-176.58115381990646,516.558
495,12,15,-6.601238667712985,-171.15082558066615,517.661
496,12,16,-13.702565857207732,-165.56248774516678,519.115
497,12,17,-20.6694245511915,-159.6292390169601,520.829
498,12,18,-27.413256224433194,-153.13430285216825,522.67
499,12,19,-33.817373071378675,-145.81634255276822,524.478
500,12,20,-39.7214329861673,-137.36298624725862,526.079
501,12,21,-44.903354075483406,-127.4332982130291,527.303
502,12,22,-49.06759063884595,-115.7521720906899,528
503,12,23,-51.86392131146794,-102.32169791812701,528.058
504,12,24,-52.9710744853595,-87.68145380958232,527.41
505,12,25,-52.235487017411224,-72.91161369172579,526.048
506,12,26,-49.758324254514754,-59.15843357144733,524.02
507,12,27,-45.836323765161296,-47.091196855327304,521.432
508,12,28,-40.8225175369813,-36.80599747479862,518.438
509,12,29,-35.02716349792801,-28.06436449763217,515.228
510,12,30,-28.687675608456487,-20.527679342893517,512.011
511,12,31,-21.976492239447452,-13.873715883656265,508.998
512,12,32,-15.01887052254248,-7.829910298449177,506.384
513,12,33,-7.909195988108332,-2.1705549307243626,504.331
514,12,34,-0.7235772206230455,3.297139779361194,502.955
515,12,35,6.470625813988478,8.749018119206529,502.315
516,12,36,13.606609383331868,14.359562607244905,502.41
517,12,37,20.610264867695435,20.31762541270624,503.182
518,12,38,27.390902722827036,26.842460730589814,504.52
519,12,39,33.829216619399475,34.19865130632171,506.275
520,13,0,42.46994208931545,56.4933962101459,509.301
521,13,1,47.19511135335988,67.35033706571801,511.319
522,13,2,50.71285343630779,80.02257144795026,513.146
523,13,3,52.669337218395846,94.24878314938712,514.658
524,13,4,52.8127507003986,109.1633822965129,515.771
525,13,5,51.124276711152675,123.55790351947722,516.456
526,13,6,47.82957445555153,136.4867822597727,516.734
527,13,7,43.27750950583191,147.6038850208306,516.675
528,13,8,37.80992941485836,157.0304340000403,516.388
529,13,9,31.70114140988777,165.08408763532074,516.005
530,13,10,25.152996363914234,172.10530353604042,515.668
531,13,11,18.31077923077309,178.39221945947034,515.511
532,13,12,11.281196348320158,-175.8085911228863,515.649
533,13,13,4.146794394656447,-170.2912326132417,516.155
534,13,14,-3.023129878776619,-164.8747833183949,517.062
535,13,15,-10.163925102946873,-159.3875732637467,518.349
536,13,16,-17.207841991146726,-153.65163504028337,519.947
537,13,17,-24.075691116695634,-147.4671309732686,521.744
538,13,18,-30.666569241211356,-140.59656172488275,523.589
539,13,19,-36.844137251123975,-132.7528407839318,525.315
540,13,20,-42.41939185926819,-123.60326963594444,526.748
541,13,21,-47.133885537639884,-112.82132425745908,527.725
542,13,22,-50.65901788526975,-100.23678950416979,528.114
543,13,23,-52.64381280146751,-86.09448667668653,527.824
544,13,24,-52.833312984894924,-71.23480908067684,526.817
545,13,25,-51.19903654671305,-56.85120933019536,525.112
546,13,26,-47.95564950234621,-43.896813003160716,522.787
547,13,27,-43.444873046159316,-32.73620876727902,519.975
548,13,28,-38.00598316479441,-23.262961784713937,516.847
549,13,29,-31.91333831192714,-15.166580193533177,513.607
550,13,30,-25.36982071911629,-8.108611898663316,510.466
551,13,31,-18.52202844406512,-1.7906019659237196,507.63
552,13,32,-11.477979220950102,4.0351920918262,505.279
553,13,33,-4.321553322307686,9.576059258820338,503.553
554,13,34,2.876552311640853,15.01430624862962,502.541
555,13,35,10.050256241005874,20.52317995577777,502.273
556,13,36,17.130133221412198,26.282356190344796,502.717
557,13,37,24.03508051943803,32.49387365552696,503.789
558,13,38,30.661829089927366,39.39803377425095,505.356
559,13,39,36.8710755172105,47.28562843533547,507.253
560,14,0,39.76146130979816,60.702541267301285,508.27
561,14,1,44.96119211737507,70.6987826648034,510.324
562,14,2,49.12765532240704,82.46244479307305,512.265
563,14,3,51.906196767335736,95.98162946257604,513.948
564,14,4,52.9752887120774,110.69432138764707,515.267
565,14,5,52.18809916494967,125.49755430035579,516.167
566,14,6,49.65698473779927,139.24134291052547,516.642
567,14,7,45.68810866017202,151.2717785673975,516.741
568,14,8,40.63919867475274,161.51053266157007,516.552
569,14,9,34.82152357749185,170.20696173926208,516.199
570,14,10,28.471802357096355,177.7038456741598,515.822
571,14,11,21.761262733416594,-175.67600349071802,515.559
572,14,12,14.81382312101682,-169.66087445474122,515.538
573,14,13,7.722555946395856,-164.02639186120925,515.853
574,14,14,0.5622138947597884,-158.58116014919997,516.558
575,14,15,-6.601238667712985,-153.1508319099597,517.661
576,14,16,-13.702565857207732,-147.56249407446032,519.115
577,14,17,-20.6694245511915,-141.62924534625364,520.829
578,14,18,-27.413256224433194,-135.1343091814618,522.67
579,14,19,-33.817373071378675,-127.81634888206176,524.478
580,14,20,-39.7214329861673,-119.36299257655216,526.079
581,14,21,-44.903354075483406,-109.43330454232263,527.303
582,14,22,-49.06759063884595,-97.75217841998342,528
583,14,23,-51.86392131146794,-84.32170424742056,528.058
584,14,24,-52.9710744853595,-69.68146013887585,527.41
585,14,25,-52.235487017411224,-54.91162002101933,526.048
586,14,26,-49.758324254514754,-41.15844331583545,524.02
587,14,27,-45.836323765161296,-29.091203184620838,521.432
588,14,28,-40.8225175369813,-18.806003804092157,518.438
589,14,29,-35.02716349792801,-10.064370826925707,515.228
590,14,30,-28.687675608456487,-2.527685031856819,512.011
591,14,31,-21.976492239447452,4.126278213937021,508.998
592,14,32,-15.01887052254248,10.170083372257286,506.384
593,14,33,-7.909195988108332,15.829438099651867,504.331
594,14,34,-0.7235772206230455,21.297132596294013,502.955
595,14,35,6.470625813988478,26.74901178991299,502.315
596,14,36,13.606609383331868,32.35955457040408,502.41
597,14,37,20.610264867695435,38.31762079095999,503.182
598,14,38,27.390902722827036,44.84245269374898,504.52
599,14,39,33.829216619399475,52.198644977028174,506.275
600,15,0,42.46994208931545,74.49338988085236,509.301
601,15,1,47.19511135335988,85.35033073642448,511.319
602,15,2,50.71285343630779,98.02256511865673,513.146
603,15,3,52.669337218395846,112.2487768200936,514.658
604,15,4,52.8127507003986,127.1633691370302,515.771
605,15,5,51.124276711152675,141.5578971901837,516.456
606,15,6,47.82957445555153,154.48677593047915,516.734
607,15,7,43.27750950583191,165.60387869153706,516.675
608,15,8,37.80992941485836,175.03042767074675,516.388
609,15,9,31.70114140988777,-176.91592871188544,516.005
610,15,10,25.152996363914234,-169.8947128111658,515.668
611,15,11,18.31077923077309,-163.60779688773584,515.511
612,15,12,11.281196348320158,-157.80859745217984,515.649
613,15,13,4.146794394656447,-152.29123894253524,516.155
614,15,14,-3.023129878776619,-146.8747896476884,517.062
615,15,15,-10.163925102946873,-141.38757959304024,518.349
616,15,16,-17.207841991146726,-135.6516413695769,519.947
617,15,17,-24.075691116695634,-129.46713730256212,521.744
618,15,18,-30.666569241211356,-122.59656805417627,523.589
619,15,19,-36.844137251123975,-114.75284711322533,525.315
620,15,20,-42.41939185926819,-105.60328279542716,526.748
621,15,21,-47.133885537639884,-94.82133058675262,527.725
622,15,22,-50.65901788526975,-82.23679583346333,528.114
623,15,23,-52.64381280146751,-68.09449300598007,527.824
624,15,24,-52.833312984894924,-53.234811994875784,526.817
625,15,25,-51.19903654671305,-38.8512156594889,525.112
626,15,26,-47.95564950234621,-25.896821040001548,522.787
627,15,27,-43.444873046159316,-14.73621509657255,519.975
628,15,28,-38.00598316479441,-5.262968540894298,516.847
629,15,29,-31.91333831192714,2.8334128368430522,513.607
630,15,30,-25.36982071911629,9.891381772043147,510.466
631,15,31,-18.52202844406512,16.20939127789592,507.63
632,15,32,-11.477979220950102,22.035185762532663,505.279
633,15,33,-4.321553322307686,27.576052075753154,503.553
634,15,34,2.876552311640853,33.01429991933608,502.541
635,15,35,10.050256241005874,38.52317533403153,502.273
636,15,36,17.130133221412198,44.28234986105126,502.717
637,15,37,24.03508051943803,50.49386732623343,503.789
638,15,38,30.661829089927366,57.398027444957414,505.356
639,15,39,36.8710755172105,65.28561869094735,507.253
640,16,0,39.76146130979816,78.70254859838609,508.27
641,16,1,44.96119211737507,88.6987899958882,510.324
642,16,2,49.12765532240704,100.46245212415785,512.265
643,16,3,51.906196767335736,113.98163679366084,513.948
644,16,4,52.9752887120774,128.69432871873187,515.267
645,16,5,52.18809916494967,143.4975616314406,516.167
646,16,6,49.65698473779927,157.2413502416103,516.642
647,16,7,45.68810866017202,169.27178589848228,516.741
648,16,8,40.63919867475274,179.51053999265488,516.552
649,16,9,34.82152357749185,-171.79304094756577,516.199
650,16,10,28.471802357096355,-164.29614335228973,515.822
651,16,11,21.761262733416594,-157.67599615963323,515.559
652,16,12,14.81382312101682,-151.66086712365643,515.538
653,16,13,7.722555946395856,-146.02638453012446,515.853
654,16,14,0.5622138947597884,-140.58115281811519,516.558
655,16,15,-6.601238667712985,-135.15082457887488,517.661
656,16,16,-13.702565857207732,-129.5624867433755,519.115
657,16,17,-20.6694245511915,-123.62923801516884,520.829
658,16,18,-27.413256224433194,-117.134301850377,522.67
659,16,19,-33.817373071378675,-109.81634155097696,524.478
660,16,20,-39.7214329861673,-101.36297841527818,526.079
661,16,21,-44.903354075483406,-91.43329721123783,527.303
662,16,22,-49.06759063884595,-79.75217108889862,528
663,16,23,-51.86392131146794,-66.32169691633575,528.058
664,16,24,-52.9710744853595,-51.681452807791054,527.41
665,16,25,-52.235487017411224,-36.91161268993453,526.048
666,16,26,-49.758324254514754,-23.158434277203355,524.02
667,16,27,-45.836323765161296,-11.091196707309681,521.432
668,16,28,-40.8225175369813,-0.8059962595639432,518.438
669,16,29,-35.02716349792801,7.935636504159097,515.228
670,16,30,-28.687675608456487,15.47232165889775,512.011
671,16,31,-21.976492239447452,22.126285118135,508.998
672,16,32,-15.01887052254248,28.17009070334209,506.384
673,16,33,-7.909195988108332,33.82944543073667,504.331
674,16,34,-0.7235772206230455,39.297141634926106,502.955
675,16,35,6.470625813988478,44.749019120997794,502.315
676,16,36,13.606609383331868,50.35956190148888,502.41
677,16,37,20.610264867695435,56.317628122044795,503.182
678,16,38,27.390902722827036,62.84246002483379,504.52
679,16,39,33.829216619399475,70.19865572320757,506.275
680,17,0,42.46994208931545,92.49338355155884,509.301
681,17,1,47.19511135335988,103.35032440713094,511.319
682,17,2,50.71285343630779,116.02256561955235,513.146
683,17,3,52.669337218395846,130.24877049080007,514.658
684,17,4,52.8127507003986,145.16336280773666,515.771
685,17,5,51.124276711152675,159.55789086089015,516.456
686,17,6,47.82957445555153,172.4867696011856,516.734
687,17,7,43.27750950583191,-176.3961239952908,516.675
688,17,8,37.80992941485836,-166.9695750160811,516.388
689,17,9,31.70114140988777,-158.91593504117898,516.005
690,17,10,25.152996363914234,-151.89471914045933,515.668
691,17,11,18.31077923077309,-145.60780321702939,515.511
692,17,12,11.281196348320158,-139.80860378147338,515.649
693,17,13,4.146794394656447,-134.29124527182879,516.155
694,17,14,-3.023129878776619,-128.87479597698194,517.062
695,17,15,-10.163925102946873,-123.38758592233378,518.349
696,17,16,-17.207841991146726,-117.65164769887043,519.947
697,17,17,-24.075691116695634,-111.4671368016665,521.744
698,17,18,-30.666569241211356,-104.59658121365898,523.589
699,17,19,-36.844137251123975,-96.75285344251887,525.315
700,17,20,-42.41939185926819,-87.60328912472069,526.748
701,17,21,-47.133885537639884,-76.82133691604615,527.725
702,17,22,-50.65901788526975,-64.23680216275687,528.114
703,17,23,-52.64381280146751,-50.09449592017902,527.824
704,17,24,-52.833312984894924,-35.234818324169325,526.817
705,17,25,-51.19903654671305,-20.851220281235143,525.112
706,17,26,-47.95564950234621,-7.896826515521439,522.787
707,17,27,-43.444873046159316,3.26377814724709,519.975
708,17,28,-38.00598316479441,12.737024702925343,516.847
709,17,29,-31.91333831192714,20.83340714787975,513.607
710,17,30,-25.36982071911629,27.891376296523255,510.466
711,17,31,-18.52202844406512,34.209384948602384,507.63
712,17,32,-11.477979220950102,40.03517772569184,505.279
713,17,33,-4.321553322307686,45.57604574645962,503.553
714,17,34,2.876552311640853,51.01429359004255,502.541
715,17,35,10.050256241005874,56.52316900473799,502.273
716,17,36,17.130133221412198,62.282343531757725,502.717
717,17,37,24.03508051943803,68.49386099693989,503.789
718,17,38,30.661829089927366,75.39802111566388,505.356
719,17,39,36.8710755172105,83.28561236165382,507.253
720,18,0,39.76146130979816,96.70254226909255,508.27
721,18,1,44.96119211737507,106.69878366659466,510.324
722,18,2,49.12765532240704,118.46244579486431,512.265
723,18,3,51.906196767335736,131.9816304643673,513.948
724,18,4,52.9752887120774,146.69432238943833,515.267
725,18,5,52.18809916494967,161.49755530214705,516.167
726,18,6,49.65698473779927,175.24134391231675,516.642
727,18,7,45.68810866017202,-172.7282304487239,516.741
728,18,8,40.63919867475274,-162.48946269417297,516.552
729,18,9,34.82152357749185,-153.7930472768593,516.199
730,18,10,28.471802357096355,-146.29614968158327,515.822
731,18,11,21.761262733416594,-139.67600248892674,515.559
732,18,12,14.81382312101682,-133.66087345294997,515.538
733,18,13,7.722555946395856,-128.02639085941797,515.853
734,18,14,0.5622138947597884,-122.58115914740873,516.558
735,18,15,-6.601238667712985,-117.15083090816843,517.661
736,18,16,-13.702565857207732,-111.56249307266906,519.115
737,18,17,-20.6694245511915,-105.62925117465154,520.829
738,18,18,-27.413256224433194,-99.13430817967053,522.67
739,18,19,-33.817373071378675,-91.81634788027048,524.478
740,18,20,-39.7214329861673,-83.36298474457172,526.079
741,18,21,-44.903354075483406,-73.43330354053137,527.303
742,18,22,-49.06759063884595,-61.75217741819216,528
743,18,23,-51.86392131146794,-48.321699830534705,528.058
744,18,24,-52.9710744853595,-33.68145913708459,527.41
745,18,25,-52.235487017411224,-18.911619019228066,526.048
746,18,26,-49.758324254514754,-5.158441033383716,524.02
747,18,27,-45.836323765161296,6.908796963396782,521.432
748,18,28,-40.8225175369813,17.193997197699108,518.438
749,18,29,-35.02716349792801,25.93563017486556,515.228
750,18,30,-28.687675608456487,33.472315329604214,512.011
751,18,31,-21.976492239447452,40.12627878884147,508.998
752,18,32,-15.01887052254248,46.17008437404855,506.384
753,18,33,-7.909195988108332,51.829439101443135,504.331
754,18,34,-0.7235772206230455,57.29713189053798,502.955
755,18,35,6.470625813988478,62.74901620679884,502.315
756,18,36,13.606609383331868,68.35955898728993,502.41
757,18,37,20.610264867695435,74.31762179275125,503.182
758,18,38,27.390902722827036,80.84245369554026,504.52
759,18,39,33.829216619399475,88.19864939391402,506.275
760,19,0,42.46994208931545,110.49339088264364,509.301
761,19,1,47.19511135335988,121.35033173821574,511.319
762,19,2,50.71285343630779,134.02257295063717,513.146
763,19,3,52.669337218395846,148.24877782188486,514.658
764,19,4,52.8127507003986,163.16337013882145,515.771
765,19,5,51.124276711152675,177.55789819197494,516.456
766,19,6,47.82957445555153,-169.51321942526388,516.734
767,19,7,43.27750950583191,-158.396116664206,516.675
768,19,8,37.80992941485836,-148.9695676849963,516.388
769,19,9,31.70114140988777,-140.9159277100942,516.005
770,19,10,25.152996363914234,-133.8947118093745,515.668
771,19,11,18.31077923077309,-127.60779588594458,515.511
772,19,12,11.281196348320158,-121.80859645038858,515.649
773,19,13,4.146794394656447,-116.29123794074398,516.155
774,19,14,-3.023129878776619,-110.87478864589714,517.062
775,19,15,-10.163925102946873,-105.38757859124898,518.349
776,19,16,-17.207841991146726,-99.65164036778563,519.947
777,19,17,-24.075691116695634,-93.4671294705817,521.744
778,19,18,-30.666569241211356,-86.59657388257418,523.589
779,19,19,-36.844137251123975,-78.75284611143405,525.315
780,19,20,-42.41939185926819,-69.60328179363589,526.748
781,19,21,-47.133885537639884,-58.82132958496135,527.725
782,19,22,-50.65901788526975,-46.236794831672064,528.114
783,19,23,-52.64381280146751,-32.09448858909422,527.824
784,19,24,-52.833312984894924,-17.23481099308452,526.817
785,19,25,-51.19903654671305,-2.8512138039239865,525.112
786,19,26,-47.95564950234621,10.103180815563364,522.787
787,19,27,-43.444873046159316,21.263785905218718,519.975
788,19,28,-38.00598316479441,30.73703288778379,516.847
789,19,29,-31.91333831192714,38.83341277141726,513.607
790,19,30,-25.36982071911629,45.891381920060766,510.466
791,19,31,-18.52202844406512,52.20939227968719,507.63
792,19,32,-11.477979220950102,58.03518847187122,505.279
793,19,33,-4.321553322307686,63.576056492639005,503.553
794,19,34,2.876552311640853,69.01430092112734,502.541
795,19,35,10.050256241005874,74.5231763358228,502.273
796,19,36,17.130133221412198,80.28235086284252,502.717
797,19,37,24.03508051943803,86.49386832802469,503.789
798,19,38,30.661829089927366,93.39802844674868,505.356
799,19,39,36.8710755172105,101.28561969273862,507.253
800,20,0,39.76146130979816,114.70254960017735,508.27
801,20,1,44.96119211737507,124.69879099767948,510.324
802,20,2,49.12765532240704,136.4624531259491,512.265
803,20,3,51.906196767335736,149.98163779545212,513.948
804,20,4,52.9752887120774,164.69432972052314,515.267
805,20,5,52.18809916494967,179.49756263323187,516.167
806,20,6,49.65698473779927,-166.7586587745111,516.642
807,20,7,45.68810866017202,-154.72822311763912,516.741
808,20,8,40.63919867475274,-144.48945536308818,516.552
809,20,9,34.82152357749185,-135.7930399457745,516.199
810,20,10,28.471802357096355,-128.29614235049846,515.822
811,20,11,21.761262733416594,-121.67599515784195,515.559
812,20,12,14.81382312101682,-115.66086612186517,515.538
813,20,13,7.722555946395856,-110.02638352833318,515.853
814,20,14,0.5622138947597884,-104.58115864651309,516.558
815,20,15,-6.601238667712985,-99.15081674689445,517.661
816,20,16,-13.702565857207732,-93.56248574158425,519.115
817,20,17,-20.6694245511915,-87.62924384356674,520.829
818,20,18,-27.413256224433194,-81.13430084858572,522.67
819,20,19,-33.817373071378675,-73.81634054918568,524.478
820,20,20,-39.7214329861673,-65.36297741348692,526.079
821,20,21,-44.903354075483406,-55.43329962454115,527.303
822,20,22,-49.06759063884595,-43.75217008710736,528
823,20,23,-51.86392131146794,-30.321692499449902,528.058
824,20,24,-52.9710744853595,-15.681451805999785,527.41
825,20,25,-52.235487017411224,-0.9116123284734965,526.048
826,20,26,-49.758324254514754,12.841566724587912,524.02
827,20,27,-45.836323765161296,24.90880514825523,521.432
828,20,28,-40.8225175369813,35.194004528783914,518.438
829,20,29,-35.02716349792801,43.93563579840307,515.228
830,20,30,-28.687675608456487,51.47232266068902,512.011
831,20,31,-21.976492239447452,58.12628953502085,508.998
832,20,32,-15.01887052254248,64.17009170513336,506.384
833,20,33,-7.909195988108332,69.82944984762253,504.331
834,20,34,-0.7235772206230455,75.29713922162279,502.955
835,20,35,6.470625813988478,80.74902353788364,502.315
836,20,36,13.606609383331868,86.35956631837473,502.41
837,20,37,20.610264867695435,92.31762912383607,503.182
838,20,38,27.390902722827036,98.84246102662506,504.52
839,20,39,33.829216619399475,106.19865672499883,506.275
840,21,0,42.46994208931545,128.4933845533501,509.301
841,21,1,47.19511135335988,139.3503254089222,511.319
842,21,2,50.71285343630779,152.02256662134363,513.146
843,21,3,52.669337218395846,166.24877149259132,514.658
844,21,4,52.8127507003986,-178.8366325480064,515.771
845,21,5,51.124276711152675,-164.4421044948529,516.456
846,21,6,47.82957445555153,-151.51322575455742,516.734
847,21,7,43.27750950583191,-140.39612299349955,516.675
848,21,8,37.80992941485836,-130.96957401428983,516.388
849,21,9,31.70114140988777,-122.91593403938772,516.005
850,21,10,25.152996363914234,-115.89471813866805,515.668
851,21,11,18.31077923077309,-109.60779538504895,515.511
852,21,12,11.281196348320158,-103.80860960987128,515.649
853,21,13,4.146794394656447,-98.29124427003751,516.155
854,21,14,-3.023129878776619,-92.87479497519068,517.062
855,21,15,-10.163925102946873,-87.38758492054252,518.349
856,21,16,-17.207841991146726,-81.65164669707917,519.947
857,21,17,-24.075691116695634,-75.46713579987524,521.744
858,21,18,-30.666569241211356,-68.5965802118677,523.589
859,21,19,-36.844137251123975,-60.752852440727594,525.315
860,21,20,-42.41939185926819,-51.60328470783484,526.748
861,21,21,-47.133885537639884,-40.82133932934947,527.725
862,21,22,-50.65901788526975,-28.236801160965605,528.114
863,21,23,-52.64381280146751,-14.094494918387758,527.824
864,21,24,-52.833312984894924,0.765182410817679,526.817
865,21,25,-51.19903654671305,15.148780720556124,525.112
866,21,26,-47.95564950234621,28.103173632496183,522.787
867,21,27,-43.444873046159316,39.26377957592518,519.975
868,21,28,-38.00598316479441,48.73702655849026,516.847
869,21,29,-31.91333831192714,56.833406442123724,513.607
870,21,30,-25.36982071911629,63.891379005861815,510.466
871,21,31,-18.52202844406512,70.20938595039365,507.63
872,21,32,-11.477979220950102,76.03518214257768,505.279
873,21,33,-4.321553322307686,81.57605016334547,503.553
874,21,34,2.876552311640853,87.01429459183382,502.541
875,21,35,10.050256241005874,92.52317000652926,502.273
876,21,36,17.130133221412198,98.282344533549,502.717
877,21,37,24.03508051943803,104.49386199873115,503.789
878,21,38,30.661829089927366,111.39802211745514,505.356
879,21,39,36.8710755172105,119.28562019363424,507.253
880,22,0,39.76146130979816,132.7025432708838,508.27
881,22,1,44.96119211737507,142.69878466838594,510.324
882,22,2,49.12765532240704,154.46244679665557,512.265
883,22,3,51.906196767335736,167.98163146615857,513.948
884,22,4,52.9752887120774,-177.3056729663047,515.267
885,22,5,52.18809916494967,-162.50244005359602,516.167
886,22,6,49.65698473779927,-148.75866510380465,516.642
887,22,7,45.68810866017202,-136.72822944693266,516.741
888,22,8,40.63919867475274,-126.48946169238172,516.552
889,22,9,34.82152357749185,-117.79304627506804,516.199
890,22,10,28.471802357096355,-110.29615550998118,515.822
891,22,11,21.761262733416594,-103.6760014871355,515.559
892,22,12,14.81382312101682,-97.6608724511587,515.538
893,22,13,7.722555946395856,-92.02638985762673,515.853
894,22,14,0.5622138947597884,-86.58116497580663,516.558
895,22,15,-6.601238667712985,-81.15082307618799,517.661
896,22,16,-13.702565857207732,-75.56249207087778,519.115
897,22,17,-20.6694245511915,-69.62925017286028,520.829
898,22,18,-27.413256224433194,-63.134307177879265,522.67
899,22,19,-33.817373071378675,-55.81634687847922,524.478
900,22,20,-39.7214329861673,-47.36298374278045,526.079
901,22,21,-44.903354075483406,-37.43330595383469,527.303
902,22,22,-49.06759063884595,-25.752176416400896,528
903,22,23,-51.86392131146794,-12.321699682517083,528.058
904,22,24,-52.9710744853595,2.318542505036913,527.41
905,22,25,-52.235487017411224,17.088381982563202,526.048
906,22,26,-49.758324254514754,30.84155868774708,524.02
907,22,27,-45.836323765161296,42.90879881896169,521.432
908,22,28,-40.8225175369813,53.19399819949037,518.438
909,22,29,-35.02716349792801,61.935629469109536,515.228
910,22,30,-28.687675608456487,69.47231974649006,512.011
911,22,31,-21.976492239447452,76.12628320572732,508.998
912,22,32,-15.01887052254248,82.17008537583982,506.384
913,22,33,-7.909195988108332,87.82944351832899,504.331
914,22,34,-0.7235772206230455,93.29713289232926,502.955
915,22,35,6.470625813988478,98.7490172085901,502.315
916,22,36,13.606609383331868,104.35955998908119,502.41
917,22,37,20.610264867695435,110.31762279454253,503.182
918,22,38,27.390902722827036,116.84246152752068,504.52
919,22,39,33.829216619399475,124.19864356551612,506.275
920,23,0,42.46994208931545,146.4933918844349,509.301
921,23,1,47.19511135335988,157.35033274000702,511.319
922,23,2,50.71285343630779,170.02257395242842,513.146
923,23,3,52.669337218395846,-175.7512175338582,514.658
924,23,4,52.8127507003986,-160.8366252169216,515.771
925,23,5,51.124276711152675,-146.4420971637681,516.456
926,23,6,47.82957445555153,-133.51321842347264,516.734
927,23,7,43.27750950583191,-122.39611566241473,516.675
928,23,8,37.80992941485836,-112.96956668320503,516.388
929,23,9,31.70114140988777,-104.91591987811375,516.005
930,23,10,25.152996363914234,-97.89470397739409,515.668
931,23,11,18.31077923077309,-91.60778805396414,515.511
932,23,12,11.281196348320158,-85.80860227878648,515.649
933,23,13,4.146794394656447,-80.29123693895271,516.155
934,23,14,-3.023129878776619,-74.87478764410588,517.062
935,23,15,-10.163925102946873,-69.38757758945772,518.349
936,23,16,-17.207841991146726,-63.65163936599437,519.947
937,23,17,-24.075691116695634,-57.467128468790435,521.744
938,23,18,-30.666569241211356,-50.59657288078291,523.589
939,23,19,-36.844137251123975,-42.75284169454821,525.315
940,23,20,-42.41939185926819,-33.603277376750036,526.748
941,23,21,-47.133885537639884,-22.821330290717377,527.725
942,23,22,-50.65901788526975,-10.236794683654447,528.114
943,23,23,-52.64381280146751,3.905512412697046,527.824
944,23,24,-52.833312984894924,18.765190008706746,526.817
945,23,25,-51.19903654671305,33.14878634409364,525.112
946,23,26,-47.95564950234621,46.10318267112828,522.787
947,23,27,-43.444873046159316,57.26378690700998,519.975
948,23,28,-38.00598316479441,66.73703388957506,516.847
949,23,29,-31.91333831192714,74.83341718830312,513.607
950,23,30,-25.36982071911629,81.89138633694662,510.466
951,23,31,-18.52202844406512,88.20939328147846,507.63
952,23,32,-11.477979220950102,94.03518947366248,505.279
953,23,33,-4.321553322307686,99.57605749443027,503.553
954,23,34,2.876552311640853,105.01430192291862,502.541
955,23,35,10.050256241005874,110.52317733761406,502.273
956,23,36,17.130133221412198,116.28235869482296,502.717
957,23,37,24.03508051943803,122.49386932981596,503.789
958,23,38,30.661829089927366,129.39802944853994,505.356
959,23,39,36.8710755172105,137.28562752471905,507.253
960,24,0,39.76146130979816,150.70255060196862,508.27
961,24,1,44.96119211737507,160.69879199947073,510.324
962,24,2,49.12765532240704,172.4624541277404,512.265
963,24,3,51.906196767335736,-174.01835756029095,513.948
964,24,4,52.9752887120774,-159.30566563521992,515.267
965,24,5,52.18809916494967,-144.5024327225112,516.167
966,24,6,49.65698473779927,-130.75865777271986,516.642
967,24,7,45.68810866017202,-118.72822211584784,516.741
968,24,8,40.63919867475274,-108.48945436129691,516.552
969,24,9,34.82152357749185,-99.79303211379407,516.199
970,24,10,28.471802357096355,-92.29614817889637,515.822
971,24,11,21.761262733416594,-85.67599415605069,515.559
972,24,12,14.81382312101682,-79.6608651200739,515.538
973,24,13,7.722555946395856,-74.02638252654192,515.853
974,24,14,0.5622138947597884,-68.58115764472183,516.558
975,24,15,-6.601238667712985,-63.15081574510318,517.661
976,24,16,-13.702565857207732,-57.56248473979298,519.115
977,24,17,-20.6694245511915,-51.62924284177547,520.829
978,24,18,-27.413256224433194,-45.13429984679446,522.67
979,24,19,-33.817373071378675,-37.81633954739442,524.478
980,24,20,-39.7214329861673,-29.362976411695648,526.079
981,24,21,-44.903354075483406,-19.433296915202593,527.303
982,24,22,-49.06759063884595,-7.752169939089739,528
983,24,23,-51.86392131146794,5.67830764856772,528.058
984,24,24,-52.9710744853595,20.318549195791483,527.41
985,24,25,-52.235487017411224,35.08838931364801,526.048
986,24,26,-49.758324254514754,48.841566018831884,524.02
987,24,27,-45.836323765161296,60.908806150046495,521.432
988,24,28,-40.8225175369813,71.19400553057518,518.438
989,24,29,-35.02716349792801,79.93563680019435,515.228
990,24,30,-28.687675608456487,87.47232707757487,512.011
991,24,31,-21.976492239447452,94.12629053681212,508.998
992,24,32,-15.01887052254248,100.17009270692462,506.384
993,24,33,-7.909195988108332,105.82945084941379,504.331
994,24,34,-0.7235772206230455,111.29714022341406,502.955
995,24,35,6.470625813988478,116.74902453967492,502.315
996,24,36,13.606609383331868,122.35956048997683,502.41
997,24,37,20.610264867695435,128.31763012562732,503.182
998,24,38,27.390902722827036,134.84246885860549,504.52
999,24,39,33.829216619399475,142.19865089660092,506.275
1000,25,0,42.46994208931545,164.49338555514137,509.301
1001,25,1,47.19511135335988,175.35032641071348,511.319
1002,25,2,50.71285343630779,-171.97744239477777,513.146
1003,25,3,52.669337218395846,-157.75122386315175,514.658
1004,25,4,52.8127507003986,-142.83663154621513,515.771
1005,25,5,51.124276711152675,-128.44210349306164,516.456
1006,25,6,47.82957445555153,-115.51322475276616,516.734
1007,25,7,43.27750950583191,-104.39612882189745,516.675
1008,25,8,37.80992941485836,-94.96957301249857,516.388
1009,25,9,31.70114140988777,-86.9159262074073,516.005
1010,25,10,25.152996363914234,-79.89471030668763,515.668
1011,25,11,18.31077923077309,-73.60779438325768,515.511
1012,25,12,11.281196348320158,-67.80860860808002,515.649
1013,25,13,4.146794394656447,-62.29124326824625,516.155
1014,25,14,-3.023129878776619,-56.87479397339942,517.062
1015,25,15,-10.163925102946873,-51.387580503656665,518.349
1016,25,16,-17.207841991146726,-45.651645695287904,519.947
1017,25,17,-24.075691116695634,-39.46713479808397,521.744
1018,25,18,-30.666569241211356,-32.59657921007644,523.589
1019,25,19,-36.844137251123975,-24.752849731389038,525.315
1020,25,20,-42.41939185926819,-15.603283706043573,526.748
1021,25,21,-47.133885537639884,-4.821337046897736,527.725
1022,25,22,-50.65901788526975,7.763198987052016,528.114
1023,25,23,-52.64381280146751,21.90550608340351,527.824
1024,25,24,-52.833312984894924,36.76518367941321,526.817
1025,25,25,-51.19903654671305,51.148780014800096,525.112
1026,25,26,-47.95564950234621,64.10317634183474,522.787
1027,25,27,-43.444873046159316,75.26378057771645,519.975
1028,25,28,-38.00598316479441,84.73702756028152,516.847
1029,25,29,-31.91333831192714,92.83341085900958,513.607
1030,25,30,-25.36982071911629,99.89138000765308,510.466
1031,25,31,-18.52202844406512,106.20938695218491,507.63
1032,25,32,-11.477979220950102,112.03518314436896,505.279
1033,25,33,-4.321553322307686,117.57605116513673,503.553
1034,25,34,2.876552311640853,123.01430242381424,502.541
1035,25,35,10.050256241005874,128.52316417813137,502.273
1036,25,36,17.130133221412198,134.28235236552942,502.717
1037,25,37,24.03508051943803,140.49386300052242,503.789
1038,25,38,30.661829089927366,147.3980231192464,505.356
1039,25,39,36.8710755172105,155.2856211954255,507.253
1040,26,0,39.76146130979816,168.7025579330534,508.27
1041,26,1,44.96119211737507,178.69879933055554,510.324
1042,26,2,49.12765532240704,-169.53753489870914,512.265
1043,26,3,51.906196767335736,-156.01835022920613,513.948
1044,26,4,52.9752887120774,-141.3056583041351,515.267
1045,26,5,52.18809916494967,-126.5024253914264,516.167
1046,26,6,49.65698473779927,-112.75864361144588,516.642
1047,26,7,45.68810866017202,-100.72820795457388,516.741
1048,26,8,40.63919867475274,-90.4894470302121,516.552
1049,26,9,34.82152357749185,-81.79302478270927,516.199
1050,26,10,28.471802357096355,-74.29614084781157,515.822
1051,26,11,21.761262733416594,-67.67598682496588,515.559
1052,26,12,14.81382312101682,-61.66085778898909,515.538
1053,26,13,7.722555946395856,-56.026378610551696,515.853
1054,26,14,0.5622138947597884,-50.58115031363702,516.558
1055,26,15,-6.601238667712985,-45.15081182911297,517.661
1056,26,16,-13.702565857207732,-39.562477408708176,519.115
1057,26,17,-20.6694245511915,-33.62923551069067,520.829
1058,26,18,-27.413256224433194,-27.134294223256948,522.67
1059,26,19,-33.817373071378675,-19.81633050876232,524.478
1060,26,20,-39.7214329861673,-11.362970788158135,526.079
1061,26,21,-44.903354075483406,-1.4332903311697287,527.303
1062,26,22,-49.06759063884595,10.247837391995064,528
1063,26,23,-51.86392131146794,23.678314125878877,528.058
1064,26,24,-52.9710744853595,38.318556526876286,527.41
1065,26,25,-52.235487017411224,53.08839664473281,526.048
1066,26,26,-49.758324254514754,66.84157676501127,524.02
1067,26,27,-45.836323765161296,78.9088134811313,521.432
1068,26,28,-40.8225175369813,89.19401286165998,518.438
1069,26,29,-35.02716349792801,97.93564413127915,515.228
1070,26,30,-28.687675608456487,105.47233440865968,512.011
1071,26,31,-21.976492239447452,112.12629786789692,508.998
1072,26,32,-15.01887052254248,118.17010003800942,506.384
1073,26,33,-7.909195988108332,123.82945818049859,504.331
1074,26,34,-0.7235772206230455,129.29714755449885,502.955
1075,26,35,6.470625813988478,134.74903187075972,502.315
1076,26,36,13.606609383331868,140.35956782106163,502.41
1077,26,37,20.610264867695435,146.31763745671213,503.182
1078,26,38,27.390902722827036,152.8424761896903,504.52
1079,26,39,33.829216619399475,160.19865822768574,506.275
1080,27,0,42.46994208931545,-177.5066171316865,509.301
1081,27,1,47.19511135335988,-166.64967627611438,511.319
1082,27,2,50.71285343630779,-153.9774487240713,513.146
1083,27,3,52.669337218395846,-139.75123019244526,514.658
1084,27,4,52.8127507003986,-124.83663787550867,515.771
1085,27,5,51.124276711152675,-110.44210982235518,516.456
1086,27,6,47.82957445555153,-97.5132310820597,516.734
1087,27,7,43.27750950583191,-86.39613515119098,516.675
1088,27,8,37.80992941485836,-76.96957934179211,516.388
1089,27,9,31.70114140988777,-68.91593253670082,516.005
1090,27,10,25.152996363914234,-61.89471663598116,515.668
1091,27,11,18.31077923077309,-55.607800712551224,515.511
1092,27,12,11.281196348320158,-49.808614937373555,515.649
1093,27,13,4.146794394656447,-44.2912461824452,516.155
1094,27,14,-3.023129878776619,-38.874800302692954,517.062
1095,27,15,-10.163925102946873,-33.387586832950205,518.349
1096,27,16,-17.207841991146726,-27.651653732128732,519.947
1097,27,17,-24.075691116695634,-21.467141127377506,521.744
1098,27,18,-30.666569241211356,-14.596583831822688,523.589
1099,27,19,-36.844137251123975,-6.752855633795751,525.315
1100,27,20,-42.41939185926819,2.3967095377760663,526.748
1101,27,21,-47.133885537639884,13.17865705069555,527.725
1102,27,22,-50.65901788526975,25.763193511532126,528.114
1103,27,23,-52.64381280146751,39.905499754109975,527.824
1104,27,24,-52.833312984894924,54.76517735011967,526.817
1105,27,25,-51.19903654671305,69.14877368550655,525.112
1106,27,26,-47.95564950234621,82.1031700125412,522.787
1107,27,27,-43.444873046159316,93.2637742484229,519.975
1108,27,28,-38.00598316479441,102.73702123098799,516.847
1109,27,29,-31.91333831192714,110.83340452971603,513.607
1110,27,30,-25.36982071911629,117.89137367835954,510.466
1111,27,31,-18.52202844406512,124.20938062289139,507.63
1112,27,32,-11.477979220950102,130.0351768150754,505.279
1113,27,33,-4.321553322307686,135.5760448358432,503.553
1114,27,34,2.876552311640853,141.01429609452072,502.541
1115,27,35,10.050256241005874,146.52315784883783,502.273
1116,27,36,17.130133221412198,152.28234603623588,502.717
1117,27,37,24.03508051943803,158.49385667122888,503.789
1118,27,38,30.661829089927366,165.39801678995286,505.356
1119,27,39,36.8710755172105,173.28561486613197,507.253
1120,28,0,39.76146130979816,-173.29745841415277,508.27
1121,28,1,44.96119211737507,-163.30121701665067,510.324
1122,28,2,49.12765532240704,-151.537554888381,512.265
1123,28,3,51.906196767335736,-138.01837021887803,513.948
1124,28,4,52.9752887120774,-123.30567829380699,515.267
1125,28,5,52.18809916494967,-108.50244538109828,516.167
1126,28,6,49.65698473779927,-94.75866360111775,516.642
1127,28,7,45.68810866017202,-82.72822794424575,516.741
1128,28,8,40.63919867475274,-72.48946701988399,516.552
1129,28,9,34.82152357749185,-63.793044772381144,516.199
1130,28,10,28.471802357096355,-56.29615742238886,515.822
1131,28,11,21.761262733416594,-49.67600339954317,515.559
1132,28,12,14.81382312101682,-43.66088119375555,515.538
1133,28,13,7.722555946395856,-38.02639860022357,515.853
1134,28,14,0.5622138947597884,-32.581170303308895,516.558
1135,28,15,-6.601238667712985,-27.15083181878484,517.661
1136,28,16,-13.702565857207732,-21.562499105927348,519.115
1137,28,17,-20.6694245511915,-15.629255500362548,520.829
1138,28,18,-27.413256224433194,-9.134313359155179,522.67
1139,28,19,-33.817373071378675,-1.8163507118776099,524.478
1140,28,20,-39.7214329861673,6.637009222169988,526.079
1141,28,21,-44.903354075483406,16.566690426210336,527.303
1142,28,22,-49.06759063884595,28.247818256096835,528
1143,28,23,-51.86392131146794,41.67829584375429,528.058
1144,28,24,-52.9710744853595,56.31853653720441,527.41
1145,28,25,-52.235487017411224,71.08837665506093,526.048
1146,28,26,-49.758324254514754,84.8415567753394,524.02
1147,28,27,-45.836323765161296,96.90879349145942,521.432
1148,28,28,-40.8225175369813,107.1939928719881,518.438
1149,28,29,-35.02716349792801,115.93563097179643,515.228
1150,28,30,-28.687675608456487,123.47230758879863,512.011
1151,28,31,-21.976492239447452,130.12627787822504,508.998
1152,28,32,-15.01887052254248,136.17008004833755,506.384
1153,28,33,-7.909195988108332,141.82943819082672,504.331
1154,28,34,-0.7235772206230455,147.29712756482698,502.955
1155,28,35,6.470625813988478,152.74901188108785,502.315
1156,28,36,13.606609383331868,158.35954783138976,502.41
1157,28,37,20.610264867695435,164.31761746704026,503.182
1158,28,38,27.390902722827036,170.8424562000184,504.52
1159,28,39,33.829216619399475,178.19863823801384,506.275
1160,29,0,42.46994208931545,-159.5066098006017,509.301
1161,29,1,47.19511135335988,-148.6496689450296,511.319
1162,29,2,50.71285343630779,-135.97744139298652,513.146
1163,29,3,52.669337218395846,-121.75122286136047,514.658
1164,29,4,52.8127507003986,-106.83663054442387,515.771
1165,29,5,51.124276711152675,-92.44210249127038,516.456
1166,29,6,47.82957445555153,-79.5132237509749,516.734
1167,29,7,43.27750950583191,-68.39612782010617,516.675
1168,29,8,37.80992941485836,-58.96957201070731,516.388
1169,29,9,31.70114140988777,-50.91592520561602,516.005
1170,29,10,25.152996363914234,-43.89471271999094,515.668
1171,29,11,18.31077923077309,-37.607793381466415,515.511
1172,29,12,11.281196348320158,-31.808607606288753,515.649
1173,29,13,4.146794394656447,-26.291238851360397,516.155
1174,29,14,-3.023129878776619,-20.874794679155443,517.062
1175,29,15,-10.163925102946873,-15.387581209412694,518.349
1176,29,16,-17.207841991146726,-9.651645547270284,519.947
1177,29,17,-24.075691116695634,-3.4671340097361143,521.744
1178,29,18,-30.666569241211356,3.403423072375293,523.589
1179,29,19,-36.844137251123975,11.24715127040223,525.315
1180,29,20,-42.41939185926819,20.396717295747692,526.748
1181,29,21,-47.133885537639884,31.17866267423306,527.725
1182,29,22,-50.65901788526975,43.76320084261693,528.114
1183,29,23,-52.64381280146751,57.90550367010019,527.824
1184,29,24,-52.833312984894924,72.76518126610989,526.817
1185,29,25,-51.19903654671305,87.14878101659136,525.112
1186,29,26,-47.95564950234621,100.103177343626,522.787
1187,29,27,-43.444873046159316,111.26378157950771,519.975
1188,29,28,-38.00598316479441,120.73702173188362,516.847
1189,29,29,-31.91333831192714,128.8334050306117,513.607
1190,29,30,-25.36982071911629,135.89138100944436,510.466
1191,29,31,-18.52202844406512,142.20938795397618,507.63
1192,29,32,-11.477979220950102,148.03518414616022,505.279
1193,29,33,-4.321553322307686,153.576052166928,503.553
1194,29,34,2.876552311640853,159.0143034256055,502.541
1195,29,35,10.050256241005874,164.52316517992261,502.273
1196,29,36,17.130133221412198,170.2823533673207,502.717
1197,29,37,24.03508051943803,176.4938640023137,503.789
1198,29,38,30.661829089927366,-176.60197223649666,505.356
1199,29,39,36.8710755172105,-168.7143878206959,507.253
1200,30,0,39.76146130979816,-155.29745108306798,508.27
1201,30,1,44.96119211737507,-145.30120968556585,510.324
1202,30,2,49.12765532240704,-133.53754755729622,512.265
1203,30,3,51.906196767335736,-120.01836288779322,513.948
1204,30,4,52.9752887120774,-105.30567779291135,515.267
1205,30,5,52.18809916494967,-90.50243805001348,516.167
1206,30,6,49.65698473779927,-76.75865627003294,516.642
1207,30,7,45.68810866017202,-64.72822061316094,516.741
1208,30,8,40.63919867475274,-54.4894562737046,516.552
1209,30,9,34.82152357749185,-45.79303744129634,516.199
1210,30,10,28.471802357096355,-38.29615009130406,515.822
1211,30,11,21.761262733416594,-31.67599606845837,515.559
1212,30,12,14.81382312101682,-25.66087386267075,515.538
1213,30,13,7.722555946395856,-20.02638956159148,515.853
1214,30,14,0.5622138947597884,-14.58116297222409,516.558
1215,30,15,-6.601238667712985,-9.150824487700039,517.661
1216,30,16,-13.702565857207732,-3.562490921068897,519.115
1217,30,17,-20.6694245511915,2.3707524710524903,520.829
1218,30,18,-27.413256224433194,8.865693971929625,522.67
1219,30,19,-33.817373071378675,16.183656832650605,524.478
1220,30,20,-39.7214329861673,24.637016553254792,526.079
1221,30,21,-44.903354075483406,34.56669604974785,527.303
1222,30,22,-49.06759063884595,46.24782558718164,528
1223,30,23,-51.86392131146794,59.67829975974451,528.058
1224,30,24,-52.9710744853595,74.31854386828921,527.41
1225,30,25,-52.235487017411224,89.08838398614573,526.048
1226,30,26,-49.758324254514754,102.8415641064242,524.02
1227,30,27,-45.836323765161296,114.90879399235506,521.432
1228,30,28,-40.8225175369813,125.19400703326208,518.438
1229,30,29,-35.02716349792801,133.93563830288124,515.228
1230,30,30,-28.687675608456487,141.47231491988342,512.011
1231,30,31,-21.976492239447452,148.12628520930986,508.998
1232,30,32,-15.01887052254248,154.17008737942234,506.384
1233,30,33,-7.909195988108332,159.8294455219115,504.331
1234,30,34,-0.7235772206230455,165.2971348959118,502.955
1235,30,35,6.470625813988478,170.74901921217264,502.315
1236,30,36,13.606609383331868,176.35955516247455,502.41
1237,30,37,20.610264867695435,-177.68237155940926,503.182
1238,30,38,27.390902722827036,-171.15754648680945,504.52
1239,30,39,33.829216619399475,-163.80135078843568,506.275
1240,31,0,42.46994208931545,-141.5066024695169,509.301
1241,31,1,47.19511135335988,-130.64966161394477,511.319
1242,31,2,50.71285343630779,-117.9774340619017,513.146
1243,31,3,52.669337218395846,-103.75122236046484,514.658
1244,31,4,52.8127507003986,-88.83662321333907,515.771
1245,31,5,51.124276711152675,-74.44209516018557,516.456
1246,31,6,47.82957445555153,-61.5132164198901,516.734
1247,31,7,43.27750950583191,-50.39611707392679,516.675
1248,31,8,37.80992941485836,-40.96956467962251,516.388
1249,31,9,31.70114140988777,-32.91591787453122,516.005
1250,31,10,25.152996363914234,-25.894703681358845,515.668
1251,31,11,18.31077923077309,-19.607787757928907,515.511
1252,31,12,11.281196348320158,-13.808599421430303,515.649
1253,31,13,4.146794394656447,-8.291231520275593,516.155
1254,31,14,-3.023129878776619,-2.874786921183816,517.062
1255,31,15,-10.163925102946873,2.612426762002344,518.349
1256,31,16,-17.207841991146726,8.34836178381452,519.947
1257,31,17,-24.075691116695634,14.5328735347921,521.744
1258,31,18,-30.666569241211356,21.40343083034692,523.589
1259,31,19,-36.844137251123975,29.247160309034324,525.315
1260,31,20,-42.41939185926819,38.396724626832494,526.748
1261,31,21,-47.133885537639884,49.17867000531786,527.725
1262,31,22,-50.65901788526975,61.763208173701734,528.114
1263,31,23,-52.64381280146751,75.90551100118499,527.824
1264,31,24,-52.833312984894924,90.7651885971947,526.817
1265,31,25,-51.19903654671305,105.14878834767617,525.112
1266,31,26,-47.95564950234621,118.10317784452164,522.787
1267,31,27,-43.444873046159316,129.26378891059252,519.975
1268,31,28,-38.00598316479441,138.73702906296842,516.847
1269,31,29,-31.91333831192714,146.83341236169647,513.607
1270,31,30,-25.36982071911629,153.89138834052915,510.466
1271,31,31,-18.52202844406512,160.209395285061,507.63
1272,31,32,-11.477979220950102,166.03519147724504,505.279
1273,31,33,-4.321553322307686,171.5760594980128,503.553
1274,31,34,2.876552311640853,177.01431075669032,502.541
1275,31,35,10.050256241005874,-177.4768238465269,502.273
1276,31,36,17.130133221412198,-171.71764931950716,502.717
1277,31,37,24.03508051943803,-165.50612502413583,503.789
1278,31,38,30.661829089927366,-158.60196490541185,505.356
1279,31,39,36.8710755172105,-150.71438048961107,507.253
1280,32,0,39.76146130979816,-137.29744375198317,508.27
1281,32,1,44.96119211737507,-127.30120235448105,510.324
1282,32,2,49.12765532240704,-115.5375402262114,512.265
1283,32,3,51.906196767335736,-102.01836238689758,513.948
1284,32,4,52.9752887120774,-87.30567046182655,515.267
1285,32,5,52.18809916494967,-72.50243071892866,516.167
1286,32,6,49.65698473779927,-58.75864893894814,516.642
1287,32,7,45.68810866017202,-46.72821669717073,516.741
1288,32,8,40.63919867475274,-36.489448942619795,516.552
1289,32,9,34.82152357749185,-27.793030110211536,516.199
1290,32,10,28.471802357096355,-20.296142760219254,515.822
1291,32,11,21.761262733416594,-13.675990444920858,515.559
1292,32,12,14.81382312101682,-7.660865677812301,515.538
1293,32,13,7.722555946395856,-2.0263822305066754,515.853
1294,32,14,0.5622138947597884,3.4188452126343587,516.558
1295,32,15,-6.601238667712985,8.849182843384765,517.661
1296,32,16,-13.702565857207732,14.43751555624226,519.115
1297,32,17,-20.6694245511915,20.370759161807058,520.829
1298,32,18,-27.413256224433194,26.865700449240784,522.67
1299,32,19,-33.817373071378675,34.18366245618812,524.478
1300,32,20,-39.7214329861673,42.63702559188689,526.079
1301,32,21,-44.903354075483406,52.56670338083265,527.303
1302,32,22,-49.06759063884595,64.24783291826644,528
1303,32,23,-51.86392131146794,77.67830709082932,528.058
1304,32,24,-52.9710744853595,92.31855119937401,527.41
1305,32,25,-52.235487017411224,107.08839131723055,526.048
1306,32,26,-49.758324254514754,120.84156460731984,524.02
1307,32,27,-45.836323765161296,132.90880132343986,521.432
1308,32,28,-40.8225175369813,143.19401436434688,518.438
1309,32,29,-35.02716349792801,151.93564563396603,515.228
1310,32,30,-28.687675608456487,159.47232225096823,512.011
1311,32,31,-21.976492239447452,166.12629254039464,508.998
1312,32,32,-15.01887052254248,172.17009471050716,506.384
1313,32,33,-7.909195988108332,177.82945285299633,504.331
1314,32,34,-0.7235772206230455,-176.70285413053773,502.955
1315,32,35,6.470625813988478,-171.25098347465521,502.315
1316,32,36,13.606609383331868,-165.64043386397498,502.41
1317,32,37,20.610264867695435,-159.68236422832447,503.182
1318,32,38,27.390902722827036,-153.15753915572463,504.52
1319,32,39,33.829216619399475,-145.80134345735087,506.275
1320,33,0,42.46994208931545,-123.50659513843209,509.301
1321,33,1,47.19511135335988,-112.64965428285998,511.319
1322,33,2,50.71285343630779,-99.97741990062774,513.146
1323,33,3,52.669337218395846,-85.75121502938003,514.658
1324,33,4,52.8127507003986,-70.83661588225426,515.771
1325,33,5,51.124276711152675,-56.44208782910077,516.456
1326,33,6,47.82957445555153,-43.51320908880529,516.734
1327,33,7,43.27750950583191,-32.396109742841986,516.675
1328,33,8,37.80992941485836,-22.969559056084993,516.388
1329,33,9,31.70114140988777,-14.915910543446415,516.005
1330,33,10,25.152996363914234,-7.894696350274041,515.668
1331,33,11,18.31077923077309,-1.6077796797921635,515.511
1332,33,12,11.281196348320158,4.191407909654501,515.649
1333,33,13,4.146794394656447,9.70877581080921,516.155
1334,33,14,-3.023129878776619,15.125219983014164,517.062
1335,33,15,-10.163925102946873,20.612433452756914,518.349
1336,33,16,-17.207841991146726,26.348368261125675,519.947
1337,33,17,-24.075691116695634,32.532880865876905,521.744
1338,33,18,-30.666569241211356,39.40343645388443,523.589
1339,33,19,-36.844137251123975,47.24716764011913,525.315
1340,33,20,-42.41939185926819,56.3967319579173,526.748
1341,33,21,-47.133885537639884,67.17868075149725,527.725
1342,33,22,-50.65901788526975,79.76321550478653,528.114
1343,33,23,-52.64381280146751,93.90551833226979,527.824
1344,33,24,-52.833312984894924,108.7651959282795,526.817
1345,33,25,-51.19903654671305,123.14880250895014,525.112
1346,33,26,-47.95564950234621,136.10318517560646,522.787
1347,33,27,-43.444873046159316,147.2637962416773,519.975
1348,33,28,-38.00598316479441,156.73703639405323,516.847
1349,33,29,-31.91333831192714,164.8334196927813,513.607
1350,33,30,-25.36982071911629,171.89139567161396,510.466
1351,33,31,-18.52202844406512,178.20940261614578,507.63
1352,33,32,-11.477979220950102,-175.9647975492045,505.279
1353,33,33,-4.321553322307686,-170.42392952843673,503.553
1354,33,34,2.876552311640853,-164.98569193013753,502.541
1355,33,35,10.050256241005874,-159.4768165154421,502.273
1356,33,36,17.130133221412198,-153.71764198842237,502.717
1357,33,37,24.03508051943803,-147.50611769305104,503.789
1358,33,38,30.661829089927366,-140.60195757432703,505.356
1359,33,39,36.8710755172105,-132.71437315852629,507.253
1360,34,0,39.76146130979816,-119.29746374165505,508.27
1361,34,1,44.96119211737507,-109.3012291743421,510.324
1362,34,2,49.12765532240704,-97.53756021588329,512.265
1363,34,3,51.906196767335736,-84.01838237656946,513.948
1364,34,4,52.9752887120774,-69.30569045149844,515.267
1365,34,5,52.18809916494967,-54.50245412369513,516.167
1366,34,6,49.65698473779927,-40.75867234371461,516.642
1367,34,7,45.68810866017202,-28.728236686842607,516.741
1368,34,8,40.63919867475274,-18.489468932291672,516.552
1369,34,9,34.82152357749185,-9.793050953657058,516.199
1370,34,10,28.471802357096355,-2.2961627498911317,515.822
1371,34,11,21.761262733416594,4.323989992294088,515.559
1372,34,12,14.81382312101682,10.339114332515823,515.538
1373,34,13,7.722555946395856,15.973597779821448,515.853
1374,34,14,0.5622138947597884,21.418824369188837,516.558
1375,34,15,-6.601238667712985,26.849162853712887,517.661
1376,34,16,-13.702565857207732,32.437497274117675,519.115
1377,34,17,-20.6694245511915,38.37073917213518,520.829
1378,34,18,-27.413256224433194,44.8656821671162,522.67
1379,34,19,-33.817373071378675,52.18364246651624,524.478
1380,34,20,-39.7214329861673,60.63700560221501,526.079
1381,34,21,-44.903354075483406,70.56668680625536,527.303
1382,34,22,-49.06759063884595,82.24781292859457,528
1383,34,23,-51.86392131146794,95.67828710115744,528.058
1384,34,24,-52.9710744853595,110.31853120970214,527.41
1385,34,25,-52.235487017411224,125.08837132755866,526.048
1386,34,26,-49.758324254514754,138.84154461764797,524.02
1387,34,27,-45.836323765161296,150.908781333768,521.432
1388,34,28,-40.8225175369813,161.19399437467501,518.438
1389,34,29,-35.02716349792801,169.93562564429416,515.228
1390,34,30,-28.687675608456487,177.47230226129636,512.011
1391,34,31,-21.976492239447452,-175.87372380681154,508.998
1392,34,32,-15.01887052254248,-169.82992163669905,506.384
1393,34,33,-7.909195988108332,-164.1705634942099,504.331
1394,34,34,-0.7235772206230455,-158.70287412020963,502.955
1395,34,35,6.470625813988478,-153.25100346432708,502.315
1396,34,36,13.606609383331868,-147.64045385364685,502.41
1397,34,37,20.610264867695435,-141.68238421799634,503.182
1398,34,38,27.390902722827036,-135.15755914539653,504.52
1399,34,39,33.829216619399475,-127.80136344702275,506.275
1400,35,0,42.46994208931545,-105.50662195829314,509.301
1401,35,1,47.19511135335988,-94.64967427253185,511.319
1402,35,2,50.71285343630779,-81.9774398902996,513.146
1403,35,3,52.669337218395846,-67.75123501905192,514.658
1404,35,4,52.8127507003986,-52.83663245683155,515.771
1405,35,5,51.124276711152675,-38.44210781877265,516.456
1406,35,6,47.82957445555153,-25.51322907847717,516.734
1407,35,7,43.27750950583191,-14.396131440061152,516.675
1408,35,8,37.80992941485836,-4.969578618870047,516.388
1409,35,9,31.70114140988777,3.084069253438296,516.005
1410,35,10,25.152996363914234,10.105283660054083,515.668
1411,35,11,18.31077923077309,16.392199583484018,515.511
1412,35,12,11.281196348320158,22.19138706620898,515.649
1413,35,13,4.146794394656447,27.708755821137334,516.155
1414,35,14,-3.023129878776619,33.12520170088958,517.062
1415,35,15,-10.163925102946873,38.61241517063233,518.349
1416,35,16,-17.207841991146726,44.34834997900109,519.947
1417,35,17,-24.075691116695634,50.53286087620503,521.744
1418,35,18,-30.666569241211356,57.403416464212555,523.589
1419,35,19,-36.844137251123975,65.24714423535266,525.315
1420,35,20,-42.41939185926819,74.39670855315084,526.748
1421,35,21,-47.133885537639884,85.17866076182537,527.725
1422,35,22,-50.65901788526975,97.76319551511466,528.114
1423,35,23,-52.64381280146751,111.90549834259792,527.824
1424,35,24,-52.833312984894924,126.76518276879679,526.817
1425,35,25,-51.19903654671305,141.14878251927826,525.112
1426,35,26,-47.95564950234621,154.10316518593456,522.787
1427,35,27,-43.444873046159316,165.26377625200544,519.975
1428,35,28,-38.00598316479441,174.73701640438134,516.847
1429,35,29,-31.91333831192714,-177.16659665442492,513.607
1430,35,30,-25.36982071911629,-170.10862067559225,510.466
1431,35,31,-18.52202844406512,-163.7906137310604,507.63
1432,35,32,-11.477979220950102,-157.9648175388764,505.279
1433,35,33,-4.321553322307686,-152.4239495181086,503.553
1434,35,34,2.876552311640853,-146.98571191980943,502.541
1435,35,35,10.050256241005874,-141.47683650511397,502.273
1436,35,36,17.130133221412198,-135.71766197809424,502.717
1437,35,37,24.03508051943803,-129.5061376827229,503.789
1438,35,38,30.661829089927366,-122.60197756399891,505.356
1439,35,39,36.8710755172105,-114.71439314819816,507.253
1440,36,0,39.76146130979816,-101.29745641057025,508.27
1441,36,1,44.96119211737507,-91.3012218432573,510.324
1442,36,2,49.12765532240704,-79.53755288479849,512.265
1443,36,3,51.906196767335736,-66.01837504548466,513.948
1444,36,4,52.9752887120774,-51.30568312041363,515.267
1445,36,5,52.18809916494967,-36.50244679261033,516.167
1446,36,6,49.65698473779927,-22.758665012629802,516.642
1447,36,7,45.68810866017202,-10.728229355757803,516.741
1448,36,8,40.63919867475274,-0.48946234825880924,516.552
1449,36,9,34.82152357749185,8.206956377427744,516.199
1450,36,10,28.471802357096355,15.703844581193671,515.822
1451,36,11,21.761262733416594,22.32399689649207,515.559
1452,36,12,14.81382312101682,28.33912080982698,515.538
1453,36,13,7.722555946395856,33.97360340335896,515.853
1454,36,14,0.5622138947597884,39.41883170027364,516.558
1455,36,15,-6.601238667712985,44.84917018479769,517.661
1456,36,16,-13.702565857207732,50.43750460520248,519.115
1457,36,17,-20.6694245511915,56.37074650321998,520.829
1458,36,18,-27.413256224433194,62.865689498201,522.67
1459,36,19,-33.817373071378675,70.18364979760105,524.478
1460,36,20,-39.7214329861673,78.63701293329981,526.079
1461,36,21,-44.903354075483406,88.56669413734016,527.303
1462,36,22,-49.06759063884595,100.24782025967937,528
1463,36,23,-51.86392131146794,113.67829443224224,528.058
1464,36,24,-52.9710744853595,128.31854537097612,527.41
1465,36,25,-52.235487017411224,143.08837865864348,526.048
1466,36,26,-49.758324254514754,156.84155194873276,524.02
1467,36,27,-45.836323765161296,168.90878866485278,521.432
1468,36,28,-40.8225175369813,179.1940017057598,518.438
1469,36,29,-35.02716349792801,-172.0643770425337,515.228
1470,36,30,-28.687675608456487,-164.52768676515316,512.011
1471,36,31,-21.976492239447452,-157.87371647572675,508.998
1472,36,32,-15.01887052254248,-151.82991430561424,506.384
1473,36,33,-7.909195988108332,-146.17055616312507,504.331
1474,36,34,-0.7235772206230455,-140.7028667891248,502.955
1475,36,35,6.470625813988478,-135.2509961332423,502.315
1476,36,36,13.606609383331868,-129.64044652256203,502.41
1477,36,37,20.610264867695435,-123.68237688691154,503.182
1478,36,38,27.390902722827036,-117.15755181431172,504.52
1479,36,39,33.829216619399475,-109.80135611593795,506.275
1480,37,0,42.46994208931545,-87.50661462720834,509.301
1481,37,1,47.19511135335988,-76.64966694144705,511.319
1482,37,2,50.71285343630779,-63.977432559214805,513.146
1483,37,3,52.669337218395846,-49.75122768796711,514.658
1484,37,4,52.8127507003986,-34.83662512574675,515.771
1485,37,5,51.124276711152675,-20.442100487687842,516.456
1486,37,6,47.82957445555153,-7.513221747392366,516.734
1487,37,7,43.27750950583191,3.6038763179104736,516.675
1488,37,8,37.80992941485836,13.03042913910158,516.388
1489,37,9,31.70114140988777,21.08407679796651,516.005
1490,37,10,25.152996363914234,28.105290991138887,515.668
1491,37,11,18.31077923077309,34.392208622116115,515.511
1492,37,12,11.281196348320158,40.191394397293784,515.649
1493,37,13,4.146794394656447,45.70876315222214,516.155
1494,37,14,-3.023129878776619,51.125209031974386,517.062
1495,37,15,-10.163925102946873,56.612422501717134,518.349
1496,37,16,-17.207841991146726,62.348357310085895,519.947
1497,37,17,-24.075691116695634,68.53286820728984,521.744
1498,37,18,-30.666569241211356,75.40342379529736,523.589
1499,37,19,-36.844137251123975,83.24715156643747,525.315
1500,37,20,-42.41939185926819,92.39671588423565,526.748
1501,37,21,-47.133885537639884,103.17866809291019,527.725
1502,37,22,-50.65901788526975,115.7631960160103,528.114
1503,37,23,-52.64381280146751,129.9055125038719,527.824
1504,37,24,-52.833312984894924,144.7651900998816,526.817
1505,37,25,-51.19903654671305,159.14878985036307,525.112
1506,37,26,-47.95564950234621,172.10317251701937,522.787
1507,37,27,-43.444873046159316,-176.73621277444408,519.975
1508,37,28,-38.00598316479441,-167.26297262206816,516.847
1509,37,29,-31.91333831192714,-159.16658932334013,513.607
1510,37,30,-25.36982071911629,-152.10861334450743,510.466
1511,37,31,-18.52202844406512,-145.79060639997562,507.63
1512,37,32,-11.477979220950102,-139.96481020779157,505.279
1513,37,33,-4.321553322307686,-134.42394218702378,503.553
1514,37,34,2.876552311640853,-128.98570458872462,502.541
1515,37,35,10.050256241005874,-123.47682917402918,502.273
1516,37,36,17.130133221412198,-117.71765464700944,502.717
1517,37,37,24.03508051943803,-111.5061303516381,503.789
1518,37,38,30.661829089927366,-104.60197706310329,505.356
1519,37,39,36.8710755172105,-96.71437898692419,507.253
1520,38,0,39.76146130979816,-83.29744907948545,508.27
1521,38,1,44.96119211737507,-73.30121451217249,510.324
1522,38,2,49.12765532240704,-61.537545553713684,512.265
1523,38,3,51.906196767335736,-48.01836429930527,513.948
1524,38,4,52.9752887120774,-33.305675789328824,515.267
1525,38,5,52.18809916494967,-18.502437753978235,516.167
1526,38,6,49.65698473779927,-4.758656827771352,516.642
1527,38,7,45.68810866017202,7.271777975327001,516.741
1528,38,8,40.63919867475274,17.510545729877936,516.552
1529,38,9,34.82152357749185,26.206964562286196,516.199
1530,38,10,28.471802357096355,33.70385191227847,515.822
1531,38,11,21.761262733416594,40.32400593512416,515.559
1532,38,12,14.81382312101682,46.33912814091178,515.538
1533,38,13,7.722555946395856,51.97361073444376,515.853
1534,38,14,0.5622138947597884,57.418839031358445,516.558
1535,38,15,-6.601238667712985,62.84918093097708,517.661
1536,38,16,-13.702565857207732,68.43751193628728,519.115
1537,38,17,-20.6694245511915,74.3707538343048,520.829
1538,38,18,-27.413256224433194,80.86569682928581,522.67
1539,38,19,-33.817373071378675,88.18365712868585,524.478
1540,38,20,-39.7214329861673,96.63702026438462,526.079
1541,38,21,-44.903354075483406,106.56670146842497,527.303
1542,38,22,-49.06759063884595,118.24782759076417,528
1543,38,23,-51.86392131146794,131.67830176332706,528.058
1544,38,24,-52.9710744853595,146.3185527020609,527.41
1545,38,25,-52.235487017411224,161.08838598972827,526.048
1546,38,26,-49.758324254514754,174.84155927981757,524.02
1547,38,27,-45.836323765161296,-173.09120036159675,521.432
1548,38,28,-40.8225175369813,-162.80600098106805,518.438
1549,38,29,-35.02716349792801,-154.0643697114489,515.228
1550,38,30,-28.687675608456487,-146.52767943406838,512.011
1551,38,31,-21.976492239447452,-139.87370914464194,508.998
1552,38,32,-15.01887052254248,-133.82990697452945,506.384
1553,38,33,-7.909195988108332,-128.17054883204028,504.331
1554,38,34,-0.7235772206230455,-122.70285945804001,502.955
1555,38,35,6.470625813988478,-117.2509888021575,502.315
1556,38,36,13.606609383331868,-111.64043919147724,502.41
1557,38,37,20.610264867695435,-105.6823763860159,503.182
1558,38,38,27.390902722827036,-99.15753765303775,504.52
1559,38,39,33.829216619399475,-91.80134878485313,506.275
1560,39,0,42.46994208931545,-69.50660729612353,509.301
1561,39,1,47.19511135335988,-58.64965961036225,511.319
1562,39,2,50.71285343630779,-45.97742864322459,513.146
1563,39,3,52.669337218395846,-31.751220356882303,514.658
1564,39,4,52.8127507003986,-16.83661950220924,515.771
1565,39,5,51.124276711152675,-2.442093796933274,516.456
1566,39,6,47.82957445555153,10.486785583692438,516.734
1567,39,7,43.27750950583191,21.603883222108454,516.675
1568,39,8,37.80992941485836,31.03043732396003,516.388
1569,39,9,31.70114140988777,39.08408412905131,516.005
1570,39,10,25.152996363914234,46.1052966146764,515.668
1571,39,11,18.31077923077309,52.39221595320092,515.511
1572,39,12,11.281196348320158,58.19140172837859,515.649
1573,39,13,4.146794394656447,63.70876706821235,516.155
1574,39,14,-3.023129878776619,69.12521636305918,517.062
1575,39,15,-10.163925102946873,74.61242641770735,518.349
1576,39,16,-17.207841991146726,80.3483646411707,519.947
1577,39,17,-24.075691116695634,86.53287553837464,521.744
1578,39,18,-30.666569241211356,93.40343112638216,523.589
1579,39,19,-36.844137251123975,101.24715889752227,525.315
1580,39,20,-42.41939185926819,110.39672321532045,526.748
1581,39,21,-47.133885537639884,121.17867542399499,527.725
1582,39,22,-50.65901788526975,133.7632033470951,528.114
1583,39,23,-52.64381280146751,147.9055198349567,527.824
1584,39,24,-52.833312984894924,162.7651974309664,526.817
1585,39,25,-51.19903654671305,177.14879718144786,525.112
1586,39,26,-47.95564950234621,-169.89681650943015,522.787
1587,39,27,-43.444873046159316,-158.73620544335927,519.975
1588,39,28,-38.00598316479441,-149.26296529098337,516.847
1589,39,29,-31.91333831192714,-141.16658199225532,513.607
1590,39,30,-25.36982071911629,-134.10860601342264,510.466
1591,39,31,-18.52202844406512,-127.79059906889081,507.63
1592,39,32,-11.477979220950102,-121.96480287670677,505.279
1593,39,33,-4.321553322307686,-116.42393485593898,503.553
1594,39,34,2.876552311640853,-110.98569042745065,502.541
1595,39,35,10.050256241005874,-105.47682184294437,502.273
1596,39,36,17.130133221412198,-99.71764731592464,502.717
1597,39,37,24.03508051943803,-93.5061230205533,503.789
1598,39,38,30.661829089927366,-86.60196973201849,505.356
1599,39,39,36.8710755172105,-78.71437165583937,507.253
