0,0,0,-52.378145763510695,162.7894992440333,526.216
1,0,1,-50.04960108676453,176.67261005289294,524.245
2,0,2,-46.244734926582204,-171.09498195401213,521.701
3,0,3,-41.316691968715475,-160.65405426040715,518.736
4,0,4,-35.58173729249261,-151.78528584957738,515.536
5,0,5,-29.283927217336505,-144.1526723954932,512.309
6,0,6,-22.600914963559187,-137.4302499502049,509.266
7,0,7,-15.661526436643566,-131.34074015416667,506.607
8,0,8,-8.56238320013593,-125.65467597202276,504.495
9,0,9,-1.3808200709137504,-120.17691889918589,503.051
10,0,10,5.815326365960052,-114.73073096069282,502.34
11,0,11,12.959527506648616,-109.14217455914002,502.368
12,0,12,19.97870801099562,-103.22434156789005,503.079
13,0,13,26.784130915077906,-96.76142532992723,504.37
14,0,14,33.25968812564713,-89.49347567563002,506.091
15,0,15,39.24646846147378,-81.10855103541478,508.071
16,0,16,44.52442201052027,-71.26210934678937,510.126
17,0,17,48.79947497807168,-59.66560926826663,512.082
18,0,18,51.7194798859951,-46.292942401744156,513.793
19,0,19,52.95430295585253,-31.649245632574015,515.149
20,0,20,52.335730288764914,-16.80236781106892,516.087
21,0,21,49.95295049491426,-2.925105351686123,516.601
22,0,22,46.100242274690586,9.272236222838892,516.732
23,0,23,41.135876370817726,19.66707379992462,516.566
24,0,24,35.377381447620415,28.4902865565377,516.224
25,0,25,29.06823667353667,36.08255066810004,515.844
26,0,26,22.38486071218605,42.7706548279036,515.567
27,0,27,15.454821006696884,48.83104411241548,515.522
28,0,28,8.373367106365935,54.491942462562484,515.805
29,0,29,1.2165056764422246,59.94707453377368,516.477
30,0,30,-5.949322724644655,65.37169273486785,517.546
31,0,31,-13.059142400598667,70.93818079521235,518.974
32,0,32,-20.041619175893313,76.83154121866616,520.672
33,0,33,-26.810094171660417,83.26515594508962,522.51
34,0,34,-33.251027445779556,90.49578544576188,524.33
35,0,35,-39.208837534241596,98.83144393149382,525.958
36,0,36,-44.46777242154418,108.61286904940988,527.224
37,0,37,-48.73890827560659,120.12804206548527,527.976
38,0,38,-51.67472165636401,133.4117081520279,528.096
39,0,39,-52.945901823173415,147.98024210447664,527.514
40,1,0,-51.41951505312106,178.90680591153912,525.309
41,1,1,-48.30964113155505,-167.98417229652983,523.036
42,1,2,-43.899767059976746,-156.65922687902844,520.26
43,1,3,-38.53309276870639,-147.0434816598094,517.153
44,1,4,-32.49072835341417,-138.83580725874515,513.912
45,1,5,-25.981588810243284,-131.69625150046585,510.751
46,1,6,-19.156640102871226,-125.32170424998463,507.877
47,1,7,-12.126765229831275,-119.46009054579305,505.474
48,1,8,-4.9775451807632205,-113.90105422183304,503.684
49,1,9,2.219529308064058,-108.46063096299946,502.602
50,1,10,9.398233576231764,-102.96544324740073,502.264
51,1,11,16.489804694270795,-97.23703872259189,502.643
52,1,12,23.414586861646345,-91.07607831764616,503.661
53,1,13,30.071857839989175,-84.24638092125366,505.187
54,1,14,36.32628255353736,-76.46196651286593,507.06
55,1,15,41.99065405487732,-67.38913937039285,509.1
56,1,16,46.80850898595882,-56.693677847178186,511.126
57,1,17,50.451499662811834,-44.18475670309553,512.977
58,1,18,52.56355807871986,-30.073339991039067,514.52
59,1,19,52.87730964843357,-15.172411467537074,515.672
60,1,20,51.349696859425194,-0.683149864534269,516.396
61,1,21,48.18783495299162,12.403002839302331,516.71
62,1,22,43.735531746289205,23.685414107521105,516.679
63,1,23,38.33892073588668,33.25439131394579,516.409
64,1,24,32.27925203633224,41.418820372280095,516.03
65,1,25,25.76441782294085,48.52109695806947,515.684
66,1,26,18.94414608760296,54.864047753450194,515.509
67,1,27,11.927941838186788,60.69870270098774,515.618
68,1,28,4.800085340182065,66.23402460814947,516.091
69,1,29,-2.3692933718910467,71.65253662012564,516.963
70,1,30,-9.515447306352,77.12612044737963,518.22
71,1,31,-16.571235917102978,82.83152089506386,519.797
72,1,32,-23.458913081812433,88.96593918489492,521.583
73,1,33,-30.08004723680402,95.76279020156883,523.433
74,1,34,-36.30218906124014,103.50442030499559,525.179
75,1,35,-41.9419616362843,112.52048857546588,526.646
76,1,36,-46.74767932121068,123.14242311226535,527.673
77,1,37,-50.39617854562932,135.56428325009244,528.121
78,1,38,-52.534618567206515,149.59032259752374,527.895
79,1,39,-52.893155687307996,164.43262419228492,526.953
80,2,0,-52.378145763510695,-179.21050344279456,526.216
81,2,1,-50.04960108676453,-165.32739263393495,524.245
82,2,2,-46.244734926582204,-153.09498828330567,521.701
83,2,3,-41.316691968715475,-142.6540605897007,518.736
84,2,4,-35.58173729249261,-133.78529217887092,515.536
85,2,5,-29.283927217336505,-126.15266506440838,512.309
86,2,6,-22.600914963559187,-119.4302426191201,509.266
87,2,7,-15.661526436643566,-113.34073965327104,506.607
88,2,8,-8.56238320013593,-107.65467547112712,504.495
89,2,9,-1.3808200709137504,-102.17691156810109,503.051
90,2,10,5.815326365960052,-96.73073728998637,502.34
91,2,11,12.959527506648616,-91.14217405824438,502.368
92,2,12,19.97870801099562,-85.22434106699443,503.079
93,2,13,26.784130915077906,-78.7614248290316,504.37
94,2,14,33.25968812564713,-71.49347517473439,506.091
95,2,15,39.24646846147378,-63.108550534519146,508.071
96,2,16,44.52442201052027,-53.26210543079916,510.126
97,2,17,48.79947497807168,-41.66560876737099,512.082
98,2,18,51.7194798859951,-28.292941900848525,513.793
99,2,19,52.95430295585253,-13.649246839225674,515.149
100,2,20,52.335730288764914,1.1976321562181869,516.087
101,2,21,49.95295049491426,15.07489514920951,516.601
102,2,22,46.100242274690586,27.272236723734526,516.732
103,2,23,41.135876370817726,37.66707259327296,516.566
104,2,24,35.377381447620415,46.490287057433335,516.224
105,2,25,29.06823667353667,54.08255116899567,515.844
106,2,26,22.38486071218605,60.77065191370465,515.567
107,2,27,15.454821006696884,66.83104461331111,515.522
108,2,28,8.373367106365935,72.49193954836353,515.805
109,2,29,1.2165056764422246,77.94707503466931,516.477
110,2,30,-5.949322724644655,83.37169323576349,517.546
111,2,31,-13.059142400598667,88.93818129610798,518.974
112,2,32,-20.041619175893313,94.83154171956178,520.672
113,2,33,-26.810094171660417,101.26515644598526,522.51
114,2,34,-33.251027445779556,108.49578594665752,524.33
115,2,35,-39.208837534241596,116.83145126257863,525.958
116,2,36,-44.46777242154418,126.6128695503055,527.224
117,2,37,-48.73890827560659,138.12804939657008,527.976
118,2,38,-51.67472165636401,151.41170182273436,528.096
119,2,39,-52.945901823173415,165.98024943556143,527.514
120,3,0,-51.41951505312106,-163.09319677528876,525.309
121,3,1,-48.30964113155505,-149.98417862582335,523.036
122,3,2,-43.899767059976746,-138.65921954794365,520.26
123,3,3,-38.53309276870639,-129.04347432872459,517.153
124,3,4,-32.49072835341417,-120.83581358803869,513.912
125,3,5,-25.981588810243284,-113.69624416938103,510.751
126,3,6,-19.156640102871226,-107.32170374908901,507.877
127,3,7,-12.126765229831275,-101.46009687508659,505.474
128,3,8,-4.9775451807632205,-95.9010537209374,503.684
129,3,9,2.219529308064058,-90.46063046210382,502.602
130,3,10,9.398233576231764,-84.96544274650509,502.264
131,3,11,16.489804694270795,-79.23703822169627,502.643
132,3,12,23.414586861646345,-73.07607781675053,503.661
133,3,13,30.071857839989175,-66.24638042035802,505.187
134,3,14,36.32628255353736,-58.4619660119703,507.06
135,3,15,41.99065405487732,-49.389135454402634,509.1
136,3,16,46.80850898595882,-38.693677346282556,511.126
137,3,17,50.451499662811834,-26.184754494652605,512.977
138,3,18,52.56355807871986,-12.073338636369789,514.52
139,3,19,52.87730964843357,2.8275890333585587,515.672
140,3,20,51.349696859425194,17.316850102752834,516.396
141,3,21,48.18783495299162,30.403002486424317,516.71
142,3,22,43.735531746289205,41.685412900869444,516.679
143,3,23,38.33892073588668,51.25439181484142,516.409
144,3,24,32.27925203633224,59.418820873175726,516.03
145,3,25,25.76441782294085,66.5210974589651,515.684
146,3,26,18.94414608760296,72.86404825434583,515.509
147,3,27,11.927941838186788,78.69870320188338,515.618
148,3,28,4.800085340182065,84.2340251090451,516.091
149,3,29,-2.3692933718910467,89.65253712102128,516.963
150,3,30,-9.515447306352,95.12612094827527,518.22
151,3,31,-16.571235917102978,100.83152139595948,519.797
152,3,32,-23.458913081812433,106.96593968579054,521.583
153,3,33,-30.08004723680402,113.76279070246447,523.433
154,3,34,-36.30218906124014,121.50442080589123,525.179
155,3,35,-41.9419616362843,130.5204890763615,526.646
156,3,36,-46.74767932121068,141.14243044335015,527.673
157,3,37,-50.39617854562932,153.5642769207989,528.121
158,3,38,-52.534618567206515,167.5903162682302,527.895
159,3,39,-52.893155687307996,-177.56736483416458,526.953
160,4,0,-52.378145763510695,-161.21049611170974,526.216
161,4,1,-50.04960108676453,-147.3273989632285,524.245
162,4,2,-46.244734926582204,-135.09498095222085,521.701
163,4,3,-41.316691968715475,-124.65405325861589,518.736
164,4,4,-35.58173729249261,-115.78528484778612,515.536
165,4,5,-29.283927217336505,-108.15266456351276,512.309
166,4,6,-22.600914963559187,-101.43024211822447,509.266
167,4,7,-15.661526436643566,-95.3407391523754,506.607
168,4,8,-8.56238320013593,-89.6546749702315,504.495
169,4,9,-1.3808200709137504,-84.17691106720545,503.051
170,4,10,5.815326365960052,-78.73073678909073,502.34
171,4,11,12.959527506648616,-73.14217355734874,502.368
172,4,12,19.97870801099562,-67.22434056609879,503.079
173,4,13,26.784130915077906,-60.76142432813596,504.37
174,4,14,33.25968812564713,-53.49347125874417,506.091
175,4,15,39.24646846147378,-45.10855003362351,508.071
176,4,16,44.52442201052027,-35.26210492990352,510.126
177,4,17,48.79947497807168,-23.66560826647536,512.082
178,4,18,51.7194798859951,-10.292941399952891,513.793
179,4,19,52.95430295585253,4.350754088556783,515.149
180,4,20,52.335730288764914,19.19763319072235,516.087
181,4,21,49.95295049491426,33.07489394255785,516.601
182,4,22,46.100242274690586,45.27223893217745,516.732
183,4,23,41.135876370817726,55.66707309416859,516.566
184,4,24,35.377381447620415,64.49028414323439,516.224
185,4,25,29.06823667353667,72.0825516698913,515.844
186,4,26,22.38486071218605,78.77065241460028,515.567
187,4,27,15.454821006696884,84.83104511420674,515.522
188,4,28,8.373367106365935,90.49194004925917,515.805
189,4,29,1.2165056764422246,95.94707553556495,516.477
190,4,30,-5.949322724644655,101.37169373665911,517.546
191,4,31,-13.059142400598667,106.93818179700362,518.974
192,4,32,-20.041619175893313,112.83154222045742,520.672
193,4,33,-26.810094171660417,119.2651569468809,522.51
194,4,34,-33.251027445779556,126.49578644755314,524.33
195,4,35,-39.208837534241596,134.8314449332851,525.958
196,4,36,-44.46777242154418,144.61287688139032,527.224
197,4,37,-48.73890827560659,156.12804306727654,527.976
198,4,38,-51.67472165636401,169.41170915381917,528.096
199,4,39,-52.945901823173415,-176.01975325126642,527.514
200,5,0,-51.41951505312106,-145.09318944420394,525.309
201,5,1,-48.30964113155505,-131.98417129473856,523.036
202,5,2,-43.899767059976746,-120.65922587723718,520.26
203,5,3,-38.53309276870639,-111.04348065801813,517.153
204,5,4,-32.49072835341417,-102.83581308714305,513.912
205,5,5,-25.981588810243284,-95.6962436684854,510.751
206,5,6,-19.156640102871226,-89.32170324819337,507.877
207,5,7,-12.126765229831275,-83.46009637419095,505.474
208,5,8,-4.9775451807632205,-77.90105322004177,503.684
209,5,9,2.219529308064058,-72.4606299612082,502.602
210,5,10,9.398233576231764,-66.96544224560945,502.264
211,5,11,16.489804694270795,-61.23703772080063,502.643
212,5,12,23.414586861646345,-55.076077315854896,503.661
213,5,13,30.071857839989175,-48.2463765043678,505.187
214,5,14,36.32628255353736,-40.461965511074666,507.06
215,5,15,41.99065405487732,-31.389134953507003,509.1
216,5,16,46.80850898595882,-20.69367684538692,511.126
217,5,17,50.451499662811834,-8.184753993756972,512.977
218,5,18,52.56355807871986,5.9266622914126685,514.52
219,5,19,52.87730964843357,20.82758953425419,515.672
220,5,20,51.349696859425194,35.31685231119576,516.396
221,5,21,48.18783495299162,48.40300298731995,516.71
222,5,22,43.735531746289205,59.685416816859664,516.679
223,5,23,38.33892073588668,69.25439573083163,516.409
224,5,24,32.27925203633224,77.41882137407136,516.03
225,5,25,25.76441782294085,84.52109795986074,515.684
226,5,26,18.94414608760296,90.86404875524146,515.509
227,5,27,11.927941838186788,96.698703702779,515.618
228,5,28,4.800085340182065,102.23402560994073,516.091
229,5,29,-2.3692933718910467,107.6525376219169,516.963
230,5,30,-9.515447306352,113.1261214491709,518.22
231,5,31,-16.571235917102978,118.83152189685512,519.797
232,5,32,-23.458913081812433,124.96593335649702,521.583
233,5,33,-30.08004723680402,131.7627912033601,523.433
234,5,34,-36.30218906124014,139.5044144765977,525.179
235,5,35,-41.9419616362843,148.5204964074463,526.646
236,5,36,-46.74767932121068,159.1424241140566,527.673
237,5,37,-50.39617854562932,171.5642842518837,528.121
238,5,38,-52.534618567206515,-174.40968641859766,527.895
239,5,39,-52.893155687307996,-159.56737116345812,526.953
240,6,0,-52.378145763510695,-143.21050244100329,526.216
241,6,1,-50.04960108676453,-129.32739163214367,524.245
242,6,2,-46.244734926582204,-117.0949872815144,521.701
243,6,3,-41.316691968715475,-106.65405275772025,518.736
244,6,4,-35.58173729249261,-97.78529117707966,515.536
245,6,5,-29.283927217336505,-90.15266406261712,512.309
246,6,6,-22.600914963559187,-83.43024161732883,509.266
247,6,7,-15.661526436643566,-77.34073865147977,506.607
248,6,8,-8.56238320013593,-71.65467446933586,504.495
249,6,9,-1.3808200709137504,-66.17691056630983,503.051
250,6,10,5.815326365960052,-60.7307362881951,502.34
251,6,11,12.959527506648616,-55.14217305645311,502.368
252,6,12,19.97870801099562,-49.22434006520316,503.079
253,6,13,26.784130915077906,-42.761420412145746,504.37
254,6,14,33.25968812564713,-35.493470757848534,506.091
255,6,15,39.24646846147378,-27.10855124027517,508.071
256,6,16,44.52442201052027,-17.262106136555182,510.126
257,6,17,48.79947497807168,-5.665608619353373,512.082
258,6,18,51.7194798859951,7.707059100942743,513.793
259,6,19,52.95430295585253,22.350754162565593,515.149
260,6,20,52.335730288764914,37.19763369161798,516.087
261,6,21,49.95295049491426,51.07489444345349,516.601
262,6,22,46.100242274690586,63.2722360179785,516.732
263,6,23,41.135876370817726,73.66707359506422,516.566
264,6,24,35.377381447620415,82.49028464413001,516.224
265,6,25,29.06823667353667,90.08255217078694,515.844
266,6,26,22.38486071218605,96.77065291549592,515.567
267,6,27,15.454821006696884,102.83104561510238,515.522
268,6,28,8.373367106365935,108.4919405501548,515.805
269,6,29,1.2165056764422246,113.94707603646059,516.477
270,6,30,-5.949322724644655,119.37169423755475,517.546
271,6,31,-13.059142400598667,124.93818912808842,518.974
272,6,32,-20.041619175893313,130.8315358911639,520.672
273,6,33,-26.810094171660417,137.26515061758735,522.51
274,6,34,-33.251027445779556,144.4957801182596,524.33
275,6,35,-39.208837534241596,152.8314522643699,525.958
276,6,36,-44.46777242154418,162.61287055209678,527.224
277,6,37,-48.73890827560659,174.12805039836135,527.976
278,6,38,-51.67472165636401,-172.5882935330087,528.096
279,6,39,-52.945901823173415,-158.01975958055996,527.514
280,7,0,-51.41951505312106,-127.09319577349748,525.309
281,7,1,-48.30964113155505,-113.98417762403209,523.036
282,7,2,-43.899767059976746,-102.65922537634154,520.26
283,7,3,-38.53309276870639,-93.04348015712249,517.153
284,7,4,-32.49072835341417,-84.83581258624741,513.912
285,7,5,-25.981588810243284,-77.69624999777893,510.751
286,7,6,-19.156640102871226,-71.32170957748691,507.877
287,7,7,-12.126765229831275,-65.46009587329533,505.474
288,7,8,-4.9775451807632205,-59.901052719146136,503.684
289,7,9,2.219529308064058,-54.46063287540714,502.602
290,7,10,9.398233576231764,-48.96544857490299,502.264
291,7,11,16.489804694270795,-43.237037219905,502.643
292,7,12,23.414586861646345,-37.07608023005385,503.661
293,7,13,30.071857839989175,-30.246379418566754,505.187
294,7,14,36.32628255353736,-22.461966717726327,507.06
295,7,15,41.99065405487732,-13.389138721479602,509.1
296,7,16,46.80850898595882,-2.693680186472697,511.126
297,7,17,50.451499662811834,9.815243092044076,512.977
298,7,18,52.56355807871986,23.92665980410054,514.52
299,7,19,52.87730964843357,38.82758662005524,515.672
300,7,20,51.349696859425194,53.31684939699681,516.396
301,7,21,48.18783495299162,66.40300348821559,516.71
302,7,22,43.735531746289205,77.68541048756613,516.679
303,7,23,38.33892073588668,87.2543894015381,516.409
304,7,24,32.27925203633224,95.418821874967,516.03
305,7,25,25.76441782294085,102.5210916305672,515.684
306,7,26,18.94414608760296,108.86404242594793,515.509
307,7,27,11.927941838186788,114.69869737348546,515.618
308,7,28,4.800085340182065,120.2340192806472,516.091
309,7,29,-2.3692933718910467,125.65253129262338,516.963
310,7,30,-9.515447306352,131.12612195006653,518.22
311,7,31,-16.571235917102978,136.83151556756158,519.797
312,7,32,-23.458913081812433,142.96594068758182,521.583
313,7,33,-30.08004723680402,149.76278487406657,523.433
314,7,34,-36.30218906124014,157.5044218076825,525.179
315,7,35,-41.9419616362843,166.52049007815276,526.646
316,7,36,-46.74767932121068,177.14241778476307,527.673
317,7,37,-50.39617854562932,-170.43571843494416,528.121
318,7,38,-52.534618567206515,-156.40967908751284,527.895
319,7,39,-52.893155687307996,-141.56737749275166,526.953
320,8,0,-52.378145763510695,-125.21049510991848,526.216
321,8,1,-50.04960108676453,-111.32739113124804,524.245
322,8,2,-46.244734926582204,-99.09497995042959,521.701
323,8,3,-41.316691968715475,-88.65405225682463,518.736
324,8,4,-35.58173729249261,-79.78529067618402,515.536
325,8,5,-29.283927217336505,-72.15266356172148,512.309
326,8,6,-22.600914963559187,-65.4302411164332,509.266
327,8,7,-15.661526436643566,-59.34073815058414,506.607
328,8,8,-8.56238320013593,-53.65467738353481,504.495
329,8,9,-1.3808200709137504,-48.17691348050877,503.051
330,8,10,5.815326365960052,-42.730732372204876,502.34
331,8,11,12.959527506648616,-37.14217255555748,502.368
332,8,12,19.97870801099562,-31.22433956430752,503.079
333,8,13,26.784130915077906,-24.761421618797403,504.37
334,8,14,33.25968812564713,-17.493470256952904,506.091
335,8,15,39.24646846147378,-9.108550739379536,508.071
336,8,16,44.52442201052027,0.7378952181140963,510.126
337,8,17,48.79947497807168,12.33439188154226,512.082
338,8,18,51.7194798859951,25.707059601838377,513.793
339,8,19,52.95430295585253,40.35075637100852,515.149
340,8,20,52.335730288764914,55.19763419251362,516.087
341,8,21,49.95295049491426,69.07489835944371,516.601
342,8,22,46.100242274690586,81.27223651887414,516.732
343,8,23,41.135876370817726,91.66707409595986,516.566
344,8,24,35.377381447620415,100.49028514502565,516.224
345,8,25,29.06823667353667,108.08255267168258,515.844
346,8,26,22.38486071218605,114.77066024658072,515.567
347,8,27,15.454821006696884,120.83104611599802,515.522
348,8,28,8.373367106365935,126.4919478812396,515.805
349,8,29,1.2165056764422246,131.94706970716706,516.477
350,8,30,-5.949322724644655,137.3716879082612,517.546
351,8,31,-13.059142400598667,142.93818279879488,518.974
352,8,32,-20.041619175893313,148.83154322224868,520.672
353,8,33,-26.810094171660417,155.26515794867217,522.51
354,8,34,-33.251027445779556,162.49578744934442,524.33
355,8,35,-39.208837534241596,170.83144593507635,525.958
356,8,36,-44.46777242154418,-179.38713213473108,527.224
357,8,37,-48.73890827560659,-167.8719522884665,527.976
358,8,38,-51.67472165636401,-154.5882862019239,528.096
359,8,39,-52.945901823173415,-140.01975224947515,527.514
360,9,0,-51.41951505312106,-109.09319527260185,525.309
361,9,1,-48.30964113155505,-95.98417712313646,523.036
362,9,2,-43.899767059976746,-84.6592248754459,520.26
363,9,3,-38.53309276870639,-75.04347965622685,517.153
364,9,4,-32.49072835341417,-66.83581208535178,513.912
365,9,5,-25.981588810243284,-59.696249496883304,510.751
366,9,6,-19.156640102871226,-53.321705661496686,507.877
367,9,7,-12.126765229831275,-47.46009537239969,505.474
368,9,8,-4.9775451807632205,-41.901052218250506,503.684
369,9,9,2.219529308064058,-36.46063237451151,502.602
370,9,10,9.398233576231764,-30.96544807400736,502.264
371,9,11,16.489804694270795,-25.237038426556655,502.643
372,9,12,23.414586861646345,-19.076079729158216,503.661
373,9,13,30.071857839989175,-12.246379771444769,505.187
374,9,14,36.32628255353736,-4.461966216830692,507.06
375,9,15,41.99065405487732,4.610862206302855,509.1
376,9,16,46.80850898595882,15.30632074130976,511.126
377,9,17,50.451499662811834,27.81524359293971,512.977
378,9,18,52.56355807871986,41.92665859744888,514.52
379,9,19,52.87730964843357,56.827587120950874,515.672
380,9,20,51.349696859425194,71.31684648279786,516.396
381,9,21,48.18783495299162,84.40300398911121,516.71
382,9,22,43.735531746289205,95.68541098846175,516.679
383,9,23,38.33892073588668,105.25438990243373,516.409
384,9,24,32.27925203633224,113.41882237586263,516.03
385,9,25,25.76441782294085,120.52109213146284,515.684
386,9,26,18.94414608760296,126.86404292684355,515.509
387,9,27,11.927941838186788,132.69870470457028,515.618
388,9,28,4.800085340182065,138.234026611732,516.091
389,9,29,-2.3692933718910467,143.65253862370818,516.963
390,9,30,-9.515447306352,149.126115620773,518.22
391,9,31,-16.571235917102978,154.8315228986464,519.797
392,9,32,-23.458913081812433,160.96593435828828,521.583
393,9,33,-30.08004723680402,167.76279220515136,523.433
394,9,34,-36.30218906124014,175.50441547838895,525.179
395,9,35,-41.9419616362843,-175.4795126086751,526.646
396,9,36,-46.74767932121068,-164.85757124168646,527.673
397,9,37,-50.39617854562932,-152.4357247642377,528.121
398,9,38,-52.534618567206515,-138.40968541680638,527.895
399,9,39,-52.893155687307996,-123.56737016166686,526.953
400,10,0,-52.378145763510695,-107.21049460902286,526.216
401,10,1,-50.04960108676453,-93.32739063035241,524.245
402,10,2,-46.244734926582204,-81.09497944953397,521.701
403,10,3,-41.316691968715475,-70.65405175592899,518.736
404,10,4,-35.58173729249261,-61.78529017528838,515.536
405,10,5,-29.283927217336505,-54.15266647592044,512.309
406,10,6,-22.600914963559187,-47.43024061553756,509.266
407,10,7,-15.661526436643566,-41.340737649688506,506.607
408,10,8,-8.56238320013593,-35.65467688263918,504.495
409,10,9,-1.3808200709137504,-30.176912979613142,503.051
410,10,10,5.815326365960052,-24.730731871309242,502.34
411,10,11,12.959527506648616,-19.142172054661845,502.368
412,10,12,19.97870801099562,-13.224338209638242,503.079
413,10,13,26.784130915077906,-6.761420264128124,504.37
414,10,14,33.25968812564713,0.5065298170559075,506.091
415,10,15,39.24646846147378,8.891449761516096,508.071
416,10,16,44.52442201052027,18.737894865236083,510.126
417,10,17,48.79947497807168,30.33439323621154,512.082
418,10,18,51.7194798859951,43.70706010273401,513.793
419,10,19,52.95430295585253,58.35075687190415,515.149
420,10,20,52.335730288764914,73.19763469340926,516.087
421,10,21,49.95295049491426,87.07489886033933,516.601
422,10,22,46.100242274690586,99.27223701976976,516.732
423,10,23,41.135876370817726,109.66707459685549,516.566
424,10,24,35.377381447620415,118.49028564592129,516.224
425,10,25,29.06823667353667,126.08254634238904,515.844
426,10,26,22.38486071218605,132.77065391728718,515.567
427,10,27,15.454821006696884,138.83103978670448,515.522
428,10,28,8.373367106365935,144.49194155194607,515.805
429,10,29,1.2165056764422246,149.94707703825185,516.477
430,10,30,-5.949322724644655,155.37169523934602,517.546
431,10,31,-13.059142400598667,160.9381901298797,518.974
432,10,32,-20.041619175893313,166.83153689295514,520.672
433,10,33,-26.810094171660417,173.26515161937863,522.51
434,10,34,-33.251027445779556,-179.50421523748344,524.33
435,10,35,-39.208837534241596,-171.1685567517515,525.958
436,10,36,-44.46777242154418,-161.3871248036463,527.224
437,10,37,-48.73890827560659,-149.87195861776004,527.976
438,10,38,-51.67472165636401,-136.58829253121743,528.096
439,10,39,-52.945901823173415,-122.01975857876869,527.514
440,11,0,-51.41951505312106,-91.09319477170622,525.309
441,11,1,-48.30964113155505,-77.98417662224082,523.036
442,11,2,-43.899767059976746,-66.65922437455028,520.26
443,11,3,-38.53309276870639,-57.04347915533122,517.153
444,11,4,-32.49072835341417,-48.835814999550735,513.912
445,11,5,-25.981588810243284,-41.69624899598767,510.751
446,11,6,-19.156640102871226,-35.321705160601056,507.877
447,11,7,-12.126765229831275,-29.460094871504058,505.474
448,11,8,-4.9775451807632205,-23.901053424902162,503.684
449,11,9,2.219529308064058,-18.460631873615878,502.602
450,11,10,9.398233576231764,-12.965447573111724,502.264
451,11,11,16.489804694270795,-7.237037071887377,502.643
452,11,12,23.414586861646345,-1.0760794417059953,503.661
453,11,13,30.071857839989175,5.753620302564042,505.187
454,11,14,36.32628255353736,13.538034284064942,507.06
455,11,15,41.99065405487732,22.61086313408531,509.1
456,11,16,46.80850898595882,33.30632124220539,511.126
457,11,17,50.451499662811834,45.81524238628805,512.977
458,11,18,52.56355807871986,59.926659098344516,514.52
459,11,19,52.87730964843357,74.82758420675192,515.672
460,11,20,51.349696859425194,89.3168469836935,516.396
461,11,21,48.18783495299162,102.40300449000685,516.71
462,11,22,43.735531746289205,113.68541148935739,516.679
463,11,23,38.33892073588668,123.25439723351853,516.409
464,11,24,32.27925203633224,131.41882287675827,516.03
465,11,25,25.76441782294085,138.52109946254762,515.684
466,11,26,18.94414608760296,144.86405025792837,515.509
467,11,27,11.927941838186788,150.69869837527673,515.618
468,11,28,4.800085340182065,156.23402028243848,516.091
469,11,29,-2.3692933718910467,161.65253229441464,516.963
470,11,30,-9.515447306352,167.1261229518578,518.22
471,11,31,-16.571235917102978,172.83151656935286,519.797
472,11,32,-23.458913081812433,178.9659416893731,521.583
473,11,33,-30.08004723680402,-174.2372104816765,523.433
474,11,34,-36.30218906124014,-166.4955872084389,525.179
475,11,35,-41.9419616362843,-157.47950527759028,526.646
476,11,36,-46.74767932121068,-146.85757757097997,527.673
477,11,37,-50.39617854562932,-134.4357174331529,528.121
478,11,38,-52.534618567206515,-120.40967808572158,527.895
479,11,39,-52.893155687307996,-105.56736966077123,526.953
480,12,0,-52.378145763510695,-89.21049410812722,526.216
481,12,1,-50.04960108676453,-75.32739012945677,524.245
482,12,2,-46.244734926582204,-63.09497894863833,521.701
483,12,3,-41.316691968715475,-52.65405467012794,518.736
484,12,4,-35.58173729249261,-43.78528625929817,515.536
485,12,5,-29.283927217336505,-36.15266597502481,512.309
486,12,6,-22.600914963559187,-29.430240114641933,509.266
487,12,7,-15.661526436643566,-23.340738856340167,506.607
488,12,8,-8.56238320013593,-17.65467467419625,504.495
489,12,9,-1.3808200709137504,-12.17691162494386,503.051
490,12,10,5.815326365960052,-6.730731797300433,502.34
491,12,11,12.959527506648616,-1.1421710201576833,502.368
492,12,12,19.97870801099562,4.775662718144215,503.079
493,12,13,26.784130915077906,11.23858023676751,504.37
494,12,14,33.25968812564713,18.506530744838365,506.091
495,12,15,39.24646846147378,26.89145026241173,508.071
496,12,16,44.52442201052027,36.73789707367901,510.126
497,12,17,48.79947497807168,48.33439373710717,512.082
498,12,18,51.7194798859951,61.70705718853506,513.793
499,12,19,52.95430295585253,76.35075737279979,515.149
500,12,20,52.335730288764914,91.19763519430488,516.087
501,12,21,49.95295049491426,105.07489936123497,516.601
502,12,22,46.100242274690586,117.27224435085456,516.732
503,12,23,41.135876370817726,127.6670819279403,516.566
504,12,24,35.377381447620415,136.49029297700608,516.224
505,12,25,29.06823667353667,144.08255367347385,515.844
506,12,26,22.38486071218605,150.770661248372,515.567
507,12,27,15.454821006696884,156.83104711778927,515.522
508,12,28,8.373367106365935,162.49194888303086,515.805
509,12,29,1.2165056764422246,167.9470707089583,516.477
510,12,30,-5.949322724644655,173.37168891005248,517.546
511,12,31,-13.059142400598667,178.93818380058616,518.974
512,12,32,-20.041619175893313,-175.16845213349438,520.672
513,12,33,-26.810094171660417,-168.7348374070709,522.51
514,12,34,-33.251027445779556,-161.50420790639865,524.33
515,12,35,-39.208837534241596,-153.1685494206667,525.958
516,12,36,-44.46777242154418,-143.38713113293983,527.224
517,12,37,-48.73890827560659,-131.87195128667526,527.976
518,12,38,-51.67472165636401,-118.58828520013263,528.096
519,12,39,-52.945901823173415,-104.01975124768389,527.514
520,13,0,-51.41951505312106,-73.09318744062142,525.309
521,13,1,-48.30964113155505,-59.98416929115602,523.036
522,13,2,-43.899767059976746,-48.65922045856006,520.26
523,13,3,-38.53309276870639,-39.04347182424642,517.153
524,13,4,-32.49072835341417,-30.835807668465932,513.912
525,13,5,-25.981588810243284,-23.696239957355576,510.751
526,13,6,-19.156640102871226,-17.321697829516253,507.877
527,13,7,-12.126765229831275,-11.460088394192901,505.474
528,13,8,-4.9775451807632205,-5.901045240043713,503.684
529,13,9,2.219529308064058,-0.4606248093353394,502.602
530,13,10,9.398233576231764,5.0345601848599015,502.264
531,13,11,16.489804694270795,10.762970259197427,502.643
532,13,12,23.414586861646345,16.92392810282222,503.661
533,13,13,30.071857839989175,23.753627206762022,505.187
534,13,14,36.32628255353736,31.538039907602453,507.06
535,13,15,41.99065405487732,40.610870465170116,509.1
536,13,16,46.80850898595882,51.306328573290195,511.126
537,13,17,50.451499662811834,63.81524971737285,512.977
538,13,18,52.56355807871986,77.92666642942932,514.52
539,13,19,52.87730964843357,92.82759153783672,515.672
540,13,20,51.349696859425194,107.3168543147783,516.396
541,13,21,48.18783495299162,120.40301182109165,516.71
542,13,22,43.735531746289205,131.6854188204422,516.679
543,13,23,38.33892073588668,141.25440456460333,516.409
544,13,24,32.27925203633224,149.41883020784306,516.03
545,13,25,25.76441782294085,156.52110679363244,515.684
546,13,26,18.94414608760296,162.86405758901316,515.509
547,13,27,11.927941838186788,168.69870570636152,515.618
548,13,28,4.800085340182065,174.23402761352327,516.091
549,13,29,-2.3692933718910467,179.65253962549946,516.963
550,13,30,-9.515447306352,-174.87387973497007,518.22
551,13,31,-16.571235917102978,-169.16847245709667,519.797
552,13,32,-23.458913081812433,-163.0340609974548,521.583
553,13,33,-30.08004723680402,-156.23720315059168,523.433
554,13,34,-36.30218906124014,-148.4955798773541,525.179
555,13,35,-41.9419616362843,-139.4794979465055,526.646
556,13,36,-46.74767932121068,-128.85757023989518,527.673
557,13,37,-50.39617854562932,-116.43571010206809,528.121
558,13,38,-52.534618567206515,-102.40967758482596,527.895
559,13,39,-52.893155687307996,-87.56736232968643,526.953
560,14,0,-52.378145763510695,-71.21050043742076,526.216
561,14,1,-50.04960108676453,-57.327396458750314,524.245
562,14,2,-46.244734926582204,-45.09498869302645,521.701
563,14,3,-41.316691968715475,-34.65406099942148,518.736
564,14,4,-35.58173729249261,-25.785294296138996,515.536
565,14,5,-29.283927217336505,-18.152672304318344,512.309
566,14,6,-22.600914963559187,-11.430247297709116,509.266
567,14,7,-15.661526436643566,-5.3407447587468795,506.607
568,14,8,-8.56238320013593,0.34531835617997747,504.495
569,14,9,-1.3808200709137504,5.823082045762602,503.051
570,14,10,5.815326365960052,11.269261446519208,502.34
571,14,11,12.959527506648616,16.857822116940252,502.368
572,14,12,19.97870801099562,22.775656815737502,503.079
573,14,13,26.784130915077906,29.23857476124762,504.37
574,14,14,33.25968812564713,36.506524415544824,506.091
575,14,15,39.24646846147378,44.89144564066549,508.071
576,14,16,44.52442201052027,54.737890744385474,510.126
577,14,17,48.79947497807168,66.33438740781364,512.082
578,14,18,51.7194798859951,79.70705085924152,513.793
579,14,19,52.95430295585253,94.35075104350625,515.149
580,14,20,52.335730288764914,109.19762886501135,516.087
581,14,21,49.95295049491426,123.07488620175226,516.601
582,14,22,46.100242274690586,135.27223802156104,516.732
583,14,23,41.135876370817726,145.66707559864676,516.566
584,14,24,35.377381447620415,154.49028664771254,516.224
585,14,25,29.06823667353667,162.0825473441803,515.844
586,14,26,22.38486071218605,168.77065491907845,515.567
587,14,27,15.454821006696884,174.83104078849576,515.522
588,14,28,8.373367106365935,-179.50806746417533,515.805
589,14,29,1.2165056764422246,-174.05293197786955,516.477
590,14,30,-5.949322724644655,-168.62831377677537,517.546
591,14,31,-13.059142400598667,-163.06181888624172,518.974
592,14,32,-20.041619175893313,-157.16845846278792,520.672
593,14,33,-26.810094171660417,-150.73484373636444,522.51
594,14,34,-33.251027445779556,-143.5042142356922,524.33
595,14,35,-39.208837534241596,-135.16855574996023,525.958
596,14,36,-44.46777242154418,-125.38713746223335,527.224
597,14,37,-48.73890827560659,-113.87195761596878,527.976
598,14,38,-51.67472165636401,-100.58829835961534,528.096
599,14,39,-52.945901823173415,-86.01975757697743,527.514
600,15,0,-51.41951505312106,-55.09319718500954,525.309
601,15,1,-48.30964113155505,-41.98417220535497,523.036
602,15,2,-43.899767059976746,-30.65922678785359,520.26
603,15,3,-38.53309276870639,-21.043478153539954,517.153
604,15,4,-32.49072835341417,-12.83581314398582,513.912
605,15,5,-25.981588810243284,-5.696246713535935,510.751
606,15,6,-19.156640102871226,0.6782950941382708,507.877
607,15,7,-12.126765229831275,6.53990484962674,505.474
608,15,8,-4.9775451807632205,12.09894843066275,503.684
609,15,9,2.219529308064058,17.539369128175387,502.602
610,15,10,9.398233576231764,23.03455342867954,502.264
611,15,11,16.489804694270795,28.762964783677536,502.643
612,15,12,23.414586861646345,34.92392177352868,503.661
613,15,13,30.071857839989175,41.753622585015776,505.187
614,15,14,36.32628255353736,49.53803357830891,507.06
615,15,15,41.99065405487732,58.610864135876575,509.1
616,15,16,46.80850898595882,69.30631882890208,511.126
617,15,17,50.451499662811834,81.81524338807932,512.977
618,15,18,52.56355807871986,95.92666010013578,514.52
619,15,19,52.87730964843357,110.82758520854318,515.672
620,15,20,51.349696859425194,125.31685481567393,516.396
621,15,21,48.18783495299162,138.40300549179813,516.71
622,15,22,43.735531746289205,149.68541249114867,516.679
623,15,23,38.33892073588668,159.2543982353098,516.409
624,15,24,32.27925203633224,167.41882387854952,516.03
625,15,25,25.76441782294085,174.5211004643389,515.684
626,15,26,18.94414608760296,-179.13595875819303,515.509
627,15,27,11.927941838186788,-173.30129698046633,515.618
628,15,28,4.800085340182065,-167.7659750733046,516.091
629,15,29,-2.3692933718910467,-162.34746306132843,516.963
630,15,30,-9.515447306352,-156.8738860642636,518.22
631,15,31,-16.571235917102978,-151.1684787863902,519.797
632,15,32,-23.458913081812433,-145.03406732674833,521.583
633,15,33,-30.08004723680402,-138.23720947988522,523.433
634,15,34,-36.30218906124014,-130.49558620664763,525.179
635,15,35,-41.9419616362843,-121.47950427579903,526.646
636,15,36,-46.74767932121068,-110.85757656918871,527.673
637,15,37,-50.39617854562932,-98.43571643136163,528.121
638,15,38,-52.534618567206515,-84.4096839141195,527.895
639,15,39,-52.893155687307996,-69.56736865897996,526.953
640,16,0,-52.378145763510695,-53.21049310633595,526.216
641,16,1,-50.04960108676453,-39.327389127665505,524.245
642,16,2,-46.244734926582204,-27.09498136194165,521.701
643,16,3,-41.316691968715475,-16.654053668336676,518.736
644,16,4,-35.58173729249261,-7.785286111280545,515.536
645,16,5,-29.283927217336505,-0.15266465306842267,512.309
646,16,6,-22.600914963559187,6.569759606488866,509.266
647,16,7,-15.661526436643566,12.6592621454511,506.607
648,16,8,-8.56238320013593,18.345326327595014,504.495
649,16,9,-1.3808200709137504,23.82309023062105,503.051
650,16,10,5.815326365960052,29.269269631377657,502.34
651,16,11,12.959527506648616,34.85782944802506,502.368
652,16,12,19.97870801099562,40.77566243927501,503.079
653,16,13,26.784130915077906,47.23858209233242,504.37
654,16,14,33.25968812564713,54.50653174662963,506.091
655,16,15,39.24646846147378,62.89145297175029,508.071
656,16,16,44.52442201052027,72.73789466037569,510.126
657,16,17,48.79947497807168,84.33439473889844,512.082
658,16,18,51.7194798859951,97.70705819032632,513.793
659,16,19,52.95430295585253,112.35075837459105,515.149
660,16,20,52.335730288764914,127.19762936590698,516.087
661,16,21,49.95295049491426,141.07489353283705,516.601
662,16,22,46.100242274690586,153.27224535264583,516.732
663,16,23,41.135876370817726,163.66708292973155,516.566
664,16,24,35.377381447620415,172.49029397879735,516.224
665,16,25,29.06823667353667,-179.9174416822692,515.844
666,16,26,22.38486071218605,-173.2293477677494,515.567
667,16,27,15.454821006696884,-167.16894823795377,515.522
668,16,28,8.373367106365935,-161.50806013309054,515.805
669,16,29,1.2165056764422246,-156.05292464678476,516.477
670,16,30,-5.949322724644655,-150.62830644569058,517.546
671,16,31,-13.059142400598667,-145.0618115551569,518.974
672,16,32,-20.041619175893313,-139.1684511317031,520.672
673,16,33,-26.810094171660417,-132.73483640527962,522.51
674,16,34,-33.251027445779556,-125.50420690460737,524.33
675,16,35,-39.208837534241596,-117.16854841887543,525.958
676,16,36,-44.46777242154418,-107.38712330095939,527.224
677,16,37,-48.73890827560659,-95.87195028488398,527.976
678,16,38,-51.67472165636401,-82.58829102853053,528.096
679,16,39,-52.945901823173415,-68.01975024589262,527.514
680,17,0,-51.41951505312106,-37.09320351430307,525.309
681,17,1,-48.30964113155505,-23.98417853464851,523.036
682,17,2,-43.899767059976746,-12.659232263373482,520.26
683,17,3,-38.53309276870639,-3.0434844828334917,517.153
684,17,4,-32.49072835341417,5.164180526720642,513.912
685,17,5,-25.981588810243284,12.303747384057353,510.751
686,17,6,-19.156640102871226,18.678289511896676,507.877
687,17,7,-12.126765229831275,24.53989809344638,505.474
688,17,8,-4.9775451807632205,30.09894295514286,503.684
689,17,9,2.219529308064058,35.539362798881854,502.602
690,17,10,9.398233576231764,41.034547099386,502.264
691,17,11,16.489804694270795,46.762958454384,502.643
692,17,12,23.414586861646345,52.92391544423515,503.661
693,17,13,30.071857839989175,59.75361625572224,505.187
694,17,14,36.32628255353736,67.53803066410997,507.06
695,17,15,41.99065405487732,76.61085780658304,509.1
696,17,16,46.80850898595882,87.30631249960854,511.126
697,17,17,50.451499662811834,99.81523705878578,512.977
698,17,18,52.56355807871986,113.92665377084225,514.52
699,17,19,52.87730964843357,128.82758570943884,515.672
700,17,20,51.349696859425194,143.3168484863804,516.396
701,17,21,48.18783495299162,156.40299916250459,516.71
702,17,22,43.735531746289205,167.68540616185513,516.679
703,17,23,38.33892073588668,177.25439190601628,516.409
704,17,24,32.27925203633224,-174.58119246865667,516.03
705,17,25,25.76441782294085,-167.4789158828673,515.684
706,17,26,18.94414608760296,-161.13596508748657,515.509
707,17,27,11.927941838186788,-155.30130330975987,515.618
708,17,28,4.800085340182065,-149.76598140259813,516.091
709,17,29,-2.3692933718910467,-144.34746939062197,516.963
710,17,30,-9.515447306352,-138.87389239355713,518.22
711,17,31,-16.571235917102978,-133.16848511568375,519.797
712,17,32,-23.458913081812433,-127.03407365604185,521.583
713,17,33,-30.08004723680402,-120.23721580917876,523.433
714,17,34,-36.30218906124014,-112.495585705752,525.179
715,17,35,-41.9419616362843,-103.47951743528174,526.646
716,17,36,-46.74767932121068,-92.85758289848225,527.673
717,17,37,-50.39617854562932,-80.43572276065517,528.121
718,17,38,-52.534618567206515,-66.40969024341302,527.895
719,17,39,-52.893155687307996,-51.56737840336808,526.953
720,18,0,-52.378145763510695,-35.210499435629494,526.216
721,18,1,-50.04960108676453,-21.327395456959046,524.245
722,18,2,-46.244734926582204,-9.094986837461537,521.701
723,18,3,-41.316691968715475,1.3459400023697876,518.736
724,18,4,-35.58173729249261,10.214707559425918,515.536
725,18,5,-29.283927217336505,17.847328697472925,512.309
726,18,6,-22.600914963559187,24.569752850308507,509.266
727,18,7,-15.661526436643566,30.659257523704856,506.607
728,18,8,-8.56238320013593,36.345318290754186,504.495
729,18,9,-1.3808200709137504,41.82308219378022,503.051
730,18,10,5.815326365960052,47.26926330208412,502.34
731,18,11,12.959527506648616,52.85782311873152,502.368
732,18,12,19.97870801099562,58.775656109981476,503.079
733,18,13,26.784130915077906,65.2385723479443,504.37
734,18,14,33.25968812564713,72.50652200224151,506.091
735,18,15,39.24646846147378,80.89144664245676,508.071
736,18,16,44.52442201052027,90.73788833108216,510.126
737,18,17,48.79947497807168,102.3343884096049,512.082
738,18,18,51.7194798859951,115.7070518610328,513.793
739,18,19,52.95430295585253,130.35074521510833,515.149
740,18,20,52.335730288764914,145.19762303661344,516.087
741,18,21,49.95295049491426,159.07488720354354,516.601
742,18,22,46.100242274690586,171.2722390233523,516.732
743,18,23,41.135876370817726,-178.33293341747464,516.566
744,18,24,35.377381447620415,-169.50972236840886,516.224
745,18,25,29.06823667353667,-161.91744801156275,515.844
746,18,26,22.38486071218605,-155.22935409704294,515.567
747,18,27,15.454821006696884,-149.1689545672473,515.522
748,18,28,8.373367106365935,-143.50806646238408,515.805
749,18,29,1.2165056764422246,-138.05293097607827,516.477
750,18,30,-5.949322724644655,-132.62831277498412,517.546
751,18,31,-13.059142400598667,-127.06181788445045,518.974
752,18,32,-20.041619175893313,-121.16845746099665,520.672
753,18,33,-26.810094171660417,-114.73484273457318,522.51
754,18,34,-33.251027445779556,-107.50422006409009,524.33
755,18,35,-39.208837534241596,-99.16856157835814,525.958
756,18,36,-44.46777242154418,-89.38712963025293,527.224
757,18,37,-48.73890827560659,-77.87195661417752,527.976
758,18,38,-51.67472165636401,-64.58829735782406,528.096
759,18,39,-52.945901823173415,-50.01975999028075,527.514
760,19,0,-51.41951505312106,-19.093196183218268,525.309
761,19,1,-48.30964113155505,-5.98417163045053,523.036
762,19,2,-43.899767059976746,5.3407754945981445,520.26
763,19,3,-38.53309276870639,14.956522848251312,517.153
764,19,4,-32.49072835341417,23.16418871157909,513.912
765,19,5,-25.981588810243284,30.303753007594864,510.751
766,19,6,-19.156640102871226,36.67829684298148,507.877
767,19,7,-12.126765229831275,42.539907132078476,505.474
768,19,8,-4.9775451807632205,48.09895028622766,503.684
769,19,9,2.219529308064058,53.539370129966656,502.602
770,19,10,9.398233576231764,59.034554430470806,502.264
771,19,11,16.489804694270795,64.76296578546881,502.643
772,19,12,23.414586861646345,70.92391936022537,503.661
773,19,13,30.071857839989175,77.75362358680704,505.187
774,19,14,36.32628255353736,85.53803799519477,507.06
775,19,15,41.99065405487732,94.61086513766784,509.1
776,19,16,46.80850898595882,105.30631983069334,511.126
777,19,17,50.451499662811834,117.81524438987059,512.977
778,19,18,52.56355807871986,131.92666110192704,514.52
779,19,19,52.87730964843357,146.82759304052362,515.672
780,19,20,51.349696859425194,161.31685581746518,516.396
781,19,21,48.18783495299162,174.40300649358937,516.71
782,19,22,43.735531746289205,-174.3145828645944,516.679
783,19,23,38.33892073588668,-164.7456107808116,516.409
784,19,24,32.27925203633224,-156.58118513757188,516.03
785,19,25,25.76441782294085,-149.4789085517825,515.684
786,19,26,18.94414608760296,-143.13595775640178,515.509
787,19,27,11.927941838186788,-137.30129597867506,515.618
788,19,28,4.800085340182065,-131.76597407151334,516.091
789,19,29,-2.3692933718910467,-126.34746205953715,516.963
790,19,30,-9.515447306352,-120.87388506247234,518.22
791,19,31,-16.571235917102978,-115.16847778459895,519.797
792,19,32,-23.458913081812433,-109.03405949476787,521.583
793,19,33,-30.08004723680402,-102.23720847809396,523.433
794,19,34,-36.30218906124014,-94.4955783746672,525.179
795,19,35,-41.9419616362843,-85.47951010419693,526.646
796,19,36,-46.74767932121068,-74.85757556739745,527.673
797,19,37,-50.39617854562932,-62.43571542957036,528.121
798,19,38,-52.534618567206515,-48.40968291232822,527.895
799,19,39,-52.893155687307996,-33.56737107228328,526.953
800,20,0,-52.378145763510695,-17.210492104544688,526.216
801,20,1,-50.04960108676453,-3.327388339317653,524.245
802,20,2,-46.244734926582204,8.905020493623265,521.701
803,20,3,-41.316691968715475,19.345947333454593,518.736
804,20,4,-35.58173729249261,28.214714036737075,515.536
805,20,5,-29.283927217336505,35.84733602855773,512.309
806,20,6,-22.600914963559187,42.569761888940604,509.266
807,20,7,-15.661526436643566,48.65926485478966,506.607
808,20,8,-8.56238320013593,54.34532562183899,504.495
809,20,9,-1.3808200709137504,59.82309293995961,503.051
810,20,10,5.815326365960052,65.26926721807433,502.34
811,20,11,12.959527506648616,70.85783044981632,502.368
812,20,12,19.97870801099562,76.77566344106629,503.079
813,20,13,26.784130915077906,83.2385796790291,504.37
814,20,14,33.25968812564713,90.50652933332631,506.091
815,20,15,39.24646846147378,98.89145397354156,508.071
816,20,16,44.52442201052027,108.73789566216696,510.126
817,20,17,48.79947497807168,120.3343957406897,512.082
818,20,18,51.7194798859951,133.70705919211758,513.793
819,20,19,52.95430295585253,148.35075254619315,515.149
820,20,20,52.335730288764914,163.19763036769825,516.087
821,20,21,49.95295049491426,177.07489453462833,516.601
822,20,22,46.100242274690586,-170.72776366347557,516.732
823,20,23,41.135876370817726,-160.33292608638985,516.566
824,20,24,35.377381447620415,-151.50971503732404,516.224
825,20,25,29.06823667353667,-143.91744068047797,515.844
826,20,26,22.38486071218605,-137.22934676595816,515.567
827,20,27,15.454821006696884,-131.16894723616252,515.522
828,20,28,8.373367106365935,-125.50805913129926,515.805
829,20,29,1.2165056764422246,-120.05292364499348,516.477
830,20,30,-5.949322724644655,-114.62830544389931,517.546
831,20,31,-13.059142400598667,-109.06181055336565,518.974
832,20,32,-20.041619175893313,-103.16845696010101,520.672
833,20,33,-26.810094171660417,-96.73484223367754,522.51
834,20,34,-33.251027445779556,-89.50421273300528,524.33
835,20,35,-39.208837534241596,-81.16855424727333,525.958
836,20,36,-44.46777242154418,-71.38712229916811,527.224
837,20,37,-48.73890827560659,-59.87194928309271,527.976
838,20,38,-51.67472165636401,-46.588290026739266,528.096
839,20,39,-52.945901823173415,-32.019752659195944,527.514
840,21,0,-51.41951505312106,-1.093201872181571,525.309
841,21,1,-48.30964113155505,12.015821613369111,523.036
842,21,2,-43.899767059976746,23.34076959219143,520.26
843,21,3,-38.53309276870639,32.95651651895778,517.153
844,21,4,-32.49072835341417,41.16418067473826,513.912
845,21,5,-25.981588810243284,48.30374667830132,510.751
846,21,6,-19.156640102871226,54.67829051368794,507.877
847,21,7,-12.126765229831275,60.53990080278494,505.474
848,21,8,-4.9775451807632205,66.09894395693412,503.684
849,21,9,2.219529308064058,71.53936038557853,502.602
850,21,10,9.398233576231764,77.03454810117728,502.264
851,21,11,16.489804694270795,82.76295945617527,502.643
852,21,12,23.414586861646345,88.92391303093183,503.661
853,21,13,30.071857839989175,95.75361725751351,505.187
854,21,14,36.32628255353736,103.53803166590123,507.06
855,21,15,41.99065405487732,112.6108588083743,509.1
856,21,16,46.80850898595882,123.30632033158898,511.126
857,21,17,50.451499662811834,135.81523806057706,512.977
858,21,18,52.56355807871986,149.9266547726335,514.52
859,21,19,52.87730964843357,164.82758671123008,515.672
860,21,20,51.349696859425194,179.31684948817167,516.396
861,21,21,48.18783495299162,-167.59699619323848,516.71
862,21,22,43.735531746289205,-156.31458919388794,516.679
863,21,23,38.33892073588668,-146.74561711010514,516.409
864,21,24,32.27925203633224,-138.58119146686542,516.03
865,21,25,25.76441782294085,-131.47891488107604,515.684
866,21,26,18.94414608760296,-125.1359640856953,515.509
867,21,27,11.927941838186788,-119.3013023079686,515.618
868,21,28,4.800085340182065,-113.76598040080687,516.091
869,21,29,-2.3692933718910467,-108.34746838883069,516.963
870,21,30,-9.515447306352,-102.8738845615767,518.22
871,21,31,-16.571235917102978,-97.16848411389248,519.797
872,21,32,-23.458913081812433,-91.03406582406141,521.583
873,21,33,-30.08004723680402,-84.2372148073875,523.433
874,21,34,-36.30218906124014,-76.49558470396073,525.179
875,21,35,-41.9419616362843,-67.47951643349046,526.646
876,21,36,-46.74767932121068,-56.8575784815964,527.673
877,21,37,-50.39617854562932,-44.43572517395848,528.121
878,21,38,-52.534618567206515,-30.40968924162176,527.895
879,21,39,-52.893155687307996,-15.567375694029524,526.953
880,22,0,-52.378145763510695,0.7895012459966565,526.216
881,22,1,-50.04960108676453,14.672605544832221,524.245
882,22,2,-46.244734926582204,26.905013310556082,521.701
883,22,3,-41.316691968715475,37.345941004161055,518.736
884,22,4,-35.58173729249261,46.21470941499083,515.536
885,22,5,-29.283927217336505,53.84732969926419,512.309
886,22,6,-22.600914963559187,60.569755559647064,509.266
887,22,7,-15.661526436643566,66.65925852549613,506.607
888,22,8,-8.56238320013593,72.34532270764004,504.495
889,22,9,-1.3808200709137504,77.82308661066608,503.051
890,22,10,5.815326365960052,83.2692608887808,502.34
891,22,11,12.959527506648616,88.85782412052278,502.368
892,22,12,19.97870801099562,94.77565711177274,503.079
893,22,13,26.784130915077906,101.23857334973557,504.37
894,22,14,33.25968812564713,108.50652300403277,506.091
895,22,15,39.24646846147378,116.89144764424802,508.071
896,22,16,44.52442201052027,126.73788933287342,510.126
897,22,17,48.79947497807168,138.33438941139616,512.082
898,22,18,51.7194798859951,151.70705286282404,513.793
899,22,19,52.95430295585253,166.3507462168996,515.149
900,22,20,52.335730288764914,-178.80237231912963,516.087
901,22,21,49.95295049491426,-164.92510815219953,516.601
902,22,22,46.100242274690586,-152.7277699927691,516.732
903,22,23,41.135876370817726,-142.3329324156834,516.566
904,22,24,35.377381447620415,-133.50972136661758,516.224
905,22,25,29.06823667353667,-125.9174470097715,515.844
906,22,26,22.38486071218605,-119.22935309525168,515.567
907,22,27,15.454821006696884,-113.16896039564521,515.522
908,22,28,8.373367106365935,-107.50805863040364,515.805
909,22,29,1.2165056764422246,-102.05292997428701,516.477
910,22,30,-5.949322724644655,-96.62831177319285,517.546
911,22,31,-13.059142400598667,-91.06181688265917,518.974
912,22,32,-20.041619175893313,-85.16846328939455,520.672
913,22,33,-26.810094171660417,-78.73484856297108,522.51
914,22,34,-33.251027445779556,-71.50421906229882,524.33
915,22,35,-39.208837534241596,-63.168560576566875,525.958
916,22,36,-44.46777242154418,-53.38712862846165,527.224
917,22,37,-48.73890827560659,-41.871959027480834,527.976
918,22,38,-51.67472165636401,-28.58829464848551,528.096
919,22,39,-52.945901823173415,-14.019758988489478,527.514
920,23,0,-51.41951505312106,16.906804818572997,525.309
921,23,1,-48.30964113155505,30.01582979822756,523.036
922,23,2,-43.899767059976746,41.34077521572894,520.26
923,23,3,-38.53309276870639,50.95652385004258,517.153
924,23,4,-32.49072835341417,59.16419142091765,513.912
925,23,5,-25.981588810243284,66.30375400938613,510.751
926,23,6,-19.156640102871226,72.67829442967816,507.877
927,23,7,-12.126765229831275,78.53990813386974,505.474
928,23,8,-4.9775451807632205,84.09895128801892,503.684
929,23,9,2.219529308064058,89.53936771666334,502.602
930,23,10,9.398233576231764,95.03455543226208,502.264
931,23,11,16.489804694270795,100.76296678726007,502.643
932,23,12,23.414586861646345,106.92392036201663,503.661
933,23,13,30.071857839989175,113.75362458859831,505.187
934,23,14,36.32628255353736,121.53803899698603,507.06
935,23,15,41.99065405487732,130.61086613945912,509.1
936,23,16,46.80850898595882,141.30632766267377,511.126
937,23,17,50.451499662811834,153.81524539166185,512.977
938,23,18,52.56355807871986,167.92666210371831,514.52
939,23,19,52.87730964843357,-177.17241597559777,515.672
940,23,20,51.349696859425194,-162.6831531986562,516.396
941,23,21,48.18783495299162,-149.59698886215367,516.71
942,23,22,43.735531746289205,-138.31458186280312,516.679
943,23,23,38.33892073588668,-128.74560977902033,516.409
944,23,24,32.27925203633224,-120.5811841357806,516.03
945,23,25,25.76441782294085,-113.47890071980206,515.684
946,23,26,18.94414608760296,-107.13594992442134,515.509
947,23,27,11.927941838186788,-101.3012949768838,515.618
948,23,28,4.800085340182065,-95.76597306972207,516.091
949,23,29,-2.3692933718910467,-90.34746105774589,516.963
950,23,30,-9.515447306352,-84.8738772304919,518.22
951,23,31,-16.571235917102978,-79.16847678280767,519.797
952,23,32,-23.458913081812433,-73.03405849297661,521.583
953,23,33,-30.08004723680402,-66.2372074763027,523.433
954,23,34,-36.30218906124014,-58.495577372875935,525.179
955,23,35,-41.9419616362843,-49.479505687311075,526.646
956,23,36,-46.74767932121068,-38.857571150511596,527.673
957,23,37,-50.39617854562932,-26.435717842873675,528.121
958,23,38,-52.534618567206515,-12.409681056763311,527.895
959,23,39,-52.893155687307996,2.4326309967250443,526.953
960,24,0,-52.378145763510695,18.789508897246577,526.216
961,24,1,-50.04960108676453,32.672612875917025,524.245
962,24,2,-46.244734926582204,44.90502064164089,521.701
963,24,3,-41.316691968715475,55.34594833524586,518.736
964,24,4,-35.58173729249261,64.21471333098106,515.536
965,24,5,-29.283927217336505,71.84734044544358,512.309
966,24,6,-22.600914963559187,78.56976289073187,509.266
967,24,7,-15.661526436643566,84.65926585658093,506.607
968,24,8,-8.56238320013593,90.34533003872484,504.495
969,24,9,-1.3808200709137504,95.82309394175088,503.051
970,24,10,5.815326365960052,101.26926821986561,502.34
971,24,11,12.959527506648616,106.8578314516076,502.368
972,24,12,19.97870801099562,112.77566444285755,503.079
973,24,13,26.784130915077906,119.23858751100954,504.37
974,24,14,33.25968812564713,126.50653716530675,506.091
975,24,15,39.24646846147378,134.89145497533283,508.071
976,24,16,44.52442201052027,144.73789666395822,510.126
977,24,17,48.79947497807168,156.33439674248098,512.082
978,24,18,51.7194798859951,169.70706019390886,513.793
979,24,19,52.95430295585253,-175.64924280954992,515.149
980,24,20,52.335730288764914,-160.80236498804481,516.087
981,24,21,49.95295049491426,-146.92510082111474,516.601
982,24,22,46.100242274690586,-134.7277626616843,516.732
983,24,23,41.135876370817726,-124.33292508459857,516.566
984,24,24,35.377381447620415,-115.50971403553278,516.224
985,24,25,29.06823667353667,-107.91744650887586,515.844
986,24,26,22.38486071218605,-101.22933893397771,515.567
987,24,27,15.454821006696884,-95.16895306456041,515.522
988,24,28,8.373367106365935,-89.50805129931882,515.805
989,24,29,1.2165056764422246,-84.05292264320221,516.477
990,24,30,-5.949322724644655,-78.62830444210805,517.546
991,24,31,-13.059142400598667,-73.06180955157437,518.974
992,24,32,-20.041619175893313,-67.16845595830975,520.672
993,24,33,-26.810094171660417,-60.73484123188627,522.51
994,24,34,-33.251027445779556,-53.50421173121401,524.33
995,24,35,-39.208837534241596,-45.16854983038749,525.958
996,24,36,-44.46777242154418,-35.38712129737685,527.224
997,24,37,-48.73890827560659,-23.87195169639603,527.976
998,24,38,-51.67472165636401,-10.58828817117435,528.096
999,24,39,-52.945901823173415,3.9802487694821487,527.514
1000,25,0,-51.41951505312106,34.90679848927946,525.309
1001,25,1,-48.30964113155505,48.01582346893402,523.036
1002,25,2,-43.899767059976746,59.34077230152999,520.26
1003,25,3,-38.53309276870639,68.95651752074905,517.153
1004,25,4,-32.49072835341417,77.16418509162412,513.912
1005,25,5,-25.981588810243284,84.3037476800926,510.751
1006,25,6,-19.156640102871226,90.67828810038462,507.877
1007,25,7,-12.126765229831275,96.5399018045762,505.474
1008,25,8,-4.9775451807632205,102.0989449587254,503.684
1009,25,9,2.219529308064058,107.5393613873698,502.602
1010,25,10,9.398233576231764,113.03454910296854,502.264
1011,25,11,16.489804694270795,118.76296045796653,502.643
1012,25,12,23.414586861646345,124.92391403272309,503.661
1013,25,13,30.071857839989175,131.7536114291156,505.187
1014,25,14,36.32628255353736,139.5380326676925,507.06
1015,25,15,41.99065405487732,148.61085981016558,509.1
1016,25,16,46.80850898595882,159.30632133338025,511.126
1017,25,17,50.451499662811834,171.8152390623683,512.977
1018,25,18,52.56355807871986,-174.07334058310954,514.52
1019,25,19,52.87730964843357,-159.1724223048913,515.672
1020,25,20,51.349696859425194,-144.68315952794975,516.396
1021,25,21,48.18783495299162,-131.5969951914472,516.71
1022,25,22,43.735531746289205,-120.31458819209666,516.679
1023,25,23,38.33892073588668,-110.74560927812469,516.409
1024,25,24,32.27925203633224,-102.58118363488498,516.03
1025,25,25,25.76441782294085,-95.4789070490956,515.684
1026,25,26,18.94414608760296,-89.13595625371488,515.509
1027,25,27,11.927941838186788,-83.30130130617734,515.618
1028,25,28,4.800085340182065,-77.76597939901559,516.091
1029,25,29,-2.3692933718910467,-72.34746738703942,516.963
1030,25,30,-9.515447306352,-66.87388355978544,518.22
1031,25,31,-16.571235917102978,-61.168483112101214,519.797
1032,25,32,-23.458913081812433,-55.034068237364735,521.583
1033,25,33,-30.08004723680402,-48.237217220690816,523.433
1034,25,34,-36.30218906124014,-40.49558711726405,525.179
1035,25,35,-41.9419616362843,-31.479512016604613,526.646
1036,25,36,-46.74767932121068,-20.857579187352425,527.673
1037,25,37,-50.39617854562932,-8.435723318393567,528.121
1038,25,38,-52.534618567206515,5.590312613943152,527.895
1039,25,39,-52.893155687307996,20.432625307761743,526.953
1040,26,0,-52.378145763510695,36.78951622833138,526.216
1041,26,1,-50.04960108676453,50.67262020700183,524.245
1042,26,2,-46.244734926582204,62.90503138782027,521.701
1043,26,3,-41.316691968715475,73.34595908142525,518.736
1044,26,4,-35.58173729249261,82.21472066206586,515.536
1045,26,5,-29.283927217336505,89.84734777652838,512.309
1046,26,6,-22.600914963559187,96.56977022181667,509.266
1047,26,7,-15.661526436643566,102.65927318766573,506.607
1048,26,8,-8.56238320013593,108.34533736980964,504.495
1049,26,9,-1.3808200709137504,113.82310127283569,503.051
1050,26,10,5.815326365960052,119.26928238113958,502.34
1051,26,11,12.959527506648616,124.8578387826924,502.368
1052,26,12,19.97870801099562,130.7756786041315,503.079
1053,26,13,26.784130915077906,137.23859484209436,504.37
1054,26,14,33.25968812564713,144.50654449639154,506.091
1055,26,15,39.24646846147378,152.89146230641762,508.071
1056,26,16,44.52442201052027,162.73790399504304,510.126
1057,26,17,48.79947497807168,174.33440407356576,512.082
1058,26,18,51.7194798859951,-172.29292883254067,513.793
1059,26,19,52.95430295585253,-157.6492354784651,515.149
1060,26,20,52.335730288764914,-142.80235765696,516.087
1061,26,21,49.95295049491426,-128.92509349002992,516.601
1062,26,22,46.100242274690586,-116.72775533059949,516.732
1063,26,23,41.135876370817726,-106.3329109233246,516.566
1064,26,24,35.377381447620415,-97.5096998742588,516.224
1065,26,25,29.06823667353667,-89.91743917779105,515.844
1066,26,26,22.38486071218605,-83.22933160289291,515.567
1067,26,27,15.454821006696884,-77.16894573347561,515.522
1068,26,28,8.373367106365935,-71.50804396823402,515.805
1069,26,29,1.2165056764422246,-66.0529153121174,516.477
1070,26,30,-5.949322724644655,-60.628297111023244,517.546
1071,26,31,-13.059142400598667,-55.06180563558416,518.974
1072,26,32,-20.041619175893313,-49.16844862722494,520.672
1073,26,33,-26.810094171660417,-42.73483390080147,522.51
1074,26,34,-33.251027445779556,-35.50420440012921,524.33
1075,26,35,-39.208837534241596,-27.168542499302685,525.958
1076,26,36,-44.46777242154418,-17.38711396629205,527.224
1077,26,37,-48.73890827560659,-5.871943511537581,527.976
1078,26,38,-51.67472165636401,7.411719159910453,528.096
1079,26,39,-52.945901823173415,21.98025567368013,527.514
1080,27,0,-51.41951505312106,52.906792159985926,525.309
1081,27,1,-48.30964113155505,66.01581372454591,523.036
1082,27,2,-43.899767059976746,77.34076597223645,520.26
1083,27,3,-38.53309276870639,86.9565111914555,517.153
1084,27,4,-32.49072835341417,95.16417876233058,513.912
1085,27,5,-25.981588810243284,102.30374135079906,510.751
1086,27,6,-19.156640102871226,108.6782817710911,507.877
1087,27,7,-12.126765229831275,114.53989547528266,505.474
1088,27,8,-4.9775451807632205,120.09893179924269,503.684
1089,27,9,2.219529308064058,125.53935505807627,502.602
1090,27,10,9.398233576231764,131.034542773675,502.264
1091,27,11,16.489804694270795,136.762954128673,502.643
1092,27,12,23.414586861646345,142.92390770342956,503.661
1093,27,13,30.071857839989175,149.75360509982207,505.187
1094,27,14,36.32628255353736,157.53802633839896,507.06
1095,27,15,41.99065405487732,166.61085348087204,509.1
1096,27,16,46.80850898595882,177.3063150040867,511.126
1097,27,17,50.451499662811834,-170.18476362445955,512.977
1098,27,18,52.56355807871986,-156.07334691240308,514.52
1099,27,19,52.87730964843357,-141.17242863418485,515.672
1100,27,20,51.349696859425194,-126.68316585724328,516.396
1101,27,21,48.18783495299162,-113.59700835092993,516.71
1102,27,22,43.735531746289205,-102.3145945213902,516.679
1103,27,23,38.33892073588668,-92.74561560741823,516.409
1104,27,24,32.27925203633224,-84.5811899641785,516.03
1105,27,25,25.76441782294085,-77.47891337838914,515.684
1106,27,26,18.94414608760296,-71.1359625830084,515.509
1107,27,27,11.927941838186788,-65.30130763547086,515.618
1108,27,28,4.800085340182065,-59.76598572830913,516.091
1109,27,29,-2.3692933718910467,-54.347473716332956,516.963
1110,27,30,-9.515447306352,-48.87388988907897,518.22
1111,27,31,-16.571235917102978,-43.16849285648934,519.797
1112,27,32,-23.458913081812433,-37.03407456665827,521.583
1113,27,33,-30.08004723680402,-30.237223549984353,523.433
1114,27,34,-36.30218906124014,-22.495593446557592,525.179
1115,27,35,-41.9419616362843,-13.479519199671795,526.646
1116,27,36,-46.74767932121068,-2.8575853032025504,527.673
1117,27,37,-50.39617854562932,9.564270352312896,528.121
1118,27,38,-52.534618567206515,23.590307138423263,527.895
1119,27,39,-52.893155687307996,38.432617270920915,526.953
1120,28,0,-52.378145763510695,54.7894962386595,526.216
1121,28,1,-50.04960108676453,68.67260021732996,524.245
1122,28,2,-46.244734926582204,80.9050113981484,521.701
1123,28,3,-41.316691968715475,91.34593909175337,518.736
1124,28,4,-35.58173729249261,100.21470067239397,515.536
1125,28,5,-29.283927217336505,107.84732778685651,512.309
1126,28,6,-22.600914963559187,114.5697502321448,509.266
1127,28,7,-15.661526436643566,120.65925319799385,506.607
1128,28,8,-8.56238320013593,126.34531738013777,504.495
1129,28,9,-1.3808200709137504,131.82307445297462,503.051
1130,28,10,5.815326365960052,137.2692623914677,502.34
1131,28,11,12.959527506648616,142.85781879302053,502.368
1132,28,12,19.97870801099562,148.77565861445964,503.079
1133,28,13,26.784130915077906,155.23857485242246,504.37
1134,28,14,33.25968812564713,162.50652450671967,506.091
1135,28,15,39.24646846147378,170.89144231674575,508.071
1136,28,16,44.52442201052027,-179.26211235216317,510.126
1137,28,17,48.79947497807168,-167.66561227364042,512.082
1138,28,18,51.7194798859951,-154.29294882221254,513.793
1139,28,19,52.95430295585253,-139.64925546813697,515.149
1140,28,20,52.335730288764914,-124.80237764663188,516.087
1141,28,21,49.95295049491426,-110.9251134797018,516.601
1142,28,22,46.100242274690586,-98.7277684900822,516.732
1143,28,23,41.135876370817726,-88.33293091299647,516.566
1144,28,24,35.377381447620415,-79.50971986393068,516.224
1145,28,25,29.06823667353667,-71.91745916746292,515.844
1146,28,26,22.38486071218605,-65.22935159256478,515.567
1147,28,27,15.454821006696884,-59.16896572314749,515.522
1148,28,28,8.373367106365935,-53.508063957905904,515.805
1149,28,29,1.2165056764422246,-48.0529318866947,516.477
1150,28,30,-5.949322724644655,-42.62831368560054,517.546
1151,28,31,-13.059142400598667,-37.061825625256034,518.974
1152,28,32,-20.041619175893313,-31.168468616896817,520.672
1153,28,33,-26.810094171660417,-24.734852182926055,522.51
1154,28,34,-33.251027445779556,-17.504222682253797,524.33
1155,28,35,-39.208837534241596,-9.168562488974562,525.958
1156,28,36,-44.46777242154418,0.6128654570666924,527.224
1157,28,37,-48.73890827560659,12.128036498790543,527.976
1158,28,38,-51.67472165636401,25.411700024012223,528.096
1159,28,39,-52.945901823173415,39.98023568400825,527.514
1160,29,0,-51.41951505312106,70.90680290616531,525.309
1161,29,1,-48.30964113155505,84.01582105563071,523.036
1162,29,2,-43.899767059976746,95.34077330332126,520.26
1163,29,3,-38.53309276870639,104.9565185225403,517.153
1164,29,4,-32.49072835341417,113.16418609341538,513.912
1165,29,5,-25.981588810243284,120.30375551207302,510.751
1166,29,6,-19.156640102871226,126.6782891021759,507.877
1167,29,7,-12.126765229831275,132.53990280636748,505.474
1168,29,8,-4.9775451807632205,138.0989391303275,503.684
1169,29,9,2.219529308064058,143.53936238916106,502.602
1170,29,10,9.398233576231764,149.0345501047598,502.264
1171,29,11,16.489804694270795,154.7629614597578,502.643
1172,29,12,23.414586861646345,160.92391503451435,503.661
1173,29,13,30.071857839989175,167.75361243090688,505.187
1174,29,14,36.32628255353736,175.53803366948375,507.06
1175,29,15,41.99065405487732,-175.3891355455775,509.1
1176,29,16,46.80850898595882,-164.69368768274117,511.126
1177,29,17,50.451499662811834,-152.18475629337473,512.977
1178,29,18,52.56355807871986,-138.0733395813183,514.52
1179,29,19,52.87730964843357,-123.17242130310005,515.672
1180,29,20,51.349696859425194,-108.6831516959693,516.396
1181,29,21,48.18783495299162,-95.59700101984511,516.71
1182,29,22,43.735531746289205,-84.3145871903054,516.679
1183,29,23,38.33892073588668,-74.74560827633343,516.409
1184,29,24,32.27925203633224,-66.5811826330937,516.03
1185,29,25,25.76441782294085,-59.47890604730433,515.684
1186,29,26,18.94414608760296,-53.135955251923605,515.509
1187,29,27,11.927941838186788,-47.30130030438607,515.618
1188,29,28,4.800085340182065,-41.76597498212975,516.091
1189,29,29,-2.3692933718910467,-36.347466385248154,516.963
1190,29,30,-9.515447306352,-30.87388255799417,518.22
1191,29,31,-16.571235917102978,-25.16848552540453,519.797
1192,29,32,-23.458913081812433,-19.03406723557347,521.583
1193,29,33,-30.08004723680402,-12.237215365125904,523.433
1194,29,34,-36.30218906124014,-4.495585688585964,525.179
1195,29,35,-41.9419616362843,4.520487704526185,526.646
1196,29,36,-46.74767932121068,15.14242181443884,527.673
1197,29,37,-50.39617854562932,27.564276829624053,528.121
1198,29,38,-52.534618567206515,41.590312761960774,527.895
1199,29,39,-52.893155687307996,56.43262460200572,526.953
1200,30,0,-52.378145763510695,72.78950356974431,526.216
1201,30,1,-50.04960108676453,86.67260754841476,524.245
1202,30,2,-46.244734926582204,98.9050187292332,521.701
1203,30,3,-41.316691968715475,109.34594642283817,518.736
1204,30,4,-35.58173729249261,118.21471483366795,515.536
1205,30,5,-29.283927217336505,125.84732828775213,512.309
1206,30,6,-22.600914963559187,132.56975073304042,509.266
1207,30,7,-15.661526436643566,138.65926052907867,506.607
1208,30,8,-8.56238320013593,144.34532471122256,504.495
1209,30,9,-1.3808200709137504,149.82308178405944,503.051
1210,30,10,5.815326365960052,155.2692697225525,502.34
1211,30,11,12.959527506648616,160.85782612410532,502.368
1212,30,12,19.97870801099562,166.77566594554443,503.079
1213,30,13,26.784130915077906,173.23858218350728,504.37
1214,30,14,33.25968812564713,-179.49347818010818,506.091
1215,30,15,39.24646846147378,-171.10854670970377,508.071
1216,30,16,44.52442201052027,-161.26210502107838,510.126
1217,30,17,48.79947497807168,-149.66560494255563,512.082
1218,30,18,51.7194798859951,-136.29294149112775,513.793
1219,30,19,52.95430295585253,-121.64924813705218,515.149
1220,30,20,52.335730288764914,-106.80237031554708,516.087
1221,30,21,49.95295049491426,-92.925106148617,516.601
1222,30,22,46.100242274690586,-80.7277611589974,516.732
1223,30,23,41.135876370817726,-70.33292358191167,516.566
1224,30,24,35.377381447620415,-61.50971253284588,516.224
1225,30,25,29.06823667353667,-53.91744842128354,515.844
1226,30,26,22.38486071218605,-47.22934426147998,515.567
1227,30,27,15.454821006696884,-41.168958392062684,515.522
1228,30,28,8.373367106365935,-35.5080566268211,515.805
1229,30,29,1.2165056764422246,-30.0529245556099,516.477
1230,30,30,-5.949322724644655,-24.628308062063024,517.546
1231,30,31,-13.059142400598667,-19.061816586623937,518.974
1232,30,32,-20.041619175893313,-13.168460432038367,520.672
1233,30,33,-26.810094171660417,-6.7348452787280735,522.51
1234,30,34,-33.251027445779556,0.4957838484182147,524.33
1235,30,35,-39.208837534241596,8.831444842110242,525.958
1236,30,36,-44.46777242154418,18.612873375120877,527.224
1237,30,37,-48.73890827560659,30.1280429761017,527.976
1238,30,38,-51.67472165636401,43.41170564754973,528.096
1239,30,39,-52.945901823173415,57.98024643018764,527.514
1240,31,0,-51.41951505312106,88.90681023725011,525.309
1241,31,1,-48.30964113155505,102.01582838671551,523.036
1242,31,2,-43.899767059976746,113.34078063440606,520.26
1243,31,3,-38.53309276870639,122.95651902343594,517.153
1244,31,4,-32.49072835341417,131.16419342450018,513.912
1245,31,5,-25.981588810243284,138.30376284315784,510.751
1246,31,6,-19.156640102871226,144.6782964332607,507.877
1247,31,7,-12.126765229831275,150.53991013745227,505.474
1248,31,8,-4.9775451807632205,156.09894646141228,503.684
1249,31,9,2.219529308064058,161.53936972024587,502.602
1250,31,10,9.398233576231764,167.03455743584462,502.264
1251,31,11,16.489804694270795,172.7629687908426,502.643
1252,31,12,23.414586861646345,178.92392236559917,503.661
1253,31,13,30.071857839989175,-174.24637659554264,505.187
1254,31,14,36.32628255353736,-166.46195535696577,507.06
1255,31,15,41.99065405487732,-157.38912821449267,509.1
1256,31,16,46.80850898595882,-146.69368035165635,511.126
1257,31,17,50.451499662811834,-134.18474896228994,512.977
1258,31,18,52.56355807871986,-120.07333225023348,514.52
1259,31,19,52.87730964843357,-105.17240714182607,515.672
1260,31,20,51.349696859425194,-90.6831443648845,516.396
1261,31,21,48.18783495299162,-77.5969936887603,516.71
1262,31,22,43.735531746289205,-66.3145798592206,516.679
1263,31,23,38.33892073588668,-56.74560436034321,516.409
1264,31,24,32.27925203633224,-48.5811753020089,516.03
1265,31,25,25.76441782294085,-41.478898716219526,515.684
1266,31,26,18.94414608760296,-35.1359479208388,515.509
1267,31,27,11.927941838186788,-29.301292973301262,515.618
1268,31,28,4.800085340182065,-23.765969358592233,516.091
1269,31,29,-2.3692933718910467,-18.347460761710643,516.963
1270,31,30,-9.515447306352,-12.87387608068301,518.22
1271,31,31,-16.571235917102978,-7.168478194319728,519.797
1272,31,32,-23.458913081812433,-1.034059157436725,521.583
1273,31,33,-30.08004723680402,5.762791539072077,523.433
1274,31,34,-36.30218906124014,13.504422069385662,525.179
1275,31,35,-41.9419616362843,22.520494608724164,526.646
1276,31,36,-46.74767932121068,33.142430853070934,527.673
1277,31,37,-50.39617854562932,45.56428416070886,528.121
1278,31,38,-52.534618567206515,59.59032009304558,527.895
1279,31,39,-52.893155687307996,74.4326353481851,526.953
1280,32,0,-52.378145763510695,90.78951090082911,526.216
1281,32,1,-50.04960108676453,104.67261487949956,524.245
1282,32,2,-46.244734926582204,116.90502606031801,521.701
1283,32,3,-41.316691968715475,127.34595375392297,518.736
1284,32,4,-35.58173729249261,136.21472216475274,515.536
1285,32,5,-29.283927217336505,143.84733561883695,512.309
1286,32,6,-22.600914963559187,150.56975806412524,509.266
1287,32,7,-15.661526436643566,156.65926786016345,506.607
1288,32,8,-8.56238320013593,162.34533204230738,504.495
1289,32,9,-1.3808200709137504,167.82308911514423,503.051
1290,32,10,5.815326365960052,173.2692770536373,502.34
1291,32,11,12.959527506648616,178.85783345519013,502.368
1292,32,12,19.97870801099562,-175.22433674128342,503.079
1293,32,13,26.784130915077906,-168.76142050332058,504.37
1294,32,14,33.25968812564713,-161.4934708490234,506.091
1295,32,15,39.24646846147378,-153.10853937861899,508.071
1296,32,16,44.52442201052027,-143.26209768999357,510.126
1297,32,17,48.79947497807168,-131.66559761147082,512.082
1298,32,18,51.7194798859951,-118.29293416004293,513.793
1299,32,19,52.95430295585253,-103.64924080596738,515.149
1300,32,20,52.335730288764914,-88.80236298446228,516.087
1301,32,21,49.95295049491426,-74.92509881753219,516.601
1302,32,22,46.100242274690586,-62.72775382791259,516.732
1303,32,23,41.135876370817726,-52.33291966592145,516.566
1304,32,24,35.377381447620415,-43.50970520176108,516.224
1305,32,25,29.06823667353667,-35.917441090198736,515.844
1306,32,26,22.38486071218605,-29.229336930395178,515.567
1307,32,27,15.454821006696884,-23.16894935343059,515.522
1308,32,28,8.373367106365935,-17.508051003283587,515.805
1309,32,29,1.2165056764422246,-12.052918932072389,516.477
1310,32,30,-5.949322724644655,-6.628300730978221,517.546
1311,32,31,-13.059142400598667,-1.0618094689825464,518.974
1312,32,32,-20.041619175893313,4.831546899046436,520.672
1313,32,33,-26.810094171660417,11.265162479243553,522.51
1314,32,34,-33.251027445779556,18.49579197991581,524.33
1315,32,35,-39.208837534241596,26.831452173195046,525.958
1316,32,36,-44.46777242154418,36.61288070620568,527.224
1317,32,37,-48.73890827560659,48.128050307186506,527.976
1318,32,38,-51.67472165636401,61.41171297863454,528.096
1319,32,39,-52.945901823173415,75.98025376127245,527.514
1320,33,0,-51.41951505312106,106.90681756833492,525.309
1321,33,1,-48.30964113155505,120.01583571780031,523.036
1322,33,2,-43.899767059976746,131.34078113530168,520.26
1323,33,3,-38.53309276870639,140.95652635452075,517.153
1324,33,4,-32.49072835341417,149.164200755585,513.912
1325,33,5,-25.981588810243284,156.30377017424263,510.751
1326,33,6,-19.156640102871226,162.6783037643455,507.877
1327,33,7,-12.126765229831275,168.53991746853708,505.474
1328,33,8,-4.9775451807632205,174.0989537924971,503.684
1329,33,9,2.219529308064058,179.53937705133066,502.602
1330,33,10,9.398233576231764,-174.9654315906049,502.264
1331,33,11,16.489804694270795,-169.23702023560693,502.643
1332,33,12,23.414586861646345,-163.07606666085036,503.661
1333,33,13,30.071857839989175,-156.24636926445785,505.187
1334,33,14,36.32628255353736,-148.46194802588096,507.06
1335,33,15,41.99065405487732,-139.38912088340788,509.1
1336,33,16,46.80850898595882,-128.69367302057157,511.126
1337,33,17,50.451499662811834,-116.18474163120514,512.977
1338,33,18,52.56355807871986,-102.07332491914867,514.52
1339,33,19,52.87730964843357,-87.17239981074127,515.672
1340,33,20,51.349696859425194,-72.6831370337997,516.396
1341,33,21,48.18783495299162,-59.59698635767551,516.71
1342,33,22,43.735531746289205,-48.31457594323038,516.679
1343,33,23,38.33892073588668,-38.745597029258406,516.409
1344,33,24,32.27925203633224,-30.5811679709241,516.03
1345,33,25,25.76441782294085,-23.478893092682014,515.684
1346,33,26,18.94414608760296,-17.13594229730129,515.509
1347,33,27,11.927941838186788,-11.301286495990103,515.618
1348,33,28,4.800085340182065,-5.7659611737337855,516.091
1349,33,29,-2.3692933718910467,-0.34745276361518,516.963
1350,33,30,-9.515447306352,5.1261312504017935,518.22
1351,33,31,-16.571235917102978,10.831529136765075,519.797
1352,33,32,-23.458913081812433,16.965947426596138,521.583
1353,33,33,-30.08004723680402,23.762798443270057,523.433
1354,33,34,-36.30218906124014,31.50442854669682,525.179
1355,33,35,-41.9419616362843,40.520503647356264,526.646
1356,33,36,-46.74767932121068,51.14243818415574,527.673
1357,33,37,-50.39617854562932,63.56429490688824,528.121
1358,33,38,-52.534618567206515,77.59032742413038,527.895
1359,33,39,-52.893155687307996,92.4326426792699,526.953
1360,34,0,-52.378145763510695,108.78949091115723,526.216
1361,34,1,-50.04960108676453,122.67258805963851,524.245
1362,34,2,-46.244734926582204,134.90500607064612,521.701
1363,34,3,-41.316691968715475,145.3459337642511,518.736
1364,34,4,-35.58173729249261,154.21470217508087,515.536
1365,34,5,-29.283927217336505,161.84731562916505,512.309
1366,34,6,-22.600914963559187,168.56973807445337,509.266
1367,34,7,-15.661526436643566,174.65924787049158,506.607
1368,34,8,-8.56238320013593,-179.65468430489884,504.495
1369,34,9,-1.3808200709137504,-174.17692723206196,503.051
1370,34,10,5.815326365960052,-168.73075295394725,502.34
1371,34,11,12.959527506648616,-163.14218289201608,502.368
1372,34,12,19.97870801099562,-157.2243567309553,503.079
1373,34,13,26.784130915077906,-150.76144049299248,504.37
1374,34,14,33.25968812564713,-143.49349083869527,506.091
1375,34,15,39.24646846147378,-135.10855936829086,508.071
1376,34,16,44.52442201052027,-125.26211767966545,510.126
1377,34,17,48.79947497807168,-113.66562443133186,512.082
1378,34,18,51.7194798859951,-100.29295414971482,513.793
1379,34,19,52.95430295585253,-85.64926079563925,515.149
1380,34,20,52.335730288764914,-70.80238297413416,516.087
1381,34,21,49.95295049491426,-56.92511880720407,516.601
1382,34,22,46.100242274690586,-44.72777723267905,516.732
1383,34,23,41.135876370817726,-34.33293965559333,516.566
1384,34,24,35.377381447620415,-25.509725191432953,516.224
1385,34,25,29.06823667353667,-17.917462787417907,515.844
1386,34,26,22.38486071218605,-11.229356920067053,515.567
1387,34,27,15.454821006696884,-5.168969343102467,515.522
1388,34,28,8.373367106365935,0.4919293272096532,515.805
1389,34,29,1.2165056764422246,5.947061505142558,516.477
1390,34,30,-5.949322724644655,11.371679279349902,517.546
1391,34,31,-13.059142400598667,16.938170754788988,518.974
1392,34,32,-20.041619175893313,22.831527763148205,520.672
1393,34,33,-26.810094171660417,29.265140782024385,522.51
1394,34,34,-33.251027445779556,36.49577028269664,524.33
1395,34,35,-39.208837534241596,44.83143218352317,525.958
1396,34,36,-44.46777242154418,54.6128607165338,527.224
1397,34,37,-48.73890827560659,66.12803373260921,527.976
1398,34,38,-51.67472165636401,79.41169298896266,528.096
1399,34,39,-52.945901823173415,93.98023377160057,527.514
1400,35,0,-51.41951505312106,124.90679757866305,525.309
1401,35,1,-48.30964113155505,138.01581572812844,523.036
1402,35,2,-43.899767059976746,149.3407611456298,520.26
1403,35,3,-38.53309276870639,158.95650636484888,517.153
1404,35,4,-32.49072835341417,167.1641807659131,513.912
1405,35,5,-25.981588810243284,174.30375018457076,510.751
1406,35,6,-19.156640102871226,-179.3217125828607,507.877
1407,35,7,-12.126765229831275,-173.46009887866913,505.474
1408,35,8,-4.9775451807632205,-167.9010625547091,503.684
1409,35,9,2.219529308064058,-162.46063929587552,502.602
1410,35,10,9.398233576231764,-156.96545158027678,502.264
1411,35,11,16.489804694270795,-151.2370402252788,502.643
1412,35,12,23.414586861646345,-145.07608665052223,503.661
1413,35,13,30.071857839989175,-138.24638925412972,505.187
1414,35,14,36.32628255353736,-130.46196801555283,507.06
1415,35,15,41.99065405487732,-121.38914087307975,509.1
1416,35,16,46.80850898595882,-110.69368618005426,511.126
1417,35,17,50.451499662811834,-98.18476162087701,512.977
1418,35,18,52.56355807871986,-84.07334490882056,514.52
1419,35,19,52.87730964843357,-69.17241980041314,515.672
1420,35,20,51.349696859425194,-54.68315702347157,516.396
1421,35,21,48.18783495299162,-41.59700634734739,516.71
1422,35,22,43.735531746289205,-30.314595932902257,516.679
1423,35,23,38.33892073588668,-20.745617018930282,516.409
1424,35,24,32.27925203633224,-12.581187960595978,516.03
1425,35,25,25.76441782294085,-5.478913082353891,515.684
1426,35,26,18.94414608760296,0.8640383533570652,515.509
1427,35,27,11.927941838186788,6.698693087451196,515.618
1428,35,28,4.800085340182065,12.234018836594338,516.091
1429,35,29,-2.3692933718910467,17.652526579702283,516.963
1430,35,30,-9.515447306352,23.126110406956272,518.22
1431,35,31,-16.571235917102978,28.8315091470932,519.797
1432,35,32,-23.458913081812433,34.96592743692426,521.583
1433,35,33,-30.08004723680402,41.76277845359818,523.433
1434,35,34,-36.30218906124014,49.504408557024945,525.179
1435,35,35,-41.9419616362843,58.5204802425898,526.646
1436,35,36,-46.74767932121068,69.14241477938928,527.673
1437,35,37,-50.39617854562932,81.56427491721637,528.121
1438,35,38,-52.534618567206515,95.59030743445851,527.895
1439,35,39,-52.893155687307996,110.43262268959803,526.953
1440,36,0,-52.378145763510695,126.78949824224203,526.216
1441,36,1,-50.04960108676453,140.6725953907233,524.245
1442,36,2,-46.244734926582204,152.90501340173094,521.701
1443,36,3,-41.316691968715475,163.34594109533592,518.736
1444,36,4,-35.58173729249261,172.2147095061657,515.536
1445,36,5,-29.283927217336505,179.84732296024987,512.309
1446,36,6,-22.600914963559187,-173.43025095199616,509.266
1447,36,7,-15.661526436643566,-167.34074115595794,506.607
1448,36,8,-8.56238320013593,-161.65467697381402,504.495
1449,36,9,-1.3808200709137504,-156.17691990097717,503.051
1450,36,10,5.815326365960052,-150.73074562286243,502.34
1451,36,11,12.959527506648616,-145.1421755609313,502.368
1452,36,12,19.97870801099562,-139.2243493998705,503.079
1453,36,13,26.784130915077906,-132.76143316190766,504.37
1454,36,14,33.25968812564713,-125.49348350761046,506.091
1455,36,15,39.24646846147378,-117.10855203720604,508.071
1456,36,16,44.52442201052027,-107.26211034858065,510.126
1457,36,17,48.79947497807168,-95.66561710024706,512.082
1458,36,18,51.7194798859951,-82.29294681863001,513.793
1459,36,19,52.95430295585253,-67.64925346455445,515.149
1460,36,20,52.335730288764914,-52.80237222795477,516.087
1461,36,21,49.95295049491426,-38.92511147611927,516.601
1462,36,22,46.100242274690586,-26.72776819404696,516.732
1463,36,23,41.135876370817726,-16.332932324508526,516.566
1464,36,24,35.377381447620415,-7.509718714121796,516.224
1465,36,25,29.06823667353667,0.08254482381137428,515.844
1466,36,26,22.38486071218605,6.770649984130927,515.567
1467,36,27,15.454821006696884,12.831037987982336,515.522
1468,36,28,8.373367106365935,18.49193633812934,515.805
1469,36,29,1.2165056764422246,23.947068409340538,516.477
1470,36,30,-5.949322724644655,29.371688317982,517.546
1471,36,31,-13.059142400598667,34.9381763783265,518.974
1472,36,32,-20.041619175893313,40.83153338668571,520.672
1473,36,33,-26.810094171660417,47.265148113109184,522.51
1474,36,34,-33.251027445779556,54.49577761378145,524.33
1475,36,35,-39.208837534241596,62.83143609951339,525.958
1476,36,36,-44.46777242154418,72.6128680476186,527.224
1477,36,37,-48.73890827560659,84.12804106369401,527.976
1478,36,38,-51.67472165636401,97.41170032004746,528.096
1479,36,39,-52.945901823173415,111.98024110268537,527.514
1480,37,0,-51.41951505312106,142.90680490974785,525.309
1481,37,1,-48.30964113155505,156.01582305921323,523.036
1482,37,2,-43.899767059976746,167.34076847671463,520.26
1483,37,3,-38.53309276870639,176.95651369593367,517.153
1484,37,4,-32.49072835341417,-174.83580826053642,513.912
1485,37,5,-25.981588810243284,-167.6962525022571,510.751
1486,37,6,-19.156640102871226,-161.3217052517759,507.877
1487,37,7,-12.126765229831275,-155.4600915475843,505.474
1488,37,8,-4.9775451807632205,-149.9010552236243,503.684
1489,37,9,2.219529308064058,-144.46063196479074,502.602
1490,37,10,9.398233576231764,-138.965444249192,502.264
1491,37,11,16.489804694270795,-133.237032894194,502.643
1492,37,12,23.414586861646345,-127.07607931943743,503.661
1493,37,13,30.071857839989175,-120.24638192304492,505.187
1494,37,14,36.32628255353736,-112.4619675146572,507.06
1495,37,15,41.99065405487732,-103.38914037218412,509.1
1496,37,16,46.80850898595882,-92.69367884896945,511.126
1497,37,17,50.451499662811834,-80.18475428979221,512.977
1498,37,18,52.56355807871986,-66.07333757773574,514.52
1499,37,19,52.87730964843357,-51.17241246932834,515.672
1500,37,20,51.349696859425194,-36.68314969238677,516.396
1501,37,21,48.18783495299162,-23.596999016262583,516.71
1502,37,22,43.735531746289205,-12.314587748043808,516.679
1503,37,23,38.33892073588668,-2.745609474402069,516.409
1504,37,24,32.27925203633224,5.418819370488826,516.03
1505,37,25,25.76441782294085,12.521094248730913,515.684
1506,37,26,18.94414608760296,18.864045044111634,515.509
1507,37,27,11.927941838186788,24.698699991649175,515.618
1508,37,28,4.800085340182065,30.23402702145279,516.091
1509,37,29,-2.3692933718910467,35.652535618334376,516.963
1510,37,30,-9.515447306352,41.126119445588365,518.22
1511,37,31,-16.571235917102978,46.831516478178,519.797
1512,37,32,-23.458913081812433,52.96593476800906,521.583
1513,37,33,-30.08004723680402,59.762789199777565,523.433
1514,37,34,-36.30218906124014,67.50441930320433,525.179
1515,37,35,-41.9419616362843,76.5204875736746,526.646
1516,37,36,-46.74767932121068,87.14242211047409,527.673
1517,37,37,-50.39617854562932,99.56428224830117,528.121
1518,37,38,-52.534618567206515,113.59031476554331,527.895
1519,37,39,-52.893155687307996,128.43262319049367,526.953
1520,38,0,-52.378145763510695,144.78950557332684,526.216
1521,38,1,-50.04960108676453,158.67260272180812,524.245
1522,38,2,-46.244734926582204,170.90502073281573,521.701
1523,38,3,-41.316691968715475,-178.65406159149197,518.736
1524,38,4,-35.58173729249261,-169.7852931806622,515.536
1525,38,5,-29.283927217336505,-162.15266606619966,512.309
1526,38,6,-22.600914963559187,-155.43024362091137,509.266
1527,38,7,-15.661526436643566,-149.34073382487313,506.607
1528,38,8,-8.56238320013593,-143.65466964272923,504.495
1529,38,9,-1.3808200709137504,-138.17691256989235,503.051
1530,38,10,5.815326365960052,-132.73073829177764,502.34
1531,38,11,12.959527506648616,-127.14216822984648,502.368
1532,38,12,19.97870801099562,-121.22434206878569,503.079
1533,38,13,26.784130915077906,-114.76142583082286,504.37
1534,38,14,33.25968812564713,-107.49346934633648,506.091
1535,38,15,39.24646846147378,-99.10855153631042,508.071
1536,38,16,44.52442201052027,-89.26210301749585,510.126
1537,38,17,48.79947497807168,-77.66560976916226,512.082
1538,38,18,51.7194798859951,-64.29293948754521,513.793
1539,38,19,52.95430295585253,-49.64924271837506,515.149
1540,38,20,52.335730288764914,-34.80236489686997,516.087
1541,38,21,49.95295049491426,-20.925102437487173,516.601
1542,38,22,46.100242274690586,-8.727760862962157,516.732
1543,38,23,41.135876370817726,1.6670757536282177,516.566
1544,38,24,35.377381447620415,10.490288616963008,516.224
1545,38,25,29.06823667353667,18.0825518747517,515.844
1546,38,26,22.38486071218605,24.770657742102554,515.567
1547,38,27,15.454821006696884,30.831043611519846,515.522
1548,38,28,8.373367106365935,36.491945376761436,515.805
1549,38,29,1.2165056764422246,41.94707744797263,516.477
1550,38,30,-5.949322724644655,47.3716956490668,517.546
1551,38,31,-13.059142400598667,52.938183709411305,518.974
1552,38,32,-20.041619175893313,58.83154071777052,520.672
1553,38,33,-26.810094171660417,65.265155444194,522.51
1554,38,34,-33.251027445779556,72.49578494486624,524.33
1555,38,35,-39.208837534241596,80.83144343059818,525.958
1556,38,36,-44.46777242154418,90.61287537870341,527.224
1557,38,37,-48.73890827560659,102.12804839477882,527.976
1558,38,38,-51.67472165636401,115.41171448132144,528.096
1559,38,39,-52.945901823173415,129.98024843377019,527.514
1560,39,0,-51.41951505312106,160.90681224083264,525.309
1561,39,1,-48.30964113155505,174.01583039029805,523.036
1562,39,2,-43.899767059976746,-174.6592205497349,520.26
1563,39,3,-38.53309276870639,-165.04347533051586,517.153
1564,39,4,-32.49072835341417,-156.8358009294516,513.912
1565,39,5,-25.981588810243284,-149.6962451711723,510.751
1566,39,6,-19.156640102871226,-143.3216979206911,507.877
1567,39,7,-12.126765229831275,-137.46008421649952,505.474
1568,39,8,-4.9775451807632205,-131.9010478925395,503.684
1569,39,9,2.219529308064058,-126.46062463370592,502.602
1570,39,10,9.398233576231764,-120.96543691810719,502.264
1571,39,11,16.489804694270795,-115.23702556310919,502.643
1572,39,12,23.414586861646345,-109.07607198835262,503.661
1573,39,13,30.071857839989175,-102.24637459196012,505.187
1574,39,14,36.32628255353736,-94.4619601835724,507.06
1575,39,15,41.99065405487732,-85.38913304109931,509.1
1576,39,16,46.80850898595882,-74.69367151788465,511.126
1577,39,17,50.451499662811834,-62.18474695870741,512.977
1578,39,18,52.56355807871986,-48.07333366174553,514.52
1579,39,19,52.87730964843357,-33.17240513824354,515.672
1580,39,20,51.349696859425194,-18.683144068849263,516.396
1581,39,21,48.18783495299162,-5.596991258290956,516.71
1582,39,22,43.735531746289205,5.6854195830409955,516.679
1583,39,23,38.33892073588668,15.254397643239322,516.409
1584,39,24,32.27925203633224,23.41882670157363,516.03
1585,39,25,25.76441782294085,30.521103287363008,515.684
1586,39,26,18.94414608760296,36.86405408274373,515.509
1587,39,27,11.927941838186788,42.69870903028127,515.618
1588,39,28,4.800085340182065,48.23403435253759,516.091
1589,39,29,-2.3692933718910467,53.65254294941918,516.963
1590,39,30,-9.515447306352,59.12612677667317,518.22
1591,39,31,-16.571235917102978,64.83152722435739,519.797
1592,39,32,-23.458913081812433,70.96594551418845,521.583
1593,39,33,-30.08004723680402,77.76279653086237,523.433
1594,39,34,-36.30218906124014,85.50442663428913,525.179
1595,39,35,-41.9419616362843,94.5204949047594,526.646
1596,39,36,-46.74767932121068,105.14242944155889,527.673
1597,39,37,-50.39617854562932,117.56428957938597,528.121
1598,39,38,-52.534618567206515,131.59032892681728,527.895
1599,39,39,-52.893155687307996,146.43263052157846,526.953
