0,0,0,-52.783800943601506,144.78460149750276,527.739
1,0,1,-52.7094577495805,159.6504262637655,526.63
2,0,2,-50.828713935198714,173.8764672104731,524.83
3,0,3,-47.38318402725076,-173.4157572905774,522.427
4,0,4,-42.720941296029665,-162.50905167671257,519.557
5,0,5,-37.174141255967726,-153.25249244556616,516.4
6,0,6,-31.00654190714874,-145.3238585928536,513.159
7,0,7,-24.411922546515143,-138.38810201902916,510.047
8,0,8,-17.530351570923678,-132.15409274091013,507.268
9,0,9,-10.4656341953802,-126.38071142041677,504.996
10,0,10,-3.2991664245539836,-120.86516974109139,503.366
11,0,11,3.8995078226429585,-115.42742391641247,502.457
12,0,12,11.06428405443254,-109.89426034902846,502.29
13,0,13,18.12463437777544,-104.08380476172027,502.828
14,0,14,24.996996550818437,-97.78953272455423,503.977
15,0,15,31.573935966785452,-90.76451240846687,505.6
16,0,16,37.70965882274799,-82.71046262221455,507.529
17,0,17,43.202152028719155,-73.28673451113207,509.581
18,0,18,47.77734741406303,-62.17501393914014,511.58
19,0,19,51.093933595764895,-49.25238482193523,513.369
20,0,20,52.80368703937,-34.862036844553785,514.827
21,0,21,52.68140616265926,-19.947033008719686,515.88
22,0,22,50.74622232549788,-5.716038894203339,516.505
23,0,23,47.250446130920736,6.962555247919836,516.731
24,0,24,42.54857122704064,17.82463197886097,516.633
25,0,25,36.97484316617592,27.03479031988091,516.325
26,0,26,30.792746740843587,34.92152096203542,515.941
27,0,27,24.194992323380955,41.82136098610938,515.624
28,0,28,17.32030447092557,48.0249861677056,515.505
29,0,29,10.271175294615352,53.772296656137016,515.694
30,0,30,3.1276785171849464,59.26466350360854,516.258
31,0,31,-4.042034660714084,64.68072347767269,517.224
32,0,32,-11.173348515099303,70.19211240198268,518.563
33,0,33,-18.19742711885485,75.9789423649518,520.199
34,0,34,-25.032672336400704,82.24546334352009,522.014
35,0,35,-31.57408964604178,89.23566335521872,523.855
36,0,36,-37.67896395261795,97.24404649668033,525.552
37,0,37,-43.149317100394526,106.6072591317165,526.93
38,0,38,-47.71604646626216,117.64164830192554,527.832
39,0,39,-51.042874516624465,130.4757103561629,528.13
40,1,0,-52.97932876897146,161.22329588621437,527.274
41,1,1,-51.984064338968466,175.91175430011018,525.812
42,1,2,-49.28054569188319,-170.5487307449512,523.697
43,1,3,-45.18206335966036,-158.7399347266461,521.04
44,1,4,-40.03985299017871,-148.69310894815086,518.002
45,1,5,-34.15435411445959,-140.1438567866943,514.776
46,1,6,-27.75281224883121,-132.75129716117937,511.574
47,1,7,-20.999848612669208,-126.19952016211468,508.604
48,1,8,-14.015414134403704,-120.22322758175858,506.059
49,1,9,-6.890600058787398,-114.60230974391824,504.094
50,1,10,0.30026266647444455,-109.14737916328757,502.818
51,1,11,7.490344028767408,-103.68374692165428,502.282
52,1,12,14.61231034238664,-98.03583617621406,502.476
53,1,13,21.59031334377493,-92.01146589429024,503.334
54,1,14,28.330412318635215,-85.38575209746017,504.74
55,1,15,34.7080365693375,-77.88677812467644,506.538
56,1,16,40.55163564959318,-69.19159897160255,508.551
57,1,17,45.624509353715446,-58.95707959471535,510.598
58,1,18,49.61581235748243,-46.93275695715052,512.509
59,1,19,52.16843846542379,-33.19458959266774,514.145
60,1,20,52.9767913536948,-18.39343305746671,515.407
61,1,21,51.92886958028559,-3.6778976392668405,516.245
62,1,22,49.171884212377456,9.847260457552157,516.664
63,1,23,45.027970876890286,21.616945958896103,516.716
64,1,24,39.85241552388063,31.617048120826574,516.498
65,1,25,33.946306552341,40.12175720361092,516.134
66,1,26,27.536126204959846,47.47535743010008,515.766
67,1,27,20.78519113498134,53.99412754000069,515.532
68,1,28,13.812151973572355,59.94237536362471,515.556
69,1,29,6.706788569164954,65.5388411242364,515.926
70,1,30,-0.4579318471725032,70.97152577874036,516.691
71,1,31,-7.616602636896033,76.41362926410976,517.85
72,1,32,-14.703479707427972,82.03908917774814,519.35
73,1,33,-21.6445296778592,88.03810579747288,521.094
74,1,34,-28.3479539519711,94.63294030906533,522.942
75,1,35,-34.691954888936706,102.09218307144708,524.733
76,1,36,-40.50848934460621,110.73472195658769,526.291
77,1,37,-45.56539748154357,120.90024959266859,527.45
78,1,38,-49.55704199476906,132.84019890341625,528.063
79,1,39,-52.13043187778725,146.49027731817338,528.024
80,2,0,-52.783800943601506,162.78459516820922,527.739
81,2,1,-52.7094577495805,177.65043359485028,526.63
82,2,2,-50.828713935198714,-168.12353547635476,524.83
83,2,3,-47.38318402725076,-155.4157499594926,522.427
84,2,4,-42.720941296029665,-144.50905800600611,519.557
85,2,5,-37.174141255967726,-135.2524987748597,516.4
86,2,6,-31.00654190714874,-127.32385126176881,513.159
87,2,7,-24.411922546515143,-120.38809468794435,510.047
88,2,8,-17.530351570923678,-114.15409907020367,507.268
89,2,9,-10.4656341953802,-108.38071091952114,504.996
90,2,10,-3.2991664245539836,-102.86517607038493,503.366
91,2,11,3.8995078226429585,-97.42741658532766,502.457
92,2,12,11.06428405443254,-91.89425984813282,502.29
93,2,13,18.12463437777544,-86.08380426082464,502.828
94,2,14,24.996996550818437,-79.7895322236586,503.977
95,2,15,31.573935966785452,-72.76451190757123,505.6
96,2,16,37.70965882274799,-64.71046212131891,507.529
97,2,17,43.202152028719155,-55.28673401023643,509.581
98,2,18,47.77734741406303,-44.175013438244505,511.58
99,2,19,51.093933595764895,-31.252384321039592,513.369
100,2,20,52.80368703937,-16.86203805120544,514.827
101,2,21,52.68140616265926,-1.9470320809372292,515.88
102,2,22,50.74622232549788,12.283962033579117,516.505
103,2,23,47.250446130920736,24.962555321928647,516.731
104,2,24,42.54857122704064,35.8246324797566,516.633
105,2,25,36.97484316617592,45.03479082077654,516.325
106,2,26,30.792746740843587,52.921521462931054,515.941
107,2,27,24.194992323380955,59.821364902099596,515.624
108,2,28,17.32030447092557,66.02498666860123,515.505
109,2,29,10.271175294615352,71.77229715703265,515.694
110,2,30,3.1276785171849464,77.26466400450417,516.258
111,2,31,-4.042034660714084,82.68072397856831,517.224
112,2,32,-11.173348515099303,88.19211290287832,518.563
113,2,33,-18.19742711885485,93.97894286584743,520.199
114,2,34,-25.032672336400704,100.24546384441571,522.014
115,2,35,-31.57408964604178,107.23566385611436,523.855
116,2,36,-37.67896395261795,115.24404699757596,525.552
117,2,37,-43.149317100394526,124.60725280242296,526.93
118,2,38,-47.71604646626216,135.64164197263202,527.832
119,2,39,-51.042874516624465,148.47570402686935,528.13
120,3,0,-52.97932876897146,179.22330321729916,527.274
121,3,1,-51.984064338968466,-166.08823472633935,525.812
122,3,2,-49.28054569188319,-152.54872341386638,523.697
123,3,3,-45.18206335966036,-140.7399273955613,521.04
124,3,4,-40.03985299017871,-130.6931152774444,518.002
125,3,5,-34.15435411445959,-122.14384945560948,514.776
126,3,6,-27.75281224883121,-114.7513034904729,511.574
127,3,7,-20.999848612669208,-108.19952649140821,508.604
128,3,8,-14.015414134403704,-102.22322025067378,506.059
129,3,9,-6.890600058787398,-96.60230924302262,504.094
130,3,10,0.30026266647444455,-91.14737866239193,502.818
131,3,11,7.490344028767408,-85.68374642075865,502.282
132,3,12,14.61231034238664,-80.03583567531842,502.476
133,3,13,21.59031334377493,-74.0114653933946,503.334
134,3,14,28.330412318635215,-67.38575159656453,504.74
135,3,15,34.7080365693375,-59.88677762378081,506.538
136,3,16,40.55163564959318,-51.19159847070691,508.551
137,3,17,45.624509353715446,-40.95707909381972,510.598
138,3,18,49.61581235748243,-28.932756456254882,512.509
139,3,19,52.16843846542379,-15.194589091772107,514.145
140,3,20,52.9767913536948,-0.39343255657107445,515.407
141,3,21,51.92886958028559,14.322103288515615,516.245
142,3,22,49.171884212377456,27.847260104674145,516.664
143,3,23,45.027970876890286,39.61694816733903,516.716
144,3,24,39.85241552388063,49.617048621722205,516.498
145,3,25,33.946306552341,58.12176111960113,516.134
146,3,26,27.536126204959846,65.47535451590113,515.766
147,3,27,20.78519113498134,71.99412804089633,515.532
148,3,28,13.812151973572355,77.94237586452034,515.556
149,3,29,6.706788569164954,83.53884162513204,515.926
150,3,30,-0.4579318471725032,88.97152627963598,516.691
151,3,31,-7.616602636896033,94.41362976500538,517.85
152,3,32,-14.703479707427972,100.03908967864378,519.35
153,3,33,-21.6445296778592,106.0381062983685,521.094
154,3,34,-28.3479539519711,112.63294080996096,522.942
155,3,35,-34.691954888936706,120.09218357234272,524.733
156,3,36,-40.50848934460621,128.73472245748331,526.291
157,3,37,-45.56539748154357,138.90025692375337,527.45
158,3,38,-49.55704199476906,150.8401925741227,528.063
159,3,39,-52.13043187778725,164.49028464925817,528.024
160,4,0,-52.783800943601506,-179.21540751861863,527.739
161,4,1,-52.7094577495805,-164.34956909197757,526.63
162,4,2,-50.828713935198714,-150.12352814526997,524.83
163,4,3,-47.38318402725076,-137.41575628878613,522.427
164,4,4,-42.720941296029665,-126.50905067492131,519.557
165,4,5,-37.174141255967726,-117.2524914437749,516.4
166,4,6,-31.00654190714874,-109.32385076087319,513.159
167,4,7,-24.411922546515143,-102.38810101723789,510.047
168,4,8,-17.530351570923678,-96.15409856930803,507.268
169,4,9,-10.4656341953802,-90.38071041862551,504.996
170,4,10,-3.2991664245539836,-84.8651755694893,503.366
171,4,11,3.8995078226429585,-79.42741608443202,502.457
172,4,12,11.06428405443254,-73.8942593472372,502.29
173,4,13,18.12463437777544,-68.083803759929,502.828
174,4,14,24.996996550818437,-61.78953172276296,503.977
175,4,15,31.573935966785452,-54.764511406675595,505.6
176,4,16,37.70965882274799,-46.71046503551786,507.529
177,4,17,43.202152028719155,-37.2867335093408,509.581
178,4,18,47.77734741406303,-26.175014644896166,511.58
179,4,19,51.093933595764895,-13.252384673917607,513.369
180,4,20,52.80368703937,1.1379628765770151,514.827
181,4,21,52.68140616265926,16.05296799307158,515.88
182,4,22,50.74622232549788,30.28396253447475,516.505
183,4,23,47.250446130920736,42.96255582282428,516.731
184,4,24,42.54857122704064,53.82463298065224,516.633
185,4,25,36.97484316617592,63.034791321672174,516.325
186,4,26,30.792746740843587,70.92152196382669,515.941
187,4,27,24.194992323380955,77.82136540299523,515.624
188,4,28,17.32030447092557,84.02498716949687,515.505
189,4,29,10.271175294615352,89.77229765792828,515.694
190,4,30,3.1276785171849464,95.26466450539981,516.258
191,4,31,-4.042034660714084,100.68072447946395,517.224
192,4,32,-11.173348515099303,106.19211340377396,518.563
193,4,33,-18.19742711885485,111.97894336674307,520.199
194,4,34,-25.032672336400704,118.24546434531135,522.014
195,4,35,-31.57408964604178,125.23567118719916,523.855
196,4,36,-37.67896395261795,133.24405432866078,525.552
197,4,37,-43.149317100394526,142.60726013350776,526.93
198,4,38,-47.71604646626216,153.6416493037168,527.832
199,4,39,-51.042874516624465,166.47571135795417,528.13
200,5,0,-52.97932876897146,-162.7766994695287,527.274
201,5,1,-51.984064338968466,-148.0882410556329,525.812
202,5,2,-49.28054569188319,-134.54872974315992,523.697
203,5,3,-45.18206335966036,-122.73993372485484,521.04
204,5,4,-40.03985299017871,-112.69311477654877,518.002
205,5,5,-34.15435411445959,-104.14384895471385,514.776
206,5,6,-27.75281224883121,-96.7512961593881,511.574
207,5,7,-20.999848612669208,-90.19952599051258,508.604
208,5,8,-14.015414134403704,-84.22321974977814,506.059
209,5,9,-6.890600058787398,-78.60230874212698,504.094
210,5,10,0.30026266647444455,-73.14737816149629,502.818
211,5,11,7.490344028767408,-67.68374591986301,502.282
212,5,12,14.61231034238664,-62.03583517442279,502.476
213,5,13,21.59031334377493,-56.01146147740439,503.334
214,5,14,28.330412318635215,-49.385751095668894,504.74
215,5,15,34.7080365693375,-41.88677712288518,506.538
216,5,16,40.55163564959318,-33.191597969811276,508.551
217,5,17,45.624509353715446,-22.957076885376797,510.598
218,5,18,49.61581235748243,-10.932755101585604,512.509
219,5,19,52.16843846542379,2.8054114091235274,514.145
220,5,20,52.9767913536948,17.60656794432456,515.407
221,5,21,51.92886958028559,32.32210464318489,516.245
222,5,22,49.171884212377456,45.84726231311707,516.664
223,5,23,45.027970876890286,57.61694866823466,516.716
224,5,24,39.85241552388063,67.61704912261784,516.498
225,5,25,33.946306552341,76.12176162049677,516.134
226,5,26,27.536126204959846,83.47535501679677,515.766
227,5,27,20.78519113498134,89.99412854179195,515.532
228,5,28,13.812151973572355,95.94237636541598,515.556
229,5,29,6.706788569164954,101.53884212602767,515.926
230,5,30,-0.4579318471725032,106.97152678053162,516.691
231,5,31,-7.616602636896033,112.41363026590102,517.85
232,5,32,-14.703479707427972,118.03908334935024,519.35
233,5,33,-21.6445296778592,124.03810679926414,521.094
234,5,34,-28.3479539519711,130.63294131085658,522.942
235,5,35,-34.691954888936706,138.0921909034275,524.733
236,5,36,-40.50848934460621,146.73472978856813,526.291
237,5,37,-45.56539748154357,156.90025059445986,527.45
238,5,38,-49.55704199476906,168.84019990520753,528.063
239,5,39,-52.13043187778725,-177.50971803756968,528.024
240,6,0,-52.783800943601506,-161.21540018753382,527.739
241,6,1,-52.7094577495805,-146.34956176089278,526.63
242,6,2,-50.828713935198714,-132.12353447456348,524.83
243,6,3,-47.38318402725076,-119.41574895770133,522.427
244,6,4,-42.720941296029665,-108.50905017402567,519.557
245,6,5,-37.174141255967726,-99.25249094287926,516.4
246,6,6,-31.00654190714874,-91.32385025997755,513.159
247,6,7,-24.411922546515143,-84.38810051634225,510.047
248,6,8,-17.530351570923678,-78.15409806841241,507.268
249,6,9,-10.4656341953802,-72.38070991772987,504.996
250,6,10,-3.2991664245539836,-66.86517506859367,503.366
251,6,11,3.8995078226429585,-61.427415583536394,502.457
252,6,12,11.06428405443254,-55.89425884634156,502.29
253,6,13,18.12463437777544,-50.08380325903337,502.828
254,6,14,24.996996550818437,-43.78953122186733,503.977
255,6,15,31.573935966785452,-36.764510905779964,505.6
256,6,16,37.70965882274799,-28.710464534622233,507.529
257,6,17,43.202152028719155,-19.286731300897873,509.581
258,6,18,47.77734741406303,-8.175013290226888,511.58
259,6,19,51.093933595764895,4.747615826978027,513.369
260,6,20,52.80368703937,19.137962950585827,514.827
261,6,21,52.68140616265926,34.052970201514505,515.88
262,6,22,50.74622232549788,48.283963035370384,516.505
263,6,23,47.250446130920736,60.9625597388145,516.731
264,6,24,42.54857122704064,71.82463006645328,516.633
265,6,25,36.97484316617592,81.03479182256781,516.325
266,6,26,30.792746740843587,88.92152246472233,515.941
267,6,27,24.194992323380955,95.82136590389086,515.624
268,6,28,17.32030447092557,102.02498767039249,515.505
269,6,29,10.271175294615352,107.77229815882392,515.694
270,6,30,3.1276785171849464,113.26466500629544,516.258
271,6,31,-4.042034660714084,118.68072498035959,517.224
272,6,32,-11.173348515099303,124.19211390466958,518.563
273,6,33,-18.19742711885485,129.97895069782788,520.199
274,6,34,-25.032672336400704,136.24547167639616,522.014
275,6,35,-31.57408964604178,143.23566485790562,523.855
276,6,36,-37.67896395261795,151.24404799936724,525.552
277,6,37,-43.149317100394526,160.60725380421422,526.93
278,6,38,-47.71604646626216,171.64164297442326,527.832
279,6,39,-51.042874516624465,-175.5242913288737,528.13
280,7,0,-52.97932876897146,-144.77670579882223,527.274
281,7,1,-51.984064338968466,-130.0882473849264,525.812
282,7,2,-49.28054569188319,-116.54872241207512,523.697
283,7,3,-45.18206335966036,-104.7399332239592,521.04
284,7,4,-40.03985299017871,-94.69311427565314,518.002
285,7,5,-34.15435411445959,-86.14385528400739,514.776
286,7,6,-27.75281224883121,-78.75130248868163,511.574
287,7,7,-20.999848612669208,-72.19952548961695,508.604
288,7,8,-14.015414134403704,-66.22322607907168,506.059
289,7,9,-6.890600058787398,-60.60231507142051,504.094
290,7,10,0.30026266647444455,-55.14738107569525,502.818
291,7,11,7.490344028767408,-49.68374541896738,502.282
292,7,12,14.61231034238664,-44.035838088621745,502.476
293,7,13,21.59031334377493,-38.01146439160334,503.334
294,7,14,28.330412318635215,-31.38575400986785,504.74
295,7,15,34.7080365693375,-23.88678174463142,506.538
296,7,16,40.55163564959318,-15.191599176462933,508.551
297,7,17,45.624509353715446,-4.95708022646257,510.598
298,7,18,49.61581235748243,7.067241984215444,512.509
299,7,19,52.16843846542379,20.805408494924574,514.145
300,7,20,52.9767913536948,35.60656503012561,515.407
301,7,21,51.92886958028559,50.32210172898594,516.245
302,7,22,49.171884212377456,63.84725598382354,516.664
303,7,23,45.027970876890286,75.61694233894113,516.716
304,7,24,39.85241552388063,85.6170427933243,516.498
305,7,25,33.946306552341,94.12175529120323,516.134
306,7,26,27.536126204959846,101.4753555176924,515.766
307,7,27,20.78519113498134,107.99412221249843,515.532
308,7,28,13.812151973572355,113.94237003612244,515.556
309,7,29,6.706788569164954,119.5388426269233,515.926
310,7,30,-0.4579318471725032,124.97152045123808,516.691
311,7,31,-7.616602636896033,130.41362393660748,517.85
312,7,32,-14.703479707427972,136.03909068043504,519.35
313,7,33,-21.6445296778592,142.0381004699706,521.094
314,7,34,-28.3479539519711,148.63293498156307,522.942
315,7,35,-34.691954888936706,156.092184574134,524.733
316,7,36,-40.50848934460621,164.7347234592746,526.291
317,7,37,-45.56539748154357,174.90025792554465,527.45
318,7,38,-49.55704199476906,-173.15980278162036,528.063
319,7,39,-52.13043187778725,-159.50972436686322,528.024
320,8,0,-52.783800943601506,-143.21540651682736,527.739
321,8,1,-52.7094577495805,-128.34956809018632,526.63
322,8,2,-50.828713935198714,-114.12353397366786,524.83
323,8,3,-47.38318402725076,-101.4157484568057,522.427
324,8,4,-42.720941296029665,-90.50904967313005,519.557
325,8,5,-37.174141255967726,-81.25249044198362,516.4
326,8,6,-31.00654190714874,-73.32384975908191,513.159
327,8,7,-24.411922546515143,-66.38810001544661,510.047
328,8,8,-17.530351570923678,-60.15409756751677,507.268
329,8,9,-10.4656341953802,-54.38070941683424,504.996
330,8,10,-3.2991664245539836,-48.86517115260345,503.366
331,8,11,3.8995078226429585,-43.427418497735346,502.457
332,8,12,11.06428405443254,-37.89425834544592,502.29
333,8,13,18.12463437777544,-32.083802758137736,502.828
334,8,14,24.996996550818437,-25.789530720971694,503.977
335,8,15,31.573935966785452,-18.764512112431625,505.6
336,8,16,37.70965882274799,-10.710463179952953,507.529
337,8,17,43.202152028719155,-1.286731013445651,509.581
338,8,18,47.77734741406303,9.824987210668745,511.58
339,8,19,51.093933595764895,22.747617181647307,513.369
340,8,20,52.80368703937,37.13796515902875,514.827
341,8,21,52.68140616265926,52.05297070241014,515.88
342,8,22,50.74622232549788,66.28396012117143,516.505
343,8,23,47.250446130920736,78.96256023971013,516.731
344,8,24,42.54857122704064,89.82463056734892,516.633
345,8,25,36.97484316617592,99.03479232346345,516.325
346,8,26,30.792746740843587,106.92152296561795,515.941
347,8,27,24.194992323380955,113.8213664047865,515.624
348,8,28,17.32030447092557,120.02498817128813,515.505
349,8,29,10.271175294615352,125.77230548990872,515.694
350,8,30,3.1276785171849464,131.26466550719107,516.258
351,8,31,-4.042034660714084,136.68071865106603,517.224
352,8,32,-11.173348515099303,142.1921212357544,518.563
353,8,33,-18.19742711885485,147.97894436853434,520.199
354,8,34,-25.032672336400704,154.24546534710262,522.014
355,8,35,-31.57408964604178,161.23567218899043,523.855
356,8,36,-37.67896395261795,169.24405533045203,525.552
357,8,37,-43.149317100394526,178.60726113529904,526.93
358,8,38,-47.71604646626216,-170.35834605202626,527.832
359,8,39,-51.042874516624465,-157.5242839977889,528.13
360,9,0,-52.97932876897146,-126.77669846773743,527.274
361,9,1,-51.984064338968466,-112.08824005384162,525.812
362,9,2,-49.28054569188319,-98.54872874136866,523.697
363,9,3,-45.18206335966036,-86.73993272306357,521.04
364,9,4,-40.03985299017871,-76.6931137747575,518.002
365,9,5,-34.15435411445959,-68.14385478311175,514.776
366,9,6,-27.75281224883121,-60.751301987786,511.574
367,9,7,-20.999848612669208,-54.199524988721315,508.604
368,9,8,-14.015414134403704,-48.22322557817605,506.059
369,9,9,-6.890600058787398,-42.6023111554303,504.094
370,9,10,0.30026266647444455,-37.14738057479961,502.818
371,9,11,7.490344028767408,-31.68374491807175,502.282
372,9,12,14.61231034238664,-26.0358392952734,502.476
373,9,13,21.59031334377493,-20.01146389070771,503.334
374,9,14,28.330412318635215,-13.385753508972215,504.74
375,9,15,34.7080365693375,-5.886780816848964,506.538
376,9,16,40.55163564959318,2.808401110989289,508.551
377,9,17,45.624509353715446,13.04291984754624,510.598
378,9,18,49.61581235748243,25.067243338884726,512.509
379,9,19,52.16843846542379,38.80540899582021,514.145
380,9,20,52.9767913536948,53.60656553102124,515.407
381,9,21,51.92886958028559,68.32210222988158,516.245
382,9,22,49.171884212377456,81.84725648471917,516.664
383,9,23,45.027970876890286,93.61694283983675,516.716
384,9,24,39.85241552388063,103.61704329421994,516.498
385,9,25,33.946306552341,112.12175579209887,516.134
386,9,26,27.536126204959846,119.47534918839887,515.766
387,9,27,20.78519113498134,125.99412271339405,515.532
388,9,28,13.812151973572355,131.94237053701806,515.556
389,9,29,6.706788569164954,137.53883629762976,515.926
390,9,30,-0.4579318471725032,142.97152778232288,516.691
391,9,31,-7.616602636896033,148.4136312676923,517.85
392,9,32,-14.703479707427972,154.0390843511415,519.35
393,9,33,-21.6445296778592,160.03810780105542,521.094
394,9,34,-28.3479539519711,166.63294231264786,522.942
395,9,35,-34.691954888936706,174.09217824484045,524.733
396,9,36,-40.50848934460621,-177.26527922755326,526.291
397,9,37,-45.56539748154357,-167.0997447612832,527.45
398,9,38,-49.55704199476906,-155.15980911091387,528.063
399,9,39,-52.13043187778725,-141.5097170357784,528.024
400,10,0,-52.783800943601506,-125.21539918574256,527.739
401,10,1,-52.7094577495805,-110.34956758929067,526.63
402,10,2,-50.828713935198714,-96.12353347277222,524.83
403,10,3,-47.38318402725076,-83.41574795591006,522.427
404,10,4,-42.720941296029665,-72.50904917223441,519.557
405,10,5,-37.174141255967726,-63.252489941087994,516.4
406,10,6,-31.00654190714874,-55.32384925818628,513.159
407,10,7,-24.411922546515143,-48.3880960994564,510.047
408,10,8,-17.530351570923678,-42.15409365152655,507.268
409,10,9,-10.4656341953802,-36.380708915938605,504.996
410,10,10,-3.2991664245539836,-30.865170651707817,503.366
411,10,11,3.8995078226429585,-25.427417996839715,502.457
412,10,12,11.06428405443254,-19.894256137002998,502.29
413,10,13,18.12463437777544,-14.08380054969481,502.828
414,10,14,24.996996550818437,-7.789530220076062,503.977
415,10,15,31.573935966785452,-0.7645107577623435,505.6
416,10,16,37.70965882274799,7.28953732094268,507.529
417,10,17,43.202152028719155,16.713269700893395,509.581
418,10,18,47.77734741406303,27.824986857790734,511.58
419,10,19,51.093933595764895,40.74761768254294,513.369
420,10,20,52.80368703937,55.13796565992438,514.827
421,10,21,52.68140616265926,70.05296778821119,515.88
422,10,22,50.74622232549788,84.28396062206707,516.505
423,10,23,47.250446130920736,96.96256074060577,516.731
424,10,24,42.54857122704064,107.82463106824456,516.633
425,10,25,36.97484316617592,117.03478599416991,516.325
426,10,26,30.792746740843587,124.92152346651359,515.941
427,10,27,24.194992323380955,131.82136690568214,515.624
428,10,28,17.32030447092557,138.0249818419946,515.505
429,10,29,10.271175294615352,143.77229916061518,515.694
430,10,30,3.1276785171849464,149.26467283827589,516.258
431,10,31,-4.042034660714084,154.68072598215085,517.224
432,10,32,-11.173348515099303,160.19211490646086,518.563
433,10,33,-18.19742711885485,165.97895169961913,520.199
434,10,34,-25.032672336400704,172.2454726781874,522.014
435,10,35,-31.57408964604178,179.2356658596969,523.855
436,10,36,-37.67896395261795,-172.75594735637583,525.552
437,10,37,-43.149317100394526,-163.39274155152884,526.93
438,10,38,-47.71604646626216,-152.3583523813198,527.832
439,10,39,-51.042874516624465,-139.52429032708244,528.13
440,11,0,-52.97932876897146,-108.7766979668418,527.274
441,11,1,-51.984064338968466,-94.08823955294598,525.812
442,11,2,-49.28054569188319,-80.54872824047303,523.697
443,11,3,-45.18206335966036,-68.73993222216794,521.04
444,11,4,-40.03985299017871,-58.69311327386187,518.002
445,11,5,-34.15435411445959,-50.143850867121536,514.776
446,11,6,-27.75281224883121,-42.75130148689037,511.574
447,11,7,-20.999848612669208,-36.19952448782568,508.604
448,11,8,-14.015414134403704,-30.22322507728041,506.059
449,11,9,-6.890600058787398,-24.602312362081957,504.094
450,11,10,0.30026266647444455,-19.14738007390398,502.818
451,11,11,7.490344028767408,-13.683745270949762,502.282
452,11,12,14.61231034238664,-8.035838794377769,502.476
453,11,13,21.59031334377493,-2.0114642435857215,503.334
454,11,14,28.330412318635215,4.614246565036596,504.74
455,11,15,34.7080365693375,12.113220110933492,506.538
456,11,16,40.55163564959318,20.808401825328335,508.551
457,11,17,45.624509353715446,31.042919494668226,510.598
458,11,18,49.61581235748243,43.06724213223306,512.509
459,11,19,52.16843846542379,56.80540949671584,514.145
460,11,20,52.9767913536948,71.60656261682229,515.407
461,11,21,51.92886958028559,86.32210273077722,516.245
462,11,22,49.171884212377456,99.8472569856148,516.664
463,11,23,45.027970876890286,111.61694334073239,516.716
464,11,24,39.85241552388063,121.61705062530474,516.498
465,11,25,33.946306552341,130.1217562929945,516.134
466,11,26,27.536126204959846,137.47535651948365,515.766
467,11,27,20.78519113498134,143.99413004447885,515.532
468,11,28,13.812151973572355,149.94237786810288,515.556
469,11,29,6.706788569164954,155.53884362871457,515.926
470,11,30,-0.4579318471725032,160.97152145302934,516.691
471,11,31,-7.616602636896033,166.41362493839875,517.85
472,11,32,-14.703479707427972,172.0390916822263,519.35
473,11,33,-21.6445296778592,178.03810147176188,521.094
474,11,34,-28.3479539519711,-175.36706037418,522.942
475,11,35,-34.691954888936706,-167.90781078160907,524.733
476,11,36,-40.50848934460621,-159.26527189646848,526.291
477,11,37,-45.56539748154357,-149.09975109057675,527.45
478,11,38,-49.55704199476906,-137.15980177982908,528.063
479,11,39,-52.13043187778725,-123.50972336507195,528.024
480,12,0,-52.783800943601506,-107.21539868484693,527.739
481,12,1,-52.7094577495805,-92.34956708839505,526.63
482,12,2,-50.828713935198714,-78.1235329718766,524.83
483,12,3,-47.38318402725076,-65.41574745501443,522.427
484,12,4,-42.720941296029665,-54.50904867133878,519.557
485,12,5,-37.174141255967726,-45.252492855286945,516.4
486,12,6,-31.00654190714874,-37.32384875729065,513.159
487,12,7,-24.411922546515143,-30.388095598560763,510.047
488,12,8,-17.530351570923678,-24.15409485817821,507.268
489,12,9,-10.4656341953802,-18.380710122590266,504.996
490,12,10,-3.2991664245539836,-12.865171004585829,503.366
491,12,11,3.8995078226429585,-7.427416642170435,502.457
492,12,12,11.06428405443254,-1.8942558495507753,502.29
493,12,13,18.12463437777544,3.9161999512008236,502.828
494,12,14,24.996996550818437,10.210470280819571,503.977
495,12,15,31.573935966785452,17.235488889359644,505.6
496,12,16,37.70965882274799,25.289536968064667,507.529
497,12,17,43.202152028719155,34.71326849424173,509.581
498,12,18,47.77734741406303,45.824989066233655,511.58
499,12,19,51.093933595764895,58.747618183438576,513.369
500,12,20,52.80368703937,73.13796616082001,514.827
501,12,21,52.68140616265926,88.05296828910683,515.88
502,12,22,50.74622232549788,102.2839611229627,516.505
503,12,23,47.250446130920736,114.9625612415014,516.731
504,12,24,42.54857122704064,125.82463839932936,516.633
505,12,25,36.97484316617592,135.0347933252547,516.325
506,12,26,30.792746740843587,142.9215307975984,515.941
507,12,27,24.194992323380955,149.8213605763886,515.624
508,12,28,17.32030447092557,156.0249891730794,515.505
509,12,29,10.271175294615352,161.7723064917,515.694
510,12,30,3.1276785171849464,167.26466650898234,516.258
511,12,31,-4.042034660714084,172.6807196528573,517.224
512,12,32,-11.173348515099303,178.19212223754565,518.563
513,12,33,-18.19742711885485,-176.02105098720872,520.199
514,12,34,-25.032672336400704,-169.75453000864044,522.014
515,12,35,-31.57408964604178,-162.764336827131,523.855
516,12,36,-37.67896395261795,-154.75595368566937,525.552
517,12,37,-43.149317100394526,-145.39273422044403,526.93
518,12,38,-47.71604646626216,-134.358345050235,527.832
519,12,39,-51.042874516624465,-121.52428299599762,528.13
520,13,0,-52.97932876897146,-90.77669063575699,527.274
521,13,1,-51.984064338968466,-76.08823222186118,525.812
522,13,2,-49.28054569188319,-62.54872090938822,523.697
523,13,3,-45.18206335966036,-50.73992830617772,521.04
524,13,4,-40.03985299017871,-40.693109357871656,518.002
525,13,5,-34.15435411445959,-32.143843536036734,514.776
526,13,6,-27.75281224883121,-24.751292448258276,511.574
527,13,7,-20.999848612669208,-18.199517156740875,508.604
528,13,8,-14.015414134403704,-12.223216892421963,506.059
529,13,9,-6.890600058787398,-6.602304177223507,504.094
530,13,10,0.30026266647444455,-1.1473728495408828,502.818
531,13,11,7.490344028767408,4.316262060135042,502.282
532,13,12,14.61231034238664,9.964168536707033,502.476
533,13,13,21.59031334377493,15.988543941272729,503.334
534,13,14,28.330412318635215,22.614254323008222,504.74
535,13,15,34.7080365693375,30.11322829579194,506.538
536,13,16,40.55163564959318,38.80840744886584,508.551
537,13,17,45.624509353715446,49.04292682575303,510.598
538,13,18,49.61581235748243,61.067252878412454,512.509
539,13,19,52.16843846542379,74.80541341270606,514.145
540,13,20,52.9767913536948,89.60656994790709,515.407
541,13,21,51.92886958028559,104.32211006186202,516.245
542,13,22,49.171884212377456,117.84726431669961,516.664
543,13,23,45.027970876890286,129.6169506718172,516.716
544,13,24,39.85241552388063,139.61705795638954,516.498
545,13,25,33.946306552341,148.1217636240793,516.134
546,13,26,27.536126204959846,155.47536385056847,515.766
547,13,27,20.78519113498134,161.99413737556367,515.532
548,13,28,13.812151973572355,167.9423851991877,515.556
549,13,29,6.706788569164954,173.53885095979936,515.926
550,13,30,-0.4579318471725032,178.97152878411416,516.691
551,13,31,-7.616602636896033,-175.58636408805077,517.85
552,13,32,-14.703479707427972,-169.96091100460154,519.35
553,13,33,-21.6445296778592,-163.96188755468765,521.094
554,13,34,-28.3479539519711,-157.3670530430952,522.942
555,13,35,-34.691954888936706,-149.90780345052428,524.733
556,13,36,-40.50848934460621,-141.26526456538366,526.291
557,13,37,-45.56539748154357,-131.09974375949196,527.45
558,13,38,-49.55704199476906,-119.15979444874428,528.063
559,13,39,-52.13043187778725,-105.50971603398715,528.024
560,14,0,-52.783800943601506,-89.21540501414046,527.739
561,14,1,-52.7094577495805,-74.34957341768857,526.63
562,14,2,-50.828713935198714,-60.12353930117013,524.83
563,14,3,-47.38318402725076,-47.415757199402556,522.427
564,14,4,-42.720941296029665,-36.509055000632316,519.557
565,14,5,-37.174141255967726,-27.252497477033188,516.4
566,14,6,-31.00654190714874,-19.323856794131476,513.159
567,14,7,-24.411922546515143,-12.388102781627948,510.047
568,14,8,-17.530351570923678,-6.154100760584924,507.268
569,14,9,-10.4656341953802,-0.38071599831655367,504.996
570,14,10,-3.2991664245539836,5.134822239233811,503.366
571,14,11,3.8995078226429585,10.57257702853603,502.457
572,14,12,11.06428405443254,16.1057380345991,502.29
573,14,13,18.12463437777544,21.916193621907286,502.828
574,14,14,24.996996550818437,28.210463951526034,503.977
575,14,15,31.573935966785452,35.2354842676134,505.6
576,14,16,37.70965882274799,43.28953063877113,507.529
577,14,17,43.202152028719155,52.7132621649482,509.581
578,14,18,47.77734741406303,63.82498273694012,511.58
579,14,19,51.093933595764895,76.74761185414503,513.369
580,14,20,52.80368703937,91.13795983152649,514.827
581,14,21,52.68140616265926,106.05296195981329,515.88
582,14,22,50.74622232549788,120.28396162385833,516.505
583,14,23,47.250446130920736,132.96255491220785,516.731
584,14,24,42.54857122704064,143.82463207003582,516.633
585,14,25,36.97484316617592,153.03478699596118,516.325
586,14,26,30.792746740843587,160.92152446830485,515.941
587,14,27,24.194992323380955,167.82135424709506,515.624
588,14,28,17.32030447092557,174.02498284378586,515.505
589,14,29,10.271175294615352,179.77230016240645,515.694
590,14,30,3.1276785171849464,-174.73533617784554,516.258
591,14,31,-4.042034660714084,-169.31928303397055,517.224
592,14,32,-11.173348515099303,-163.80789410966054,518.563
593,14,33,-18.19742711885485,-158.02105731650227,520.199
594,14,34,-25.032672336400704,-151.75453633793398,522.014
595,14,35,-31.57408964604178,-144.7643431564245,523.855
596,14,36,-37.67896395261795,-136.7559600149629,525.552
597,14,37,-43.149317100394526,-127.39274054973757,526.93
598,14,38,-47.71604646626216,-116.35835137952853,527.832
599,14,39,-51.042874516624465,-103.52429615548033,528.13
600,15,0,-52.97932876897146,-72.77669696505053,527.274
601,15,1,-51.984064338968466,-58.08823855115471,525.812
602,15,2,-49.28054569188319,-44.54872723868176,523.697
603,15,3,-45.18206335966036,-32.73993463547126,521.04
604,15,4,-40.03985299017871,-22.6931139796179,518.002
605,15,5,-34.15435411445959,-14.143851572877562,514.776
606,15,6,-27.75281224883121,-6.751298777551812,511.574
607,15,7,-20.999848612669208,-0.19952413970486038,508.604
608,15,8,-14.015414134403704,5.7767772051713235,506.059
609,15,9,-6.890600058787398,11.397689493482957,504.094
610,15,10,0.30026266647444455,16.852620927887287,502.818
611,15,11,7.490344028767408,22.31625487706786,502.282
612,15,12,14.61231034238664,27.964162207413498,502.476
613,15,13,21.59031334377493,33.98853761197919,503.334
614,15,14,28.330412318635215,40.614247993714685,504.74
615,15,15,34.7080365693375,48.11322196649841,506.538
616,15,16,40.55163564959318,56.80840111957231,508.551
617,15,17,45.624509353715446,67.04292391155408,510.598
618,15,18,49.61581235748243,79.06724654911892,512.509
619,15,19,52.16843846542379,92.80540708341252,514.145
620,15,20,52.9767913536948,107.60656361861355,515.407
621,15,21,51.92886958028559,122.32210373256848,516.245
622,15,22,49.171884212377456,135.84725798740607,516.664
623,15,23,45.027970876890286,147.61694434252365,516.716
624,15,24,39.85241552388063,157.617051627096,516.498
625,15,25,33.946306552341,166.12175729478577,516.134
626,15,26,27.536126204959846,173.47535752127493,515.766
627,15,27,20.78519113498134,179.99413104627013,515.532
628,15,28,13.812151973572355,-174.05763114801852,515.556
629,15,29,6.706788569164954,-168.46116538740682,515.926
630,15,30,-0.4579318471725032,-163.0284739027137,516.691
631,15,31,-7.616602636896033,-157.5863704173443,517.85
632,15,32,-14.703479707427972,-151.96091733389508,519.35
633,15,33,-21.6445296778592,-145.9618938839812,521.094
634,15,34,-28.3479539519711,-139.36705937238875,522.942
635,15,35,-34.691954888936706,-131.90780977981782,524.733
636,15,36,-40.50848934460621,-123.2652708946772,526.291
637,15,37,-45.56539748154357,-113.0997432585963,527.45
638,15,38,-49.55704199476906,-101.1598007780378,528.063
639,15,39,-52.13043187778725,-87.50972236328069,528.024
640,16,0,-52.783800943601506,-71.21539768305566,527.739
641,16,1,-52.7094577495805,-56.34956608660378,526.63
642,16,2,-50.828713935198714,-42.12353197008533,524.83
643,16,3,-47.38318402725076,-29.41574986831775,522.427
644,16,4,-42.720941296029665,-18.509049377094808,519.557
645,16,5,-37.174141255967726,-9.252490999722031,516.4
646,16,6,-31.00654190714874,-1.3238487159947334,513.159
647,16,7,-24.411922546515143,5.611904122570032,510.047
648,16,8,-17.530351570923678,11.845906143613057,507.268
649,16,9,-10.4656341953802,17.619290879201,504.996
650,16,10,-3.2991664245539836,23.13482914343179,503.366
651,16,11,3.8995078226429585,28.572583505847184,502.457
652,16,12,11.06428405443254,34.10574365813661,502.29
653,16,13,18.12463437777544,39.9161992454448,502.828
654,16,14,24.996996550818437,46.21047128261084,503.977
655,16,15,31.573935966785452,53.235491598698204,505.6
656,16,16,37.70965882274799,61.28954138495052,507.529
657,16,17,43.202152028719155,70.713269496033,509.581
658,16,18,47.77734741406303,81.82499006802493,511.58
659,16,19,51.093933595764895,94.74761918522984,513.369
660,16,20,52.80368703937,109.13796716261129,514.827
661,16,21,52.68140616265926,124.05296929089809,515.88
662,16,22,50.74622232549788,138.28396895494313,516.505
663,16,23,47.250446130920736,150.96256224329267,516.731
664,16,24,42.54857122704064,161.82463940112063,516.633
665,16,25,36.97484316617592,171.03479432704597,516.325
666,16,26,30.792746740843587,178.92153179938967,515.941
667,16,27,24.194992323380955,-174.17863477935447,515.624
668,16,28,17.32030447092557,-167.97500618266366,515.505
669,16,29,10.271175294615352,-162.2277025244214,515.694
670,16,30,3.1276785171849464,-156.73532884676072,516.258
671,16,31,-4.042034660714084,-151.31927570288576,517.224
672,16,32,-11.173348515099303,-145.80788677857575,518.563
673,16,33,-18.19742711885485,-140.02104998541745,520.199
674,16,34,-25.032672336400704,-133.75452900684917,522.014
675,16,35,-31.57408964604178,-126.76433582533971,523.855
676,16,36,-37.67896395261795,-118.7559526838781,525.552
677,16,37,-43.149317100394526,-109.39274004884193,526.93
678,16,38,-47.71604646626216,-98.35835087863289,527.832
679,16,39,-51.042874516624465,-85.52428882439553,528.13
680,17,0,-52.97932876897146,-54.776706709438656,527.274
681,17,1,-51.984064338968466,-40.08824829554283,525.812
682,17,2,-49.28054569188319,-26.548731860428,523.697
683,17,3,-45.18206335966036,-14.739940964764793,521.04
684,17,4,-40.03985299017871,-4.693120735798257,518.002
685,17,5,-34.15435411445959,3.856142097828901,514.776
686,17,6,-27.75281224883121,11.248694893154653,511.574
687,17,7,-20.999848612669208,17.80047018467205,508.604
688,17,8,-14.015414134403704,23.77677130276461,506.059
689,17,9,-6.890600058787398,29.397684017963066,504.094
690,17,10,0.30026266647444455,34.85261459859375,502.818
691,17,11,7.490344028767408,40.31625025532161,502.282
692,17,12,14.61231034238664,45.96415758566725,502.476
693,17,13,21.59031334377493,51.988531282685656,503.334
694,17,14,28.330412318635215,58.61423824932656,504.74
695,17,15,34.7080365693375,66.11321222211028,506.538
696,17,16,40.55163564959318,74.80839820537335,508.551
697,17,17,45.624509353715446,85.04291758226054,510.598
698,17,18,49.61581235748243,97.06724021982538,512.509
699,17,19,52.16843846542379,110.80540075411899,514.145
700,17,20,52.9767913536948,125.60656411950919,515.407
701,17,21,51.92886958028559,140.32209740327494,516.245
702,17,22,49.171884212377456,153.84725165811253,516.664
703,17,23,45.027970876890286,165.6169380132301,516.716
704,17,24,39.85241552388063,175.61704529780246,516.498
705,17,25,33.946306552341,-175.8782453920421,516.134
706,17,26,27.536126204959846,-168.52464516555293,515.766
707,17,27,20.78519113498134,-162.0058853009361,515.532
708,17,28,13.812151973572355,-156.05763747731206,515.556
709,17,29,6.706788569164954,-150.46117171670036,515.926
710,17,30,-0.4579318471725032,-145.02848023200724,516.691
711,17,31,-7.616602636896033,-139.58637674663785,517.85
712,17,32,-14.703479707427972,-133.96092366318862,519.35
713,17,33,-21.6445296778592,-127.96190021327473,521.094
714,17,34,-28.3479539519711,-121.36706570168228,522.942
715,17,35,-34.691954888936706,-113.90782293930052,524.733
716,17,36,-40.50848934460621,-105.2652840541599,526.291
717,17,37,-45.56539748154357,-95.09974958788985,527.45
718,17,38,-49.55704199476906,-83.15980710733135,528.063
719,17,39,-52.13043187778725,-69.50972869257423,528.024
720,18,0,-52.783800943601506,-53.2154040123492,527.739
721,18,1,-52.7094577495805,-38.34957241589731,526.63
722,18,2,-50.828713935198714,-24.123538299378865,524.83
723,18,3,-47.38318402725076,-11.415756197611287,522.427
724,18,4,-42.720941296029665,-0.509055599666637,519.557
725,18,5,-37.174141255967726,8.747502670984431,516.4
726,18,6,-31.00654190714874,16.67614420765979,513.159
727,18,7,-24.411922546515143,23.611897366389673,510.047
728,18,8,-17.530351570923678,29.845901521866814,507.268
729,18,9,-10.4656341953802,35.61928625745475,504.996
730,18,10,-3.2991664245539836,41.134824521685545,503.366
731,18,11,3.8995078226429585,46.57257717655365,502.457
732,18,12,11.06428405443254,52.10573732884308,502.29
733,18,13,18.12463437777544,57.91619291615126,502.828
734,18,14,24.996996550818437,64.2104649533173,503.977
735,18,15,31.573935966785452,71.23548526940466,505.6
736,18,16,37.70965882274799,79.28953505565698,507.529
737,18,17,43.202152028719155,88.71326316673947,509.581
738,18,18,47.77734741406303,99.82498373873139,511.58
739,18,19,51.093933595764895,112.74761285593631,513.369
740,18,20,52.80368703937,127.13796083331775,514.827
741,18,21,52.68140616265926,142.05296296160455,515.88
742,18,22,50.74622232549788,156.2839626256496,516.505
743,18,23,47.250446130920736,168.96255591399913,516.731
744,18,24,42.54857122704064,179.8246330718271,516.633
745,18,25,36.97484316617592,-170.96520835978188,516.325
746,18,26,30.792746740843587,-163.07848454781654,515.941
747,18,27,24.194992323380955,-156.178641108648,515.624
748,18,28,17.32030447092557,-149.9750125119572,515.505
749,18,29,10.271175294615352,-144.22770885371494,515.694
750,18,30,3.1276785171849464,-138.73533517605426,516.258
751,18,31,-4.042034660714084,-133.31928203217927,517.224
752,18,32,-11.173348515099303,-127.80789310786928,518.563
753,18,33,-18.19742711885485,-122.02105631471099,520.199
754,18,34,-25.032672336400704,-115.75453533614272,522.014
755,18,35,-31.57408964604178,-108.76433532444408,523.855
756,18,36,-37.67896395261795,-100.75595218298247,525.552
757,18,37,-43.149317100394526,-91.39274637813547,526.93
758,18,38,-47.71604646626216,-80.35835720792643,527.832
759,18,39,-51.042874516624465,-67.52429515368907,528.13
760,19,0,-52.97932876897146,-36.776699378353854,527.274
761,19,1,-51.984064338968466,-22.08824096445803,525.812
762,19,2,-49.28054569188319,-8.548724529343197,523.697
763,19,3,-45.18206335966036,3.260066366320011,521.04
764,19,4,-40.03985299017871,13.306886168399723,518.002
765,19,5,-34.15435411445959,21.856149428913703,514.776
766,19,6,-27.75281224883121,29.248700516692164,511.574
767,19,7,-20.999848612669208,35.80047751575685,508.604
768,19,8,-14.015414134403704,41.77677692630212,506.059
769,19,9,-6.890600058787398,47.39769134904787,504.094
770,19,10,0.30026266647444455,52.852621929678556,502.818
771,19,11,7.490344028767408,58.316257586406415,502.282
772,19,12,14.61231034238664,63.96416150165747,502.476
773,19,13,21.59031334377493,69.98853861377046,503.334
774,19,14,28.330412318635215,76.61424558041136,504.74
775,19,15,34.7080365693375,84.1132195531951,506.538
776,19,16,40.55163564959318,92.80840553645815,508.551
777,19,17,45.624509353715446,103.04292491334535,510.598
778,19,18,49.61581235748243,115.06724072072102,512.509
779,19,19,52.16843846542379,128.80541491539296,514.145
780,19,20,52.9767913536948,143.606571450594,515.407
781,19,21,51.92886958028559,158.32210473435975,516.245
782,19,22,49.171884212377456,171.84725898919734,516.664
783,19,23,45.027970876890286,-176.38305101321941,516.716
784,19,24,39.85241552388063,-166.3829573890254,516.498
785,19,25,33.946306552341,-157.8782380609573,516.134
786,19,26,27.536126204959846,-150.52463783446814,515.766
787,19,27,20.78519113498134,-144.00587796985127,515.532
788,19,28,13.812151973572355,-138.05763014622724,515.556
789,19,29,6.706788569164954,-132.46116438561558,515.926
790,19,30,-0.4579318471725032,-127.02847290092244,516.691
791,19,31,-7.616602636896033,-121.58636941555305,517.85
792,19,32,-14.703479707427972,-115.96091633210382,519.35
793,19,33,-21.6445296778592,-109.96189288218993,521.094
794,19,34,-28.3479539519711,-103.36705837059748,522.942
795,19,35,-34.691954888936706,-95.90781560821571,524.733
796,19,36,-40.50848934460621,-87.2652767230751,526.291
797,19,37,-45.56539748154357,-77.09974225680504,527.45
798,19,38,-49.55704199476906,-65.15979977624654,528.063
799,19,39,-52.13043187778725,-51.50971794639484,528.024
800,20,0,-52.783800943601506,-35.215396681264394,527.739
801,20,1,-52.7094577495805,-20.34956508481251,526.63
802,20,2,-50.828713935198714,-6.123530541407239,524.83
803,20,3,-47.38318402725076,6.5842515603603395,522.427
804,20,4,-42.720941296029665,17.49095162469646,519.557
805,20,5,-37.174141255967726,26.747510855842883,516.4
806,20,6,-31.00654190714874,34.67615324629188,513.159
807,20,7,-24.411922546515143,41.61190640502177,510.047
808,20,8,-17.530351570923678,47.84590885295162,507.268
809,20,9,-10.4656341953802,53.61929358853956,504.996
810,20,10,-3.2991664245539836,59.134828437675765,503.366
811,20,11,3.8995078226429585,64.57258792273304,502.457
812,20,12,11.06428405443254,70.10574465992788,502.29
813,20,13,18.12463437777544,75.91620024723606,502.828
814,20,14,24.996996550818437,82.2104722844021,503.977
815,20,15,31.573935966785452,89.23549260048947,505.6
816,20,16,37.70965882274799,97.28954238674179,507.529
817,20,17,43.202152028719155,106.71327049782427,509.581
818,20,18,47.77734741406303,117.82498423962703,511.58
819,20,19,51.093933595764895,130.7476201870211,513.369
820,20,20,52.80368703937,145.13796816440257,514.827
821,20,21,52.68140616265926,160.05297029268937,515.88
822,20,22,50.74622232549788,174.2839699567344,516.505
823,20,23,47.250446130920736,-173.0374331124504,516.731
824,20,24,42.54857122704064,-162.1753696150008,516.633
825,20,25,36.97484316617592,-152.9652010286971,516.325
826,20,26,30.792746740843587,-145.07847721673173,515.941
827,20,27,24.194992323380955,-138.1786337775632,515.624
828,20,28,17.32030447092557,-131.9750051808724,515.505
829,20,29,10.271175294615352,-126.22770152263016,515.694
830,20,30,3.1276785171849464,-120.73532784496946,516.258
831,20,31,-4.042034660714084,-115.31927470109449,517.224
832,20,32,-11.173348515099303,-109.80787894659531,518.563
833,20,33,-18.19742711885485,-104.02104898362619,520.199
834,20,34,-25.032672336400704,-97.7545280050579,522.014
835,20,35,-31.57408964604178,-90.76432799335927,523.855
836,20,36,-37.67896395261795,-82.75594485189767,525.552
837,20,37,-43.149317100394526,-73.39273904705067,526.93
838,20,38,-47.71604646626216,-62.35834987684162,527.832
839,20,39,-51.042874516624465,-49.52428440750968,528.13
840,21,0,-52.97932876897146,-18.776704000100096,527.274
841,21,1,-51.984064338968466,-4.088246866864744,525.812
842,21,2,-49.28054569188319,9.451269141363266,523.697
843,21,3,-45.18206335966036,21.260060037026474,521.04
844,21,4,-40.03985299017871,31.306878985332542,518.002
845,21,5,-34.15435411445959,39.85614480716746,514.776
846,21,6,-27.75281224883121,47.24869418739863,511.574
847,21,7,-20.999848612669208,53.80047118646332,508.604
848,21,8,-14.015414134403704,59.776770597008586,506.059
849,21,9,-6.890600058787398,65.39768160465975,504.094
850,21,10,0.30026266647444455,70.85261218529043,502.818
851,21,11,7.490344028767408,76.31625125711288,502.282
852,21,12,14.61231034238664,81.96415517236393,502.476
853,21,13,21.59031334377493,87.98853228447692,503.334
854,21,14,28.330412318635215,94.61423925111784,504.74
855,21,15,34.7080365693375,102.11321322390155,506.538
856,21,16,40.55163564959318,110.80839920716463,508.551
857,21,17,45.624509353715446,121.0429185840518,510.598
858,21,18,49.61581235748243,133.0672343914275,512.509
859,21,19,52.16843846542379,146.80540858609942,514.145
860,21,20,52.9767913536948,161.60656512130046,515.407
861,21,21,51.92886958028559,176.3220984050662,516.245
862,21,22,49.171884212377456,-170.15274369763054,516.664
863,21,23,45.027970876890286,-158.38305734251293,516.716
864,21,24,39.85241552388063,-148.38296371831893,516.498
865,21,25,33.946306552341,-139.87824439025084,516.134
866,21,26,27.536126204959846,-132.52464416376168,515.766
867,21,27,20.78519113498134,-126.00588429914481,515.532
868,21,28,13.812151973572355,-120.0576364755208,515.556
869,21,29,6.706788569164954,-114.46116388471994,515.926
870,21,30,-0.4579318471725032,-109.02848606040516,516.691
871,21,31,-7.616602636896033,-103.58638257503576,517.85
872,21,32,-14.703479707427972,-97.96091583120818,519.35
873,21,33,-21.6445296778592,-91.96189921148346,521.094
874,21,34,-28.3479539519711,-85.367064699891,522.942
875,21,35,-34.691954888936706,-77.90782193750925,524.733
876,21,36,-40.50848934460621,-69.26528305236864,526.291
877,21,37,-45.56539748154357,-59.09974858609858,527.45
878,21,38,-49.55704199476906,-47.15980610554008,528.063
879,21,39,-52.13043187778725,-33.50972427568837,528.024
880,22,0,-52.783800943601506,-17.215404718105223,527.739
881,22,1,-52.7094577495805,-2.349570987219223,526.63
882,22,2,-50.828713935198714,11.876462702412402,524.83
883,22,3,-47.38318402725076,24.58424480417998,522.427
884,22,4,-42.720941296029665,35.490947002950215,519.557
885,22,5,-37.174141255967726,44.74750281900205,516.4
886,22,6,-31.00654190714874,52.67614691699835,513.159
887,22,7,-24.411922546515143,59.61189666063365,510.047
888,22,8,-17.530351570923678,65.8458991085635,507.268
889,22,9,-10.4656341953802,71.61928725924602,504.996
890,22,10,-3.2991664245539836,77.13482210838222,503.366
891,22,11,3.8995078226429585,82.5725815934395,502.457
892,22,12,11.06428405443254,88.10573833063434,502.29
893,22,13,18.12463437777544,93.91619391794252,502.828
894,22,14,24.996996550818437,100.21046595510857,503.977
895,22,15,31.573935966785452,107.23548627119594,505.6
896,22,16,37.70965882274799,115.28953605744825,507.529
897,22,17,43.202152028719155,124.7132709987199,509.581
898,22,18,47.77734741406303,135.82497791033347,511.58
899,22,19,51.093933595764895,148.74761385772757,513.369
900,22,20,52.80368703937,163.13796183510902,514.827
901,22,21,52.68140616265926,178.05296396339583,515.88
902,22,22,50.74622232549788,-167.7160463904718,516.505
903,22,23,47.250446130920736,-155.03743944174394,516.731
904,22,24,42.54857122704064,-144.1753759442943,516.633
905,22,25,36.97484316617592,-134.9652073579906,516.325
906,22,26,30.792746740843587,-127.07848354602528,515.941
907,22,27,24.194992323380955,-120.17864010685673,515.624
908,22,28,17.32030447092557,-113.9750183403551,515.505
909,22,29,10.271175294615352,-108.22770102173452,515.694
910,22,30,3.1276785171849464,-102.73533417426299,516.258
911,22,31,-4.042034660714084,-97.31928103038803,517.224
912,22,32,-11.173348515099303,-91.80788527588884,518.563
913,22,33,-18.19742711885485,-86.02105531291973,520.199
914,22,34,-25.032672336400704,-79.75453433435145,522.014
915,22,35,-31.57408964604178,-72.76433432265281,523.855
916,22,36,-37.67896395261795,-64.7559511811912,525.552
917,22,37,-43.149317100394526,-55.3927453763442,526.93
918,22,38,-47.71604646626216,-44.35835620613516,527.832
919,22,39,-51.042874516624465,-31.524290736803216,528.13
920,23,0,-52.97932876897146,-0.7766967223761454,527.274
921,23,1,-51.984064338968466,13.911760037333236,525.812
922,23,2,-49.28054569188319,27.451276472448072,523.697
923,23,3,-45.18206335966036,39.26006736811128,521.04
924,23,4,-40.03985299017871,49.30688631641734,518.002
925,23,5,-34.15435411445959,57.85614872315768,514.776
926,23,6,-27.75281224883121,65.24870151848343,511.574
927,23,7,-20.999848612669208,71.80047851754811,508.604
928,23,8,-14.015414134403704,77.77677792809338,506.059
929,23,9,-6.890600058787398,83.39768893574455,504.094
930,23,10,0.30026266647444455,88.85261951637524,502.818
931,23,11,7.490344028767408,94.31625858819768,502.282
932,23,12,14.61231034238664,99.96416250344873,502.476
933,23,13,21.59031334377493,105.98853961556172,503.334
934,23,14,28.330412318635215,112.61424658220264,504.74
935,23,15,34.7080365693375,120.11322055498636,506.538
936,23,16,40.55163564959318,128.80840653824941,508.551
937,23,17,45.624509353715446,139.0429259151366,510.598
938,23,18,49.61581235748243,151.06724172251228,512.509
939,23,19,52.16843846542379,164.80541591718423,514.145
940,23,20,52.9767913536948,179.60657245238525,515.407
941,23,21,51.92886958028559,-165.6778906213833,516.245
942,23,22,49.171884212377456,-152.15273636654572,516.664
943,23,23,45.027970876890286,-140.38305001142814,516.716
944,23,24,39.85241552388063,-130.38295638723412,516.498
945,23,25,33.946306552341,-121.87823705916603,516.134
946,23,26,27.536126204959846,-114.52464366286603,515.766
947,23,27,20.78519113498134,-108.00587013787084,515.532
948,23,28,13.812151973572355,-102.05762231424681,515.556
949,23,29,6.706788569164954,-96.46115655363513,515.926
950,23,30,-0.4579318471725032,-91.02847872932034,516.691
951,23,31,-7.616602636896033,-85.58637524395095,517.85
952,23,32,-14.703479707427972,-79.96090850012338,519.35
953,23,33,-21.6445296778592,-73.96189188039865,521.094
954,23,34,-28.3479539519711,-67.3670573688062,522.942
955,23,35,-34.691954888936706,-59.90781460642445,524.733
956,23,36,-40.50848934460621,-51.265275721283835,526.291
957,23,37,-45.56539748154357,-41.099741255013775,527.45
958,23,38,-49.55704199476906,-29.159798774455275,528.063
959,23,39,-52.13043187778725,-15.509718652150863,528.024
960,24,0,-52.783800943601506,0.7846028797838467,527.739
961,24,1,-52.7094577495805,15.650435916978758,526.63
962,24,2,-50.828713935198714,29.876470033497206,524.83
963,24,3,-47.38318402725076,42.584252135264784,522.427
964,24,4,-42.720941296029665,53.49095433403502,519.557
965,24,5,-37.174141255967726,62.74751356518144,516.4
966,24,6,-31.00654190714874,70.67615424808315,513.159
967,24,7,-24.411922546515143,77.61190399171845,510.047
968,24,8,-17.530351570923678,83.8459064396483,507.268
969,24,9,-10.4656341953802,89.61929459033082,504.996
970,24,10,-3.2991664245539836,95.13482943946703,503.366
971,24,11,3.8995078226429585,100.57258892452431,502.457
972,24,12,11.06428405443254,106.10574566171914,502.29
973,24,13,18.12463437777544,111.91620124902732,502.828
974,24,14,24.996996550818437,118.2104664560042,503.977
975,24,15,31.573935966785452,125.23549360228074,505.6
976,24,16,37.70965882274799,133.28954338853305,507.529
977,24,17,43.202152028719155,142.7132783298047,509.581
978,24,18,47.77734741406303,153.8249852414183,511.58
979,24,19,51.093933595764895,166.74762118881236,513.369
980,24,20,52.80368703937,-178.8620271913405,514.827
981,24,21,52.68140616265926,-163.9470250630537,515.88
982,24,22,50.74622232549788,-149.716039059387,516.505
983,24,23,47.250446130920736,-137.03743211065913,516.731
984,24,24,42.54857122704064,-126.17536861320951,516.633
985,24,25,36.97484316617592,-116.96520002690582,516.325
986,24,26,30.792746740843587,-109.0784693847513,515.941
987,24,27,24.194992323380955,-102.17863277577193,515.624
988,24,28,17.32030447092557,-95.9750110092703,515.505
989,24,29,10.271175294615352,-90.22769369064972,515.694
990,24,30,3.1276785171849464,-84.73532684317819,516.258
991,24,31,-4.042034660714084,-79.31927369930322,517.224
992,24,32,-11.173348515099303,-73.80787794480403,518.563
993,24,33,-18.19742711885485,-68.02104798183493,520.199
994,24,34,-25.032672336400704,-61.754527003266645,522.014
995,24,35,-31.57408964604178,-54.764326991568005,523.855
996,24,36,-37.67896395261795,-46.7559438501064,525.552
997,24,37,-43.149317100394526,-37.3927380452594,526.93
998,24,38,-47.71604646626216,-26.358348875050357,527.832
999,24,39,-51.042874516624465,-13.52428425949206,528.13
1000,25,0,-52.97932876897146,17.223297001691172,527.274
1001,25,1,-51.984064338968466,31.9117537080397,525.812
1002,25,2,-49.28054569188319,45.45126843560724,523.697
1003,25,3,-45.18206335966036,57.26006103881774,521.04
1004,25,4,-40.03985299017871,67.30688340221839,518.002
1005,25,5,-34.15435411445959,75.85614239386415,514.776
1006,25,6,-27.75281224883121,83.24869518918989,511.574
1007,25,7,-20.999848612669208,89.80047218825459,508.604
1008,25,8,-14.015414134403704,95.77677159879985,506.059
1009,25,9,-6.890600058787398,101.39768260645101,504.094
1010,25,10,0.30026266647444455,106.8526131870817,502.818
1011,25,11,7.490344028767408,112.31625225890414,502.282
1012,25,12,14.61231034238664,117.9641561741552,502.476
1013,25,13,21.59031334377493,123.9885332862682,503.334
1014,25,14,28.330412318635215,130.6142402529091,504.74
1015,25,15,34.7080365693375,138.11321422569281,506.538
1016,25,16,40.55163564959318,146.8084002089559,508.551
1017,25,17,45.624509353715446,157.04291958584307,510.598
1018,25,18,49.61581235748243,169.06723539321874,512.509
1019,25,19,52.16843846542379,-177.19460043002198,514.145
1020,25,20,52.9767913536948,-162.39344389482093,515.407
1021,25,21,51.92886958028559,-147.67789695067685,516.245
1022,25,22,49.171884212377456,-134.15274269583927,516.664
1023,25,23,45.027970876890286,-122.38305634072167,516.716
1024,25,24,39.85241552388063,-112.3829558863385,516.498
1025,25,25,33.946306552341,-103.87825021864873,516.134
1026,25,26,27.536126204959846,-96.52464999215957,515.766
1027,25,27,20.78519113498134,-90.00587646716438,515.532
1028,25,28,13.812151973572355,-84.05762864354035,515.556
1029,25,29,6.706788569164954,-78.46116288292866,515.926
1030,25,30,-0.4579318471725032,-73.02848505861388,516.691
1031,25,31,-7.616602636896033,-67.58638157324448,517.85
1032,25,32,-14.703479707427972,-61.96091482941692,519.35
1033,25,33,-21.6445296778592,-55.961901624786776,521.094
1034,25,34,-28.3479539519711,-49.36706369809974,522.942
1035,25,35,-34.691954888936706,-41.907820935717986,524.733
1036,25,36,-40.50848934460621,-33.26528205057737,526.291
1037,25,37,-45.56539748154357,-23.099749291854607,527.45
1038,25,38,-49.55704199476906,-11.15980595752246,528.063
1039,25,39,-52.13043187778725,2.4902750185556015,528.024
1040,26,0,-52.783800943601506,18.784609944064385,527.739
1041,26,1,-52.7094577495805,33.65044324806356,526.63
1042,26,2,-50.828713935198714,47.87647736458201,524.83
1043,26,3,-47.38318402725076,60.584262881444175,522.427
1044,26,4,-42.720941296029665,71.49096166511983,519.557
1045,26,5,-37.174141255967726,80.74752089626624,516.4
1046,26,6,-31.00654190714874,88.67616157916795,513.159
1047,26,7,-24.411922546515143,95.61191132280325,510.047
1048,26,8,-17.530351570923678,101.8459137707331,507.268
1049,26,9,-10.4656341953802,107.61930192141563,504.996
1050,26,10,-3.2991664245539836,113.13483677055184,503.366
1051,26,11,3.8995078226429585,118.57258942541993,502.457
1052,26,12,11.06428405443254,124.10575299280394,502.29
1053,26,13,18.12463437777544,129.91620858011214,502.828
1054,26,14,24.996996550818437,136.210473787089,503.977
1055,26,15,31.573935966785452,143.23550093336553,505.6
1056,26,16,37.70965882274799,151.28955071961786,507.529
1057,26,17,43.202152028719155,160.7132856608895,509.581
1058,26,18,47.77734741406303,171.8249925725031,511.58
1059,26,19,51.093933595764895,-175.25236783763714,513.369
1060,26,20,52.80368703937,-160.8620198602557,514.827
1061,26,21,52.68140616265926,-145.9470177319689,515.88
1062,26,22,50.74622232549788,-131.7160317283022,516.505
1063,26,23,47.250446130920736,-119.03742477957432,516.731
1064,26,24,42.54857122704064,-108.17535445193553,516.633
1065,26,25,36.97484316617592,-98.96519952601018,516.325
1066,26,26,30.792746740843587,-91.0784620536665,515.941
1067,26,27,24.194992323380955,-84.17862544468713,515.624
1068,26,28,17.32030447092557,-77.9750036781855,515.505
1069,26,29,10.271175294615352,-72.22768635956491,515.694
1070,26,30,3.1276785171849464,-66.73531951209338,516.258
1071,26,31,-4.042034660714084,-61.319266368218415,517.224
1072,26,32,-11.173348515099303,-55.80787061371924,518.563
1073,26,33,-18.19742711885485,-50.02104065075012,520.199
1074,26,34,-25.032672336400704,-43.754523087276425,522.014
1075,26,35,-31.57408964604178,-36.7643196604832,523.855
1076,26,36,-37.67896395261795,-28.755936519021592,525.552
1077,26,37,-43.149317100394526,-19.392729006627302,526.93
1078,26,38,-47.71604646626216,-8.358341543965555,527.832
1079,26,39,-51.042874516624465,4.4757230715927445,528.13
1080,27,0,-52.97932876897146,35.22328896485034,527.274
1081,27,1,-51.984064338968466,49.91174737874616,525.812
1082,27,2,-49.28054569188319,63.451262106313706,523.697
1083,27,3,-45.18206335966036,75.2600581246188,521.04
1084,27,4,-40.03985299017871,85.30687707292485,518.002
1085,27,5,-34.15435411445959,93.8561360645706,514.776
1086,27,6,-27.75281224883121,101.24868885989636,511.574
1087,27,7,-20.999848612669208,107.80046585896105,508.604
1088,27,8,-14.015414134403704,113.77676526950631,506.059
1089,27,9,-6.890600058787398,119.39767627715747,504.094
1090,27,10,0.30026266647444455,124.85260685778816,502.818
1091,27,11,7.490344028767408,130.31623909942144,502.282
1092,27,12,14.61231034238664,135.96414984486165,502.476
1093,27,13,21.59031334377493,141.98852695697465,503.334
1094,27,14,28.330412318635215,148.61423392361556,504.74
1095,27,15,34.7080365693375,156.11320789639927,506.538
1096,27,16,40.55163564959318,164.80839387966236,508.551
1097,27,17,45.624509353715446,175.04291325654955,510.598
1098,27,18,49.61581235748243,-172.93276729360912,512.509
1099,27,19,52.16843846542379,-159.19460675931552,514.145
1100,27,20,52.9767913536948,-144.39345022411447,515.407
1101,27,21,51.92886958028559,-129.6779032799704,516.245
1102,27,22,49.171884212377456,-116.1527490251328,516.664
1103,27,23,45.027970876890286,-104.3830626700152,516.716
1104,27,24,39.85241552388063,-94.38296221563203,516.498
1105,27,25,33.946306552341,-85.87825654794227,516.134
1106,27,26,27.536126204959846,-78.52465632145311,515.766
1107,27,27,20.78519113498134,-72.00588279645791,515.532
1108,27,28,13.812151973572355,-66.0576349728339,515.556
1109,27,29,6.706788569164954,-60.4611692122222,515.926
1110,27,30,-0.4579318471725032,-55.02848797281283,516.691
1111,27,31,-7.616602636896033,-49.58638448744343,517.85
1112,27,32,-14.703479707427972,-43.960924573805045,519.35
1113,27,33,-21.6445296778592,-37.96190795408032,521.094
1114,27,34,-28.3479539519711,-31.36707002739328,522.942
1115,27,35,-34.691954888936706,-23.90782555746423,524.733
1116,27,36,-40.50848934460621,-15.265286672323615,526.291
1117,27,37,-45.56539748154357,-5.099754767374497,527.45
1118,27,38,-49.55704199476906,6.840188140070826,528.063
1119,27,39,-52.13043187778725,20.490268689262066,528.024
1120,28,0,-52.783800943601506,36.7845916619398,527.739
1121,28,1,-52.7094577495805,51.65042325839168,526.63
1122,28,2,-50.828713935198714,65.87645737491013,524.83
1123,28,3,-47.38318402725076,78.58424289177229,522.427
1124,28,4,-42.720941296029665,89.49094167544794,519.557
1125,28,5,-37.174141255967726,98.74750090659437,516.4
1126,28,6,-31.00654190714874,106.67614158949608,513.159
1127,28,7,-24.411922546515143,113.61189133313138,510.047
1128,28,8,-17.530351570923678,119.8459006112504,507.268
1129,28,9,-10.4656341953802,125.61928193174376,504.996
1130,28,10,-3.2991664245539836,131.13482361106912,503.366
1131,28,11,3.8995078226429585,136.57256943574805,502.457
1132,28,12,11.06428405443254,142.10573300313206,502.29
1133,28,13,18.12463437777544,147.91618859044027,502.828
1134,28,14,24.996996550818437,154.21045379741713,503.977
1135,28,15,31.573935966785452,161.23548094369366,505.6
1136,28,16,37.70965882274799,169.28953072994597,507.529
1137,28,17,43.202152028719155,178.71326567121764,509.581
1138,28,18,47.77734741406303,-170.1750237747031,511.58
1139,28,19,51.093933595764895,-157.25238782730904,513.369
1140,28,20,52.80368703937,-142.86203984992758,514.827
1141,28,21,52.68140616265926,-127.94703772164078,515.88
1142,28,22,50.74622232549788,-113.7160448877849,516.505
1143,28,23,47.250446130920736,-101.03745159943537,516.731
1144,28,24,42.54857122704064,-90.17537444160742,516.633
1145,28,25,36.97484316617592,-80.96521951568207,516.325
1146,28,26,30.792746740843587,-73.07848204333838,515.941
1147,28,27,24.194992323380955,-66.17864543435901,515.624
1148,28,28,17.32030447092557,-59.97502366785737,515.505
1149,28,29,10.271175294615352,-54.22770976433137,515.694
1150,28,30,3.1276785171849464,-48.73534291685985,516.258
1151,28,31,-4.042034660714084,-43.3192829427957,517.224
1152,28,32,-11.173348515099303,-37.807890603391115,518.563
1153,28,33,-18.19742711885485,-32.021060640422,520.199
1154,28,34,-25.032672336400704,-25.75454136940101,522.014
1155,28,35,-31.57408964604178,-18.76433965015508,523.855
1156,28,36,-37.67896395261795,-10.755957362467116,525.552
1157,28,37,-43.149317100394526,-1.392749316464295,526.93
1158,28,38,-47.71604646626216,9.64163846636257,527.832
1159,28,39,-51.042874516624465,22.475703935694515,528.13
1160,29,0,-52.97932876897146,53.22329629593514,527.274
1161,29,1,-51.984064338968466,67.91175812492556,525.812
1162,29,2,-49.28054569188319,81.45126943739851,523.697
1163,29,3,-45.18206335966036,93.2600654557036,521.04
1164,29,4,-40.03985299017871,103.30688440400966,518.002
1165,29,5,-34.15435411445959,111.85614339565541,514.776
1166,29,6,-27.75281224883121,119.24869619098116,511.574
1167,29,7,-20.999848612669208,125.80047319004585,508.604
1168,29,8,-14.015414134403704,131.7767794307803,506.059
1169,29,9,-6.890600058787398,137.3976836082423,504.094
1170,29,10,0.30026266647444455,142.85261418887296,502.818
1171,29,11,7.490344028767408,148.31624643050625,502.282
1172,29,12,14.61231034238664,153.96415717594647,502.476
1173,29,13,21.59031334377493,159.98853428805947,503.334
1174,29,14,28.330412318635215,166.61424125470037,504.74
1175,29,15,34.7080365693375,174.1132152274841,506.538
1176,29,16,40.55163564959318,-177.19159514678717,508.551
1177,29,17,45.624509353715446,-166.95707576989997,510.598
1178,29,18,49.61581235748243,-154.93275996252433,512.509
1179,29,19,52.16843846542379,-141.1945994282307,514.145
1180,29,20,52.9767913536948,-126.39344289302967,515.407
1181,29,21,51.92886958028559,-111.67790277907476,516.245
1182,29,22,49.171884212377456,-98.152741694048,516.664
1183,29,23,45.027970876890286,-86.3830553389304,516.716
1184,29,24,39.85241552388063,-76.38295488454723,516.498
1185,29,25,33.946306552341,-67.87824921685747,516.134
1186,29,26,27.536126204959846,-60.5246489903683,515.766
1187,29,27,20.78519113498134,-54.00587546537311,515.532
1188,29,28,13.812151973572355,-48.057627641749086,515.556
1189,29,29,6.706788569164954,-42.46116529623198,515.926
1190,29,30,-0.4579318471725032,-37.02848064172803,516.691
1191,29,31,-7.616602636896033,-31.586377156358633,517.85
1192,29,32,-14.703479707427972,-25.960915535172948,519.35
1193,29,33,-21.6445296778592,-19.96189891544822,521.094
1194,29,34,-28.3479539519711,-13.367064403855768,522.942
1195,29,35,-34.691954888936706,-5.90781865326625,524.733
1196,29,36,-40.50848934460621,2.734720231874365,526.291
1197,29,37,-45.56539748154357,12.900252563710307,527.45
1198,29,38,-49.55704199476906,24.840195898042452,528.063
1199,29,39,-52.13043187778725,38.49027772789416,528.024
1200,30,0,-52.783800943601506,54.7845989930246,527.739
1201,30,1,-52.7094577495805,69.65043058947649,526.63
1202,30,2,-50.828713935198714,83.87646470599493,524.83
1203,30,3,-47.38318402725076,96.5842502228571,522.427
1204,30,4,-42.720941296029665,107.49094900653274,519.557
1205,30,5,-37.174141255967726,116.74750823767917,516.4
1206,30,6,-31.00654190714874,124.6761420903917,513.159
1207,30,7,-24.411922546515143,131.61189866421617,510.047
1208,30,8,-17.530351570923678,137.8459079423352,507.268
1209,30,9,-10.4656341953802,143.61928926282854,504.996
1210,30,10,-3.2991664245539836,149.13483094215394,503.366
1211,30,11,3.8995078226429585,154.57257676683287,502.457
1212,30,12,11.06428405443254,160.10574033421688,502.29
1213,30,13,18.12463437777544,165.91619592152506,502.828
1214,30,14,24.996996550818437,172.21046112850192,503.977
1215,30,15,31.573935966785452,179.23548827477848,505.6
1216,30,16,37.70965882274799,-172.71045829650353,507.529
1217,30,17,43.202152028719155,-163.28673701561024,509.581
1218,30,18,47.77734741406303,-152.17501644361832,511.58
1219,30,19,51.093933595764895,-139.25238049622422,513.369
1220,30,20,52.80368703937,-124.86203251884278,514.827
1221,30,21,52.68140616265926,-109.94703039055598,515.88
1222,30,22,50.74622232549788,-95.7160375567001,516.505
1223,30,23,47.250446130920736,-83.03744426835057,516.731
1224,30,24,42.54857122704064,-72.17536711052261,516.633
1225,30,25,36.97484316617592,-62.965212184597256,516.325
1226,30,26,30.792746740843587,-55.078478127348156,515.941
1227,30,27,24.194992323380955,-48.1786381032742,515.624
1228,30,28,17.32030447092557,-41.97501292167799,515.505
1229,30,29,10.271175294615352,-36.22770243324657,515.694
1230,30,30,3.1276785171849464,-30.735335585775044,516.258
1231,30,31,-4.042034660714084,-25.319275611710903,517.224
1232,30,32,-11.173348515099303,-19.8078849798536,518.563
1233,30,33,-18.19742711885485,-14.021055016884487,520.199
1234,30,34,-25.032672336400704,-7.754534892089855,522.014
1235,30,35,-31.57408964604178,-0.7643327459571,523.855
1236,30,36,-37.67896395261795,7.244049968617687,525.552
1237,30,37,-43.149317100394526,16.607258334785627,526.93
1238,30,38,-47.71604646626216,27.641645797447374,527.832
1239,30,39,-51.042874516624465,40.475711266779314,528.13
1240,31,0,-52.97932876897146,71.22330704211453,527.274
1241,31,1,-51.984064338968466,85.91176545601036,525.812
1242,31,2,-49.28054569188319,99.45127676848331,523.697
1243,31,3,-45.18206335966036,111.2600727867884,521.04
1244,31,4,-40.03985299017871,121.30689173509447,518.002
1245,31,5,-34.15435411445959,129.8561575569294,514.776
1246,31,6,-27.75281224883121,137.24870352206597,511.574
1247,31,7,-20.999848612669208,143.80048052113065,508.604
1248,31,8,-14.015414134403704,149.77678676186508,506.059
1249,31,9,-6.890600058787398,155.39769093932708,504.094
1250,31,10,0.30026266647444455,160.85262151995778,502.818
1251,31,11,7.490344028767408,166.31625376159104,502.282
1252,31,12,14.61231034238664,171.96416450703128,502.476
1253,31,13,21.59031334377493,177.98854161914426,503.334
1254,31,14,28.330412318635215,-175.38574777174915,504.74
1255,31,15,34.7080365693375,-167.88677379896544,506.538
1256,31,16,40.55163564959318,-159.19158781570238,508.551
1257,31,17,45.624509353715446,-148.95706843881518,510.598
1258,31,18,49.61581235748243,-136.9327526314395,512.509
1259,31,19,52.16843846542379,-123.1945920971459,514.145
1260,31,20,52.9767913536948,-108.3934287317557,515.407
1261,31,21,51.92886958028559,-93.67789544798995,516.245
1262,31,22,49.171884212377456,-80.15273436296319,516.664
1263,31,23,45.027970876890286,-68.3830480078456,516.716
1264,31,24,39.85241552388063,-58.38294755346242,516.498
1265,31,25,33.946306552341,-49.87823847067808,516.134
1266,31,26,27.536126204959846,-42.524638244188914,515.766
1267,31,27,20.78519113498134,-36.005868134288306,515.532
1268,31,28,13.812151973572355,-30.057620310664284,515.556
1269,31,29,6.706788569164954,-24.46115625759989,515.926
1270,31,30,-0.4579318471725032,-19.02847331064323,516.691
1271,31,31,-7.616602636896033,-13.58636982527383,517.85
1272,31,32,-14.703479707427972,-7.960909057861791,519.35
1273,31,33,-21.6445296778592,-1.961891584363415,521.094
1274,31,34,-28.3479539519711,4.632942927229037,522.942
1275,31,35,-34.691954888936706,12.092189104705376,524.733
1276,31,36,-40.50848934460621,20.73472798984599,526.291
1277,31,37,-45.56539748154357,30.900260748568755,527.45
1278,31,38,-49.55704199476906,42.840203229127255,528.063
1279,31,39,-52.13043187778725,56.49028505897896,528.024
1280,32,0,-52.783800943601506,72.7846063241094,527.739
1281,32,1,-52.7094577495805,87.65043792056129,526.63
1282,32,2,-50.828713935198714,101.87647203707974,524.83
1283,32,3,-47.38318402725076,114.5842575539419,522.427
1284,32,4,-42.720941296029665,125.49095633761755,519.557
1285,32,5,-37.174141255967726,134.747515568764,516.4
1286,32,6,-31.00654190714874,142.6761494214765,513.159
1287,32,7,-24.411922546515143,149.611905995301,510.047
1288,32,8,-17.530351570923678,155.84591527342,507.268
1289,32,9,-10.4656341953802,161.61929659391336,504.996
1290,32,10,-3.2991664245539836,167.13483827323873,503.366
1291,32,11,3.8995078226429585,172.57258409791766,502.457
1292,32,12,11.06428405443254,178.10574766530166,502.29
1293,32,13,18.12463437777544,-176.08379310492447,502.828
1294,32,14,24.996996550818437,-169.78952789794758,503.977
1295,32,15,31.573935966785452,-162.76450075167105,505.6
1296,32,16,37.70965882274799,-154.71045096541874,507.529
1297,32,17,43.202152028719155,-145.28672968452543,509.581
1298,32,18,47.77734741406303,-134.1750091125335,511.58
1299,32,19,51.093933595764895,-121.25237316513942,513.369
1300,32,20,52.80368703937,-106.86203201794714,514.827
1301,32,21,52.68140616265926,-91.94702305947118,515.88
1302,32,22,50.74622232549788,-77.7160302256153,516.505
1303,32,23,47.250446130920736,-65.03743693726577,516.731
1304,32,24,42.54857122704064,-54.175359779437805,516.633
1305,32,25,36.97484316617592,-44.96520143841787,516.325
1306,32,26,30.792746740843587,-37.07847079626335,515.941
1307,32,27,24.194992323380955,-30.1786307721894,515.624
1308,32,28,17.32030447092557,-23.975005590593184,515.505
1309,32,29,10.271175294615352,-18.227695102161764,515.694
1310,32,30,3.1276785171849464,-12.735326547142947,516.258
1311,32,31,-4.042034660714084,-7.319269134399745,517.224
1312,32,32,-11.173348515099303,-1.807877008438563,518.563
1313,32,33,-18.19742711885485,3.978952741087139,520.199
1314,32,34,-25.032672336400704,10.245472438994948,522.014
1315,32,35,-31.57408964604178,17.235675012014525,523.855
1316,32,36,-37.67896395261795,25.244058153476136,525.552
1317,32,37,-43.149317100394526,34.60726395832314,526.93
1318,32,38,-47.71604646626216,45.64165312853218,527.832
1319,32,39,-51.042874516624465,58.475715182769534,528.13
1320,33,0,-52.97932876897146,89.22331437319934,527.274
1321,33,1,-51.984064338968466,103.91177278709516,525.812
1322,33,2,-49.28054569188319,117.45129092975728,523.697
1323,33,3,-45.18206335966036,129.26007328768404,521.04
1324,33,4,-40.03985299017871,139.30689906617926,518.002
1325,33,5,-34.15435411445959,147.85616488801418,514.776
1326,33,6,-27.75281224883121,155.24871085315075,511.574
1327,33,7,-20.999848612669208,161.80048785221547,508.604
1328,33,8,-14.015414134403704,167.7767940929499,506.059
1329,33,9,-6.890600058787398,173.3976982704119,504.094
1330,33,10,0.30026266647444455,178.85262885104257,502.818
1331,33,11,7.490344028767408,-175.68373526485848,502.282
1332,33,12,14.61231034238664,-170.03582451941824,502.476
1333,33,13,21.59031334377493,-164.01144740730527,503.334
1334,33,14,28.330412318635215,-157.38574044066436,504.74
1335,33,15,34.7080365693375,-149.88676646788065,506.538
1336,33,16,40.55163564959318,-141.19158048461756,508.551
1337,33,17,45.624509353715446,-130.95706110773037,510.598
1338,33,18,49.61581235748243,-118.93274530035471,512.509
1339,33,19,52.16843846542379,-105.19457793587193,514.145
1340,33,20,52.9767913536948,-90.3934214006709,515.407
1341,33,21,51.92886958028559,-75.67788811690515,516.245
1342,33,22,49.171884212377456,-62.15272703187839,516.664
1343,33,23,45.027970876890286,-50.3830406767608,516.716
1344,33,24,39.85241552388063,-40.38294022237762,516.498
1345,33,25,33.946306552341,-31.87823113959328,516.134
1346,33,26,27.536126204959846,-24.524632620651403,515.766
1347,33,27,20.78519113498134,-18.0058625107508,515.532
1348,33,28,13.812151973572355,-12.057614687126772,515.556
1349,33,29,6.706788569164954,-6.4611493534019075,515.926
1350,33,30,-0.4579318471725032,-1.028465979558425,516.691
1351,33,31,-7.616602636896033,4.413637505810975,517.85
1352,33,32,-14.703479707427972,10.039098273223013,519.35
1353,33,33,-21.6445296778592,16.038115746721388,521.094
1354,33,34,-28.3479539519711,22.63295025831384,522.942
1355,33,35,-34.691954888936706,30.092194728242887,524.733
1356,33,36,-40.50848934460621,38.734733613383504,526.291
1357,33,37,-45.56539748154357,48.90026807965356,527.45
1358,33,38,-49.55704199476906,60.84021056021206,528.063
1359,33,39,-52.13043187778725,74.49028897496919,528.024
1360,34,0,-52.783800943601506,90.78458633443753,527.739
1361,34,1,-52.7094577495805,105.65041793088942,526.63
1362,34,2,-50.828713935198714,119.87645887759703,524.83
1363,34,3,-47.38318402725076,132.58423073408085,522.427
1364,34,4,-42.720941296029665,143.49093634794568,519.557
1365,34,5,-37.174141255967726,152.7474955790921,516.4
1366,34,6,-31.00654190714874,160.67612943180464,513.159
1367,34,7,-24.411922546515143,167.61188600562912,510.047
1368,34,8,-17.530351570923678,173.84589528374812,507.268
1369,34,9,-10.4656341953802,179.6192766042415,504.996
1370,34,10,-3.2991664245539836,-174.8651917343458,503.366
1371,34,11,3.8995078226429585,-169.42743224928853,502.457
1372,34,12,11.06428405443254,-163.89426868190452,502.29
1373,34,13,18.12463437777544,-158.08381309459634,502.828
1374,34,14,24.996996550818437,-151.78954788761948,503.977
1375,34,15,31.573935966785452,-144.76452074134292,505.6
1376,34,16,37.70965882274799,-136.7104709550906,507.529
1377,34,17,43.202152028719155,-127.28674967419731,509.581
1378,34,18,47.77734741406303,-116.17502910220539,511.58
1379,34,19,51.093933595764895,-103.25239998500047,513.369
1380,34,20,52.80368703937,-88.86205200761903,514.827
1381,34,21,52.68140616265926,-73.94704304914305,515.88
1382,34,22,50.74622232549788,-59.71605021528717,516.505
1383,34,23,47.250446130920736,-47.037456926937644,516.731
1384,34,24,42.54857122704064,-36.17537976910968,516.633
1385,34,25,36.97484316617592,-26.96522313563704,516.325
1386,34,26,30.792746740843587,-19.07849078593523,515.941
1387,34,27,24.194992323380955,-12.178650761861276,515.624
1388,34,28,17.32030447092557,-5.975026007151882,515.505
1389,34,29,10.271175294615352,-0.22771469162724342,515.694
1390,34,30,3.1276785171849464,5.264653463185176,516.258
1391,34,31,-4.042034660714084,10.680710875928378,517.224
1392,34,32,-11.173348515099303,16.192102361559325,518.563
1393,34,33,-18.19742711885485,21.97893232452844,520.199
1394,34,34,-25.032672336400704,28.245453303096717,522.014
1395,34,35,-31.57408964604178,35.23565502234265,523.855
1396,34,36,-37.67896395261795,43.24403816380426,525.552
1397,34,37,-43.149317100394526,52.60724396865126,526.93
1398,34,38,-47.71604646626216,63.6416331388603,527.832
1399,34,39,-51.042874516624465,76.47569519309766,528.13
1400,35,0,-52.97932876897146,107.22329438352746,527.274
1401,35,1,-51.984064338968466,121.91174596723411,525.812
1402,35,2,-49.28054569188319,135.4512709400854,523.697
1403,35,3,-45.18206335966036,147.26005329801217,521.04
1404,35,4,-40.03985299017871,157.30687907650739,518.002
1405,35,5,-34.15435411445959,165.8561448983423,514.776
1406,35,6,-27.75281224883121,173.24869086347888,511.574
1407,35,7,-20.999848612669208,179.80046786254357,508.604
1408,35,8,-14.015414134403704,-174.22323591463464,506.059
1409,35,9,-6.890600058787398,-168.60231807679432,504.094
1410,35,10,0.30026266647444455,-163.14738749616365,502.818
1411,35,11,7.490344028767408,-157.68375525453035,502.282
1412,35,12,14.61231034238664,-152.03584450909014,502.476
1413,35,13,21.59031334377493,-146.01146739697714,503.334
1414,35,14,28.330412318635215,-139.38576043033623,504.74
1415,35,15,34.7080365693375,-131.88678645755252,506.538
1416,35,16,40.55163564959318,-123.19160047428944,508.551
1417,35,17,45.624509353715446,-112.95708792759143,510.598
1418,35,18,49.61581235748243,-100.93276529002658,512.509
1419,35,19,52.16843846542379,-87.1945979255438,514.145
1420,35,20,52.9767913536948,-72.39344139034277,515.407
1421,35,21,51.92886958028559,-57.67790810657703,516.245
1422,35,22,49.171884212377456,-44.15274702155027,516.664
1423,35,23,45.027970876890286,-32.38306066643268,516.716
1424,35,24,39.85241552388063,-22.382961919596788,516.498
1425,35,25,33.946306552341,-13.878251129265154,516.134
1426,35,26,27.536126204959846,-6.524652183436455,515.766
1427,35,27,20.78519113498134,-0.005881757956431307,515.532
1428,35,28,13.812151973572355,5.942365323201351,515.556
1429,35,29,6.706788569164954,11.538831083813038,515.926
1430,35,30,-0.4579318471725032,16.971514030769697,516.691
1431,35,31,-7.616602636896033,22.413617516139098,517.85
1432,35,32,-14.703479707427972,28.039079137324784,519.35
1433,35,33,-21.6445296778592,34.03809404950222,521.094
1434,35,34,-28.3479539519711,40.632931976189255,522.942
1435,35,35,-34.691954888936706,48.09217473857101,524.733
1436,35,36,-40.50848934460621,56.73471362371163,526.291
1437,35,37,-45.56539748154357,66.90024808998169,527.45
1438,35,38,-49.55704199476906,78.84019057054019,528.063
1439,35,39,-52.13043187778725,92.4902689852973,528.024
1440,36,0,-52.783800943601506,108.78459366552234,527.739
1441,36,1,-52.7094577495805,123.65042526197422,526.63
1442,36,2,-50.828713935198714,137.87646620868185,524.83
1443,36,3,-47.38318402725076,150.58423806516566,522.427
1444,36,4,-42.720941296029665,161.4909436790305,519.557
1445,36,5,-37.174141255967726,170.7475029101769,516.4
1446,36,6,-31.00654190714874,178.67613676288946,513.159
1447,36,7,-24.411922546515143,-174.3881030208204,510.047
1448,36,8,-17.530351570923678,-168.15410740307973,507.268
1449,36,9,-10.4656341953802,-162.38071242220803,504.996
1450,36,10,-3.2991664245539836,-156.865184403261,503.366
1451,36,11,3.8995078226429585,-151.42742491820374,502.457
1452,36,12,11.06428405443254,-145.89426135081973,502.29
1453,36,13,18.12463437777544,-140.08380576351155,502.828
1454,36,14,24.996996550818437,-133.78954055653466,503.977
1455,36,15,31.573935966785452,-126.76451341025813,505.6
1456,36,16,37.70965882274799,-118.71046362400581,507.529
1457,36,17,43.202152028719155,-109.28673551292333,509.581
1458,36,18,47.77734741406303,-98.17502177112058,511.58
1459,36,19,51.093933595764895,-85.25239265391566,513.369
1460,36,20,52.80368703937,-70.86204467653423,514.827
1461,36,21,52.68140616265926,-55.947035718058245,515.88
1462,36,22,50.74622232549788,-41.716042884202366,516.505
1463,36,23,47.250446130920736,-29.037449595852838,516.731
1464,36,24,42.54857122704064,-18.17537243802488,516.633
1465,36,25,36.97484316617592,-8.965214950778588,516.325
1466,36,26,30.792746740843587,-1.078483134685311,515.941
1467,36,27,24.194992323380955,5.82135699611035,515.624
1468,36,28,17.32030447092557,12.024980897046097,515.505
1469,36,29,10.271175294615352,17.772292239251165,515.694
1470,36,30,3.1276785171849464,23.26466079426998,516.258
1471,36,31,-4.042034660714084,28.680719060786828,517.224
1472,36,32,-11.173348515099303,34.19211140019142,518.563
1473,36,33,-18.19742711885485,39.97894136316054,520.199
1474,36,34,-25.032672336400704,46.24545892663423,522.014
1475,36,35,-31.57408964604178,53.23566235342745,523.855
1476,36,36,-37.67896395261795,61.244045494889065,525.552
1477,36,37,-43.149317100394526,70.60725129973606,526.93
1478,36,38,-47.71604646626216,81.6416404699451,527.832
1479,36,39,-51.042874516624465,94.47570252418247,528.13
1480,37,0,-52.97932876897146,125.2232948844231,527.274
1481,37,1,-51.984064338968466,139.91175329831893,525.812
1482,37,2,-49.28054569188319,153.45127827117022,523.697
1483,37,3,-45.18206335966036,165.26006062909696,521.04
1484,37,4,-40.03985299017871,175.3068864075922,518.002
1485,37,5,-34.15435411445959,-176.14385778848555,514.776
1486,37,6,-27.75281224883121,-168.75129816297064,511.574
1487,37,7,-20.999848612669208,-162.19952116390596,508.604
1488,37,8,-14.015414134403704,-156.22322858354985,506.059
1489,37,9,-6.890600058787398,-150.6023107457095,504.094
1490,37,10,0.30026266647444455,-145.14738016507883,502.818
1491,37,11,7.490344028767408,-139.68374792344554,502.282
1492,37,12,14.61231034238664,-134.03583717800532,502.476
1493,37,13,21.59031334377493,-128.01146006589235,503.334
1494,37,14,28.330412318635215,-121.38575309925143,504.74
1495,37,15,34.7080365693375,-113.88677912646772,506.538
1496,37,16,40.55163564959318,-105.1915999733938,508.551
1497,37,17,45.624509353715446,-94.95708059650661,510.598
1498,37,18,49.61581235748243,-82.93275795894178,512.509
1499,37,19,52.16843846542379,-69.194590594459,514.145
1500,37,20,52.9767913536948,-54.39343405925798,515.407
1501,37,21,51.92886958028559,-39.67789736039764,516.245
1502,37,22,49.171884212377456,-26.152741398012754,516.664
1503,37,23,45.027970876890286,-14.383055042895164,516.716
1504,37,24,39.85241552388063,-4.382953734738338,516.498
1505,37,25,33.946306552341,4.121756201819649,516.134
1506,37,26,27.536126204959846,11.475354720761525,515.766
1507,37,27,20.78519113498134,17.99412483066213,515.532
1508,37,28,13.812151973572355,23.942372654286153,515.556
1509,37,29,6.706788569164954,29.53883670735055,515.926
1510,37,30,-0.4579318471725032,34.9715213618545,516.691
1511,37,31,-7.616602636896033,40.4136248472239,517.85
1512,37,32,-14.703479707427972,46.039084760862295,519.35
1513,37,33,-21.6445296778592,52.03810138058702,521.094
1514,37,34,-28.3479539519711,58.63293930727406,522.942
1515,37,35,-34.691954888936706,66.09218206965582,524.733
1516,37,36,-40.50848934460621,74.73472095479643,526.291
1517,37,37,-45.56539748154357,84.90025542106649,527.45
1518,37,38,-49.55704199476906,96.84019790162499,528.063
1519,37,39,-52.13043187778725,110.49027631638211,528.024
1520,38,0,-52.783800943601506,126.78459416641797,527.739
1521,38,1,-52.7094577495805,141.650432593059,526.63
1522,38,2,-50.828713935198714,155.87647353976664,524.83
1523,38,3,-47.38318402725076,168.58424539625045,522.427
1524,38,4,-42.720941296029665,179.49095101011528,519.557
1525,38,5,-37.174141255967726,-171.25248611627262,516.4
1526,38,6,-31.00654190714874,-163.32385226356007,513.159
1527,38,7,-24.411922546515143,-156.38809568973562,510.047
1528,38,8,-17.530351570923678,-150.15410007199495,507.268
1529,38,9,-10.4656341953802,-144.38070509112325,504.996
1530,38,10,-3.2991664245539836,-138.8651770721762,503.366
1531,38,11,3.8995078226429585,-133.42741758711892,502.457
1532,38,12,11.06428405443254,-127.89425401973492,502.29
1533,38,13,18.12463437777544,-122.08379843242673,502.828
1534,38,14,24.996996550818437,-115.78953322544986,503.977
1535,38,15,31.573935966785452,-108.7645129093625,505.6
1536,38,16,37.70965882274799,-100.71046312311019,507.529
1537,38,17,43.202152028719155,-91.28672818183853,509.581
1538,38,18,47.77734741406303,-80.17501444003578,511.58
1539,38,19,51.093933595764895,-67.25238532283086,513.369
1540,38,20,52.80368703937,-52.86203393035483,514.827
1541,38,21,52.68140616265926,-37.94702838697344,515.88
1542,38,22,50.74622232549788,-23.716035553117564,516.505
1543,38,23,47.250446130920736,-11.037442264768035,516.731
1544,38,24,42.54857122704064,-0.1753656939094592,516.633
1545,38,25,36.97484316617592,9.034792380306216,516.325
1546,38,26,30.792746740843587,16.921523876234374,515.941
1547,38,27,24.194992323380955,23.82136390030833,515.624
1548,38,28,17.32030447092557,30.024989081904547,515.505
1549,38,29,10.271175294615352,35.77229957033597,515.694
1550,38,30,3.1276785171849464,41.26466641780749,516.258
1551,38,31,-4.042034660714084,46.68072639187163,517.224
1552,38,32,-11.173348515099303,52.192118731276224,518.563
1553,38,33,-18.19742711885485,57.97894869424534,520.199
1554,38,34,-25.032672336400704,64.24546967281361,522.014
1555,38,35,-31.57408964604178,71.23566968451226,523.855
1556,38,36,-37.67896395261795,79.24405282597387,525.552
1557,38,37,-43.149317100394526,88.60725863082087,526.93
1558,38,38,-47.71604646626216,99.6416478010299,527.832
1559,38,39,-51.042874516624465,112.47570985526727,528.13
1560,39,0,-52.97932876897146,143.22330221550789,527.274
1561,39,1,-51.984064338968466,157.91176062940372,525.812
1562,39,2,-49.28054569188319,171.451285602255,523.697
1563,39,3,-45.18206335966036,-176.73992839735257,521.04
1564,39,4,-40.03985299017871,-166.69310261885732,518.002
1565,39,5,-34.15435411445959,-158.14385045740076,514.776
1566,39,6,-27.75281224883121,-150.75129083188583,511.574
1567,39,7,-20.999848612669208,-144.19951383282114,508.604
1568,39,8,-14.015414134403704,-138.22322125246504,506.059
1569,39,9,-6.890600058787398,-132.6023034146247,504.094
1570,39,10,0.30026266647444455,-127.14737283399403,502.818
1571,39,11,7.490344028767408,-121.68374059236075,502.282
1572,39,12,14.61231034238664,-116.03582984692052,502.476
1573,39,13,21.59031334377493,-110.0114595649967,503.334
1574,39,14,28.330412318635215,-103.38574576816663,504.74
1575,39,15,34.7080365693375,-95.88677179538291,506.538
1576,39,16,40.55163564959318,-87.191592642309,508.551
1577,39,17,45.624509353715446,-76.95707326542181,510.598
1578,39,18,49.61581235748243,-64.93275062785698,512.509
1579,39,19,52.16843846542379,-51.194583263374206,514.145
1580,39,20,52.9767913536948,-36.39342672817317,515.407
1581,39,21,51.92886958028559,-21.677891736860126,516.245
1582,39,22,49.171884212377456,-8.152734066927952,516.664
1583,39,23,45.027970876890286,3.616952715076463,516.716
1584,39,24,39.85241552388063,13.617053596346464,516.498
1585,39,25,33.946306552341,22.121763532904453,516.134
1586,39,26,27.536126204959846,29.47536375939362,515.766
1587,39,27,20.78519113498134,35.994133869294224,515.532
1588,39,28,13.812151973572355,41.942381692918254,515.556
1589,39,29,6.706788569164954,47.53884403843535,515.926
1590,39,30,-0.4579318471725032,52.9715286929393,516.691
1591,39,31,-7.616602636896033,58.41362876321412,517.85
1592,39,32,-14.703479707427972,64.03909550704168,519.35
1593,39,33,-21.6445296778592,70.0381121267664,521.094
1594,39,34,-28.3479539519711,76.63294663835886,522.942
1595,39,35,-34.691954888936706,84.09218940074062,524.733
1596,39,36,-40.50848934460621,92.73472828588123,526.291
1597,39,37,-45.56539748154357,102.90026275215129,527.45
1598,39,38,-49.55704199476906,114.84020523270979,528.063
1599,39,39,-52.13043187778725,128.49028364746692,528.024
