0,0,0,26.653249122654827,-80.64757473814144,504.349
1,0,1,33.1366320224656,-73.39827833046755,506.066
2,0,2,39.134876830814115,-65.03861855999217,508.043
3,0,3,44.42931504142242,-55.22413191139868,510.1
4,0,4,48.72733793515259,-43.663616684518146,512.061
5,0,5,51.67741275089699,-30.323137084459358,513.779
6,0,6,52.94773231387098,-15.695614203243807,515.142
7,0,7,52.36560553619455,-0.8407621892435725,516.09
8,0,8,50.01513936730723,13.06444860381012,516.611
9,0,9,46.18790092249853,25.297600006379866,516.747
10,0,10,41.24213362373562,35.72631873684344,516.585
11,0,11,35.49670143732595,44.57721254261529,516.243
12,0,12,29.19650762614951,52.190394108510795,515.861
13,0,13,22.519166136930597,58.89342906184,515.579
14,0,14,15.592983780775194,64.96382798858053,515.525
15,0,15,8.51374030041439,70.63063103726502,515.799
16,0,16,1.3577086317531313,76.08808195769943,516.46
17,0,17,-5.808553379624339,81.51164830966142,517.52
18,0,18,-12.920136951931505,87.07362844515372,518.939
19,0,19,-19.905901609537867,92.95862188687425,520.63
20,0,20,-26.679591454736276,99.37930023500972,522.464
21,0,21,-33.12833334262403,106.59146773435543,524.284
22,0,22,-39.09752935643248,114.9021550484818,525.916
23,0,23,-44.37277473547306,124.65199054148654,527.189
24,0,24,-48.6665902326745,136.1315031399053,527.951
25,0,25,-51.63210810613229,149.3830400165922,528.084
26,0,26,-52.93844667169435,163.93503125087116,527.516
27,0,27,-52.40694184105146,178.7515147305697,526.232
28,0,28,-50.1107176194578,-167.33809104255997,524.274
29,0,29,-46.331440763000934,-155.07018336862498,521.741
30,0,30,-41.422177410257156,-144.5954052574934,518.784
31,0,31,-35.700456225551186,-135.69886529749837,515.587
32,0,32,-29.411774698220803,-128.04521486077053,512.361
33,0,33,-22.73493352035859,-121.30773867855154,509.315
34,0,34,-15.7995696824114,-115.20816118367672,506.648
35,0,35,-8.702763224373555,-109.51613424638738,504.527
36,0,36,-1.522138605832018,-104.03601392809769,503.072
37,0,37,5.674352115264636,-98.59087100854764,502.349
38,0,38,12.820239458904545,-93.00683619222536,502.365
39,0,39,19.842648935181675,-87.09743165441121,503.066
40,1,0,29.944508962914288,-68.14108172630873,505.163
41,1,1,36.20842422431421,-60.37853075345422,507.033
42,1,2,41.886579047399245,-51.33441431115729,509.073
43,1,3,46.72399905535825,-40.67354769608874,511.103
44,1,4,50.39353867751511,-28.200056450778227,512.959
45,1,5,52.53878839769481,-14.114368207551555,514.51
46,1,6,52.8891907624948,0.7821503616241361,515.67
47,1,7,51.39649048542895,15.290653994901042,516.402
48,1,8,48.26366712825169,28.410216248897644,516.723
49,1,9,43.83327858350126,39.72834513760735,516.697
50,1,10,38.45230870629806,49.32833994060035,516.428
51,1,11,32.40347268676726,57.517023000677376,516.048
52,1,12,25.896027030510535,64.63707173868713,515.699
53,1,13,19.080608144577937,70.99239200665474,515.517
54,1,14,12.06739551801823,76.83490850192698,515.617
55,1,15,4.941035685215387,82.37430120183403,516.079
56,1,16,-2.2281541294384914,87.79344159121385,516.941
57,1,17,-9.375385739684425,93.26427285223232,518.189
58,1,18,-16.433663954387875,98.96330073342092,519.757
59,1,19,-23.32552802505855,105.08718004136266,521.538
60,1,20,-29.95305694466056,111.8684445663506,523.386
61,1,21,-36.18466199619173,119.58847078143262,525.134
62,1,22,-41.83809494957591,128.57616644609064,526.607
63,1,23,-46.6631489000426,139.16388856533754,527.643
64,1,24,-50.33786239049575,151.5505185874257,528.102
65,1,25,-52.50912488612944,165.55069883865934,527.89
66,1,26,-52.90402593337207,-179.61205026409962,526.962
67,1,27,-51.465209018668446,-165.11937239257304,525.332
68,1,28,-48.38444877843961,-151.9774054105515,523.071
69,1,29,-43.99664987825879,-140.61690202823104,520.305
70,1,30,-38.6457908900116,-130.97007944828843,517.203
71,1,31,-32.614440154756025,-122.73806225302225,513.965
72,1,32,-26.112834310239663,-115.58058407836083,510.802
73,1,33,-19.292897254171102,-109.19359222321187,507.923
74,1,34,-12.266163414375711,-103.32405549958307,505.511
75,1,35,-5.11855528995178,-97.76089374136437,503.711
76,1,36,2.0782222990900143,-92.31982161455964,502.617
77,1,37,9.257928684075008,-86.82738646519641,502.267
78,1,38,16.351916835306575,-81.10538865782907,502.635
79,1,39,23.280844927508323,-74.95505602723188,503.643
80,2,0,26.653249122654827,-62.64757423724581,504.349
81,2,1,33.1366320224656,-55.39827782957191,506.066
82,2,2,39.134876830814115,-47.03861464400196,508.043
83,2,3,44.42931504142242,-37.22413141050305,510.1
84,2,4,48.72733793515259,-25.663617891169803,512.061
85,2,5,51.67741275089699,-12.323136583563725,513.779
86,2,6,52.94773231387098,2.304386297651827,515.142
87,2,7,52.36560553619455,17.159238365012914,516.09
88,2,8,50.01513936730723,31.06444825093211,516.611
89,2,9,46.18790092249853,43.2976005072755,516.747
90,2,10,41.24213362373562,53.72631923773908,516.585
91,2,11,35.49670143732595,62.57721645860551,516.243
92,2,12,29.19650762614951,70.19039802450102,515.861
93,2,13,22.519166136930597,76.89342956273563,515.579
94,2,14,15.592983780775194,82.96382848947617,515.525
95,2,15,8.51374030041439,88.63063153816066,515.799
96,2,16,1.3577086317531313,94.08808245859507,516.46
97,2,17,-5.808553379624339,99.51164881055705,517.52
98,2,18,-12.920136951931505,105.07362894604935,518.939
99,2,19,-19.905901609537867,110.95862238776988,520.63
100,2,20,-26.679591454736276,117.37930073590535,522.464
101,2,21,-33.12833334262403,124.59147506544024,524.284
102,2,22,-39.09752935643248,132.90216237956662,525.916
103,2,23,-44.37277473547306,142.65199787257134,527.189
104,2,24,-48.6665902326745,154.1314968106118,527.951
105,2,25,-51.63210810613229,167.38303368729865,528.084
106,2,26,-52.93844667169435,-178.0649714359567,527.516
107,2,27,-52.40694184105146,-163.24848795625817,526.232
108,2,28,-50.1107176194578,-149.3380973718535,524.274
109,2,29,-46.331440763000934,-137.07017603754016,521.741
110,2,30,-41.422177410257156,-126.59541158678695,518.784
111,2,31,-35.700456225551186,-117.69885796641357,515.587
112,2,32,-29.411774698220803,-110.0452143598749,512.361
113,2,33,-22.73493352035859,-103.3077381776559,509.315
114,2,34,-15.7995696824114,-97.20816068278108,506.648
115,2,35,-8.702763224373555,-91.51613374549174,504.527
116,2,36,-1.522138605832018,-86.03601342720205,503.072
117,2,37,5.674352115264636,-80.590870507652,502.349
118,2,38,12.820239458904545,-75.00683569132974,502.365
119,2,39,19.842648935181675,-69.09743115351557,503.066
120,3,0,29.944508962914288,-50.141081225413096,505.163
121,3,1,36.20842422431421,-42.37853366765317,507.033
122,3,2,41.886579047399245,-33.33441381026166,509.073
123,3,3,46.72399905535825,-22.673547195193102,511.103
124,3,4,50.39353867751511,-10.20005680365624,512.959
125,3,5,52.53878839769481,3.8856318664572544,514.51
126,3,6,52.8891907624948,18.78215107596318,515.67
127,3,7,51.39649048542895,33.29065278824938,516.402
128,3,8,48.26366712825169,46.41021674979328,516.723
129,3,9,43.83327858350126,57.7283422234084,516.697
130,3,10,38.45230870629806,67.3283370264014,516.428
131,3,11,32.40347268676726,75.51702350157301,516.048
132,3,12,25.896027030510535,82.63707223958276,515.699
133,3,13,19.080608144577937,88.99239250755038,515.517
134,3,14,12.06739551801823,94.8349090028226,515.617
135,3,15,4.941035685215387,100.37430170272967,516.079
136,3,16,-2.2281541294384914,105.79344209210949,516.941
137,3,17,-9.375385739684425,111.26427335312795,518.189
138,3,18,-16.433663954387875,116.96330123431656,519.757
139,3,19,-23.32552802505855,123.08718054225828,521.538
140,3,20,-29.95305694466056,129.8684518974354,523.386
141,3,21,-36.18466199619173,137.5884781125174,525.134
142,3,22,-41.83809494957591,146.57617377717546,526.607
143,3,23,-46.6631489000426,157.163882236044,527.643
144,3,24,-50.33786239049575,169.55051225813216,528.102
145,3,25,-52.50912488612944,-176.44929018779018,527.89
146,3,26,-52.90402593337207,-161.6120429330148,526.962
147,3,27,-51.465209018668446,-147.11936506148822,525.332
148,3,28,-48.38444877843961,-133.9773980794667,523.071
149,3,29,-43.99664987825879,-122.61689469714622,520.305
150,3,30,-38.6457908900116,-112.97008577758196,517.203
151,3,31,-32.614440154756025,-104.73806175212663,513.965
152,3,32,-26.112834310239663,-97.5805835774652,510.802
153,3,33,-19.292897254171102,-91.19359172231624,507.923
154,3,34,-12.266163414375711,-85.32405499868744,505.511
155,3,35,-5.11855528995178,-79.76089324046873,503.711
156,3,36,2.0782222990900143,-74.319821113664,502.617
157,3,37,9.257928684075008,-68.82738596430077,502.267
158,3,38,16.351916835306575,-63.10538815693343,502.635
159,3,39,23.280844927508323,-56.95505552633624,503.643
160,4,0,26.653249122654827,-44.64757373635018,504.349
161,4,1,33.1366320224656,-37.39827732867628,506.066
162,4,2,39.134876830814115,-29.038614143106326,508.043
163,4,3,44.42931504142242,-19.224129202060123,510.1
164,4,4,48.72733793515259,-7.663616536500523,512.061
165,4,5,51.67741275089699,5.676863917331908,513.779
166,4,6,52.94773231387098,20.304386798547462,515.142
167,4,7,52.36560553619455,35.15923886590855,516.09
168,4,8,50.01513936730723,49.06444875182774,516.611
169,4,9,46.18790092249853,61.297601008171135,516.747
170,4,10,41.24213362373562,71.72631632354012,516.585
171,4,11,35.49670143732595,80.57721695950114,516.243
172,4,12,29.19650762614951,88.19039852539665,515.861
173,4,13,22.519166136930597,94.89343006363127,515.579
174,4,14,15.592983780775194,100.96382899037181,515.525
175,4,15,8.51374030041439,106.63063203905628,515.799
176,4,16,1.3577086317531313,112.0880829594907,516.46
177,4,17,-5.808553379624339,117.51164248126352,517.52
178,4,18,-12.920136951931505,123.07362944694498,518.939
179,4,19,-19.905901609537867,128.9586297188547,520.63
180,4,20,-26.679591454736276,135.37930806699015,522.464
181,4,21,-33.12833334262403,142.5914687361467,524.284
182,4,22,-39.09752935643248,150.90215605027308,525.916
183,4,23,-44.37277473547306,160.6519915432778,527.189
184,4,24,-48.6665902326745,172.13150414169658,527.951
185,4,25,-51.63210810613229,-174.61695533915088,528.084
186,4,26,-52.93844667169435,-160.0649641048719,527.516
187,4,27,-52.40694184105146,-145.24848062517336,526.232
188,4,28,-50.1107176194578,-131.33809004076872,524.274
189,4,29,-46.331440763000934,-119.0701823668337,521.741
190,4,30,-41.422177410257156,-108.59541108589133,518.784
191,4,31,-35.700456225551186,-99.6988642957071,515.587
192,4,32,-29.411774698220803,-92.04521385897928,512.361
193,4,33,-22.73493352035859,-85.30773767676028,509.315
194,4,34,-15.7995696824114,-79.20816018188545,506.648
195,4,35,-8.702763224373555,-73.51613324459612,504.527
196,4,36,-1.522138605832018,-68.03601292630643,503.072
197,4,37,5.674352115264636,-62.59087000675637,502.349
198,4,38,12.820239458904545,-57.0068351904341,502.365
199,4,39,19.842648935181675,-51.09743065261994,503.066
200,5,0,29.944508962914288,-32.141080724517465,505.163
201,5,1,36.20842422431421,-24.378531459210244,507.033
202,5,2,41.886579047399245,-15.334413309366022,509.073
203,5,3,46.72399905535825,-4.673547121184293,511.103
204,5,4,50.39353867751511,7.799943697239392,512.959
205,5,5,52.53878839769481,21.885631940466066,514.51
206,5,6,52.8891907624948,36.782149869311525,515.67
207,5,7,51.39649048542895,51.29065328914502,516.402
208,5,8,48.26366712825169,64.4102206657835,516.723
209,5,9,43.83327858350126,75.72834272430403,516.697
210,5,10,38.45230870629806,85.32833752729704,516.428
211,5,11,32.40347268676726,93.51702400246864,516.048
212,5,12,25.896027030510535,100.63707274047839,515.699
213,5,13,19.080608144577937,106.99239300844602,515.517
214,5,14,12.06739551801823,112.83490950371824,515.617
215,5,15,4.941035685215387,118.37430903381447,516.079
216,5,16,-2.2281541294384914,123.79344942319429,516.941
217,5,17,-9.375385739684425,129.2642670238344,518.189
218,5,18,-16.433663954387875,134.96330856540135,519.757
219,5,19,-23.32552802505855,141.08717421296475,521.538
220,5,20,-29.95305694466056,147.86844556814188,523.386
221,5,21,-36.18466199619173,155.5884717832239,525.134
222,5,22,-41.83809494957591,164.57616744788191,526.607
223,5,23,-46.6631489000426,175.16388956712882,527.643
224,5,24,-50.33786239049575,-172.44947676831737,528.102
225,5,25,-52.50912488612944,-158.44929651708372,527.89
226,5,26,-52.90402593337207,-143.61204926230835,526.962
227,5,27,-51.465209018668446,-129.11937139078177,525.332
228,5,28,-48.38444877843961,-115.97740440876024,523.071
229,5,29,-43.99664987825879,-104.6168941962506,520.305
230,5,30,-38.6457908900116,-94.97008527668632,517.203
231,5,31,-32.614440154756025,-86.73806125123099,513.965
232,5,32,-26.112834310239663,-79.58058307656957,510.802
233,5,33,-19.292897254171102,-73.1935912214206,507.923
234,5,34,-12.266163414375711,-67.3240544977918,505.511
235,5,35,-5.11855528995178,-61.7608927395731,503.711
236,5,36,2.0782222990900143,-56.31982402786296,502.617
237,5,37,9.257928684075008,-50.82738546340515,502.267
238,5,38,16.351916835306575,-45.1053876560378,502.635
239,5,39,23.280844927508323,-38.9550550254406,503.643
240,6,0,26.653249122654827,-26.647571527907253,504.349
241,6,1,33.1366320224656,-19.398278535327936,506.066
242,6,2,39.134876830814115,-11.038615349757984,508.043
243,6,3,44.42931504142242,-1.2241293414947225,510.1
244,6,4,48.72733793515259,10.336383964395111,512.061
245,6,5,51.67741275089699,23.67686441822754,513.779
246,6,6,52.94773231387098,38.30438729944309,515.142
247,6,7,52.36560553619455,53.15923936680418,516.09
248,6,8,50.01513936730723,67.06445266781796,516.611
249,6,9,46.18790092249853,79.29760150906677,516.747
250,6,10,41.24213362373562,89.72631682443576,516.585
251,6,11,35.49670143732595,98.57721746039678,516.243
252,6,12,29.19650762614951,106.19039902629228,515.861
253,6,13,22.519166136930597,112.89343056452691,515.579
254,6,14,15.592983780775194,118.96383632145661,515.525
255,6,15,8.51374030041439,124.63062570976275,515.799
256,6,16,1.3577086317531313,130.08808346038634,516.46
257,6,17,-5.808553379624339,135.5116498123483,517.52
258,6,18,-12.920136951931505,141.0736367780298,518.939
259,6,19,-19.905901609537867,146.95862338956115,520.63
260,6,20,-26.679591454736276,153.3793017376966,522.464
261,6,21,-33.12833334262403,160.5914760672315,524.284
262,6,22,-39.09752935643248,168.90216338135787,525.916
263,6,23,-44.37277473547306,178.65199887436262,527.189
264,6,24,-48.6665902326745,-169.86849854513127,527.951
265,6,25,-51.63210810613229,-156.6169616684444,528.084
266,6,26,-52.93844667169435,-142.06497043416545,527.516
267,6,27,-52.40694184105146,-127.2484869544669,526.232
268,6,28,-50.1107176194578,-113.33809637006225,524.274
269,6,29,-46.331440763000934,-101.07018186593807,521.741
270,6,30,-41.422177410257156,-90.59541058499569,518.784
271,6,31,-35.700456225551186,-81.69886379481147,515.587
272,6,32,-29.411774698220803,-74.04521335808364,512.361
273,6,33,-22.73493352035859,-67.30773717586464,509.315
274,6,34,-15.7995696824114,-61.208159680989816,506.648
275,6,35,-8.702763224373555,-55.51613274370048,504.527
276,6,36,-1.522138605832018,-50.03600901031621,503.072
277,6,37,5.674352115264636,-44.59086950586074,502.349
278,6,38,12.820239458904545,-39.00683468953847,502.365
279,6,39,19.842648935181675,-33.09743015172431,503.066
280,7,0,29.944508962914288,-14.141085346263706,505.163
281,7,1,36.20842422431421,-6.378534800296018,507.033
282,7,2,41.886579047399245,2.665584416765261,509.073
283,7,3,46.72399905535825,13.326449537729932,511.103
284,7,4,50.39353867751511,25.799941636814086,512.959
285,7,5,52.53878839769481,39.88563073381441,514.51
286,7,6,52.8891907624948,54.78214695511257,515.67
287,7,7,51.39649048542895,69.29065037494607,516.402
288,7,8,48.26366712825169,82.41021433648996,516.723
289,7,9,43.83327858350126,93.72834322519967,516.697
290,7,10,38.45230870629806,103.32833802819268,516.428
291,7,11,32.40347268676726,111.51702450336428,516.048
292,7,12,25.896027030510535,118.63706641118486,515.699
293,7,13,19.080608144577937,124.99239350934164,515.517
294,7,14,12.06739551801823,130.83491000461387,515.617
295,7,15,4.941035685215387,136.37430270452094,516.079
296,7,16,-2.2281541294384914,141.79344309390075,516.941
297,7,17,-9.375385739684425,147.26427435491922,518.189
298,7,18,-16.433663954387875,152.9633022361078,519.757
299,7,19,-23.32552802505855,159.08718154404954,521.538
300,7,20,-29.95305694466056,165.86843923884834,523.386
301,7,21,-36.18466199619173,173.58847911430868,525.134
302,7,22,-41.83809494957591,-177.42383523894594,526.607
303,7,23,-46.6631489000426,-166.83611311969906,527.643
304,7,24,-50.33786239049575,-154.4494830976109,528.102
305,7,25,-52.50912488612944,-140.44930284637726,527.89
306,7,26,-52.90402593337207,-125.61205559160187,526.962
307,7,27,-51.465209018668446,-111.11937088988613,525.332
308,7,28,-48.38444877843961,-97.9774039078646,523.071
309,7,29,-43.99664987825879,-86.61690052554412,520.305
310,7,30,-38.6457908900116,-76.9700847757907,517.203
311,7,31,-32.614440154756025,-68.73806075033535,513.965
312,7,32,-26.112834310239663,-61.5805894058631,510.802
313,7,33,-19.292897254171102,-55.19359755071414,507.923
314,7,34,-12.266163414375711,-49.32406082708534,505.511
315,7,35,-5.11855528995178,-43.760899068866635,503.711
316,7,36,2.0782222990900143,-38.31982694206191,502.617
317,7,37,9.257928684075008,-32.8273883776041,502.267
318,7,38,16.351916835306575,-27.105388862689455,502.635
319,7,39,23.280844927508323,-20.955057939639556,503.643
320,8,0,26.653249122654827,-8.647571880785268,504.349
321,8,1,33.1366320224656,-1.398277500823774,506.066
322,8,2,39.134876830814115,6.961385151137648,508.043
323,8,3,44.42931504142242,16.775871799731146,510.1
324,8,4,48.72733793515259,28.336383611517096,512.061
325,8,5,51.67741275089699,41.676864919123176,513.779
326,8,6,52.94773231387098,56.30438780033873,515.142
327,8,7,52.36560553619455,71.15923986769981,516.09
328,8,8,50.01513936730723,85.0644531687136,516.611
329,8,9,46.18790092249853,97.2976020099624,516.747
330,8,10,41.24213362373562,107.7263173253314,516.585
331,8,11,35.49670143732595,116.57721796129242,516.243
332,8,12,29.19650762614951,124.19039269699874,515.861
333,8,13,22.519166136930597,130.89343106542253,515.579
334,8,14,15.592983780775194,136.96382999216308,515.525
335,8,15,8.51374030041439,142.63063304084756,515.799
336,8,16,1.3577086317531313,148.08809079147113,516.46
337,8,17,-5.808553379624339,153.5116434830548,517.52
338,8,18,-12.920136951931505,159.07363044873625,518.939
339,8,19,-19.905901609537867,164.95863072064594,520.63
340,8,20,-26.679591454736276,171.37930906878142,522.464
341,8,21,-33.12833334262403,178.59146973793796,524.284
342,8,22,-39.09752935643248,-173.09783930547,525.916
343,8,23,-44.37277473547306,-163.34800381246524,527.189
344,8,24,-48.6665902326745,-151.8684912140465,527.951
345,8,25,-51.63210810613229,-138.6169543373596,528.084
346,8,26,-52.93844667169435,-124.06496310308063,527.516
347,8,27,-52.40694184105146,-109.24848645357126,526.232
348,8,28,-50.1107176194578,-95.33809586916661,524.274
349,8,29,-46.331440763000934,-83.07018136504244,521.741
350,8,30,-41.422177410257156,-72.59541008410005,518.784
351,8,31,-35.700456225551186,-63.698863293915835,515.587
352,8,32,-29.411774698220803,-56.045212857188005,512.361
353,8,33,-22.73493352035859,-49.3077400900636,509.315
354,8,34,-15.7995696824114,-43.208159180094185,506.648
355,8,35,-8.702763224373555,-37.516132242804844,504.527
356,8,36,-1.522138605832018,-32.03600850942057,503.072
357,8,37,5.674352115264636,-26.59086729741781,502.349
358,8,38,12.820239458904545,-21.006834188642838,502.365
359,8,39,19.842648935181675,-15.097429650828674,503.066
360,9,0,29.944508962914288,3.8589151546319265,505.163
361,9,1,36.20842422431421,11.621465273712792,507.033
362,9,2,41.886579047399245,20.66558427733066,509.073
363,9,3,46.72399905535825,31.32645089239921,511.103
364,9,4,50.39353867751511,43.79994043016243,512.959
365,9,5,52.53878839769481,57.88562781961545,514.51
366,9,6,52.8891907624948,72.7821474560082,515.67
367,9,7,51.39649048542895,87.29065087584169,516.402
368,9,8,48.26366712825169,100.4102148373856,516.723
369,9,9,43.83327858350126,111.7283437260953,516.697
370,9,10,38.45230870629806,121.3283385290883,516.428
371,9,11,32.40347268676726,129.51702500425992,516.048
372,9,12,25.896027030510535,136.63707374226965,515.699
373,9,13,19.080608144577937,142.9923871800481,515.517
374,9,14,12.06739551801823,148.83490367532033,515.617
375,9,15,4.941035685215387,154.3742963752274,516.079
376,9,16,-2.2281541294384914,159.7934367646072,516.941
377,9,17,-9.375385739684425,165.26426802562568,518.189
378,9,18,-16.433663954387875,170.9632959068143,519.757
379,9,19,-23.32552802505855,177.08717521475603,521.538
380,9,20,-29.95305694466056,-176.1315497876012,523.386
381,9,21,-36.18466199619173,-168.41152357251917,525.134
382,9,22,-41.83809494957591,-159.42382790786115,526.607
383,9,23,-46.6631489000426,-148.8361194489926,527.643
384,9,24,-50.33786239049575,-136.44948942690442,528.102
385,9,25,-52.50912488612944,-122.44929551529245,527.89
386,9,26,-52.90402593337207,-107.61204826051707,526.962
387,9,27,-51.465209018668446,-93.1193703889905,525.332
388,9,28,-48.38444877843961,-79.97740340696896,523.071
389,9,29,-43.99664987825879,-68.6169000246485,520.305
390,9,30,-38.6457908900116,-58.97008427489506,517.203
391,9,31,-32.614440154756025,-50.73806366453431,513.965
392,9,32,-26.112834310239663,-43.58058548987288,510.802
393,9,33,-19.292897254171102,-37.19359704981851,507.923
394,9,34,-12.266163414375711,-31.324060326189706,505.511
395,9,35,-5.11855528995178,-25.76089686042371,503.711
396,9,36,2.0782222990900143,-20.319824733618983,502.617
397,9,37,9.257928684075008,-14.827389584255759,502.267
398,9,38,16.351916835306575,-9.105388361793821,502.635
399,9,39,23.280844927508323,-2.955056798413687,503.643
400,10,0,26.653249122654827,9.352428620110366,504.349
401,10,1,33.1366320224656,16.60172246646333,506.066
402,10,2,39.134876830814115,24.961385652033282,508.043
403,10,3,44.42931504142242,34.77587059307949,510.1
404,10,4,48.72733793515259,46.33638581996002,512.061
405,10,5,51.67741275089699,59.67686542001881,513.779
406,10,6,52.94773231387098,74.30438488613977,515.142
407,10,7,52.36560553619455,89.15924036859545,516.09
408,10,8,50.01513936730723,103.06445366960922,516.611
409,10,9,46.18790092249853,115.29759568066886,516.747
410,10,10,41.24213362373562,125.7263246564162,516.585
411,10,11,35.49670143732595,134.57721163199886,516.243
412,10,12,29.19650762614951,142.19040002808356,515.861
413,10,13,22.519166136930597,148.893424736129,515.579
414,10,14,15.592983780775194,154.96383732324787,515.525
415,10,15,8.51374030041439,160.63062671155402,515.799
416,10,16,1.3577086317531313,166.0880844621776,516.46
417,10,17,-5.808553379624339,171.51165081413959,517.52
418,10,18,-12.920136951931505,177.07363777982104,518.939
419,10,19,-19.905901609537867,-177.0413719661819,520.63
420,10,20,-26.679591454736276,-170.62069361804643,522.464
421,10,21,-33.12833334262403,-163.4085329488899,524.284
422,10,22,-39.09752935643248,-155.09783197438517,525.916
423,10,23,-44.37277473547306,-145.34801014175878,527.189
424,10,24,-48.6665902326745,-133.86849754334003,527.951
425,10,25,-51.63210810613229,-120.61696066665313,528.084
426,10,26,-52.93844667169435,-106.06496260218499,527.516
427,10,27,-52.40694184105146,-91.24848595267562,526.232
428,10,28,-50.1107176194578,-77.33809536827098,524.274
429,10,29,-46.331440763000934,-65.0701808641468,521.741
430,10,30,-41.422177410257156,-54.59540616810984,518.784
431,10,31,-35.700456225551186,-45.698862793020204,515.587
432,10,32,-29.411774698220803,-38.045212356292375,512.361
433,10,33,-22.73493352035859,-31.307739589167962,509.315
434,10,34,-15.7995696824114,-25.20815867919855,506.648
435,10,35,-8.702763224373555,-19.516133449456508,504.527
436,10,36,-1.522138605832018,-14.036008862298585,503.072
437,10,37,5.674352115264636,-8.590867650295822,502.349
438,10,38,12.820239458904545,-3.006832833973557,502.365
439,10,39,19.842648935181675,2.9025712769537817,503.066
440,11,0,29.944508962914288,21.85891565552756,505.163
441,11,1,36.20842422431421,29.62146492083478,507.033
442,11,2,41.886579047399245,38.66558477822629,509.073
443,11,3,46.72399905535825,49.326451393294846,511.103
444,11,4,50.39353867751511,61.79994093105806,512.959
445,11,5,52.53878839769481,75.88562832051109,514.51
446,11,6,52.8891907624948,90.78214795690384,515.67
447,11,7,51.39649048542895,105.29065137673733,516.402
448,11,8,48.26366712825169,118.4102221684704,516.723
449,11,9,43.83327858350126,129.72833739680178,516.697
450,11,10,38.45230870629806,139.32833219979477,516.428
451,11,11,32.40347268676726,147.51701867496638,516.048
452,11,12,25.896027030510535,154.63706741297614,515.699
453,11,13,19.080608144577937,160.99239451113291,515.517
454,11,14,12.06739551801823,166.83491100640515,515.617
455,11,15,4.941035685215387,172.3743037063122,516.079
456,11,16,-2.2281541294384914,177.79344409569202,516.941
457,11,17,-9.375385739684425,-176.73573466120217,518.189
458,11,18,-16.433663954387875,-171.03669311963523,519.757
459,11,19,-23.32552802505855,-164.91282747207185,521.538
460,11,20,-29.95305694466056,-158.13155611689473,523.386
461,11,21,-36.18466199619173,-150.4115299018127,525.134
462,11,22,-41.83809494957591,-141.42383423715467,526.607
463,11,23,-46.6631489000426,-130.8361121179078,527.643
464,11,24,-50.33786239049575,-118.44948209581963,528.102
465,11,25,-52.50912488612944,-104.44929501439682,527.89
466,11,26,-52.90402593337207,-89.61204775962145,526.962
467,11,27,-51.465209018668446,-75.11936988809487,525.332
468,11,28,-48.38444877843961,-61.97740290607333,523.071
469,11,29,-43.99664987825879,-50.61689952375286,520.305
470,11,30,-38.6457908900116,-40.97008377399943,517.203
471,11,31,-32.614440154756025,-32.73806316363867,513.965
472,11,32,-26.112834310239663,-25.58058669652454,510.802
473,11,33,-19.292897254171102,-19.193596548922873,507.923
474,11,34,-12.266163414375711,-13.324058971520428,505.511
475,11,35,-5.11855528995178,-7.760897213301722,503.711
476,11,36,2.0782222990900143,-2.3198246596101715,502.617
477,11,37,9.257928684075008,3.1726109166398753,502.267
478,11,38,16.351916835306575,8.894612139101813,502.635
479,11,39,23.280844927508323,15.044943062151711,503.643
480,12,0,26.653249122654827,27.352429974779646,504.349
481,12,1,33.1366320224656,34.60172467490626,506.066
482,12,2,39.134876830814115,42.96138786047621,508.043
483,12,3,44.42931504142242,52.77587109397512,510.1
484,12,4,48.72733793515259,64.33638632085565,512.061
485,12,5,51.67741275089699,77.67686592091444,513.779
486,12,6,52.94773231387098,92.30438538703541,515.142
487,12,7,52.36560553619455,107.15924086949109,516.09
488,12,8,50.01513936730723,121.0644473403157,516.611
489,12,9,46.18790092249853,133.29760301175367,516.747
490,12,10,41.24213362373562,143.72631832712267,516.585
491,12,11,35.49670143732595,152.57721896308368,516.243
492,12,12,29.19650762614951,160.19039369879002,515.861
493,12,13,22.519166136930597,166.8934320672138,515.579
494,12,14,15.592983780775194,172.96383099395433,515.525
495,12,15,8.51374030041439,178.6306340426388,515.799
496,12,16,1.3577086317531313,-175.91191822465026,516.46
497,12,17,-5.808553379624339,-170.48835187268827,517.52
498,12,18,-12.920136951931505,-164.9263649070068,518.939
499,12,19,-19.905901609537867,-159.04137829547545,520.63
500,12,20,-26.679591454736276,-152.62069994733997,522.464
501,12,21,-33.12833334262403,-145.40852561780508,524.284
502,12,22,-39.09752935643248,-137.0978383036787,525.916
503,12,23,-44.37277473547306,-127.34800281067398,527.189
504,12,24,-48.6665902326745,-115.86849021225521,527.951
505,12,25,-51.63210810613229,-102.6169601657575,528.084
506,12,26,-52.93844667169435,-88.06496210128937,527.516
507,12,27,-52.40694184105146,-73.24848545178,526.232
508,12,28,-50.1107176194578,-59.33809486737535,524.274
509,12,29,-46.331440763000934,-47.070176948156586,521.741
510,12,30,-41.422177410257156,-36.5954056672142,518.784
511,12,31,-35.700456225551186,-27.69886229212457,515.587
512,12,32,-29.411774698220803,-20.04521185539674,512.361
513,12,33,-22.73493352035859,-13.307738234498682,509.315
514,12,34,-15.7995696824114,-7.2081581783029165,506.648
515,12,35,-8.702763224373555,-1.5161325216740498,504.527
516,12,36,-1.522138605832018,3.9639920654838723,503.072
517,12,37,5.674352115264636,9.409132850599812,502.349
518,12,38,12.820239458904545,14.99316681314843,502.365
519,12,39,19.842648935181675,20.902571350962592,503.066
520,13,0,29.944508962914288,39.858924694159654,505.163
521,13,1,36.20842422431421,47.621472251919585,507.033
522,13,2,41.886579047399245,56.6655921093111,509.073
523,13,3,46.72399905535825,67.32645872437965,511.103
524,13,4,50.39353867751511,79.79994826214286,512.959
525,13,5,52.53878839769481,93.88563565159589,514.51
526,13,6,52.8891907624948,108.78215528798864,515.67
527,13,7,51.39649048542895,123.29066553801131,516.402
528,13,8,48.26366712825169,136.4102294995552,516.723
529,13,9,43.83327858350126,147.72834472788657,516.697
530,13,10,38.45230870629806,157.32833953087956,516.428
531,13,11,32.40347268676726,165.51702600605117,516.048
532,13,12,25.896027030510535,172.63707474406093,515.699
533,13,13,19.080608144577937,178.9924018422177,515.517
534,13,14,12.06739551801823,-175.16507802004438,515.617
535,13,15,4.941035685215387,-169.62568532013734,516.079
536,13,16,-2.2281541294384914,-164.2065449307575,516.941
537,13,17,-9.375385739684425,-158.73572733011738,518.189
538,13,18,-16.433663954387875,-153.03668578855044,519.757
539,13,19,-23.32552802505855,-146.91282014098704,521.538
540,13,20,-29.95305694466056,-140.1315487858099,523.386
541,13,21,-36.18466199619173,-132.41152257072793,525.134
542,13,22,-41.83809494957591,-123.42382690606988,526.607
543,13,23,-46.6631489000426,-112.83610478682299,527.643
544,13,24,-50.33786239049575,-100.44947476473483,528.102
545,13,25,-52.50912488612944,-86.44928768331202,527.89
546,13,26,-52.90402593337207,-71.61204042853664,526.962
547,13,27,-51.465209018668446,-57.11935914191548,525.332
548,13,28,-48.38444877843961,-43.97739899008312,523.071
549,13,29,-43.99664987825879,-32.61689219266806,520.305
550,13,30,-38.6457908900116,-22.97007644291462,517.203
551,13,31,-32.614440154756025,-14.738055832553869,513.965
552,13,32,-26.112834310239663,-7.580578511666093,510.802
553,13,33,-19.292897254171102,-1.1935890043946566,507.923
554,13,34,-12.266163414375711,4.675948786451198,505.511
555,13,35,-5.11855528995178,10.239110117783081,503.711
556,13,36,2.0782222990900143,15.680183098361455,502.617
557,13,37,9.257928684075008,21.172618247724678,502.267
558,13,38,16.351916835306575,26.894619470186615,502.635
559,13,39,23.280844927508323,33.04495039323651,503.643
560,14,0,26.653249122654827,45.352421937938814,504.349
561,14,1,33.1366320224656,52.60171834561272,506.066
562,14,2,39.134876830814115,60.961378116088085,508.043
563,14,3,44.42931504142242,70.77586817977617,510.1
564,14,4,48.72733793515259,82.33637999156213,512.061
565,14,5,51.67741275089699,95.67685959162091,513.779
566,14,6,52.94773231387098,110.30437905774187,515.142
567,14,7,52.36560553619455,125.15922771000838,516.09
568,14,8,50.01513936730723,139.06444101102215,516.611
569,14,9,46.18790092249853,151.29759668246012,516.747
570,14,10,41.24213362373562,161.72631199782913,516.585
571,14,11,35.49670143732595,170.57721263379014,516.243
572,14,12,29.19650762614951,178.19038736949648,515.861
573,14,13,22.519166136930597,-175.10657061961405,515.579
574,14,14,15.592983780775194,-169.03617169287352,515.525
575,14,15,8.51374030041439,-163.36936864418905,515.799
576,14,16,1.3577086317531313,-157.9119245539438,516.46
577,14,17,-5.808553379624339,-152.4883582019818,517.52
578,14,18,-12.920136951931505,-146.92637123630035,518.939
579,14,19,-19.905901609537867,-141.041384624769,520.63
580,14,20,-26.679591454736276,-134.6207062766335,522.464
581,14,21,-33.12833334262403,-127.40853194709864,524.284
582,14,22,-39.09752935643248,-119.09784463297225,525.916
583,14,23,-44.37277473547306,-109.34800913996752,527.189
584,14,24,-48.6665902326745,-97.86850337173792,527.951
585,14,25,-51.63210810613229,-84.61696649505103,528.084
586,14,26,-52.93844667169435,-70.0649684305829,527.516
587,14,27,-52.40694184105146,-55.24849178107353,526.232
588,14,28,-50.1107176194578,-41.33810119666888,524.274
589,14,29,-46.331440763000934,-29.070183277450123,521.741
590,14,30,-41.422177410257156,-18.595413704055034,518.784
591,14,31,-35.700456225551186,-9.69886776764446,515.587
592,14,32,-29.411774698220803,-2.045218184690278,512.361
593,14,33,-22.73493352035859,4.692255436207781,509.315
594,14,34,-15.7995696824114,10.791835492403546,506.648
595,14,35,-8.702763224373555,16.48386072214559,504.527
596,14,36,-1.522138605832018,21.96398616307716,503.072
597,14,37,5.674352115264636,27.409127375079922,502.349
598,14,38,12.820239458904545,32.99316048385489,502.365
599,14,39,19.842648935181675,38.902565021669055,503.066
600,15,0,29.944508962914288,57.85891494977153,505.163
601,15,1,36.20842422431421,65.62146592262604,507.033
602,15,2,41.886579047399245,74.66558578001757,509.073
603,15,3,46.72399905535825,85.32645239508611,511.103
604,15,4,50.39353867751511,97.79994193284932,512.959
605,15,5,52.53878839769481,111.88562932230235,514.51
606,15,6,52.8891907624948,126.7821489586951,515.67
607,15,7,51.39649048542895,141.29065920871776,516.402
608,15,8,48.26366712825169,154.41022317026167,516.723
609,15,9,43.83327858350126,165.72833839859302,516.697
610,15,10,38.45230870629806,175.32833320158602,516.428
611,15,11,32.40347268676726,-176.4829766807767,516.048
612,15,12,25.896027030510535,-169.36292794276693,515.699
613,15,13,19.080608144577937,-163.00761450498848,515.517
614,15,14,12.06739551801823,-157.16508434933792,515.617
615,15,15,4.941035685215387,-151.62569164943088,516.079
616,15,16,-2.2281541294384914,-146.20655126005104,516.941
617,15,17,-9.375385739684425,-140.73573365941093,518.189
618,15,18,-16.433663954387875,-135.03669211784398,519.757
619,15,19,-23.32552802505855,-128.91282647028058,521.538
620,15,20,-29.95305694466056,-122.13155511510347,523.386
621,15,21,-36.18466199619173,-114.41152206983227,525.134
622,15,22,-41.83809494957591,-105.42383323536342,526.607
623,15,23,-46.6631489000426,-94.83611111611653,527.643
624,15,24,-50.33786239049575,-82.44948109402836,528.102
625,15,25,-52.50912488612944,-68.44929401260555,527.89
626,15,26,-52.90402593337207,-53.61205017292476,526.962
627,15,27,-51.465209018668446,-39.119365471209015,525.332
628,15,28,-48.38444877843961,-25.97740531937665,523.071
629,15,29,-43.99664987825879,-14.616896814414305,520.305
630,15,30,-38.6457908900116,-4.970083199094981,517.203
631,15,31,-32.614440154756025,3.261938691926241,513.965
632,15,32,-26.112834310239663,10.419415159040371,510.802
633,15,33,-19.292897254171102,16.806404452868396,507.923
634,15,34,-12.266163414375711,22.675942884044485,505.511
635,15,35,-5.11855528995178,28.23910464226319,503.711
636,15,36,2.0782222990900143,33.68017506152063,502.617
637,15,37,9.257928684075008,39.172613625978435,502.267
638,15,38,16.351916835306575,44.89461143334579,502.635
639,15,39,23.280844927508323,51.04494406394298,503.643
640,16,0,26.653249122654827,63.35242926902362,504.349
641,16,1,33.1366320224656,70.60172567669753,506.066
642,16,2,39.134876830814115,78.96138544717289,508.043
643,16,3,44.42931504142242,88.77587551086097,510.1
644,16,4,48.72733793515259,100.33638732264693,512.061
645,16,5,51.67741275089699,113.67686692270571,513.779
646,16,6,52.94773231387098,128.30439321901585,515.142
647,16,7,52.36560553619455,143.15923504109318,516.09
648,16,8,50.01513936730723,157.06444834210694,516.611
649,16,9,46.18790092249853,169.29760401354494,516.747
650,16,10,41.24213362373562,179.72631932891392,516.585
651,16,11,35.49670143732595,-171.4227763926594,516.243
652,16,12,29.19650762614951,-163.80960165695305,515.861
653,16,13,22.519166136930597,-157.10656328852926,515.579
654,16,14,15.592983780775194,-151.03616436178874,515.525
655,16,15,8.51374030041439,-145.36936131310424,515.799
656,16,16,1.3577086317531313,-139.911917222859,516.46
657,16,17,-5.808553379624339,-134.48835087089702,517.52
658,16,18,-12.920136951931505,-128.92636390521554,518.939
659,16,19,-19.905901609537867,-123.04137729368418,520.63
660,16,20,-26.679591454736276,-116.62069894554871,522.464
661,16,21,-33.12833334262403,-109.40852461601384,524.284
662,16,22,-39.09752935643248,-101.09783730188745,525.916
663,16,23,-44.37277473547306,-91.34800180888271,527.189
664,16,24,-48.6665902326745,-79.86849604065311,527.951
665,16,25,-51.63210810613229,-66.61695916396623,528.084
666,16,26,-52.93844667169435,-52.06496451459268,527.516
667,16,27,-52.40694184105146,-37.24848444998873,526.232
668,16,28,-50.1107176194578,-23.338093865584078,524.274
669,16,29,-46.331440763000934,-11.070175946365321,521.741
670,16,30,-41.422177410257156,-0.5954062662485232,518.784
671,16,31,-35.700456225551186,8.301139563440342,515.587
672,16,32,-29.411774698220803,15.954789146394525,512.361
673,16,33,-22.73493352035859,22.692263621066232,509.315
674,16,34,-15.7995696824114,28.79184282348835,506.648
675,16,35,-8.702763224373555,34.48386976077769,504.527
676,16,36,-1.522138605832018,39.96399349416196,503.072
677,16,37,5.674352115264636,45.40913299861743,502.349
678,16,38,12.820239458904545,50.993167814939696,502.365
679,16,39,19.842648935181675,56.90257235275386,503.066
680,17,0,29.944508962914288,75.858908620478,505.163
681,17,1,36.20842422431421,83.6214595933325,507.033
682,17,2,41.886579047399245,92.66557945072402,509.073
683,17,3,46.72399905535825,103.32644606579258,511.103
684,17,4,50.39353867751511,115.79994243374496,512.959
685,17,5,52.53878839769481,129.8856229930088,514.51
686,17,6,52.8891907624948,144.78214262940156,515.67
687,17,7,51.39649048542895,159.29065287942424,516.402
688,17,8,48.26366712825169,172.41021684096813,516.723
689,17,9,43.83327858350126,-176.27166428823483,516.697
690,17,10,38.45230870629806,-166.67166948524184,516.428
691,17,11,32.40347268676726,-158.48298301007023,516.048
692,17,12,25.896027030510535,-151.36293427206047,515.699
693,17,13,19.080608144577937,-145.00762083428202,515.517
694,17,14,12.06739551801823,-139.16509067863146,515.617
695,17,15,4.941035685215387,-133.6256979787244,516.079
696,17,16,-2.2281541294384914,-128.20655758934458,516.941
697,17,17,-9.375385739684425,-122.73573998870445,518.189
698,17,18,-16.433663954387875,-117.03669844713751,519.757
699,17,19,-23.32552802505855,-110.91282596938495,521.538
700,17,20,-29.95305694466056,-104.131561444397,523.386
701,17,21,-36.18466199619173,-96.41152839912581,525.134
702,17,22,-41.83809494957591,-87.42383956465694,526.607
703,17,23,-46.6631489000426,-76.83611744541007,527.643
704,17,24,-50.33786239049575,-64.4494874233219,528.102
705,17,25,-52.50912488612944,-50.44930375699368,527.89
706,17,26,-52.90402593337207,-35.612056502218294,526.962
707,17,27,-51.465209018668446,-21.119373508049843,525.332
708,17,28,-48.38444877843961,-7.977410794896541,523.071
709,17,29,-43.99664987825879,3.383096002518512,520.305
710,17,30,-38.6457908900116,13.029910044724659,517.203
711,17,31,-32.614440154756025,21.261931508859057,513.965
712,17,32,-26.112834310239663,28.419407975973186,510.802
713,17,33,-19.292897254171102,34.80639812357486,507.923
714,17,34,-12.266163414375711,40.675934847203656,505.511
715,17,35,-5.11855528995178,46.23909660542236,503.711
716,17,36,2.0782222990900143,51.68016873222709,502.617
717,17,37,9.257928684075008,57.172607296684895,502.267
718,17,38,16.351916835306575,62.894608519146836,502.635
719,17,39,23.280844927508323,69.04494114974403,503.643
720,18,0,26.653249122654827,81.35242293973009,504.349
721,18,1,33.1366320224656,88.60171934740399,506.066
722,18,2,39.134876830814115,96.96137911787935,508.043
723,18,3,44.42931504142242,106.77586918156743,510.1
724,18,4,48.72733793515259,118.33637416316422,512.061
725,18,5,51.67741275089699,131.676853763223,513.779
726,18,6,52.94773231387098,146.3043868897223,515.142
727,18,7,52.36560553619455,161.15922871179964,516.09
728,18,8,50.01513936730723,175.06444201281343,516.611
729,18,9,46.18790092249853,-172.70239867328294,516.747
730,18,10,41.24213362373562,-162.27368335791394,516.585
731,18,11,35.49670143732595,-153.42278272195293,516.243
732,18,12,29.19650762614951,-145.8096079862466,515.861
733,18,13,22.519166136930597,-139.1065696178228,515.579
734,18,14,15.592983780775194,-133.03617069108225,515.525
735,18,15,8.51374030041439,-127.36936764239778,515.799
736,18,16,1.3577086317531313,-121.91192355215253,516.46
737,18,17,-5.808553379624339,-116.48835720019055,517.52
738,18,18,-12.920136951931505,-110.92637023450908,518.939
739,18,19,-19.905901609537867,-105.04137679278854,520.63
740,18,20,-26.679591454736276,-98.62069844465309,522.464
741,18,21,-33.12833334262403,-91.40853094530736,524.284
742,18,22,-39.09752935643248,-83.097843631181,525.916
743,18,23,-44.37277473547306,-73.34800813817625,527.189
744,18,24,-48.6665902326745,-61.86850236994665,527.951
745,18,25,-51.63210810613229,-48.61696549325977,528.084
746,18,26,-52.93844667169435,-34.06497084388622,527.516
747,18,27,-52.40694184105146,-19.248489071734973,526.232
748,18,28,-50.1107176194578,-5.338099767990792,524.274
749,18,29,-46.331440763000934,6.929817297454319,521.741
750,18,30,-41.422177410257156,17.404587297736235,518.784
751,18,31,-35.700456225551186,26.30113238037316,515.587
752,18,32,-29.411774698220803,33.95478281710099,512.361
753,18,33,-22.73493352035859,40.6922555842254,509.315
754,18,34,-15.7995696824114,46.79183649419481,506.648
755,18,35,-8.702763224373555,52.48386343148415,504.527
756,18,36,-1.522138605832018,57.96398374977384,503.072
757,18,37,5.674352115264636,63.409126669323896,502.349
758,18,38,12.820239458904545,68.99316148564616,502.365
759,18,39,19.842648935181675,74.90256602346032,503.066
760,19,0,29.944508962914288,93.8589159515628,505.163
761,19,1,36.20842422431421,101.62146692441732,507.033
762,19,2,41.886579047399245,110.66558678180883,509.073
763,19,3,46.72399905535825,121.32645339687738,511.103
764,19,4,50.39353867751511,133.79994976482976,512.959
765,19,5,52.53878839769481,147.88563032409363,514.51
766,19,6,52.8891907624948,162.78214996048638,515.67
767,19,7,51.39649048542895,177.29066021050903,516.402
768,19,8,48.26366712825169,-169.58978584585975,516.723
769,19,9,43.83327858350126,-158.27165695715004,516.697
770,19,10,38.45230870629806,-148.67166215415702,516.428
771,19,11,32.40347268676726,-140.4829756789854,516.048
772,19,12,25.896027030510535,-133.36292694097568,515.699
773,19,13,19.080608144577937,-127.00761350319722,515.517
774,19,14,12.06739551801823,-121.16508334754666,515.617
775,19,15,4.941035685215387,-115.6256906476396,516.079
776,19,16,-2.2281541294384914,-110.20655708844895,516.941
777,19,17,-9.375385739684425,-104.73572582743047,518.189
778,19,18,-16.433663954387875,-99.03669794624187,519.757
779,19,19,-23.32552802505855,-92.91281863830014,521.538
780,19,20,-29.95305694466056,-86.13155411331219,523.386
781,19,21,-36.18466199619173,-78.41152106804101,525.134
782,19,22,-41.83809494957591,-69.42383223357214,526.607
783,19,23,-46.6631489000426,-58.83611011432526,527.643
784,19,24,-50.33786239049575,-46.449480092237096,528.102
785,19,25,-52.50912488612944,-32.44929642590888,527.89
786,19,26,-52.90402593337207,-17.6120474635862,526.962
787,19,27,-51.465209018668446,-3.119365750078218,525.332
788,19,28,-48.38444877843961,10.022596536188262,523.071
789,19,29,-43.99664987825879,21.38310418737696,520.305
790,19,30,-38.6457908900116,31.029918229583107,517.203
791,19,31,-32.614440154756025,39.26193883994386,513.965
792,19,32,-26.112834310239663,46.41941701460528,510.802
793,19,33,-19.292897254171102,52.80640545465966,507.923
794,19,34,-12.266163414375711,58.67594217828846,505.511
795,19,35,-5.11855528995178,64.23910393650716,503.711
796,19,36,2.0782222990900143,69.68017606331189,502.617
797,19,37,9.257928684075008,75.17261121267512,502.267
798,19,38,16.351916835306575,80.89461585023165,502.635
799,19,39,23.280844927508323,87.04494848082884,503.643
800,20,0,26.653249122654827,99.35243027081489,504.349
801,20,1,33.1366320224656,106.60172667848879,506.066
802,20,2,39.134876830814115,114.96138644896416,508.043
803,20,3,44.42931504142242,124.77587651265223,510.1
804,20,4,48.72733793515259,136.33638149424903,512.061
805,20,5,51.67741275089699,149.6768610943078,513.779
806,20,6,52.94773231387098,164.30439422080713,515.142
807,20,7,52.36560553619455,179.15923604288443,516.09
808,20,8,50.01513936730723,-166.9355470136361,516.611
809,20,9,46.18790092249853,-154.70239134219813,516.747
810,20,10,41.24213362373562,-144.27367602682915,516.585
811,20,11,35.49670143732595,-135.4227753908681,516.243
812,20,12,29.19650762614951,-127.80960065516179,515.861
813,20,13,22.519166136930597,-121.10656228673798,515.579
814,20,14,15.592983780775194,-115.03616335999746,515.525
815,20,15,8.51374030041439,-109.36936714150215,515.799
816,20,16,1.3577086317531313,-103.91190939087856,516.46
817,20,17,-5.808553379624339,-98.48834986910575,517.52
818,20,18,-12.920136951931505,-92.92636290342428,518.939
819,20,19,-19.905901609537867,-87.04136946170374,520.63
820,20,20,-26.679591454736276,-80.62069111356827,522.464
821,20,21,-33.12833334262403,-73.40852361422256,524.284
822,20,22,-39.09752935643248,-65.09783630009619,525.916
823,20,23,-44.37277473547306,-55.348004222186034,527.189
824,20,24,-48.6665902326745,-43.868495038861845,527.951
825,20,25,-51.63210810613229,-30.616958162174967,528.084
826,20,26,-52.93844667169435,-16.064963512801416,527.516
827,20,27,-52.40694184105146,-1.2484823809804029,526.232
828,20,28,-50.1107176194578,12.661907136207187,524.274
829,20,29,-46.331440763000934,24.929825055425944,521.741
830,20,30,-41.422177410257156,35.40459633636833,518.784
831,20,31,-35.700456225551186,44.301139711457964,515.587
832,20,32,-29.411774698220803,51.95479014818579,512.361
833,20,33,-22.73493352035859,58.69226633040479,509.315
834,20,34,-15.7995696824114,64.79184382527961,506.648
835,20,35,-8.702763224373555,70.48387076256896,504.527
836,20,36,-1.522138605832018,75.96399108085865,503.072
837,20,37,5.674352115264636,81.4091340004087,502.349
838,20,38,12.820239458904545,86.99316881673096,502.365
839,20,39,19.842648935181675,92.90257335454513,503.066
840,21,0,29.944508962914288,111.85890962226927,505.163
841,21,1,36.20842422431421,119.62146059512378,507.033
842,21,2,41.886579047399245,128.66558728270445,509.073
843,21,3,46.72399905535825,139.32644706758384,511.103
844,21,4,50.39353867751511,151.79994343553622,512.959
845,21,5,52.53878839769481,165.88562399480008,514.51
846,21,6,52.8891907624948,-179.2178527263415,515.67
847,21,7,51.39649048542895,-164.70935613669718,516.402
848,21,8,48.26366712825169,-151.58979217515326,516.723
849,21,9,43.83327858350126,-140.27166328644356,516.697
850,21,10,38.45230870629806,-130.67166848345056,516.428
851,21,11,32.40347268676726,-122.48298200827895,516.048
852,21,12,25.896027030510535,-115.36293327026921,515.699
853,21,13,19.080608144577937,-109.0076130023016,515.517
854,21,14,12.06739551801823,-103.16509650702936,515.617
855,21,15,4.941035685215387,-97.6257038071223,516.079
856,21,16,-2.2281541294384914,-92.20656341774249,516.941
857,21,17,-9.375385739684425,-86.73573215672401,518.189
858,21,18,-16.433663954387875,-81.03670427553541,519.757
859,21,19,-23.32552802505855,-74.91282496759368,521.538
860,21,20,-29.95305694466056,-68.13156044260573,523.386
861,21,21,-36.18466199619173,-60.41152739733455,525.134
862,21,22,-41.83809494957591,-51.42383514777109,526.607
863,21,23,-46.6631489000426,-40.83611985871338,527.643
864,21,24,-50.33786239049575,-28.449488129077924,528.102
865,21,25,-52.50912488612944,-14.449301047655117,527.89
866,21,26,-52.90402593337207,0.387946100398556,526.962
867,21,27,-51.465209018668446,14.880627493741422,525.332
868,21,28,-48.38444877843961,28.02258935312108,523.071
869,21,29,-43.99664987825879,39.38309615053613,520.305
870,21,30,-38.6457908900116,49.02991190028957,517.203
871,21,31,-32.614440154756025,57.261932510650325,513.965
872,21,32,-26.112834310239663,64.41940727021716,510.802
873,21,33,-19.292897254171102,70.80639912536613,507.923
874,21,34,-12.266163414375711,76.67593584899492,505.511
875,21,35,-5.11855528995178,82.23909760721362,503.711
876,21,36,2.0782222990900143,87.68016973401835,502.617
877,21,37,9.257928684075008,93.17260488338158,502.267
878,21,38,16.351916835306575,98.8946095209381,502.635
879,21,39,23.280844927508323,105.0449421515353,503.643
880,22,0,26.653249122654827,117.35243077171052,504.349
881,22,1,33.1366320224656,124.60172034919525,506.066
882,22,2,39.134876830814115,132.96138011967062,508.043
883,22,3,44.42931504142242,142.7758701833587,510.1
884,22,4,48.72733793515259,154.33637516495548,512.061
885,22,5,51.67741275089699,167.67685476501427,513.779
886,22,6,52.94773231387098,-177.6956221263991,515.142
887,22,7,52.36560553619455,-162.84076664394343,516.09
888,22,8,50.01513936730723,-148.93555334292964,516.611
889,22,9,46.18790092249853,-136.70239767149167,516.747
890,22,10,41.24213362373562,-126.27368235612268,516.585
891,22,11,35.49670143732595,-117.42278172016165,516.243
892,22,12,29.19650762614951,-109.80960698445531,515.861
893,22,13,22.519166136930597,-103.10657544622069,515.579
894,22,14,15.592983780775194,-97.03616968929099,515.525
895,22,15,8.51374030041439,-91.36937347079568,515.799
896,22,16,1.3577086317531313,-85.91191572017209,516.46
897,22,17,-5.808553379624339,-80.48835619839927,517.52
898,22,18,-12.920136951931505,-74.92636923271782,518.939
899,22,19,-19.905901609537867,-69.04137579099728,520.63
900,22,20,-26.679591454736276,-62.62069744286181,522.464
901,22,21,-33.12833334262403,-55.4085299435161,524.284
902,22,22,-39.09752935643248,-47.097842629389724,525.916
903,22,23,-44.37277473547306,-37.34801055147957,527.189
904,22,24,-48.6665902326745,-25.868501368155382,527.951
905,22,25,-51.63210810613229,-12.616964491468504,528.084
906,22,26,-52.93844667169435,1.9350307982352821,527.516
907,22,27,-52.40694184105146,16.751511930056296,526.232
908,22,28,-50.1107176194578,30.66190080691365,524.274
909,22,29,-46.331440763000934,42.92981872613241,521.741
910,22,30,-41.422177410257156,53.404590007074795,518.784
911,22,31,-35.700456225551186,62.30113338216443,515.587
912,22,32,-29.411774698220803,69.95478381889225,512.361
913,22,33,-22.73493352035859,76.69226000111125,509.315
914,22,34,-15.7995696824114,82.79183749598609,506.648
915,22,35,-8.702763224373555,88.48386443327541,504.527
916,22,36,-1.522138605832018,93.9639847515651,503.072
917,22,37,5.674352115264636,99.40912767111516,502.349
918,22,38,12.820239458904545,104.99316248743743,502.365
919,22,39,19.842648935181675,110.90256702525159,503.066
920,23,0,29.944508962914288,129.85891695335405,505.163
921,23,1,36.20842422431421,137.62146792620857,507.033
922,23,2,41.886579047399245,146.66559461378927,509.073
923,23,3,46.72399905535825,157.32645439866866,511.103
924,23,4,50.39353867751511,169.79995076662104,512.959
925,23,5,52.53878839769481,-176.11436503164944,514.51
926,23,6,52.8891907624948,-161.2178453952567,515.67
927,23,7,51.39649048542895,-146.70934880561236,516.402
928,23,8,48.26366712825169,-133.58978484406848,516.723
929,23,9,43.83327858350126,-122.27165595535877,516.697
930,23,10,38.45230870629806,-112.67166115236576,516.428
931,23,11,32.40347268676726,-104.48297467719415,516.048
932,23,12,25.896027030510535,-97.36292593918441,515.699
933,23,13,19.080608144577937,-91.0076056712168,515.517
934,23,14,12.06739551801823,-85.16508917594456,515.617
935,23,15,4.941035685215387,-79.6256964760375,516.079
936,23,16,-2.2281541294384914,-74.20655608665768,516.941
937,23,17,-9.375385739684425,-68.73572482563921,518.189
938,23,18,-16.433663954387875,-63.03669694445061,519.757
939,23,19,-23.32552802505855,-56.912817636508876,521.538
940,23,20,-29.95305694466056,-50.13154969642634,523.386
941,23,21,-36.18466199619173,-42.41152348134433,525.134
942,23,22,-41.83809494957591,-33.42382781668629,526.607
943,23,23,-46.6631489000426,-22.836112527628575,527.643
944,23,24,-50.33786239049575,-10.44948079799312,528.102
945,23,25,-52.50912488612944,3.550705856542863,527.89
946,23,26,-52.90402593337207,18.387953538205064,526.962
947,23,27,-51.465209018668446,32.880636532373515,525.332
948,23,28,-48.38444877843961,46.02259668420588,523.071
949,23,29,-43.99664987825879,57.383103481620935,520.305
950,23,30,-38.6457908900116,67.02991923137438,517.203
951,23,31,-32.614440154756025,75.26194325682971,513.965
952,23,32,-26.112834310239663,82.41941460130197,510.802
953,23,33,-19.292897254171102,88.80640645645093,507.923
954,23,34,-12.266163414375711,94.67594318007973,505.511
955,23,35,-5.11855528995178,100.23910493829842,503.711
956,23,36,2.0782222990900143,105.68017706510317,502.617
957,23,37,9.257928684075008,111.17261221446638,502.267
958,23,38,16.351916835306575,116.8946168520229,502.635
959,23,39,23.280844927508323,123.04494265243093,503.643
960,24,0,26.653249122654827,135.35243810279533,504.349
961,24,1,33.1366320224656,142.60172768028005,506.066
962,24,2,39.134876830814115,150.9613874507554,508.043
963,24,3,44.42931504142242,160.7758775144435,510.1
964,24,4,48.72733793515259,172.3363824960403,512.061
965,24,5,51.67741275089699,-174.32313426143526,513.779
966,24,6,52.94773231387098,-159.6956147953143,515.142
967,24,7,52.36560553619455,-144.8407593128586,516.09
968,24,8,50.01513936730723,-130.93554601184485,516.611
969,24,9,46.18790092249853,-118.70239034040686,516.747
970,24,10,41.24213362373562,-108.27367502503787,516.585
971,24,11,35.49670143732595,-99.42278121926601,516.243
972,24,12,29.19650762614951,-91.80959965337051,515.861
973,24,13,22.519166136930597,-85.10656811513589,515.579
974,24,14,15.592983780775194,-79.03616235820618,515.525
975,24,15,8.51374030041439,-73.36936613971088,515.799
976,24,16,1.3577086317531313,-67.91190838908729,516.46
977,24,17,-5.808553379624339,-62.48834886731448,517.52
978,24,18,-12.920136951931505,-56.926361901633015,518.939
979,24,19,-19.905901609537867,-51.04137187500706,520.63
980,24,20,-26.679591454736276,-44.62069011177701,522.464
981,24,21,-33.12833334262403,-37.4085226124313,524.284
982,24,22,-39.09752935643248,-29.097835298304922,525.916
983,24,23,-44.37277473547306,-19.34800151284747,527.189
984,24,24,-48.6665902326745,-7.868493183296933,527.951
985,24,25,-51.63210810613229,5.3830432665031225,528.084
986,24,26,-52.93844667169435,19.935037488989853,527.516
987,24,27,-52.40694184105146,34.75151755359381,526.232
988,24,28,-50.1107176194578,48.66190813799845,524.274
989,24,29,-46.331440763000934,60.92982264212263,521.741
990,24,30,-41.422177410257156,71.40459392306501,518.784
991,24,31,-35.700456225551186,80.30114071324923,515.587
992,24,32,-29.411774698220803,87.95479114997705,512.361
993,24,33,-22.73493352035859,94.69226733219605,509.315
994,24,34,-15.7995696824114,100.79184482707089,506.648
995,24,35,-8.702763224373555,106.48387176436022,504.527
996,24,36,-1.522138605832018,111.96399208264991,503.072
997,24,37,5.674352115264636,117.40913500219996,502.349
998,24,38,12.820239458904545,122.99316981852223,502.365
999,24,39,19.842648935181675,128.90258118652557,503.066
1000,25,0,29.944508962914288,147.85891062406054,505.163
1001,25,1,36.20842422431421,155.62146159691505,507.033
1002,25,2,41.886579047399245,164.66558828449573,509.073
1003,25,3,46.72399905535825,175.32644806937512,511.103
1004,25,4,50.39353867751511,-172.20006558058517,512.959
1005,25,5,52.53878839769481,-158.11437136094298,514.51
1006,25,6,52.8891907624948,-143.21785172455023,515.67
1007,25,7,51.39649048542895,-128.7093551349059,516.402
1008,25,8,48.26366712825169,-115.58979117336202,516.723
1009,25,9,43.83327858350126,-104.2716622846523,516.697
1010,25,10,38.45230870629806,-94.6716674816593,516.428
1011,25,11,32.40347268676726,-86.48298100648769,516.048
1012,25,12,25.896027030510535,-79.36293226847793,515.699
1013,25,13,19.080608144577937,-73.00761200051032,515.517
1014,25,14,12.06739551801823,-67.1650955052381,515.617
1015,25,15,4.941035685215387,-61.62570280533104,516.079
1016,25,16,-2.2281541294384914,-56.20656241595122,516.941
1017,25,17,-9.375385739684425,-50.73573115493274,518.189
1018,25,18,-16.433663954387875,-45.03669985864956,519.757
1019,25,19,-23.32552802505855,-38.91282396580242,521.538
1020,25,20,-29.95305694466056,-32.13155602571988,523.386
1021,25,21,-36.18466199619173,-24.411528103090575,525.134
1022,25,22,-41.83809494957591,-15.423834145979828,526.607
1023,25,23,-46.6631489000426,-4.836118003148467,527.643
1024,25,24,-50.33786239049575,7.550512872713343,528.102
1025,25,25,-52.50912488612944,21.55069995413615,527.89
1026,25,26,-52.90402593337207,36.387945501364236,526.962
1027,25,27,-51.465209018668446,50.88063020307998,525.332
1028,25,28,-48.38444877843961,64.02259377000694,523.071
1029,25,29,-43.99664987825879,75.3830971523274,520.305
1030,25,30,-38.6457908900116,85.02991290208084,517.203
1031,25,31,-32.614440154756025,93.26193692753618,513.965
1032,25,32,-26.112834310239663,100.41940827200843,510.802
1033,25,33,-19.292897254171102,106.80640012715739,507.923
1034,25,34,-12.266163414375711,112.67593685078619,505.511
1035,25,35,-5.11855528995178,118.2390986090049,503.711
1036,25,36,2.0782222990900143,123.68017756599879,502.617
1037,25,37,9.257928684075008,129.17260588517286,502.267
1038,25,38,16.351916835306575,134.89461052272938,502.635
1039,25,39,23.280844927508323,141.0449363231374,503.643
1040,26,0,26.653249122654827,153.35244543388012,504.349
1041,26,1,33.1366320224656,160.60173501136487,506.066
1042,26,2,39.134876830814115,168.96139478184023,508.043
1043,26,3,44.42931504142242,178.7758848455283,510.1
1044,26,4,48.72733793515259,-169.66360653040923,512.061
1045,26,5,51.67741275089699,-156.32312693035044,513.779
1046,26,6,52.94773231387098,-141.69560746422948,515.142
1047,26,7,52.36560553619455,-126.8407519817738,516.09
1048,26,8,50.01513936730723,-112.93553868076003,516.611
1049,26,9,46.18790092249853,-100.70238983951123,516.747
1050,26,10,41.24213362373562,-90.27366769395307,516.585
1051,26,11,35.49670143732595,-81.42277388818121,516.243
1052,26,12,29.19650762614951,-73.80959232228571,515.861
1053,26,13,22.519166136930597,-67.10656078405108,515.579
1054,26,14,15.592983780775194,-61.03615502712139,515.525
1055,26,15,8.51374030041439,-55.369358808626075,515.799
1056,26,16,1.3577086317531313,-49.911904473097074,516.46
1057,26,17,-5.808553379624339,-44.488341536229676,517.52
1058,26,18,-12.920136951931505,-38.92635457054821,518.939
1059,26,19,-19.905901609537867,-33.041364543922256,520.63
1060,26,20,-26.679591454736276,-26.6206844882395,522.464
1061,26,21,-33.12833334262403,-19.408515281346492,524.284
1062,26,22,-39.09752935643248,-11.097826259672825,525.916
1063,26,23,-44.37277473547306,-1.347994608649492,527.189
1064,26,24,-48.6665902326745,10.13151414778787,527.951
1065,26,25,-51.63210810613229,23.383050170701104,528.084
1066,26,26,-52.93844667169435,37.93504482007465,527.516
1067,26,27,-52.40694184105146,52.75152488467861,526.232
1068,26,28,-50.1107176194578,66.66191546908325,524.274
1069,26,29,-46.331440763000934,78.92982997320743,521.741
1070,26,30,-41.422177410257156,89.40460125414981,518.784
1071,26,31,-35.700456225551186,98.30114804433403,515.587
1072,26,32,-29.411774698220803,105.95479848106186,512.361
1073,26,33,-22.73493352035859,112.69227466328086,509.315
1074,26,34,-15.7995696824114,118.79185215815569,506.648
1075,26,35,-8.702763224373555,124.48387226525585,504.527
1076,26,36,-1.522138605832018,129.96400624392388,503.072
1077,26,37,5.674352115264636,135.40914233328476,502.349
1078,26,38,12.820239458904545,140.99317714960702,502.365
1079,26,39,19.842648935181675,146.90258851761035,503.066
1080,27,0,29.944508962914288,165.858904294767,505.163
1081,27,1,36.20842422431421,173.6214552676215,507.033
1082,27,2,41.886579047399245,-177.3344280627105,509.073
1083,27,3,46.72399905535825,-166.67355461745277,511.103
1084,27,4,50.39353867751511,-154.20007190987872,512.959
1085,27,5,52.53878839769481,-140.11437769023652,514.51
1086,27,6,52.8891907624948,-125.21785805384377,515.67
1087,27,7,51.39649048542895,-110.70935463401027,516.402
1088,27,8,48.26366712825169,-97.58979067246638,516.723
1089,27,9,43.83327858350126,-86.27166861394583,516.697
1090,27,10,38.45230870629806,-76.67167381095284,516.428
1091,27,11,32.40347268676726,-68.48298733578123,516.048
1092,27,12,25.896027030510535,-61.362938597771475,515.699
1093,27,13,19.080608144577937,-55.007621744898444,515.517
1094,27,14,12.06739551801823,-49.16509841943705,515.617
1095,27,15,4.941035685215387,-43.62570913462457,516.079
1096,27,16,-2.2281541294384914,-38.20656874524476,516.941
1097,27,17,-9.375385739684425,-32.735737484226284,518.189
1098,27,18,-16.433663954387875,-27.0367061879431,519.757
1099,27,19,-23.32552802505855,-20.91283029509595,521.538
1100,27,20,-29.95305694466056,-14.131563208787062,523.386
1101,27,21,-36.18466199619173,-6.411535286157759,525.134
1102,27,22,-41.83809494957591,2.576159311283223,526.607
1103,27,23,-46.6631489000426,13.163875667557996,527.643
1104,27,24,-50.33786239049575,25.550506543419807,528.102
1105,27,25,-52.50912488612944,39.55069191729532,527.89
1106,27,26,-52.90402593337207,54.3879391720707,526.962
1107,27,27,-51.465209018668446,68.88062045869187,525.332
1108,27,28,-48.38444877843961,82.0225874407134,523.071
1109,27,29,-43.99664987825879,93.38309082303387,520.305
1110,27,30,-38.6457908900116,103.0299065727873,517.203
1111,27,31,-32.614440154756025,111.26193059824264,513.965
1112,27,32,-26.112834310239663,118.4194019427149,510.802
1113,27,33,-19.292897254171102,124.80639379786386,507.923
1114,27,34,-12.266163414375711,130.67593052149266,505.511
1115,27,35,-5.11855528995178,136.23909227971137,503.711
1116,27,36,2.0782222990900143,141.68017123670526,502.617
1117,27,37,9.257928684075008,147.17259955587932,502.267
1118,27,38,16.351916835306575,152.89460419343584,502.635
1119,27,39,23.280844927508323,159.04492999384385,503.643
1120,28,0,26.653249122654827,171.35242544420825,504.349
1121,28,1,33.1366320224656,178.601715021693,506.066
1122,28,2,39.134876830814115,-173.038621565366,508.043
1123,28,3,44.42931504142242,-163.2241315016779,510.1
1124,28,4,48.72733793515259,-151.66362652008112,512.061
1125,28,5,51.67741275089699,-138.32314692002234,513.779
1126,28,6,52.94773231387098,-123.69562745390137,515.142
1127,28,7,52.36560553619455,-108.84077197144569,516.09
1128,28,8,50.01513936730723,-94.93555867043192,516.611
1129,28,9,46.18790092249853,-82.7024098291831,516.747
1130,28,10,41.24213362373562,-72.27368768362494,516.585
1131,28,11,35.49670143732595,-63.42279387785309,516.243
1132,28,12,29.19650762614951,-55.809612311957586,515.861
1133,28,13,22.519166136930597,-49.10657735862838,515.579
1134,28,14,15.592983780775194,-43.03617843188785,515.525
1135,28,15,8.51374030041439,-37.36937879829795,515.799
1136,28,16,1.3577086317531313,-31.91192446276895,516.46
1137,28,17,-5.808553379624339,-26.488359818354258,517.52
1138,28,18,-12.920136951931505,-20.926374560220086,518.939
1139,28,19,-19.905901609537867,-15.041384533594135,520.63
1140,28,20,-26.679591454736276,-8.62070362413773,522.464
1141,28,21,-33.12833334262403,-1.4085358046268985,524.284
1142,28,22,-39.09752935643248,6.9021533237684745,525.916
1143,28,23,-44.37277473547306,16.651985828565454,527.189
1144,28,24,-48.6665902326745,28.131493304342346,527.951
1145,28,25,-51.63210810613229,41.38303018102923,528.084
1146,28,26,-52.93844667169435,55.935024830402774,527.516
1147,28,27,-52.40694184105146,70.75150489500673,526.232
1148,28,28,-50.1107176194578,84.66189547941138,524.274
1149,28,29,-46.331440763000934,96.92980998353555,521.741
1150,28,30,-41.422177410257156,107.40458126447794,518.784
1151,28,31,-35.700456225551186,116.30112805466216,515.587
1152,28,32,-29.411774698220803,123.95477849138999,512.361
1153,28,33,-22.73493352035859,130.69225467360897,509.315
1154,28,34,-15.7995696824114,136.7918321684838,506.648
1155,28,35,-8.702763224373555,142.48385227558398,504.527
1156,28,36,-1.522138605832018,147.963986254252,503.072
1157,28,37,5.674352115264636,153.4091223436129,502.349
1158,28,38,12.820239458904545,158.99315715993515,502.365
1159,28,39,19.842648935181675,164.90256852793848,503.066
1160,29,0,29.944508962914288,-176.14108473168253,505.163
1161,29,1,36.20842422431421,-168.378533758828,507.033
1162,29,2,41.886579047399245,-159.33442073162567,509.073
1163,29,3,46.72399905535825,-148.67354728636795,511.103
1164,29,4,50.39353867751511,-136.2000645787939,512.959
1165,29,5,52.53878839769481,-122.1143703591517,514.51
1166,29,6,52.8891907624948,-107.21785072275895,515.67
1167,29,7,51.39649048542895,-92.70934730292547,516.402
1168,29,8,48.26366712825169,-79.58978334138158,516.723
1169,29,9,43.83327858350126,-68.27166128286103,516.697
1170,29,10,38.45230870629806,-58.67166647986803,516.428
1171,29,11,32.40347268676726,-50.48298000469642,516.048
1172,29,12,25.896027030510535,-43.36293126668667,515.699
1173,29,13,19.080608144577937,-37.00761441381364,515.517
1174,29,14,12.06739551801823,-31.165091088352245,515.617
1175,29,15,4.941035685215387,-25.625700095992478,516.079
1176,29,16,-2.2281541294384914,-20.206561414159953,516.941
1177,29,17,-9.375385739684425,-14.735731860688771,518.189
1178,29,18,-16.433663954387875,-9.036699710631941,519.757
1179,29,19,-23.32552802505855,-2.912823390897971,521.538
1180,29,20,-29.95305694466056,3.8684441222977406,523.386
1181,29,21,-36.18466199619173,11.588472044927045,525.134
1182,29,22,-41.83809494957591,20.576166855811437,526.607
1183,29,23,-46.6631489000426,31.163882144869152,527.643
1184,29,24,-50.33786239049575,43.5505155820519,528.102
1185,29,25,-52.50912488612944,57.55070266347471,527.89
1186,29,26,-52.90402593337207,72.38794991825009,526.962
1187,29,27,-51.465209018668446,86.88062778977667,525.332
1188,29,28,-48.38444877843961,100.0225947717982,523.071
1189,29,29,-43.99664987825879,111.38309815411867,520.305
1190,29,30,-38.6457908900116,121.0299139038721,517.203
1191,29,31,-32.614440154756025,129.26193109913828,513.965
1192,29,32,-26.112834310239663,136.4194092737997,510.802
1193,29,33,-19.292897254171102,142.80640112894866,507.923
1194,29,34,-12.266163414375711,148.67593785257745,505.511
1195,29,35,-5.11855528995178,154.23909961079616,503.711
1196,29,36,2.0782222990900143,159.68017856779005,502.617
1197,29,37,9.257928684075008,165.1726068869641,502.267
1198,29,38,16.351916835306575,170.89461152452063,502.635
1199,29,39,23.280844927508323,177.04493732492867,503.643
1200,30,0,26.653249122654827,-170.6475772426196,504.349
1201,30,1,33.1366320224656,-163.39827400475653,506.066
1202,30,2,39.134876830814115,-155.03861423428117,508.043
1203,30,3,44.42931504142242,-145.2241241705931,510.1
1204,30,4,48.72733793515259,-133.6636191889963,512.061
1205,30,5,51.67741275089699,-120.32313958893752,513.779
1206,30,6,52.94773231387098,-105.69561329262739,515.142
1207,30,7,52.36560553619455,-90.84076464036089,516.09
1208,30,8,50.01513936730723,-76.93555133934711,516.611
1209,30,9,46.18790092249853,-64.7024024980983,516.747
1210,30,10,41.24213362373562,-54.27368035254014,516.585
1211,30,11,35.49670143732595,-45.422786546768286,516.243
1212,30,12,29.19650762614951,-37.809604980872784,515.861
1213,30,13,22.519166136930597,-31.106570027543576,515.579
1214,30,14,15.592983780775194,-25.036171100803045,515.525
1215,30,15,8.51374030041439,-19.369369759665858,515.799
1216,30,16,1.3577086317531313,-13.9119162779105,516.46
1217,30,17,-5.808553379624339,-8.488352487269454,517.52
1218,30,18,-12.920136951931505,-2.926368082908929,518.939
1219,30,19,-19.905901609537867,2.95862301093408,520.63
1220,30,20,-26.679591454736276,9.379303706947073,522.464
1221,30,21,-33.12833334262403,16.591472060066433,524.284
1222,30,22,-39.09752935643248,24.9021610817401,525.916
1223,30,23,-44.37277473547306,34.65199145210296,527.189
1224,30,24,-48.6665902326745,46.13150063542715,527.951
1225,30,25,-51.63210810613229,59.38303751211403,528.084
1226,30,26,-52.93844667169435,73.93503557658217,527.516
1227,30,27,-52.40694184105146,88.75151222609153,526.232
1228,30,28,-50.1107176194578,102.66190281049619,524.274
1229,30,29,-46.331440763000934,114.92981731462035,521.741
1230,30,30,-41.422177410257156,125.4045954257519,518.784
1231,30,31,-35.700456225551186,134.30113538574696,515.587
1232,30,32,-29.411774698220803,141.95478582247478,512.361
1233,30,33,-22.73493352035859,148.6922620046938,509.315
1234,30,34,-15.7995696824114,154.79183949956862,506.648
1235,30,35,-8.702763224373555,160.48385960666877,504.527
1236,30,36,-1.522138605832018,165.96399358533682,503.072
1237,30,37,5.674352115264636,171.4091296746977,502.349
1238,30,38,12.820239458904545,176.99316449101997,502.365
1239,30,39,19.842648935181675,-177.09743415888937,503.066
1240,31,0,29.944508962914288,-158.14107740059774,505.163
1241,31,1,36.20842422431421,-150.37852642774322,507.033
1242,31,2,41.886579047399245,-141.33441340054088,509.073
1243,31,3,46.72399905535825,-130.67353995528316,511.103
1244,31,4,50.39353867751511,-118.2000572477091,512.959
1245,31,5,52.53878839769481,-104.1143630280669,514.51
1246,31,6,52.8891907624948,-89.21784339167415,515.67
1247,31,7,51.39649048542895,-74.70933997184066,516.402
1248,31,8,48.26366712825169,-61.58977601029677,516.723
1249,31,9,43.83327858350126,-50.27165053668165,516.697
1250,31,10,38.45230870629806,-40.671655733688645,516.428
1251,31,11,32.40347268676726,-32.48297267361162,516.048
1252,31,12,25.896027030510535,-25.362922228054575,515.699
1253,31,13,19.080608144577937,-19.00760708272884,515.517
1254,31,14,12.06739551801823,-13.165084611041088,515.617
1255,31,15,4.941035685215387,-7.625692764907673,516.079
1256,31,16,-2.2281541294384914,-2.2065538696317377,516.941
1257,31,17,-9.375385739684425,3.264276110726266,518.189
1258,31,18,-16.433663954387875,8.963307620452863,519.757
1259,31,19,-23.32552802505855,15.087184367073656,521.538
1260,31,20,-29.95305694466056,21.86845230715619,523.386
1261,31,21,-36.18466199619173,29.5884785222382,525.134
1262,31,22,-41.83809494957591,38.57617418689624,526.607
1263,31,23,-46.6631489000426,49.16388947595396,527.643
1264,31,24,-50.33786239049575,61.5505229131367,528.102
1265,31,25,-52.50912488612944,75.55070999455951,527.89
1266,31,26,-52.90402593337207,90.38795724933489,526.962
1267,31,27,-51.465209018668446,104.88063512086147,525.332
1268,31,28,-48.38444877843961,118.02259527269383,523.071
1269,31,29,-43.99664987825879,129.38311231539265,520.305
1270,31,30,-38.6457908900116,139.0299212349569,517.203
1271,31,31,-32.614440154756025,147.26193843022307,513.965
1272,31,32,-26.112834310239663,154.4194166048845,510.802
1273,31,33,-19.292897254171102,160.80640846003345,507.923
1274,31,34,-12.266163414375711,166.67594518366226,505.511
1275,31,35,-5.11855528995178,172.23910694188098,503.711
1276,31,36,2.0782222990900143,177.68018589887487,502.617
1277,31,37,9.257928684075008,-176.82738213948542,502.267
1278,31,38,16.351916835306575,-171.1053775019289,502.635
1279,31,39,23.280844927508323,-164.95505170152086,503.643
1280,32,0,26.653249122654827,-152.64756991153482,504.349
1281,32,1,33.1366320224656,-145.39826667367174,506.066
1282,32,2,39.134876830814115,-137.03860690319638,508.043
1283,32,3,44.42931504142242,-127.22411683950828,510.1
1284,32,4,48.72733793515259,-115.6636118579115,512.061
1285,32,5,51.67741275089699,-102.32313225785272,513.779
1286,32,6,52.94773231387098,-87.69560596154258,515.142
1287,32,7,52.36560553619455,-72.84075730927609,516.09
1288,32,8,50.01513936730723,-58.935544008262305,516.611
1289,32,9,46.18790092249853,-46.70239175191891,516.747
1290,32,10,41.24213362373562,-36.27367302145534,516.585
1291,32,11,35.49670143732595,-27.422777508136193,516.243
1292,32,12,29.19650762614951,-19.80959594224069,515.861
1293,32,13,22.519166136930597,-13.106564404006065,515.579
1294,32,14,15.592983780775194,-7.036163342831418,515.525
1295,32,15,8.51374030041439,-1.3693630689112886,515.799
1296,32,16,1.3577086317531313,4.0880910531743035,516.46
1297,32,17,-5.808553379624339,9.51165484381535,517.52
1298,32,18,-12.920136951931505,15.07364010194952,518.939
1299,32,19,-19.905901609537867,20.95863012857547,520.63
1300,32,20,-26.679591454736276,27.37931018425823,522.464
1301,32,21,-33.12833334262403,34.59147939115124,524.284
1302,32,22,-39.09752935643248,42.902166705277615,525.916
1303,32,23,-44.37277473547306,52.65199878318777,527.189
1304,32,24,-48.6665902326745,64.13150796651196,527.951
1305,32,25,-51.63210810613229,77.38304484319883,528.084
1306,32,26,-52.93844667169435,91.93504290766697,527.516
1307,32,27,-52.40694184105146,106.75151955717634,526.232
1308,32,28,-50.1107176194578,120.66191697177015,524.274
1309,32,29,-46.331440763000934,132.92982464570517,521.741
1310,32,30,-41.422177410257156,143.4046027568367,518.784
1311,32,31,-35.700456225551186,152.30114271683178,515.587
1312,32,32,-29.411774698220803,159.9547931535596,512.361
1313,32,33,-22.73493352035859,166.69226933577858,509.315
1314,32,34,-15.7995696824114,172.7918468306534,506.648
1315,32,35,-8.702763224373555,178.4838669377536,504.527
1316,32,36,-1.522138605832018,-176.03600910149106,503.072
1317,32,37,5.674352115264636,-170.59085935175182,502.349
1318,32,38,12.820239458904545,-165.00682453542956,502.365
1319,32,39,19.842648935181675,-159.09742682780458,503.066
1320,33,0,29.944508962914288,-140.14107006951292,505.163
1321,33,1,36.20842422431421,-132.3785190966584,507.033
1322,33,2,41.886579047399245,-123.33440606945607,509.073
1323,33,3,46.72399905535825,-112.67353945438751,511.103
1324,33,4,50.39353867751511,-100.20004308643513,512.959
1325,33,5,52.53878839769481,-86.1143556969821,514.51
1326,33,6,52.8891907624948,-71.21783606058935,515.67
1327,33,7,51.39649048542895,-56.70933605585044,516.402
1328,33,8,48.26366712825169,-43.589772094306554,516.723
1329,33,9,43.83327858350126,-32.27164320559684,516.697
1330,33,10,38.45230870629806,-22.67164840260384,516.428
1331,33,11,32.40347268676726,-14.482963634979525,516.048
1332,33,12,25.896027030510535,-7.362914896969773,515.699
1333,33,13,19.080608144577937,-1.0075993247572128,515.517
1334,33,14,12.06739551801823,4.834922720043715,515.617
1335,33,15,4.941035685215387,10.37431456617713,516.079
1336,33,16,-2.2281541294384914,15.793453248009653,516.941
1337,33,17,-9.375385739684425,21.264282801480835,518.189
1338,33,18,-16.433663954387875,26.96331580531131,519.757
1339,33,19,-23.32552802505855,33.087191698158456,521.538
1340,33,20,-29.95305694466056,39.86845963824099,523.386
1341,33,21,-36.18466199619173,47.58848585332301,525.134
1342,33,22,-41.83809494957591,56.57618151798104,526.607
1343,33,23,-46.6631489000426,67.16390022213335,527.643
1344,33,24,-50.33786239049575,79.5505302442215,528.102
1345,33,25,-52.50912488612944,93.55071732564431,527.89
1346,33,26,-52.90402593337207,108.38796458041969,526.962
1347,33,27,-51.465209018668446,122.88064928213544,525.332
1348,33,28,-48.38444877843961,136.02260260377864,523.071
1349,33,29,-43.99664987825879,147.38311964647744,520.305
1350,33,30,-38.6457908900116,157.02992856604172,517.203
1351,33,31,-32.614440154756025,165.26194576130789,513.965
1352,33,32,-26.112834310239663,172.4194239359693,510.802
1353,33,33,-19.292897254171102,178.80641579111827,507.923
1354,33,34,-12.266163414375711,-175.32404384278726,505.511
1355,33,35,-5.11855528995178,-169.76088208456855,503.711
1356,33,36,2.0782222990900143,-164.319816787953,502.617
1357,33,37,9.257928684075008,-158.8273748084006,502.267
1358,33,38,16.351916835306575,-153.10537017084408,502.635
1359,33,39,23.280844927508323,-146.95504437043607,503.643
1360,34,0,26.653249122654827,-134.6475899012067,504.349
1361,34,1,33.1366320224656,-127.39828666334361,506.066
1362,34,2,39.134876830814115,-119.03862689286825,508.043
1363,34,3,44.42931504142242,-109.22414365936933,510.1
1364,34,4,48.72733793515259,-97.66363184758339,512.061
1365,34,5,51.67741275089699,-84.3231522475246,513.779
1366,34,6,52.94773231387098,-69.69562595121447,515.142
1367,34,7,52.36560553619455,-54.84077388385337,516.09
1368,34,8,50.01513936730723,-40.93556399793418,516.611
1369,34,9,46.18790092249853,-28.702411741590787,516.747
1370,34,10,41.24213362373562,-18.273693011127214,516.585
1371,34,11,35.49670143732595,-9.422798351581715,516.243
1372,34,12,29.19650762614951,-1.809616785686212,515.861
1373,34,13,22.519166136930597,4.8934156063220575,515.579
1374,34,14,15.592983780775194,10.96381709438353,515.525
1375,34,15,8.51374030041439,16.63061758174707,515.799
1376,34,16,1.3577086317531313,22.08807020972878,516.46
1377,34,17,-5.808553379624339,27.511634854143473,517.52
1378,34,18,-12.920136951931505,33.073620112277645,518.939
1379,34,19,-19.905901609537867,38.958610138903595,520.63
1380,34,20,-26.679591454736276,45.379291902133644,522.464
1381,34,21,-33.12833334262403,52.59145940147936,524.284
1382,34,22,-39.09752935643248,60.90214671560574,525.916
1383,34,23,-44.37277473547306,70.65198220861048,527.189
1384,34,24,-48.6665902326745,82.13148797684008,527.951
1385,34,25,-51.63210810613229,95.38302485352696,528.084
1386,34,26,-52.93844667169435,109.9350229179951,527.516
1387,34,27,-52.40694184105146,124.75150639769363,526.232
1388,34,28,-50.1107176194578,138.66189698209828,524.274
1389,34,29,-46.331440763000934,150.9298046560333,521.741
1390,34,30,-41.422177410257156,161.40458276716484,518.784
1391,34,31,-35.700456225551186,170.30112272715988,515.587
1392,34,32,-29.411774698220803,177.95477316388772,512.361
1393,34,33,-22.73493352035859,-175.3077470114276,509.315
1394,34,34,-15.7995696824114,-169.2081695165528,506.648
1395,34,35,-8.702763224373555,-163.51614940945262,504.527
1396,34,36,-1.522138605832018,-158.03602909116293,503.072
1397,34,37,5.674352115264636,-152.59087934142372,502.349
1398,34,38,12.820239458904545,-147.00684452510143,502.365
1399,34,39,19.842648935181675,-141.09744681747645,503.066
1400,35,0,29.944508962914288,-122.1410900591848,505.163
1401,35,1,36.20842422431421,-114.37853908633029,507.033
1402,35,2,41.886579047399245,-105.33441922893877,509.073
1403,35,3,46.72399905535825,-94.67355944405939,511.103
1404,35,4,50.39353867751511,-82.200063076107,512.959
1405,35,5,52.53878839769481,-68.11437568665399,514.51
1406,35,6,52.8891907624948,-53.217859465355815,515.67
1407,35,7,51.39649048542895,-38.70935604552232,516.402
1408,35,8,48.26366712825169,-25.589792083978427,516.723
1409,35,9,43.83327858350126,-14.271664049042364,516.697
1410,35,10,38.45230870629806,-4.671668819162539,516.428
1411,35,11,32.40347268676726,3.517015948461775,516.048
1412,35,12,25.896027030510535,10.63706511335835,515.699
1413,35,13,19.080608144577937,16.992380258684086,515.517
1414,35,14,12.06739551801823,22.834903584145483,515.617
1415,35,15,4.941035685215387,28.374294576505253,516.079
1416,35,16,-2.2281541294384914,33.79343325833778,516.941
1417,35,17,-9.375385739684425,39.26426451935625,518.189
1418,35,18,-16.433663954387875,44.963295815639434,519.757
1419,35,19,-23.32552802505855,51.08717170848658,521.538
1420,35,20,-29.95305694466056,57.86843623347453,523.386
1421,35,21,-36.18466199619173,65.58846927874572,525.134
1422,35,22,-41.83809494957591,74.57615811321459,526.607
1423,35,23,-46.6631489000426,85.16388023246147,527.643
1424,35,24,-50.33786239049575,97.55051025454964,528.102
1425,35,25,-52.50912488612944,111.55069733597244,527.89
1426,35,26,-52.90402593337207,126.38793776055864,526.962
1427,35,27,-51.465209018668446,140.88062929246357,525.332
1428,35,28,-48.38444877843961,154.02258261410677,523.071
1429,35,29,-43.99664987825879,165.38309965680557,520.305
1430,35,30,-38.6457908900116,175.02990857636985,517.203
1431,35,31,-32.614440154756025,-176.73807058589833,513.965
1432,35,32,-26.112834310239663,-169.5805924112369,510.802
1433,35,33,-19.292897254171102,-163.19360055608794,507.923
1434,35,34,-12.266163414375711,-157.32406383245913,505.511
1435,35,35,-5.11855528995178,-151.76090207424045,503.711
1436,35,36,2.0782222990900143,-146.3198367776249,502.617
1437,35,37,9.257928684075008,-140.82739479807248,502.267
1438,35,38,16.351916835306575,-135.10539016051595,502.635
1439,35,39,23.280844927508323,-128.95506436010794,503.643
1440,36,0,26.653249122654827,-116.64758257012188,504.349
1441,36,1,33.1366320224656,-109.39828616244797,506.066
1442,36,2,39.134876830814115,-101.03861956178345,508.043
1443,36,3,44.42931504142242,-91.22413632828453,510.1
1444,36,4,48.72733793515259,-79.66362451649859,512.061
1445,36,5,51.67741275089699,-66.3231449164398,513.779
1446,36,6,52.94773231387098,-51.69561862012966,515.142
1447,36,7,52.36560553619455,-36.84076655276857,516.09
1448,36,8,50.01513936730723,-22.935556666849376,516.611
1449,36,9,46.18790092249853,-10.702405264279632,516.747
1450,36,10,41.24213362373562,-0.27368645377477785,516.585
1451,36,11,35.49670143732595,8.577208979503089,516.243
1452,36,12,29.19650762614951,16.19039139917224,515.861
1453,36,13,22.519166136930597,22.89342293740686,515.579
1454,36,14,15.592983780775194,28.963823571694686,515.525
1455,36,15,8.51374030041439,34.63062320528458,515.799
1456,36,16,1.3577086317531313,40.088077540813586,516.46
1457,36,17,-5.808553379624339,45.511640477680984,517.52
1458,36,18,-12.920136951931505,51.07362744336245,518.939
1459,36,19,-19.905901609537867,56.9586174699884,520.63
1460,36,20,-26.679591454736276,63.37929923321845,522.464
1461,36,21,-33.12833334262403,70.59146673256416,524.284
1462,36,22,-39.09752935643248,78.90215404669054,525.916
1463,36,23,-44.37277473547306,88.65198953969528,527.189
1464,36,24,-48.6665902326745,100.13149530792488,527.951
1465,36,25,-51.63210810613229,113.38303218461176,528.084
1466,36,26,-52.93844667169435,127.9350302490799,527.516
1467,36,27,-52.40694184105146,142.75151372877843,526.232
1468,36,28,-50.1107176194578,156.66190431318307,524.274
1469,36,29,-46.331440763000934,168.9298119871181,521.741
1470,36,30,-41.422177410257156,179.40459009824966,518.784
1471,36,31,-35.700456225551186,-171.69886629928965,515.587
1472,36,32,-29.411774698220803,-164.0452158625618,512.361
1473,36,33,-22.73493352035859,-157.30773968034282,509.315
1474,36,34,-15.7995696824114,-151.20816218546798,506.648
1475,36,35,-8.702763224373555,-145.5161420783678,504.527
1476,36,36,-1.522138605832018,-140.0360217600781,503.072
1477,36,37,5.674352115264636,-134.5908720103389,502.349
1478,36,38,12.820239458904545,-129.00683719401664,502.365
1479,36,39,19.842648935181675,-123.09743948639165,503.066
1480,37,0,29.944508962914288,-104.1410827281,505.163
1481,37,1,36.20842422431421,-96.37853175524549,507.033
1482,37,2,41.886579047399245,-87.33441189785397,509.073
1483,37,3,46.72399905535825,-76.67355211297459,511.103
1484,37,4,50.39353867751511,-64.2000557450222,512.959
1485,37,5,52.53878839769481,-50.11436835556918,514.51
1486,37,6,52.8891907624948,-35.21785213427101,515.67
1487,37,7,51.39649048542895,-20.709348714437517,516.402
1488,37,8,48.26366712825169,-7.589784752893624,516.723
1489,37,9,43.83327858350126,3.7283428551556157,516.697
1490,37,10,38.45230870629806,13.328338938809088,516.428
1491,37,11,32.40347268676726,21.517023706433402,516.048
1492,37,12,25.896027030510535,28.637072444443152,515.699
1493,37,13,19.080608144577937,34.99238758976889,515.517
1494,37,14,12.06739551801823,40.83491091523029,515.617
1495,37,15,4.941035685215387,46.37430020004276,516.079
1496,37,16,-2.2281541294384914,51.79344058942258,516.941
1497,37,17,-9.375385739684425,57.264271850441055,518.189
1498,37,18,-16.433663954387875,62.963299731629654,519.757
1499,37,19,-23.32552802505855,69.08717903957138,521.538
1500,37,20,-29.95305694466056,75.86844356455933,523.386
1501,37,21,-36.18466199619173,83.58847660983052,525.134
1502,37,22,-41.83809494957591,92.57616544429939,526.607
1503,37,23,-46.6631489000426,103.16388756354627,527.643
1504,37,24,-50.33786239049575,115.55051758563444,528.102
1505,37,25,-52.50912488612944,129.55069783686807,527.89
1506,37,26,-52.90402593337207,144.38794509164345,526.962
1507,37,27,-51.465209018668446,158.88063662354836,525.332
1508,37,28,-48.38444877843961,172.02258994519156,523.071
1509,37,29,-43.99664987825879,-176.61690303002229,520.305
1510,37,30,-38.6457908900116,-166.97008045007968,517.203
1511,37,31,-32.614440154756025,-158.7380632548135,513.965
1512,37,32,-26.112834310239663,-151.5805850801521,510.802
1513,37,33,-19.292897254171102,-145.19359322500313,507.923
1514,37,34,-12.266163414375711,-139.32405650137434,505.511
1515,37,35,-5.11855528995178,-133.76089474315563,503.711
1516,37,36,2.0782222990900143,-128.31982944654007,502.617
1517,37,37,9.257928684075008,-122.82738746698769,502.267
1518,37,38,16.351916835306575,-117.10538282943116,502.635
1519,37,39,23.280844927508323,-110.95505702902314,503.643
1520,38,0,26.653249122654827,-98.64756840884792,504.349
1521,38,1,33.1366320224656,-91.39827883136317,506.066
1522,38,2,39.134876830814115,-83.03861223069865,508.043
1523,38,3,44.42931504142242,-73.22412899719973,510.1
1524,38,4,48.72733793515259,-61.66361718541378,512.061
1525,38,5,51.67741275089699,-48.32313417026041,513.779
1526,38,6,52.94773231387098,-33.695611289044855,515.142
1527,38,7,52.36560553619455,-18.84075922168377,516.09
1528,38,8,50.01513936730723,-4.935548481990928,516.611
1529,38,9,46.18790092249853,7.297602066805172,516.747
1530,38,10,41.24213362373562,17.726321651042394,516.585
1531,38,11,35.49670143732595,26.57721716436154,516.243
1532,38,12,29.19650762614951,34.190397022709746,515.861
1533,38,13,22.519166136930597,40.893431976038954,515.579
1534,38,14,15.592983780775194,46.96383090277949,515.525
1535,38,15,8.51374030041439,52.63063053636938,515.799
1536,38,16,1.3577086317531313,58.08808828699297,516.46
1537,38,17,-5.808553379624339,63.51164780876579,517.52
1538,38,18,-12.920136951931505,69.07363477444726,518.939
1539,38,19,-19.905901609537867,74.95862821616778,520.63
1540,38,20,-26.679591454736276,81.37930656430325,522.464
1541,38,21,-33.12833334262403,88.59147406364897,524.284
1542,38,22,-39.09752935643248,96.90216137777534,525.916
1543,38,23,-44.37277473547306,106.65199687078008,527.189
1544,38,24,-48.6665902326745,118.13150946919886,527.951
1545,38,25,-51.63210810613229,131.38304634588573,528.084
1546,38,26,-52.93844667169435,145.9350375801647,527.516
1547,38,27,-52.40694184105146,160.75152105986325,526.232
1548,38,28,-50.1107176194578,174.6619116442679,524.274
1549,38,29,-46.331440763000934,-173.07017703933144,521.741
1550,38,30,-41.422177410257156,-162.59541258857823,518.784
1551,38,31,-35.700456225551186,-153.69885896820483,515.587
1552,38,32,-29.411774698220803,-146.04520853147702,512.361
1553,38,33,-22.73493352035859,-139.307732349258,509.315
1554,38,34,-15.7995696824114,-133.20815485438317,506.648
1555,38,35,-8.702763224373555,-127.51613474728302,504.527
1556,38,36,-1.522138605832018,-122.03601442899333,503.072
1557,38,37,5.674352115264636,-116.5908646792541,502.349
1558,38,38,12.820239458904545,-111.00682986293184,502.365
1559,38,39,19.842648935181675,-105.09742532511767,503.066
1560,39,0,29.944508962914288,-86.14107539701519,505.163
1561,39,1,36.20842422431421,-78.37852442416069,507.033
1562,39,2,41.886579047399245,-69.33440456676917,509.073
1563,39,3,46.72399905535825,-58.67354478188979,511.103
1564,39,4,50.39353867751511,-46.200051829031985,512.959
1565,39,5,52.53878839769481,-32.114361024484374,514.51
1566,39,6,52.8891907624948,-17.217843095638916,515.67
1567,39,7,51.39649048542895,-2.7093407430224783,516.402
1568,39,8,48.26366712825169,10.41022257819118,516.723
1569,39,9,43.83327858350126,21.728349759353595,516.697
1570,39,10,38.45230870629806,31.328346269893892,516.428
1571,39,11,32.40347268676726,39.51702932997091,516.048
1572,39,12,25.896027030510535,46.63707806798067,515.699
1573,39,13,19.080608144577937,52.99239492085369,515.517
1574,39,14,12.06739551801823,58.83491483122051,515.617
1575,39,15,4.941035685215387,64.37430753112757,516.079
1576,39,16,-2.2281541294384914,69.79344792050739,516.941
1577,39,17,-9.375385739684425,75.26427918152585,518.189
1578,39,18,-16.433663954387875,80.96330706271446,519.757
1579,39,19,-23.32552802505855,87.08718637065618,521.538
1580,39,20,-29.95305694466056,93.86845089564414,523.386
1581,39,21,-36.18466199619173,101.58848394091532,525.134
1582,39,22,-41.83809494957591,110.5761727753842,526.607
1583,39,23,-46.6631489000426,121.16389489463107,527.643
1584,39,24,-50.33786239049575,133.55052491671924,528.102
1585,39,25,-52.50912488612944,147.55070516795288,527.89
1586,39,26,-52.90402593337207,162.38795242272826,526.962
1587,39,27,-51.465209018668446,176.88064395463317,525.332
1588,39,28,-48.38444877843961,-169.97739908125797,523.071
1589,39,29,-43.99664987825879,-158.6168956989375,520.305
1590,39,30,-38.6457908900116,-148.9700731189949,517.203
1591,39,31,-32.614440154756025,-140.73805592372872,513.965
1592,39,32,-26.112834310239663,-133.5805777490673,510.802
1593,39,33,-19.292897254171102,-127.19358589391832,507.923
1594,39,34,-12.266163414375711,-121.32404917028954,505.511
1595,39,35,-5.11855528995178,-115.76088741207083,503.711
1596,39,36,2.0782222990900143,-110.3198152852661,502.617
1597,39,37,9.257928684075008,-104.82738013590287,502.267
1598,39,38,16.351916835306575,-99.10538232853553,502.635
1599,39,39,23.280844927508323,-92.95504969793834,503.643
