0,0,0,0.6930420061648572,-124.19786492395075,502.77
1,0,1,7.8811836747748165,-118.72878219135978,502.273
2,0,2,14.997377624771742,-113.06552401085455,502.504
3,0,3,21.96504996504039,-107.0145091609785,503.395
4,0,4,28.68893919345294,-100.34865434239627,504.825
5,0,5,35.04237432920963,-92.79317421460902,506.639
6,0,6,40.85071255787511,-84.02271954669241,508.658
7,0,7,45.87326142819273,-73.69529593671471,510.701
8,0,8,49.79540535151875,-61.57117057499765,512.601
9,0,9,52.25963173612722,-47.75240697830873,514.218
10,0,10,52.96727690018097,-32.92367355433377,515.457
11,0,11,51.82011930832065,-18.248038820604645,516.273
12,0,12,48.97826542488052,-4.809875562583632,516.669
13,0,13,44.76914768848182,6.8597673042134915,516.705
14,0,14,39.54663820002292,16.76985781816695,516.475
15,0,15,33.607833112926436,25.202889188253884,516.108
16,0,16,27.17530609412829,32.50326175054114,515.745
17,0,17,20.40951877779959,38.98454778227672,515.523
18,0,18,13.427139332700614,44.90830937772625,515.564
19,0,19,6.316757019913722,50.49119672226795,515.957
20,0,20,-0.8492905341959797,55.919988168945,516.745
21,0,21,-8.00576632523585,61.367521654704554,517.925
22,0,22,-15.086707961379048,67.00823338075959,519.442
23,0,23,-22.017365798988102,73.03366234200476,521.196
24,0,24,-28.704675949300647,79.66827587532336,523.047
25,0,25,-35.02471487511056,87.18343056625083,524.83
26,0,26,-40.80644951695884,95.90042534353377,526.371
27,0,27,-45.81373974467065,106.15788049565386,527.504
28,0,28,-49.737236045452335,118.19697000220425,528.085
29,0,29,-52.223366846729036,131.92802713976104,528.008
30,0,30,-52.97247125904477,146.6903882004764,527.219
31,0,31,-51.87831935023833,161.34138985696387,525.719
32,0,32,-49.08969313100011,174.79572871048677,523.57
33,0,33,-44.92543266197547,-173.49474159813943,520.888
34,0,34,-39.73560904378966,-163.5379103921483,517.834
35,0,35,-33.816754939258786,-155.06056646227358,514.604
36,0,36,-27.39229095877584,-147.7215965009866,511.408
37,0,37,-20.623935491319216,-141.20759044803208,508.456
38,0,38,-13.629692861405573,-135.25599583171476,505.938
39,0,39,-6.499467995306149,-129.64882033448447,504.007
40,1,0,4.291771136205491,-112.47637238361676,502.428
41,1,1,11.452746794608784,-106.93292938153188,502.301
42,1,2,18.50516299945707,-101.10170318895769,502.874
43,1,3,25.364470973448878,-94.77436620601961,504.052
44,1,4,31.92153453893116,-87.70139113176958,505.695
45,1,5,38.02798320411102,-79.58163492570175,507.634
46,1,6,43.4782214447819,-70.07323978966778,509.688
47,1,7,47.99402833529251,-58.86294592757424,511.678
48,1,8,51.231503850932704,-45.845920180945164,513.452
49,1,9,52.8452999668883,-31.397730746577466,514.889
50,1,10,52.62115023380141,-16.48936073197474,515.919
51,1,11,50.592710408807264,-2.3259803675996453,516.521
52,1,12,47.0217509069412,10.255182406673768,516.727
53,1,13,42.264227036798424,21.020380161314264,516.615
54,1,14,36.651191237260285,30.149356581406725,516.3
55,1,15,30.442019942058018,37.973871030411594,515.917
56,1,16,23.825950372335996,44.828741088990185,515.608
57,1,17,16.939362622799155,51.001691891023874,515.505
58,1,18,9.883163346924329,56.730178378102735,515.713
59,1,19,2.7365430386091116,62.21390503627419,516.3
60,1,20,-4.432734287843507,67.6307231613362,517.288
61,1,21,-11.560045651375098,73.1523437090229,518.647
62,1,22,-18.576080853609312,78.9597871829071,520.298
63,1,23,-25.3982889475769,85.25908623930228,522.119
64,1,24,-31.919970425611226,92.29675606573251,523.958
65,1,25,-37.99591888105239,100.37014211752512,525.642
66,1,26,-43.42457372394604,109.8170587208398,526.999
67,1,27,-47.93279568938335,120.94915374712588,527.871
68,1,28,-51.181619564329516,133.87739044963936,528.133
69,1,29,-52.8276712486405,148.2452124631381,527.704
70,1,30,-52.65211489640366,163.10666590833202,526.555
71,1,31,-50.67814583004037,177.26732828430428,524.72
72,1,32,-47.15699206760203,-170.121024299125,522.287
73,1,33,-42.43845491724169,-159.31082925823245,519.396
74,1,34,-36.85169485544059,-150.13564490085756,516.228
75,1,35,-30.65638201406428,-142.269520939429,512.988
76,1,36,-24.042901086037695,-135.3790758405584,509.889
77,1,37,-17.14892819446078,-129.17600731937952,507.132
78,1,38,-10.076709563661334,-123.42162758515713,504.891
79,1,39,-2.906759890462292,-117.91485586872605,503.298
80,2,0,0.6930420061648572,-106.19786442305511,502.77
81,2,1,7.8811836747748165,-100.72878852065332,502.273
82,2,2,14.997377624771742,-95.06552350995891,502.504
83,2,3,21.96504996504039,-89.01450866008288,503.395
84,2,4,28.68893919345294,-82.34865384150064,504.825
85,2,5,35.04237432920963,-74.7931737137134,506.639
86,2,6,40.85071255787511,-66.02271904579679,508.658
87,2,7,45.87326142819273,-55.695295435819084,510.701
88,2,8,49.79540535151875,-43.5711734891966,512.601
89,2,9,52.25963173612722,-29.752406477413093,514.218
90,2,10,52.96727690018097,-14.923673053438135,515.457
91,2,11,51.82011930832065,-0.24803818630688082,516.273
92,2,12,48.97826542488052,13.190124938312001,516.669
93,2,13,44.76914768848182,24.859767805109126,516.705
94,2,14,39.54663820002292,34.76986002660988,516.475
95,2,15,33.607833112926436,43.202889689149515,516.108
96,2,16,27.17530609412829,50.50326225143678,515.745
97,2,17,20.40951877779959,56.98454828317235,515.523
98,2,18,13.427139332700614,62.90830987862188,515.564
99,2,19,6.316757019913722,68.49119722316358,515.957
100,2,20,-0.8492905341959797,73.91998866984063,516.745
101,2,21,-8.00576632523585,79.36752215560018,517.925
102,2,22,-15.086707961379048,85.00823388165522,519.442
103,2,23,-22.017365798988102,91.03366284290038,521.196
104,2,24,-28.704675949300647,97.668276376219,523.047
105,2,25,-35.02471487511056,105.18343106714647,524.83
106,2,26,-40.80644951695884,113.90042584442939,526.371
107,2,27,-45.81373974467065,124.15788099654948,527.504
108,2,28,-49.737236045452335,136.19697733328906,528.085
109,2,29,-52.223366846729036,149.9280208104675,528.008
110,2,30,-52.97247125904477,164.69039553156122,527.219
111,2,31,-51.87831935023833,179.34138352767033,525.719
112,2,32,-49.08969313100011,-167.20427397634109,523.57
113,2,33,-44.92543266197547,-155.49474792743297,520.888
114,2,34,-39.73560904378966,-145.53790306106347,517.834
115,2,35,-33.816754939258786,-137.06057279156713,514.604
116,2,36,-27.39229095877584,-129.72160283028012,511.408
117,2,37,-20.623935491319216,-123.2075967773256,508.456
118,2,38,-13.629692861405573,-117.25600216100828,505.938
119,2,39,-6.499467995306149,-111.64882666377801,504.007
120,3,0,4.291771136205491,-94.47637188272112,502.428
121,3,1,11.452746794608784,-88.93292888063624,502.301
122,3,2,18.50516299945707,-83.10170268806205,502.874
123,3,3,25.364470973448878,-76.77436570512398,504.052
124,3,4,31.92153453893116,-69.70139063087396,505.695
125,3,5,38.02798320411102,-61.58163442480611,507.634
126,3,6,43.4782214447819,-52.07323928877215,509.688
127,3,7,47.99402833529251,-40.86294542667861,511.678
128,3,8,51.231503850932704,-27.845917972502235,513.452
129,3,9,52.8452999668883,-13.397729391908186,514.889
130,3,10,52.62115023380141,1.5106398756425958,515.919
131,3,11,50.592710408807264,15.67402056018281,516.521
132,3,12,47.0217509069412,28.255182907569402,516.727
133,3,13,42.264227036798424,39.020378954662604,516.615
134,3,14,36.651191237260285,48.14935708230236,516.3
135,3,15,30.442019942058018,55.973871531307225,515.917
136,3,16,23.825950372335996,62.828745004980405,515.608
137,3,17,16.939362622799155,69.0016923919195,515.505
138,3,18,9.883163346924329,74.73017887899837,515.713
139,3,19,2.7365430386091116,80.21390553716982,516.3
140,3,20,-4.432734287843507,85.63072366223184,517.288
141,3,21,-11.560045651375098,91.15234420991852,518.647
142,3,22,-18.576080853609312,96.95978768380274,520.298
143,3,23,-25.3982889475769,103.25908674019792,522.119
144,3,24,-31.919970425611226,110.29675656662813,523.958
145,3,25,-37.99591888105239,118.37014261842076,525.642
146,3,26,-43.42457372394604,127.81705922173543,526.999
147,3,27,-47.93279568938335,138.94916107821066,527.871
148,3,28,-51.181619564329516,151.87738412034582,528.133
149,3,29,-52.8276712486405,166.24521979422292,527.704
150,3,30,-52.65211489640366,-178.89333677849584,526.555
151,3,31,-50.67814583004037,-164.7326744025236,524.72
152,3,32,-47.15699206760203,-152.12101696804018,522.287
153,3,33,-42.43845491724169,-141.310835587526,519.396
154,3,34,-36.85169485544059,-132.13563756977277,516.228
155,3,35,-30.65638201406428,-124.26951360834417,512.988
156,3,36,-24.042901086037695,-117.37906850947357,509.889
157,3,37,-17.14892819446078,-111.17600681848388,507.132
158,3,38,-10.076709563661334,-105.42163391445067,504.891
159,3,39,-2.906759890462292,-99.91484853764125,503.298
160,4,0,0.6930420061648572,-88.19786392215947,502.77
161,4,1,7.8811836747748165,-82.72878801975769,502.273
162,4,2,14.997377624771742,-77.06552300906328,502.504
163,4,3,21.96504996504039,-71.01450815918724,503.395
164,4,4,28.68893919345294,-64.348653340605,504.825
165,4,5,35.04237432920963,-56.79316979772318,506.639
166,4,6,40.85071255787511,-48.022721959995735,508.658
167,4,7,45.87326142819273,-37.69529493492345,510.701
168,4,8,49.79540535151875,-25.57117128075368,512.601
169,4,9,52.25963173612722,-11.752406830291106,514.218
170,4,10,52.96727690018097,3.0763272340140864,515.457
171,4,11,51.82011930832065,17.75196218118662,516.273
172,4,12,48.97826542488052,31.19012714675493,516.669
173,4,13,44.76914768848182,42.85976830600476,516.705
174,4,14,39.54663820002292,52.76986052750551,516.475
175,4,15,33.607833112926436,61.202893605139735,516.108
176,4,16,27.17530609412829,68.50325933723782,515.745
177,4,17,20.40951877779959,74.98454878406798,515.523
178,4,18,13.427139332700614,80.90831037951752,515.564
179,4,19,6.316757019913722,86.49119772405922,515.957
180,4,20,-0.8492905341959797,91.91998917073626,516.745
181,4,21,-8.00576632523585,97.36752265649582,517.925
182,4,22,-15.086707961379048,103.00823438255085,519.442
183,4,23,-22.017365798988102,109.03366334379602,521.196
184,4,24,-28.704675949300647,115.6682837073038,523.047
185,4,25,-35.02471487511056,123.18343156804211,524.83
186,4,26,-40.80644951695884,131.9004331755142,526.371
187,4,27,-45.81373974467065,142.15788832763428,527.504
188,4,28,-49.737236045452335,154.19697100399551,528.085
189,4,29,-52.223366846729036,167.92802814155232,528.008
190,4,30,-52.97247125904477,-177.30960715526666,527.219
191,4,31,-51.87831935023833,-162.65861915915752,525.719
192,4,32,-49.08969313100011,-149.20428030563463,523.57
193,4,33,-44.92543266197547,-137.49474059634815,520.888
194,4,34,-39.73560904378966,-127.53790939035702,517.834
195,4,35,-33.816754939258786,-119.06056546048232,514.604
196,4,36,-27.39229095877584,-111.72159549919533,511.408
197,4,37,-20.623935491319216,-105.2075894462408,508.456
198,4,38,-13.629692861405573,-99.25600166011264,505.938
199,4,39,-6.499467995306149,-93.64882616288237,504.007
200,5,0,4.291771136205491,-76.47637138182549,502.428
201,5,1,11.452746794608784,-70.93292837974062,502.301
202,5,2,18.50516299945707,-65.10170218716641,502.874
203,5,3,25.364470973448878,-58.774365204228346,504.052
204,5,4,31.92153453893116,-51.70139012997832,505.695
205,5,5,38.02798320411102,-43.58163733900506,507.634
206,5,6,43.4782214447819,-34.07323878787652,509.688
207,5,7,47.99402833529251,-22.862943218235678,511.678
208,5,8,51.231503850932704,-9.84591832538025,513.452
209,5,9,52.8452999668883,4.602271108987448,514.889
210,5,10,52.62115023380141,19.510640269816523,515.919
211,5,11,50.592710408807264,33.67402106107844,516.521
212,5,12,47.0217509069412,46.25518170091774,516.727
213,5,13,42.264227036798424,57.02037945555824,516.615
214,5,14,36.651191237260285,66.149357583198,516.3
215,5,15,30.442019942058018,73.97387203220286,515.917
216,5,16,23.825950372335996,80.82874550587603,515.608
217,5,17,16.939362622799155,87.00169289281514,515.505
218,5,18,9.883163346924329,92.730179379894,515.713
219,5,19,2.7365430386091116,98.21390603806546,516.3
220,5,20,-4.432734287843507,103.63072416312747,517.288
221,5,21,-11.560045651375098,109.15234471081416,518.647
222,5,22,-18.576080853609312,114.95978818469837,520.298
223,5,23,-25.3982889475769,121.25909407128272,522.119
224,5,24,-31.919970425611226,128.29675706752377,523.958
225,5,25,-37.99591888105239,136.37014994950556,525.642
226,5,26,-43.42457372394604,145.81706655282025,526.999
227,5,27,-47.93279568938335,156.94915474891715,527.871
228,5,28,-51.181619564329516,169.87739145143064,528.133
229,5,29,-52.8276712486405,-175.75478289260494,527.704
230,5,30,-52.65211489640366,-160.89332944741105,526.555
231,5,31,-50.67814583004037,-146.73266707143878,524.72
232,5,32,-47.15699206760203,-134.12102329733372,522.287
233,5,33,-42.43845491724169,-123.31082825644118,519.396
234,5,34,-36.85169485544059,-114.13563706887713,516.228
235,5,35,-30.65638201406428,-106.26951993763771,512.988
236,5,36,-24.042901086037695,-99.37907483876711,509.889
237,5,37,-17.14892819446078,-93.17600631758825,507.132
238,5,38,-10.076709563661334,-87.42163341355503,504.891
239,5,39,-2.906759890462292,-81.91484803674561,503.298
240,6,0,0.6930420061648572,-70.19786342126383,502.77
241,6,1,7.8811836747748165,-64.72878751886206,502.273
242,6,2,14.997377624771742,-59.065522508167646,502.504
243,6,3,21.96504996504039,-53.014511073386196,503.395
244,6,4,28.68893919345294,-46.348652839709366,504.825
245,6,5,35.04237432920963,-38.79316929682754,506.639
246,6,6,40.85071255787511,-30.022721459100104,508.658
247,6,7,45.87326142819273,-19.69529614157511,510.701
248,6,8,49.79540535151875,-7.571170779858047,512.601
249,6,9,52.25963173612722,6.247593670604527,514.218
250,6,10,52.96727690018097,21.076327948353132,515.457
251,6,11,51.82011930832065,35.75196268208225,516.273
252,6,12,48.97826542488052,49.19012764765056,516.669
253,6,13,44.76914768848182,60.85976539180581,516.705
254,6,14,39.54663820002292,70.76985761330656,516.475
255,6,15,33.607833112926436,79.20289410603537,516.108
256,6,16,27.17530609412829,86.50325983813346,515.745
257,6,17,20.40951877779959,92.98454928496362,515.523
258,6,18,13.427139332700614,98.90831088041315,515.564
259,6,19,6.316757019913722,104.49119822495484,515.957
260,6,20,-0.8492905341959797,109.9199896716319,516.745
261,6,21,-8.00576632523585,115.36752315739146,517.925
262,6,22,-15.086707961379048,121.00823488344649,519.442
263,6,23,-22.017365798988102,127.03366384469166,521.196
264,6,24,-28.704675949300647,133.66827737801026,523.047
265,6,25,-35.02471487511056,141.18342523874855,524.83
266,6,26,-40.80644951695884,149.90042684622065,526.371
267,6,27,-45.81373974467065,160.15788199834074,527.504
268,6,28,-49.737236045452335,172.19697833508033,528.085
269,6,29,-52.223366846729036,-174.07197454527554,528.008
270,6,30,-52.97247125904477,-159.30959982418184,527.219
271,6,31,-51.87831935023833,-144.6586118280727,525.719
272,6,32,-49.08969313100011,-131.2042729745498,523.57
273,6,33,-44.92543266197547,-119.49474692564169,520.888
274,6,34,-39.73560904378966,-109.53790888946138,517.834
275,6,35,-33.816754939258786,-101.0605649595867,514.604
276,6,36,-27.39229095877584,-93.7215949982997,511.408
277,6,37,-20.623935491319216,-87.20758894534518,508.456
278,6,38,-13.629692861405573,-81.256001159217,505.938
279,6,39,-6.499467995306149,-75.64882566198675,504.007
280,7,0,4.291771136205491,-58.476370880929856,502.428
281,7,1,11.452746794608784,-52.93293129393956,502.301
282,7,2,18.50516299945707,-47.10170851645995,502.874
283,7,3,25.364470973448878,-40.77437153352188,504.052
284,7,4,31.92153453893116,-33.70139304417727,505.695
285,7,5,38.02798320411102,-25.581640253204018,507.634
286,7,6,43.4782214447819,-16.073243409622766,509.688
287,7,7,47.99402833529251,-4.862946132434631,511.678
288,7,8,51.231503850932704,8.154078760420798,513.452
289,7,9,52.8452999668883,22.602269048562142,514.889
290,7,10,52.62115023380141,37.510637355617575,515.919
291,7,11,50.592710408807264,51.67401814687949,516.521
292,7,12,47.0217509069412,64.25518220181337,516.727
293,7,13,42.264227036798424,75.02037995645387,516.615
294,7,14,36.651191237260285,84.14935808409362,516.3
295,7,15,30.442019942058018,91.97386570290932,515.917
296,7,16,23.825950372335996,98.8287391765825,515.608
297,7,17,16.939362622799155,105.0016865635216,515.505
298,7,18,9.883163346924329,110.73017305060047,515.713
299,7,19,2.7365430386091116,116.2139065389611,516.3
300,7,20,-4.432734287843507,121.6307246640231,517.288
301,7,21,-11.560045651375098,127.1523452117098,518.647
302,7,22,-18.576080853609312,132.95978185540483,520.298
303,7,23,-25.3982889475769,139.25908774198916,522.119
304,7,24,-31.919970425611226,146.29675073823023,523.958
305,7,25,-37.99591888105239,154.37014362021202,525.642
306,7,26,-43.42457372394604,163.8170602235267,526.999
307,7,27,-47.93279568938335,174.9491484196236,527.871
308,7,28,-51.181619564329516,-172.12261123539722,528.133
309,7,29,-52.8276712486405,-157.75478922189848,527.704
310,7,30,-52.65211489640366,-142.8933357767046,526.555
311,7,31,-50.67814583004037,-128.73267340073232,524.72
312,7,32,-47.15699206760203,-116.12102962662726,522.287
313,7,33,-42.43845491724169,-105.31083458573472,519.396
314,7,34,-36.85169485544059,-96.13564339817066,516.228
315,7,35,-30.65638201406428,-88.26951943674207,512.988
316,7,36,-24.042901086037695,-81.37907433787147,509.889
317,7,37,-17.14892819446078,-75.17600581669261,507.132
318,7,38,-10.076709563661334,-69.4216329126594,504.891
319,7,39,-2.906759890462292,-63.91485436603915,503.298
320,8,0,0.6930420061648572,-52.19786292036821,502.77
321,8,1,7.8811836747748165,-46.728787017966425,502.273
322,8,2,14.997377624771742,-41.065522007272016,502.504
323,8,3,21.96504996504039,-35.014510572490565,503.395
324,8,4,28.68893919345294,-28.348652338813732,504.825
325,8,5,35.04237432920963,-20.793168795931912,506.639
326,8,6,40.85071255787511,-12.02272095820447,508.658
327,8,7,45.87326142819273,-1.6952951070709485,510.701
328,8,8,49.79540535151875,10.428829721037587,512.601
329,8,9,52.25963173612722,24.247595025273807,514.218
330,8,10,52.96727690018097,39.07632844924876,515.457
331,8,11,51.82011930832065,53.75196318297789,516.273
332,8,12,48.97826542488052,67.1901281485462,516.669
333,8,13,44.76914768848182,78.85976589270145,516.705
334,8,14,39.54663820002292,88.7698581142022,516.475
335,8,15,33.607833112926436,97.202894606931,516.108
336,8,16,27.17530609412829,104.5032603390291,515.745
337,8,17,20.40951877779959,110.98454978585926,515.523
338,8,18,13.427139332700614,116.90831821149796,515.564
339,8,19,6.316757019913722,122.49119189566132,515.957
340,8,20,-0.8492905341959797,127.91999017252753,516.745
341,8,21,-8.00576632523585,133.3675168280979,517.925
342,8,22,-15.086707961379048,139.0082422145313,519.442
343,8,23,-22.017365798988102,145.03365751539812,521.196
344,8,24,-28.704675949300647,151.66828470909508,523.047
345,8,25,-35.02471487511056,159.18343256983337,524.83
346,8,26,-40.80644951695884,167.90043417730547,526.371
347,8,27,-45.81373974467065,178.15788932942556,527.504
348,8,28,-49.737236045452335,-169.80302435174752,528.085
349,8,29,-52.223366846729036,-156.07198087456908,528.008
350,8,30,-52.97247125904477,-141.30960615347539,527.219
351,8,31,-51.87831935023833,-126.65861815736625,525.719
352,8,32,-49.08969313100011,-113.20427247365419,523.57
353,8,33,-44.92543266197547,-101.49474642474607,520.888
354,8,34,-39.73560904378966,-91.53790838856575,517.834
355,8,35,-33.816754939258786,-83.06056445869106,514.604
356,8,36,-27.39229095877584,-75.72159449740406,511.408
357,8,37,-20.623935491319216,-69.20758844444954,508.456
358,8,38,-13.629692861405573,-63.256000658321376,505.938
359,8,39,-6.499467995306149,-57.64882516109111,504.007
360,9,0,4.291771136205491,-40.47637379512881,502.428
361,9,1,11.452746794608784,-34.93293079304393,502.301
362,9,2,18.50516299945707,-29.10170801556432,502.874
363,9,3,25.364470973448878,-22.774369325078954,504.052
364,9,4,31.92153453893116,-15.701390835734344,505.695
365,9,5,38.02798320411102,-7.581638898534737,507.634
366,9,6,43.4782214447819,1.9267575181596925,509.688
367,9,7,47.99402833529251,13.137054368461003,511.678
368,9,8,51.231503850932704,26.15408011509008,513.452
369,9,9,52.8452999668883,40.60226784191048,514.889
370,9,10,52.62115023380141,55.510637856513206,515.919
371,9,11,50.592710408807264,69.67401523268055,516.521
372,9,12,47.0217509069412,82.255182702709,516.727
373,9,13,42.264227036798424,93.0203804573495,516.615
374,9,14,36.651191237260285,102.14935858498926,516.3
375,9,15,30.442019942058018,109.97386620380496,515.917
376,9,16,23.825950372335996,116.8287465076673,515.608
377,9,17,16.939362622799155,123.0016938946064,515.505
378,9,18,9.883163346924329,128.7301735514961,515.713
379,9,19,2.7365430386091116,134.21390020966757,516.3
380,9,20,-4.432734287843507,139.63071833472958,517.288
381,9,21,-11.560045651375098,145.15233888241625,518.647
382,9,22,-18.576080853609312,150.95978918648964,520.298
383,9,23,-25.3982889475769,157.25908141269565,522.119
384,9,24,-31.919970425611226,164.29675806931505,523.958
385,9,25,-37.99591888105239,172.37013729091848,525.642
386,9,26,-43.42457372394604,-178.18294246330117,526.999
387,9,27,-47.93279568938335,-167.05084060682591,527.871
388,9,28,-51.181619564329516,-154.12261756469076,528.133
389,9,29,-52.8276712486405,-139.7547818908137,527.704
390,9,30,-52.65211489640366,-124.89334210599812,526.555
391,9,31,-50.67814583004037,-110.73267289983669,524.72
392,9,32,-47.15699206760203,-98.12102229554246,522.287
393,9,33,-42.43845491724169,-87.31083408483909,519.396
394,9,34,-36.85169485544059,-78.13564289727503,516.228
395,9,35,-30.65638201406428,-70.26951893584645,512.988
396,9,36,-24.042901086037695,-63.37907383697584,509.889
397,9,37,-17.14892819446078,-57.17600531579698,507.132
398,9,38,-10.076709563661334,-51.42163582685835,504.891
399,9,39,-2.906759890462292,-45.91485386514351,503.298
400,10,0,0.6930420061648572,-34.19786241947257,502.77
401,10,1,7.8811836747748165,-28.72878651707079,502.273
402,10,2,14.997377624771742,-23.06552150637638,502.504
403,10,3,21.96504996504039,-17.014508364047636,503.395
404,10,4,28.68893919345294,-10.3486518379181,504.825
405,10,5,35.04237432920963,-2.793168508479691,506.639
406,10,6,40.85071255787511,5.977279542691163,508.658
407,10,7,45.87326142819273,16.304704860216155,510.701
408,10,8,49.79540535151875,28.42883022193322,512.601
409,10,9,52.25963173612722,42.24759552616944,514.218
410,10,10,52.96727690018097,57.0763289501444,515.457
411,10,11,51.82011930832065,71.75196368387353,516.273
412,10,12,48.97826542488052,85.19012864944183,516.669
413,10,13,44.76914768848182,96.85976639359707,516.705
414,10,14,39.54663820002292,106.76985861509782,516.475
415,10,15,33.607833112926436,115.20288827763747,516.108
416,10,16,27.17530609412829,122.5032676701139,515.745
417,10,17,20.40951877779959,128.98454345656572,515.523
418,10,18,13.427139332700614,134.9083118822044,515.564
419,10,19,6.316757019913722,140.49119922674612,515.957
420,10,20,-0.8492905341959797,145.91998384323398,516.745
421,10,21,-8.00576632523585,151.36752415918272,517.925
422,10,22,-15.086707961379048,157.00823588523775,519.442
423,10,23,-22.017365798988102,163.0336648464829,521.196
424,10,24,-28.704675949300647,169.66827837980154,523.047
425,10,25,-35.02471487511056,177.18342624053983,524.83
426,10,26,-40.80644951695884,-174.09956850952238,526.371
427,10,27,-45.81373974467065,-163.8421133574023,527.504
428,10,28,-49.737236045452335,-151.80303068104107,528.085
429,10,29,-52.223366846729036,-138.0719735434843,528.008
430,10,30,-52.97247125904477,-123.30959882239058,527.219
431,10,31,-51.87831935023833,-108.65861082628145,525.719
432,10,32,-49.08969313100011,-95.20427197275855,523.57
433,10,33,-44.92543266197547,-83.49474592385043,520.888
434,10,34,-39.73560904378966,-73.53790788767012,517.834
435,10,35,-33.816754939258786,-65.06056395779542,514.604
436,10,36,-27.39229095877584,-57.721593996508425,511.408
437,10,37,-20.623935491319216,-51.207587943553904,508.456
438,10,38,-13.629692861405573,-45.25599674233116,505.938
439,10,39,-6.499467995306149,-39.64882124510089,504.007
440,11,0,4.291771136205491,-22.476371586685882,502.428
441,11,1,11.452746794608784,-16.932930292148296,502.301
442,11,2,18.50516299945707,-11.101707514668686,502.874
443,11,3,25.364470973448878,-4.774369251070143,504.052
444,11,4,31.92153453893116,2.2986096651612886,505.695
445,11,5,38.02798320411102,10.418361602360896,507.634
446,11,6,43.4782214447819,19.926757592168503,509.688
447,11,7,47.99402833529251,31.137053161809344,511.678
448,11,8,51.231503850932704,44.15407890843842,513.452
449,11,9,52.8452999668883,58.6022717579007,514.889
450,11,10,52.62115023380141,73.51064177250342,515.919
451,11,11,50.592710408807264,87.67401573357617,516.521
452,11,12,47.0217509069412,100.25518320360464,516.727
453,11,13,42.264227036798424,111.02038095824514,516.615
454,11,14,36.651191237260285,120.14935225569572,516.3
455,11,15,30.442019942058018,127.97386670470058,515.917
456,11,16,23.825950372335996,134.82874017837378,515.608
457,11,17,16.939362622799155,141.00168756531286,515.505
458,11,18,9.883163346924329,146.7301808825809,515.713
459,11,19,2.7365430386091116,152.21390754075236,516.3
460,11,20,-4.432734287843507,157.63072566581437,517.288
461,11,21,-11.560045651375098,163.15234621350106,518.647
462,11,22,-18.576080853609312,168.9597828571961,520.298
463,11,23,-25.3982889475769,175.25908874378044,522.119
464,11,24,-31.919970425611226,-177.70324461751284,523.958
465,11,25,-37.99591888105239,-169.62985173553105,525.642
466,11,26,-43.42457372394604,-160.18293513221636,526.999
467,11,27,-47.93279568938335,-149.05084693611946,527.871
468,11,28,-51.181619564329516,-136.12261023360597,528.133
469,11,29,-52.8276712486405,-121.75478822010722,527.704
470,11,30,-52.65211489640366,-106.89333477491331,526.555
471,11,31,-50.67814583004037,-92.73267239894106,524.72
472,11,32,-47.15699206760203,-80.12102179464682,522.287
473,11,33,-42.43845491724169,-69.31083358394345,519.396
474,11,34,-36.85169485544059,-60.135642396379396,516.228
475,11,35,-30.65638201406428,-52.26951843495081,512.988
476,11,36,-24.042901086037695,-45.379073336080204,509.889
477,11,37,-17.14892819446078,-39.17600481490135,507.132
478,11,38,-10.076709563661334,-33.42163532596272,504.891
479,11,39,-2.906759890462292,-27.91485165670059,503.298
480,12,0,0.6930420061648572,-16.19786191857694,502.77
481,12,1,7.8811836747748165,-10.728785162401513,502.273
482,12,2,14.997377624771742,-5.0655201517071005,502.504
483,12,3,21.96504996504039,0.9854916032394684,503.395
484,12,4,28.68893919345294,7.651348662977534,504.825
485,12,5,35.04237432920963,15.206832205859355,506.639
486,12,6,40.85071255787511,23.9772800435868,508.658
487,12,7,45.87326142819273,34.304707068659084,510.701
488,12,8,49.79540535151875,46.42882901528156,512.601
489,12,9,52.25963173612722,60.24759602706507,514.218
490,12,10,52.96727690018097,75.07632603594544,515.457
491,12,11,51.82011930832065,89.75196418476915,516.273
492,12,12,48.97826542488052,103.19012915033746,516.669
493,12,13,44.76914768848182,114.85976689449271,516.705
494,12,14,39.54663820002292,124.76986594618263,516.475
495,12,15,33.607833112926436,133.20289560872226,516.108
496,12,16,27.17530609412829,140.50326134082036,515.745
497,12,17,20.40951877779959,146.9845507876505,515.523
498,12,18,13.427139332700614,152.90831921328922,515.564
499,12,19,6.316757019913722,158.49119289745258,515.957
500,12,20,-0.8492905341959797,163.9199911743188,516.745
501,12,21,-8.00576632523585,169.36751782988918,517.925
502,12,22,-15.086707961379048,175.00824321632257,519.442
503,12,23,-22.017365798988102,-178.96633784034495,521.196
504,12,24,-28.704675949300647,-172.33172430702635,523.047
505,12,25,-35.02471487511056,-164.8165627859097,524.83
506,12,26,-40.80644951695884,-156.09957483881593,526.371
507,12,27,-45.81373974467065,-145.84211968669584,527.504
508,12,28,-49.737236045452335,-133.80302334995628,528.085
509,12,29,-52.223366846729036,-120.07197987277782,528.008
510,12,30,-52.97247125904477,-105.30960515168412,527.219
511,12,31,-51.87831935023833,-90.65861032538582,525.719
512,12,32,-49.08969313100011,-77.20427147186292,523.57
513,12,33,-44.92543266197547,-65.4947454229548,520.888
514,12,34,-39.73560904378966,-55.537903971679896,517.834
515,12,35,-33.816754939258786,-47.06056687199438,514.604
516,12,36,-27.39229095877584,-39.721596910707376,511.408
517,12,37,-20.623935491319216,-33.20758744265827,508.456
518,12,38,-13.629692861405573,-27.25599794898282,505.938
519,12,39,-6.499467995306149,-21.64882074420526,504.007
520,13,0,4.291771136205491,-4.476365109374726,502.428
521,13,1,11.452746794608784,1.0670777859884475,502.301
522,13,2,18.50516299945707,6.8982998164161184,502.874
523,13,3,25.364470973448878,13.225638506901483,504.052
524,13,4,31.92153453893116,20.298616996246093,505.695
525,13,5,38.02798320411102,28.418368079672053,507.634
526,13,6,43.4782214447819,37.9267666308006,509.688
527,13,7,47.99402833529251,49.13706049289414,511.678
528,13,8,51.231503850932704,62.154086239523224,513.452
529,13,9,52.8452999668883,76.60227908898551,514.889
530,13,10,52.62115023380141,91.51064910358822,515.919
531,13,11,50.592710408807264,105.67402306466097,516.521
532,13,12,47.0217509069412,118.25519053468945,516.727
533,13,13,42.264227036798424,129.02038828932993,516.615
534,13,14,36.651191237260285,138.14935958678052,516.3
535,13,15,30.442019942058018,145.9738740357854,515.917
536,13,16,23.825950372335996,152.82874750945857,515.608
537,13,17,16.939362622799155,159.00169489639768,515.505
538,13,18,9.883163346924329,164.7301882136657,515.713
539,13,19,2.7365430386091116,170.21391487183718,516.3
540,13,20,-4.432734287843507,175.63073299689918,517.288
541,13,21,-11.560045651375098,-178.84764281294846,518.647
542,13,22,-18.576080853609312,-173.04020616925342,520.298
543,13,23,-25.3982889475769,-166.7409002826691,522.119
544,13,24,-31.919970425611226,-159.70323728642802,523.958
545,13,25,-37.99591888105239,-151.62984440444623,525.642
546,13,26,-43.42457372394604,-142.18292780113154,526.999
547,13,27,-47.93279568938335,-131.05083960503464,527.871
548,13,28,-51.181619564329516,-118.12260290252115,528.133
549,13,29,-52.8276712486405,-103.75478088902241,527.704
550,13,30,-52.65211489640366,-88.89332744382851,526.555
551,13,31,-50.67814583004037,-74.73266506785626,524.72
552,13,32,-47.15699206760203,-62.12101446356202,522.287
553,13,33,-42.43845491724169,-51.31082625285865,519.396
554,13,34,-36.85169485544059,-42.13563506529459,516.228
555,13,35,-30.65638201406428,-34.26951110386601,512.988
556,13,36,-24.042901086037695,-27.379067712542696,509.889
557,13,37,-17.14892819446078,-21.17599748381654,507.132
558,13,38,-10.076709563661334,-15.421627994877914,504.891
559,13,39,-2.906759890462292,-9.914844325615787,503.298
560,14,0,0.6930420061648572,1.802131965572936,502.77
561,14,1,7.8811836747748165,7.271208508304951,502.273
562,14,2,14.997377624771742,12.934473518999363,502.504
563,14,3,21.96504996504039,18.98548580755446,503.395
564,14,4,28.68893919345294,25.651342333683996,504.825
565,14,5,35.04237432920963,33.206825876565816,506.639
566,14,6,40.85071255787511,41.97727371429326,508.658
567,14,7,45.87326142819273,52.30470073936554,510.701
568,14,8,49.79540535151875,64.4288261010826,512.601
569,14,9,52.25963173612722,78.24758969777153,514.218
570,14,10,52.96727690018097,93.07631970665192,515.457
571,14,11,51.82011930832065,107.75195785547562,516.273
572,14,12,48.97826542488052,121.19012282104393,516.669
573,14,13,44.76914768848182,132.85976056519917,516.705
574,14,14,39.54663820002292,142.76985961688908,516.475
575,14,15,33.607833112926436,151.20288927942875,516.108
576,14,16,27.17530609412829,158.50325501152682,515.745
577,14,17,20.40951877779959,164.984544458357,515.523
578,14,18,13.427139332700614,170.90831288399568,515.564
579,14,19,6.316757019913722,176.49118656815904,515.957
580,14,20,-0.8492905341959797,-178.08001151250906,516.745
581,14,21,-8.00576632523585,-172.63248485693867,517.925
582,14,22,-15.086707961379048,-166.99177313088364,519.442
583,14,23,-22.017365798988102,-160.9663441696385,521.196
584,14,24,-28.704675949300647,-154.33173063631986,523.047
585,14,25,-35.02471487511056,-146.81656911520324,524.83
586,14,26,-40.80644951695884,-138.09958116810947,526.371
587,14,27,-45.81373974467065,-127.84212601598938,527.504
588,14,28,-49.737236045452335,-115.8030296792498,528.085
589,14,29,-52.223366846729036,-102.07197937188218,528.008
590,14,30,-52.97247125904477,-87.30961148097765,527.219
591,14,31,-51.87831935023833,-72.65861665467935,525.719
592,14,32,-49.08969313100011,-59.20427780115646,523.57
593,14,33,-44.92543266197547,-47.49474833715375,520.888
594,14,34,-39.73560904378966,-37.53791030097343,517.834
595,14,35,-33.816754939258786,-29.060573201287916,514.604
596,14,36,-27.39229095877584,-21.721601532453622,511.408
597,14,37,-20.623935491319216,-15.207595479499103,508.456
598,14,38,-13.629692861405573,-9.256004278276357,505.938
599,14,39,-6.499467995306149,-3.64882750038562,504.007
600,15,0,4.291771136205491,13.523628561331737,502.428
601,15,1,11.452746794608784,19.06707070964297,502.301
602,15,2,18.50516299945707,24.898293487122583,502.874
603,15,3,25.364470973448878,31.225630470060654,504.052
604,15,4,31.92153453893116,38.298608959405264,505.695
605,15,5,38.02798320411102,46.418361750378516,507.634
606,15,6,43.4782214447819,55.92676030150706,509.688
607,15,7,47.99402833529251,67.13705757869519,511.678
608,15,8,51.231503850932704,80.15407991022968,513.452
609,15,9,52.8452999668883,94.60227275969197,514.889
610,15,10,52.62115023380141,109.5106427742947,515.919
611,15,11,50.592710408807264,123.67401673536745,516.521
612,15,12,47.0217509069412,136.25518420539592,516.727
613,15,13,42.264227036798424,147.02038196003642,516.615
614,15,14,36.651191237260285,156.14935325748698,516.3
615,15,15,30.442019942058018,163.97386770649186,515.917
616,15,16,23.825950372335996,170.82874118016503,515.608
617,15,17,16.939362622799155,177.00168856710414,515.505
618,15,18,9.883163346924329,-177.2698281335405,515.713
619,15,19,2.7365430386091116,-171.7860878149907,516.3
620,15,20,-4.432734287843507,-166.36928335030703,517.288
621,15,21,-11.560045651375098,-160.847649142242,518.647
622,15,22,-18.576080853609312,-155.04021249854696,520.298
623,15,23,-25.3982889475769,-148.74090661196263,522.119
624,15,24,-31.919970425611226,-141.70324361572156,523.958
625,15,25,-37.99591888105239,-133.62985073373977,525.642
626,15,26,-43.42457372394604,-124.1829341304251,526.999
627,15,27,-47.93279568938335,-113.0508459343282,527.871
628,15,28,-51.181619564329516,-100.12261606200387,528.133
629,15,29,-52.8276712486405,-85.75478721831595,527.704
630,15,30,-52.65211489640366,-70.89333377312205,526.555
631,15,31,-50.67814583004037,-56.732671397149794,524.72
632,15,32,-47.15699206760203,-44.12102079285556,522.287
633,15,33,-42.43845491724169,-33.31083258215219,519.396
634,15,34,-36.85169485544059,-24.135639687040836,516.228
635,15,35,-30.65638201406428,-16.269519140706834,512.988
636,15,36,-24.042901086037695,-9.379073188062586,509.889
637,15,37,-17.14892819446078,-3.176004239996902,507.132
638,15,38,-10.076709563661334,2.5783661027153717,504.891
639,15,39,-2.906759890462292,8.085149345090676,503.298
640,16,0,0.6930420061648572,19.80213908321433,502.77
641,16,1,7.8811836747748165,25.2712166931634,502.273
642,16,2,14.997377624771742,30.93447999631052,502.504
643,16,3,21.96504996504039,36.98549143109197,503.395
644,16,4,28.68893919345294,43.6513496647688,504.825
645,16,5,35.04237432920963,51.20683320765062,506.639
646,16,6,40.85071255787511,59.977284460472646,508.658
647,16,7,45.87326142819273,70.30470807045035,510.701
648,16,8,49.79540535151875,82.42883343216741,512.601
649,16,9,52.25963173612722,96.24759702885633,514.218
650,16,10,52.96727690018097,111.07632703773672,515.457
651,16,11,51.82011930832065,125.75196518656043,516.273
652,16,12,48.97826542488052,139.19013015212872,516.669
653,16,13,44.76914768848182,150.85976789628398,516.705
654,16,14,39.54663820002292,160.7698669479739,516.475
655,16,15,33.607833112926436,169.20289661051353,516.108
656,16,16,27.17530609412829,176.50326234261163,515.745
657,16,17,20.40951877779959,-177.01544456809253,515.523
658,16,18,13.427139332700614,-171.09168980283218,515.564
659,16,19,6.316757019913722,-165.5088024582905,515.957
660,16,20,-0.8492905341959797,-160.08000418142427,516.745
661,16,21,-8.00576632523585,-154.6324775258539,517.925
662,16,22,-15.086707961379048,-148.99176579979886,519.442
663,16,23,-22.017365798988102,-142.96633683855367,521.196
664,16,24,-28.704675949300647,-136.33172330523507,523.047
665,16,25,-35.02471487511056,-128.81656178411842,524.83
666,16,26,-40.80644951695884,-120.09957383702466,526.371
667,16,27,-45.81373974467065,-109.84211185471541,527.504
668,16,28,-49.737236045452335,-97.803022348165,528.085
669,16,29,-52.223366846729036,-84.07197204079738,528.008
670,16,30,-52.97247125904477,-69.30960414989285,527.219
671,16,31,-51.87831935023833,-54.658612738689136,525.719
672,16,32,-49.08969313100011,-41.204270470071656,523.57
673,16,33,-44.92543266197547,-29.494741006068946,520.888
674,16,34,-39.73560904378966,-19.53790296988863,517.834
675,16,35,-33.816754939258786,-11.060565016429468,514.604
676,16,36,-27.39229095877584,-3.7215942013688204,511.408
677,16,37,-20.623935491319216,2.792412491915935,508.456
678,16,38,-13.629692861405573,8.744003052808447,505.938
679,16,39,-6.499467995306149,14.351180257586007,504.007
680,17,0,4.291771136205491,31.523621378264554,502.428
681,17,1,11.452746794608784,37.067064380349436,502.301
682,17,2,18.50516299945707,42.898287157829046,502.874
683,17,3,25.364470973448878,49.22562414076712,504.052
684,17,4,31.92153453893116,56.29860263011172,505.695
685,17,5,38.02798320411102,64.41835542108498,507.634
686,17,6,43.4782214447819,73.92675055711894,509.688
687,17,7,47.99402833529251,85.13705124940167,511.678
688,17,8,51.231503850932704,98.15407358093616,513.452
689,17,9,52.8452999668883,112.60226643039843,514.889
690,17,10,52.62115023380141,127.51062961481199,515.919
691,17,11,50.592710408807264,141.6740104060739,516.521
692,17,12,47.0217509069412,154.25517787610238,516.727
693,17,13,42.264227036798424,165.02037563074288,516.615
694,17,14,36.651191237260285,174.14934692819344,516.3
695,17,15,30.442019942058018,-178.026134980336,515.917
696,17,16,23.825950372335996,-171.17126150666283,515.608
697,17,17,16.939362622799155,-164.99831411972372,515.505
698,17,18,9.883163346924329,-159.26983446283404,515.713
699,17,19,2.7365430386091116,-153.78609414428425,516.3
700,17,20,-4.432734287843507,-148.36928967960057,517.288
701,17,21,-11.560045651375098,-142.84765547153555,518.647
702,17,22,-18.576080853609312,-137.0402188278405,520.298
703,17,23,-25.3982889475769,-130.74091294125614,522.119
704,17,24,-31.919970425611226,-123.7032499450151,523.958
705,17,25,-37.99591888105239,-115.6298570630333,525.642
706,17,26,-43.42457372394604,-106.1829472899078,526.999
707,17,27,-47.93279568938335,-95.05085226362172,527.871
708,17,28,-51.181619564329516,-82.1226223912974,528.133
709,17,29,-52.8276712486405,-67.7547935476095,527.704
710,17,30,-52.65211489640366,-52.89334351751017,526.555
711,17,31,-50.67814583004037,-38.73267772644333,524.72
712,17,32,-47.15699206760203,-26.121028829696385,522.287
713,17,33,-42.43845491724169,-15.310838911445723,519.396
714,17,34,-36.85169485544059,-6.135646443221195,516.228
715,17,35,-30.65638201406428,1.7304746367213337,512.988
716,17,36,-24.042901086037695,8.620920482643879,509.889
717,17,37,-17.14892819446078,14.823989857596384,507.132
718,17,38,-10.076709563661334,20.578359346535013,504.891
719,17,39,-2.906759890462292,26.08514301579714,503.298
720,18,0,0.6930420061648572,37.802132753920795,502.77
721,18,1,7.8811836747748165,43.27120865632257,502.273
722,18,2,14.997377624771742,48.93447366701698,502.504
723,18,3,21.96504996504039,54.98548510179843,503.395
724,18,4,28.68893919345294,61.65134333547526,504.825
725,18,5,35.04237432920963,69.2068234632625,506.639
726,18,6,40.85071255787511,77.97727813117912,508.658
727,18,7,45.87326142819273,88.3047017411568,510.701
728,18,8,49.79540535151875,100.42882710287388,512.601
729,18,9,52.25963173612722,114.2475906995628,514.218
730,18,10,52.96727690018097,129.07632753863234,515.457
731,18,11,51.82011930832065,143.75195885726689,516.273
732,18,12,48.97826542488052,157.1901238228352,516.669
733,18,13,44.76914768848182,168.85976156699044,516.705
734,18,14,39.54663820002292,178.76986061868035,516.475
735,18,15,33.607833112926436,-172.79711973669268,516.108
736,18,16,27.17530609412829,-165.49674034421625,515.745
737,18,17,20.40951877779959,-159.01545089738607,515.523
738,18,18,13.427139332700614,-153.09169613212572,515.564
739,18,19,6.316757019913722,-147.50880878758403,515.957
740,18,20,-0.8492905341959797,-142.0800105107178,516.745
741,18,21,-8.00576632523585,-136.6324838551474,517.925
742,18,22,-15.086707961379048,-130.9917721290924,519.442
743,18,23,-22.017365798988102,-124.96634316784721,521.196
744,18,24,-28.704675949300647,-118.33172963452861,523.047
745,18,25,-35.02471487511056,-110.81657494360113,524.83
746,18,26,-40.80644951695884,-102.09957333612904,526.371
747,18,27,-45.81373974467065,-91.84211818400894,527.504
748,18,28,-49.737236045452335,-79.80302867745854,528.085
749,18,29,-52.223366846729036,-66.07197837009092,528.008
750,18,30,-52.97247125904477,-51.30961047918639,527.219
751,18,31,-51.87831935023833,-36.65861906798267,525.719
752,18,32,-49.08969313100011,-23.20427850691248,523.57
753,18,33,-44.92543266197547,-11.494747335362485,520.888
754,18,34,-39.73560904378966,-1.5379101529558123,517.834
755,18,35,-33.816754939258786,6.939429081163819,514.604
756,18,36,-27.39229095877584,14.278399469337643,511.408
757,18,37,-20.623935491319216,20.792405522292164,508.456
758,18,38,-13.629692861405573,26.74399672351491,505.938
759,18,39,-6.499467995306149,32.35117392829247,504.007
760,19,0,4.291771136205491,49.52362870934936,502.428
761,19,1,11.452746794608784,55.06707171143424,502.301
762,19,2,18.50516299945707,60.89829448891385,502.874
763,19,3,25.364470973448878,67.22563147185193,504.052
764,19,4,31.92153453893116,74.29861337629112,505.695
765,19,5,38.02798320411102,82.41836275216978,507.634
766,19,6,43.4782214447819,91.92675788820374,509.688
767,19,7,47.99402833529251,103.13705858048647,511.678
768,19,8,51.231503850932704,116.15408774221012,513.452
769,19,9,52.8452999668883,130.60227376148325,514.889
770,19,10,52.62115023380141,145.51063694589678,515.919
771,19,11,50.592710408807264,159.67401773715872,516.521
772,19,12,47.0217509069412,172.25518520718717,516.727
773,19,13,42.264227036798424,-176.97961339570665,516.615
774,19,14,36.651191237260285,-167.85064209825606,516.3
775,19,15,30.442019942058018,-160.0261276492512,515.917
776,19,16,23.825950372335996,-153.17125417557804,515.608
777,19,17,16.939362622799155,-146.99830678863893,515.505
778,19,18,9.883163346924329,-141.26982713174922,515.713
779,19,19,2.7365430386091116,-135.78608681319943,516.3
780,19,20,-4.432734287843507,-130.36928234851575,517.288
781,19,21,-11.560045651375098,-124.84764814045073,518.647
782,19,22,-18.576080853609312,-119.04021149675569,520.298
783,19,23,-25.3982889475769,-112.74091244036052,522.119
784,19,24,-31.919970425611226,-105.70324261393029,523.958
785,19,25,-37.99591888105239,-97.62985656213768,525.642
786,19,26,-43.42457372394604,-88.182939958823,526.999
787,19,27,-47.93279568938335,-77.05084493253692,527.871
788,19,28,-51.181619564329516,-64.1226150602126,528.133
789,19,29,-52.8276712486405,-49.754786216524685,527.704
790,19,30,-52.65211489640366,-34.893336186425365,526.555
791,19,31,-50.67814583004037,-20.732672102905816,524.72
792,19,32,-47.15699206760203,-8.121021498611583,522.287
793,19,33,-42.43845491724169,2.689167565865434,519.396
794,19,34,-36.85169485544059,11.86436131475043,516.228
795,19,35,-30.65638201406428,19.73048186108443,512.988
796,19,36,-24.042901086037695,26.620926959955035,509.889
797,19,37,-17.14892819446078,32.82399718868119,507.132
798,19,38,-10.076709563661334,38.57836667761981,504.891
799,19,39,-2.906759890462292,44.08514863933465,503.298
800,20,0,0.6930420061648572,55.8021400850056,502.77
801,20,1,7.8811836747748165,61.27121598740737,502.273
802,20,2,14.997377624771742,66.93448099810179,502.504
803,20,3,21.96504996504039,72.98549584797782,503.395
804,20,4,28.68893919345294,79.65135066656006,504.825
805,20,5,35.04237432920963,87.2068307943473,506.639
806,20,6,40.85071255787511,95.97728546226392,508.658
807,20,7,45.87326142819273,106.30470907224162,510.701
808,20,8,49.79540535151875,118.4288276037695,512.601
809,20,9,52.25963173612722,132.2475980306476,514.218
810,20,10,52.96727690018097,147.07633486971716,515.457
811,20,11,51.82011930832065,161.75196618835167,516.273
812,20,12,48.97826542488052,175.19013115392,516.669
813,20,13,44.76914768848182,-173.14022745945908,516.705
814,20,14,39.54663820002292,-163.2301420681475,516.475
815,20,15,33.607833112926436,-154.79711240560786,516.108
816,20,16,27.17530609412829,-147.49673301313143,515.745
817,20,17,20.40951877779959,-141.0154435663013,515.523
818,20,18,13.427139332700614,-135.0916888010409,515.564
819,20,19,6.316757019913722,-129.5088014564992,515.957
820,20,20,-0.8492905341959797,-124.080003179633,516.745
821,20,21,-8.00576632523585,-118.63247652406261,517.925
822,20,22,-15.086707961379048,-112.99175796781842,519.442
823,20,23,-22.017365798988102,-106.96633583676241,521.196
824,20,24,-28.704675949300647,-100.33171547325463,523.047
825,20,25,-35.02471487511056,-92.81656761251632,524.83
826,20,26,-40.80644951695884,-84.09956600504424,526.371
827,20,27,-45.81373974467065,-73.84211085292414,527.504
828,20,28,-49.737236045452335,-61.80302134637374,528.085
829,20,29,-52.223366846729036,-48.071971039006115,528.008
830,20,30,-52.97247125904477,-33.30960314810159,527.219
831,20,31,-51.87831935023833,-18.658611736897868,525.719
832,20,32,-49.08969313100011,-5.204270322054032,523.57
833,20,33,-44.92543266197547,6.505259995722319,520.888
834,20,34,-39.73560904378966,16.462098031902638,517.834
835,20,35,-33.816754939258786,24.939436839135446,514.604
836,20,36,-27.39229095877584,32.278405092875154,511.408
837,20,37,-20.623935491319216,38.79241456092426,508.456
838,20,38,-13.629692861405573,44.744005762147005,505.938
839,20,39,-6.499467995306149,50.35118125937727,504.007
840,21,0,4.291771136205491,67.52362579515041,502.428
841,21,1,11.452746794608784,73.06706879723528,502.301
842,21,2,18.50516299945707,78.89828815962031,502.874
843,21,3,25.364470973448878,85.22562514255839,504.052
844,21,4,31.92153453893116,92.29860704699757,505.695
845,21,5,38.02798320411102,100.41835642287624,507.634
846,21,6,43.4782214447819,109.92675155891021,509.688
847,21,7,47.99402833529251,121.13705225119293,511.678
848,21,8,51.231503850932704,134.15408141291658,513.452
849,21,9,52.8452999668883,148.6022674321897,514.889
850,21,10,52.62115023380141,163.51063061660324,515.919
851,21,11,50.592710408807264,177.67401140786518,516.521
852,21,12,47.0217509069412,-169.7448174796407,516.727
853,21,13,42.264227036798424,-158.9796197250002,516.615
854,21,14,36.651191237260285,-149.8506484275496,516.3
855,21,15,30.442019942058018,-142.02613397854475,515.917
856,21,16,23.825950372335996,-135.17126050487155,515.608
857,21,17,16.939362622799155,-128.99831311793247,515.505
858,21,18,9.883163346924329,-123.26983346104277,515.713
859,21,19,2.7365430386091116,-117.78609314249297,516.3
860,21,20,-4.432734287843507,-112.36928184762013,517.288
861,21,21,-11.560045651375098,-106.84766129993343,518.647
862,21,22,-18.576080853609312,-101.04021782604923,520.298
863,21,23,-25.3982889475769,-94.74091876965406,522.119
864,21,24,-31.919970425611226,-87.70324894322383,523.958
865,21,25,-37.99591888105239,-79.6298628914312,525.642
866,21,26,-43.42457372394604,-70.18294628811653,526.999
867,21,27,-47.93279568938335,-59.05085126183046,527.871
868,21,28,-51.181619564329516,-46.122621389506136,528.133
869,21,29,-52.8276712486405,-31.754792545818223,527.704
870,21,30,-52.65211489640366,-16.893342515718903,526.555
871,21,31,-50.67814583004037,-2.732678005312531,524.72
872,21,32,-47.15699206760203,9.87897217209488,522.287
873,21,33,-42.43845491724169,20.689162090345544,519.396
874,21,34,-36.85169485544059,29.864353277909604,516.228
875,21,35,-30.65638201406428,37.730477239338185,512.988
876,21,36,-24.042901086037695,44.62092233820879,509.889
877,21,37,-17.14892819446078,50.82399085938765,507.132
878,21,38,-10.076709563661334,56.57836034832628,504.891
879,21,39,-2.906759890462292,62.085142310041114,503.298
880,22,0,0.6930420061648572,73.80213375571206,502.77
881,22,1,7.8811836747748165,79.27120965811383,502.273
882,22,2,14.997377624771742,84.93447466880825,502.504
883,22,3,21.96504996504039,90.98548951868429,503.395
884,22,4,28.68893919345294,97.65134433726654,504.825
885,22,5,35.04237432920963,105.20682446505377,506.639
886,22,6,40.85071255787511,113.97727913297038,508.658
887,22,7,45.87326142819273,124.30470274294808,510.701
888,22,8,49.79540535151875,136.42882127447598,512.601
889,22,9,52.25963173612722,150.24759170135408,514.218
890,22,10,52.96727690018097,165.07632854042362,515.457
891,22,11,51.82011930832065,179.75195985905816,516.273
892,22,12,48.97826542488052,-166.80987153290786,516.669
893,22,13,44.76914768848182,-155.14023378875262,516.705
894,22,14,39.54663820002292,-145.23014839744104,516.475
895,22,15,33.607833112926436,-136.7971187349014,516.108
896,22,16,27.17530609412829,-129.49673934242497,515.745
897,22,17,20.40951877779959,-123.01544989559481,515.523
898,22,18,13.427139332700614,-117.09169513033446,515.564
899,22,19,6.316757019913722,-111.50880778579275,515.957
900,22,20,-0.8492905341959797,-106.0800163391157,516.745
901,22,21,-8.00576632523585,-100.63248285335615,517.925
902,22,22,-15.086707961379048,-94.99176429711194,519.442
903,22,23,-22.017365798988102,-88.96634216605595,521.196
904,22,24,-28.704675949300647,-82.33172180254817,523.047
905,22,25,-35.02471487511056,-74.81657394180986,524.83
906,22,26,-40.80644951695884,-66.09957233433776,526.371
907,22,27,-45.81373974467065,-55.84211718221768,527.504
908,22,28,-49.737236045452335,-43.80302767566727,528.085
909,22,29,-52.223366846729036,-30.07197736829965,528.008
910,22,30,-52.97247125904477,-15.30960947739512,527.219
911,22,31,-51.87831935023833,-0.6586172657786112,525.719
912,22,32,-49.08969313100011,12.795723348652432,523.57
913,22,33,-44.92543266197547,24.505253666428782,520.888
914,22,34,-39.73560904378966,34.4620917026091,517.834
915,22,35,-33.816754939258786,42.939428802294614,514.604
916,22,36,-27.39229095877584,50.27839876358162,511.408
917,22,37,-20.623935491319216,56.79240823163072,508.456
918,22,38,-13.629692861405573,62.74399601775888,505.938
919,22,39,-6.499467995306149,68.35117151498915,504.007
920,23,0,4.291771136205491,85.52363312623521,502.428
921,23,1,11.452746794608784,91.0670761283201,502.301
922,23,2,18.50516299945707,96.89829549070511,502.874
923,23,3,25.364470973448878,103.22563247364319,504.052
924,23,4,31.92153453893116,110.29861437808238,505.695
925,23,5,38.02798320411102,118.41836375396105,507.634
926,23,6,43.4782214447819,127.92676572018418,509.688
927,23,7,47.99402833529251,139.13705958227771,511.678
928,23,8,51.231503850932704,152.1540887440014,513.452
929,23,9,52.8452999668883,166.6022747632745,514.889
930,23,10,52.62115023380141,-178.48935840984626,515.919
931,23,11,50.592710408807264,-164.32597761858435,516.521
932,23,12,47.0217509069412,-151.7448101485559,516.727
933,23,13,42.264227036798424,-140.97961239391537,516.615
934,23,14,36.651191237260285,-131.8506410964648,516.3
935,23,15,30.442019942058018,-124.02612664745993,515.917
936,23,16,23.825950372335996,-117.17125317378677,515.608
937,23,17,16.939362622799155,-110.99830578684765,515.505
938,23,18,9.883163346924329,-105.2698192997688,515.713
939,23,19,2.7365430386091116,-99.78609264159734,516.3
940,23,20,-4.432734287843507,-94.36927451653533,517.288
941,23,21,-11.560045651375098,-88.84765396884863,518.647
942,23,22,-18.576080853609312,-83.04021049496443,520.298
943,23,23,-25.3982889475769,-76.74091143856926,522.119
944,23,24,-31.919970425611226,-69.70324161213902,523.958
945,23,25,-37.99591888105239,-61.62985556034641,525.642
946,23,26,-43.42457372394604,-52.18293895703173,526.999
947,23,27,-47.93279568938335,-41.05084051565107,527.871
948,23,28,-51.181619564329516,-28.12261405842133,528.133
949,23,29,-52.8276712486405,-13.754785214733419,527.704
950,23,30,-52.65211489640366,1.1066653489744298,526.555
951,23,31,-50.67814583004037,15.267328898885449,524.72
952,23,32,-47.15699206760203,27.878979503179682,522.287
953,23,33,-42.43845491724169,38.68916942143035,519.396
954,23,34,-36.85169485544059,47.8643606089944,516.228
955,23,35,-30.65638201406428,55.73048457042299,512.988
956,23,36,-24.042901086037695,62.620929669293595,509.889
957,23,37,-17.14892819446078,68.82399819047245,507.132
958,23,38,-10.076709563661334,74.57837109450567,504.891
959,23,39,-2.906759890462292,80.08514964112592,503.298
960,24,0,0.6930420061648572,91.80214108679687,502.77
961,24,1,7.8811836747748165,97.27121698919863,502.273
962,24,2,14.997377624771742,102.93448199989305,502.504
963,24,3,21.96504996504039,108.98549684976909,503.395
964,24,4,28.68893919345294,115.65134483816216,504.825
965,24,5,35.04237432920963,123.20683179613857,506.639
966,24,6,40.85071255787511,131.97728646405517,508.658
967,24,7,45.87326142819273,142.30471007403287,510.701
968,24,8,49.79540535151875,154.42882860556077,512.601
969,24,9,52.25963173612722,168.24759903243887,514.218
970,24,10,52.96727690018097,-176.92367414640424,515.457
971,24,11,51.82011930832065,-162.24802916739137,516.273
972,24,12,48.97826542488052,-148.80986420182307,516.669
973,24,13,44.76914768848182,-137.1402264576678,516.705
974,24,14,39.54663820002292,-127.23014106635624,516.475
975,24,15,33.607833112926436,-118.7971114038166,516.108
976,24,16,27.17530609412829,-111.49673201134017,515.745
977,24,17,20.40951877779959,-105.01544939469917,515.523
978,24,18,13.427139332700614,-99.09168096906048,515.564
979,24,19,6.316757019913722,-93.50880045470795,515.957
980,24,20,-0.8492905341959797,-88.0800090080309,516.745
981,24,21,-8.00576632523585,-82.63247552227135,517.925
982,24,22,-15.086707961379048,-76.99175696602714,519.442
983,24,23,-22.017365798988102,-70.96633483497115,521.196
984,24,24,-28.704675949300647,-64.33171447146337,523.047
985,24,25,-35.02471487511056,-56.81656319563047,524.83
986,24,26,-40.80644951695884,-48.09956500325296,526.371
987,24,27,-45.81373974467065,-37.842109851132875,527.504
988,24,28,-49.737236045452335,-25.803022052129762,528.085
989,24,29,-52.223366846729036,-12.071970890988492,528.008
990,24,30,-52.97247125904477,2.690398707463329,527.219
991,24,31,-51.87831935023833,17.341389264893397,525.719
992,24,32,-49.08969313100011,30.79573153351088,523.57
993,24,33,-44.92543266197547,42.50526099751359,520.888
994,24,34,-39.73560904378966,52.4620990336939,517.834
995,24,35,-33.816754939258786,60.939439548474006,514.604
996,24,36,-27.39229095877584,68.278409509761,511.408
997,24,37,-20.623935491319216,74.79241556271553,508.456
998,24,38,-13.629692861405573,80.74400334884369,505.938
999,24,39,-6.499467995306149,86.35117884607395,504.007
1000,25,0,4.291771136205491,103.52362679694167,502.428
1001,25,1,11.452746794608784,109.06706979902656,502.301
1002,25,2,18.50516299945707,114.89828916141158,502.874
1003,25,3,25.364470973448878,121.22562614434965,504.052
1004,25,4,31.92153453893116,128.29860121859969,505.695
1005,25,5,38.02798320411102,136.4183574246675,507.634
1006,25,6,43.4782214447819,145.92675939089065,509.688
1007,25,7,47.99402833529251,157.1370532529842,511.678
1008,25,8,51.231503850932704,170.15408241470786,513.452
1009,25,9,52.8452999668883,-175.39772792355336,514.889
1010,25,10,52.62115023380141,-160.4893647391398,515.919
1011,25,11,50.592710408807264,-146.3259839478779,516.521
1012,25,12,47.0217509069412,-133.7448164778494,516.727
1013,25,13,42.264227036798424,-122.97961872320893,516.615
1014,25,14,36.651191237260285,-113.85064742575834,516.3
1015,25,15,30.442019942058018,-106.02613297675347,515.917
1016,25,16,23.825950372335996,-99.1712595030803,515.608
1017,25,17,16.939362622799155,-92.9983121161412,515.505
1018,25,18,9.883163346924329,-87.26982562906232,515.713
1019,25,19,2.7365430386091116,-81.78609897089088,516.3
1020,25,20,-4.432734287843507,-76.36928084582885,517.288
1021,25,21,-11.560045651375098,-70.84766029814217,518.647
1022,25,22,-18.576080853609312,-65.04021682425797,520.298
1023,25,23,-25.3982889475769,-58.74091776786279,522.119
1024,25,24,-31.919970425611226,-51.70325135652715,523.958
1025,25,25,-37.99591888105239,-43.62985847454536,525.642
1026,25,26,-43.42457372394604,-34.182945286325264,526.999
1027,25,27,-47.93279568938335,-23.05084684494461,527.871
1028,25,28,-51.181619564329516,-10.12261953394122,528.133
1029,25,29,-52.8276712486405,4.245208882859869,527.704
1030,25,30,-52.65211489640366,19.106658486072366,526.555
1031,25,31,-50.67814583004037,33.2673242771392,524.72
1032,25,32,-47.15699206760203,45.878974881433436,522.287
1033,25,33,-42.43845491724169,56.68916309213681,519.396
1034,25,34,-36.85169485544059,65.86435427970086,516.228
1035,25,35,-30.65638201406428,73.73047824112946,512.988
1036,25,36,-24.042901086037695,80.62092334000006,509.889
1037,25,37,-17.14892819446078,86.82399186117891,507.132
1038,25,38,-10.076709563661334,92.57836476521213,504.891
1039,25,39,-2.906759890462292,98.08514331183238,503.298
1040,26,0,0.6930420061648572,109.80214841788167,502.77
1041,26,1,7.8811836747748165,115.27123115047262,502.273
1042,26,2,14.997377624771742,120.93449616116703,502.504
1043,26,3,21.96504996504039,126.98549735066473,503.395
1044,26,4,28.68893919345294,133.65135216924696,504.825
1045,26,5,35.04237432920963,141.20683912722336,506.639
1046,26,6,40.85071255787511,149.97729379513999,508.658
1047,26,7,45.87326142819273,160.30471740511769,510.701
1048,26,8,49.79540535151875,172.42883593664558,512.601
1049,26,9,52.25963173612722,-173.75238999401066,514.218
1050,26,10,52.96727690018097,-158.92366681531945,515.457
1051,26,11,51.82011930832065,-144.24802183630658,516.273
1052,26,12,48.97826542488052,-130.80985687073826,516.669
1053,26,13,44.76914768848182,-119.14021912658302,516.705
1054,26,14,39.54663820002292,-109.23012690508227,516.475
1055,26,15,33.607833112926436,-100.79709724254262,516.108
1056,26,16,27.17530609412829,-93.49672468025537,515.745
1057,26,17,20.40951877779959,-87.01544206361437,515.523
1058,26,18,13.427139332700614,-81.09167363797567,515.564
1059,26,19,6.316757019913722,-75.50879312362315,515.957
1060,26,20,-0.8492905341959797,-70.0800016769461,516.745
1061,26,21,-8.00576632523585,-64.63246819118653,517.925
1062,26,22,-15.086707961379048,-58.99174963494234,519.442
1063,26,23,-22.017365798988102,-52.96632408879176,521.196
1064,26,24,-28.704675949300647,-46.33171055547315,523.047
1065,26,25,-35.02471487511056,-38.81655586454567,524.83
1066,26,26,-40.80644951695884,-30.09955767216816,526.371
1067,26,27,-45.81373974467065,-19.842102520048073,527.504
1068,26,28,-49.737236045452335,-7.803013867271313,528.085
1069,26,29,-52.223366846729036,5.92803644009631,528.008
1070,26,30,-52.97247125904477,20.690405184774487,527.219
1071,26,31,-51.87831935023833,35.3413965959782,525.719
1072,26,32,-49.08969313100011,48.795738864595684,523.57
1073,26,33,-44.92543266197547,60.5052649135038,520.888
1074,26,34,-39.73560904378966,70.46210294968412,517.834
1075,26,35,-33.816754939258786,78.93944687955882,514.604
1076,26,36,-27.39229095877584,86.27841684084581,511.408
1077,26,37,-20.623935491319216,92.79242289380034,508.456
1078,26,38,-13.629692861405573,98.7440106799285,505.938
1079,26,39,-6.499467995306149,104.35118617715875,504.007
1080,27,0,4.291771136205491,121.52361363745896,502.428
1081,27,1,11.452746794608784,127.06706346973301,502.301
1082,27,2,18.50516299945707,132.89828283211804,502.874
1083,27,3,25.364470973448878,139.22561981505612,504.052
1084,27,4,31.92153453893116,146.29859488930614,505.695
1085,27,5,38.02798320411102,154.41835109537396,507.634
1086,27,6,43.4782214447819,163.9267530615971,509.688
1087,27,7,47.99402833529251,175.13704692369066,511.678
1088,27,8,51.231503850932704,-171.84593393249835,513.452
1089,27,9,52.8452999668883,-157.3977342528469,514.889
1090,27,10,52.62115023380141,-142.48937106843334,515.919
1091,27,11,50.592710408807264,-128.32599027717143,516.521
1092,27,12,47.0217509069412,-115.74482280714295,516.727
1093,27,13,42.264227036798424,-104.97963188269163,516.615
1094,27,14,36.651191237260285,-95.85065375505188,516.3
1095,27,15,30.442019942058018,-88.02613930604701,515.917
1096,27,16,23.825950372335996,-81.17126583237383,515.608
1097,27,17,16.939362622799155,-74.99831844543473,515.505
1098,27,18,9.883163346924329,-69.26983195835587,515.713
1099,27,19,2.7365430386091116,-63.78610530018441,516.3
1100,27,20,-4.432734287843507,-58.369287175122395,517.288
1101,27,21,-11.560045651375098,-52.847663212341125,518.647
1102,27,22,-18.576080853609312,-47.040226568646084,520.298
1103,27,23,-25.3982889475769,-40.74092409715633,522.119
1104,27,24,-31.919970425611226,-33.70325768582068,523.958
1105,27,25,-37.99591888105239,-25.629866511386183,525.642
1106,27,26,-43.42457372394604,-16.18294990807151,526.999
1107,27,27,-47.93279568938335,-5.050853601124968,527.871
1108,27,28,-51.181619564329516,7.877374136765242,528.133
1109,27,29,-52.8276712486405,22.24520212667951,527.704
1110,27,30,-52.65211489640366,37.10665215677883,526.555
1111,27,31,-50.67814583004037,51.26731794784567,524.72
1112,27,32,-47.15699206760203,63.8789685521399,522.287
1113,27,33,-42.43845491724169,74.68915676284327,519.396
1114,27,34,-36.85169485544059,83.86434795040734,516.228
1115,27,35,-30.65638201406428,91.73047191183592,512.988
1116,27,36,-24.042901086037695,98.62091701070652,509.889
1117,27,37,-17.14892819446078,104.82398553188538,507.132
1118,27,38,-10.076709563661334,110.57835843591859,504.891
1119,27,39,-2.906759890462292,116.08514381272802,503.298
1120,28,0,0.6930420061648572,127.80212842820978,502.77
1121,28,1,7.8811836747748165,133.27121116080073,502.273
1122,28,2,14.997377624771742,138.93447617149516,502.504
1123,28,3,21.96504996504039,144.98547736099286,503.395
1124,28,4,28.68893919345294,151.6513321795751,504.825
1125,28,5,35.04237432920963,159.2068191375515,506.639
1126,28,6,40.85071255787511,167.97727380546812,508.658
1127,28,7,45.87326142819273,178.30469741544582,510.701
1128,28,8,49.79540535151875,-169.57118041056063,512.601
1129,28,9,52.25963173612722,-155.75240998368253,514.218
1130,28,10,52.96727690018097,-140.92368680499132,515.457
1131,28,11,51.82011930832065,-126.24804182597845,516.273
1132,28,12,48.97826542488052,-112.8098836905993,516.669
1133,28,13,44.76914768848182,-101.14023911625489,516.705
1134,28,14,39.54663820002292,-91.23014689475414,516.475
1135,28,15,33.607833112926436,-82.7971172322145,516.108
1136,28,16,27.17530609412829,-75.49674466992724,515.745
1137,28,17,20.40951877779959,-69.01546205328626,515.523
1138,28,18,13.427139332700614,-63.09169362764755,515.564
1139,28,19,6.316757019913722,-57.50881311329502,515.957
1140,28,20,-0.8492905341959797,-52.080021666617974,516.745
1141,28,21,-8.00576632523585,-46.632484765763834,517.925
1142,28,22,-15.086707961379048,-40.991773039708804,519.442
1143,28,23,-22.017365798988102,-34.966344078463635,521.196
1144,28,24,-28.704675949300647,-28.331728837597733,523.047
1145,28,25,-35.02471487511056,-20.816577561764838,524.83
1146,28,26,-40.80644951695884,-12.09957936938733,526.371
1147,28,27,-45.81373974467065,-1.8421227231633606,527.504
1148,28,28,-49.737236045452335,10.19696614305681,528.085
1149,28,29,-52.223366846729036,23.92801730419808,528.008
1150,28,30,-52.97247125904477,38.69038519510261,527.219
1151,28,31,-51.87831935023833,53.341376606306326,525.719
1152,28,32,-49.08969313100011,66.79571887492381,523.57
1153,28,33,-44.92543266197547,78.50524492383192,520.888
1154,28,34,-39.73560904378966,88.46208296001224,517.834
1155,28,35,-33.816754939258786,96.93942688988693,514.604
1156,28,36,-27.39229095877584,104.27839685117394,511.408
1157,28,37,-20.623935491319216,110.79240290412845,508.456
1158,28,38,-13.629692861405573,116.74399752044579,505.938
1159,28,39,-6.499467995306149,122.35117301767605,504.007
1160,29,0,4.291771136205491,139.52362096854378,502.428
1161,29,1,11.452746794608784,145.06707080081782,502.301
1162,29,2,18.50516299945707,150.89829016320286,502.874
1163,29,3,25.364470973448878,157.2256271461409,504.052
1164,29,4,31.92153453893116,164.29860222039093,505.695
1165,29,5,38.02798320411102,172.41835842645878,507.634
1166,29,6,43.4782214447819,-178.07324962523074,509.688
1167,29,7,47.99402833529251,-166.86294210275886,511.678
1168,29,8,51.231503850932704,-153.84592660141354,513.452
1169,29,9,52.8452999668883,-139.3977269217621,514.889
1170,29,10,52.62115023380141,-124.48936373734854,515.919
1171,29,11,50.592710408807264,-110.32598294608663,516.521
1172,29,12,47.0217509069412,-97.74482230624733,516.727
1173,29,13,42.264227036798424,-86.97962455160683,516.615
1174,29,14,36.651191237260285,-77.85064642396708,516.3
1175,29,15,30.442019942058018,-70.02613197496221,515.917
1176,29,16,23.825950372335996,-63.17125850128903,515.608
1177,29,17,16.939362622799155,-56.998311114349924,515.505
1178,29,18,9.883163346924329,-51.26982462727106,515.713
1179,29,19,2.7365430386091116,-45.78609796909961,516.3
1180,29,20,-4.432734287843507,-40.36927984403759,517.288
1181,29,21,-11.560045651375098,-34.84765588125632,518.647
1182,29,22,-18.576080853609312,-29.040219237561278,520.298
1183,29,23,-25.3982889475769,-22.740916766071525,522.119
1184,29,24,-31.919970425611226,-15.70325035473588,523.958
1185,29,25,-37.99591888105239,-7.6298591803013815,525.642
1186,29,26,-43.42457372394604,1.81705678268306,526.999
1187,29,27,-47.93279568938335,12.949153303073013,527.871
1188,29,28,-51.181619564329516,25.8773806140764,528.133
1189,29,29,-52.8276712486405,40.24520945776431,527.704
1190,29,30,-52.65211489640366,55.10665948786363,526.555
1191,29,31,-50.67814583004037,69.26732527893047,524.72
1192,29,32,-47.15699206760203,81.87897588322471,522.287
1193,29,33,-42.43845491724169,92.68916409392807,519.396
1194,29,34,-36.85169485544059,101.86435528149214,516.228
1195,29,35,-30.65638201406428,109.73047924292072,512.988
1196,29,36,-24.042901086037695,116.62091751160216,509.889
1197,29,37,-17.14892819446078,122.82398603278101,507.132
1198,29,38,-10.076709563661334,128.5783657670034,504.891
1199,29,39,-2.906759890462292,134.08515114381282,503.298
1200,30,0,0.6930420061648572,145.8021357592946,502.77
1201,30,1,7.8811836747748165,151.27121849188555,502.273
1202,30,2,14.997377624771742,156.93448350257995,502.504
1203,30,3,21.96504996504039,162.98548469207765,503.395
1204,30,4,28.68893919345294,169.65133951065988,504.825
1205,30,5,35.04237432920963,177.2068264686363,506.639
1206,30,6,40.85071255787511,-174.02272888135977,508.658
1207,30,7,45.87326142819273,-163.6952916110037,510.701
1208,30,8,49.79540535151875,-151.5711730794758,512.601
1209,30,9,52.25963173612722,-137.75240265259774,514.218
1210,30,10,52.96727690018097,-122.92367947390652,515.457
1211,30,11,51.82011930832065,-108.24804132508281,516.273
1212,30,12,48.97826542488052,-94.8098763595145,516.669
1213,30,13,44.76914768848182,-83.14023178517009,516.705
1214,30,14,39.54663820002292,-73.23013956366934,516.475
1215,30,15,33.607833112926436,-64.7971099011297,516.108
1216,30,16,27.17530609412829,-57.496737338842436,515.745
1217,30,17,20.40951877779959,-51.015451307106865,515.523
1218,30,18,13.427139332700614,-45.09168971165734,515.564
1219,30,19,6.316757019913722,-39.50880578221022,515.957
1220,30,20,-0.8492905341959797,-34.08001433553317,516.745
1221,30,21,-8.00576632523585,-28.63247914222632,517.925
1222,30,22,-15.086707961379048,-22.991764001076703,519.442
1223,30,23,-22.017365798988102,-16.96633674737883,521.196
1224,30,24,-28.704675949300647,-10.331721506512931,523.047
1225,30,25,-35.02471487511056,-2.8165702306800355,524.83
1226,30,26,-40.80644951695884,5.900428388584296,526.371
1227,30,27,-45.81373974467065,16.157884821364853,527.504
1228,30,28,-49.737236045452335,28.196972620367966,528.085
1229,30,29,-52.223366846729036,41.92802463528288,528.008
1230,30,30,-52.97247125904477,56.69039252618741,527.219
1231,30,31,-51.87831935023833,71.34138735248571,525.719
1232,30,32,-49.08969313100011,84.79572620600861,523.57
1233,30,33,-44.92543266197547,96.50525225491673,520.888
1234,30,34,-39.73560904378966,106.46209029109706,517.834
1235,30,35,-33.816754939258786,114.93943422097173,514.604
1236,30,36,-27.39229095877584,122.27840418225874,511.408
1237,30,37,-20.623935491319216,128.79241023521325,508.456
1238,30,38,-13.629692861405573,134.74400485153058,505.938
1239,30,39,-6.499467995306149,140.35118034876086,504.007
1240,31,0,4.291771136205491,157.52362829962857,502.428
1241,31,1,11.452746794608784,163.06707813190263,502.301
1242,31,2,18.50516299945707,168.89829749428765,502.874
1243,31,3,25.364470973448878,175.22563447722573,504.052
1244,31,4,31.92153453893116,-177.7013868060586,505.695
1245,31,5,38.02798320411102,-169.58163059999075,507.634
1246,31,6,43.4782214447819,-160.07324229414596,509.688
1247,31,7,47.99402833529251,-148.86293477167408,511.678
1248,31,8,51.231503850932704,-135.84591927032875,513.452
1249,31,9,52.8452999668883,-121.3977195906773,514.889
1250,31,10,52.62115023380141,-106.48935640626374,515.919
1251,31,11,50.592710408807264,-92.32597561500182,516.521
1252,31,12,47.0217509069412,-79.74481497516253,516.727
1253,31,13,42.264227036798424,-68.97961722052203,516.615
1254,31,14,36.651191237260285,-59.850639092882275,516.3
1255,31,15,30.442019942058018,-52.0261246438774,515.917
1256,31,16,23.825950372335996,-45.17125458529881,515.608
1257,31,17,16.939362622799155,-38.99830378326512,515.505
1258,31,18,9.883163346924329,-33.26981729618626,515.713
1259,31,19,2.7365430386091116,-27.78608893046751,516.3
1260,31,20,-4.432734287843507,-22.36927422050008,517.288
1261,31,21,-11.560045651375098,-16.847648550171517,518.647
1262,31,22,-18.576080853609312,-11.040210198929183,520.298
1263,31,23,-25.3982889475769,-4.740909434986721,522.119
1264,31,24,-31.919970425611226,2.2967576166791575,523.958
1265,31,25,-37.99591888105239,10.370148150783422,525.642
1266,31,26,-43.42457372394604,19.817064754098098,526.999
1267,31,27,-47.93279568938335,30.949161487931462,527.871
1268,31,28,-51.181619564329516,43.8773879451612,528.133
1269,31,29,-52.8276712486405,58.24521678884911,527.704
1270,31,30,-52.65211489640366,73.10667023404302,526.555
1271,31,31,-50.67814583004037,87.26733261001527,524.72
1272,31,32,-47.15699206760203,99.87898321430951,522.287
1273,31,33,-42.43845491724169,110.68917142501289,519.396
1274,31,34,-36.85169485544059,119.8643694427661,516.228
1275,31,35,-30.65638201406428,127.73047974381636,512.988
1276,31,36,-24.042901086037695,134.62092484268695,509.889
1277,31,37,-17.14892819446078,140.8239933638658,507.132
1278,31,38,-10.076709563661334,146.5783730980882,504.891
1279,31,39,-2.906759890462292,152.0851584748976,503.298
1280,32,0,0.6930420061648572,163.8021430903794,502.77
1281,32,1,7.8811836747748165,169.27122582297034,502.273
1282,32,2,14.997377624771742,174.93449083366477,502.504
1283,32,3,21.96504996504039,-179.01450433437188,503.395
1284,32,4,28.68893919345294,-172.34864951578962,504.825
1285,32,5,35.04237432920963,-164.79316255781322,506.639
1286,32,6,40.85071255787511,-156.02272155027495,508.658
1287,32,7,45.87326142819273,-145.69528427991892,510.701
1288,32,8,49.79540535151875,-133.57116574839102,512.601
1289,32,9,52.25963173612722,-119.75239532151292,514.218
1290,32,10,52.96727690018097,-104.92366531263255,515.457
1291,32,11,51.82011930832065,-90.248033993998,516.273
1292,32,12,48.97826542488052,-76.8098690284297,516.669
1293,32,13,44.76914768848182,-65.14022445408528,516.705
1294,32,14,39.54663820002292,-55.23013223258454,516.475
1295,32,15,33.607833112926436,-46.79710257004489,516.108
1296,32,16,27.17530609412829,-39.496730007757634,515.745
1297,32,17,20.40951877779959,-33.01544397602206,515.523
1298,32,18,13.427139332700614,-27.091682380572532,515.564
1299,32,19,6.316757019913722,-21.50879674357812,515.957
1300,32,20,-0.8492905341959797,-16.080005296901078,516.745
1301,32,21,-8.00576632523585,-10.63247095736787,517.925
1302,32,22,-15.086707961379048,-4.991756669991902,519.442
1303,32,23,-22.017365798988102,1.03366994337574,521.196
1304,32,24,-28.704675949300647,7.668285824571873,523.047
1305,32,25,-35.02471487511056,15.183437100404769,524.83
1306,32,26,-40.80644951695884,23.900435292782277,526.371
1307,32,27,-45.81373974467065,34.157892152449655,527.504
1308,32,28,-49.737236045452335,46.196981659000066,528.085
1309,32,29,-52.223366846729036,59.92803196636768,528.008
1310,32,30,-52.97247125904477,74.69039985727221,527.219
1311,32,31,-51.87831935023833,89.34139468357051,525.719
1312,32,32,-49.08969313100011,102.79573353709341,523.57
1313,32,33,-44.92543266197547,114.50525958600153,520.888
1314,32,34,-39.73560904378966,124.46209762218186,517.834
1315,32,35,-33.816754939258786,132.93944155205654,514.604
1316,32,36,-27.39229095877584,140.27841151334354,511.408
1317,32,37,-20.623935491319216,146.79241756629807,508.456
1318,32,38,-13.629692861405573,152.7440121826154,505.938
1319,32,39,-6.499467995306149,158.35118767984565,504.007
1320,33,0,4.291771136205491,175.5236356307134,502.428
1321,33,1,11.452746794608784,-178.9329108945469,502.301
1322,33,2,18.50516299945707,-173.10169153216188,502.874
1323,33,3,25.364470973448878,-166.7743545492238,504.052
1324,33,4,31.92153453893116,-159.70137947497378,505.695
1325,33,5,38.02798320411102,-151.58162326890593,507.634
1326,33,6,43.4782214447819,-142.07323496306114,509.688
1327,33,7,47.99402833529251,-130.86292744058926,511.678
1328,33,8,51.231503850932704,-117.84591193924395,513.452
1329,33,9,52.8452999668883,-103.39771908978166,514.889
1330,33,10,52.62115023380141,-88.48934907517894,515.919
1331,33,11,50.592710408807264,-74.32596828391702,516.521
1332,33,12,47.0217509069412,-61.74480764407772,516.727
1333,33,13,42.264227036798424,-50.97960988943722,516.615
1334,33,14,36.651191237260285,-41.850631761797466,516.3
1335,33,15,30.442019942058018,-34.0261173127926,515.917
1336,33,16,23.825950372335996,-27.171245546666718,515.608
1337,33,17,16.939362622799155,-20.998298159727614,515.505
1338,33,18,9.883163346924329,-15.26981167264875,515.713
1339,33,19,2.7365430386091116,-9.786081599382706,516.3
1340,33,20,-4.432734287843507,-4.369266462528456,517.288
1341,33,21,-11.560045651375098,1.1523583540264632,518.647
1342,33,22,-18.576080853609312,6.959797132155621,520.298
1343,33,23,-25.3982889475769,13.259097896098083,522.119
1344,33,24,-31.919970425611226,20.296764307433726,523.958
1345,33,25,-37.99591888105239,28.370155481868224,525.642
1346,33,26,-43.42457372394604,37.81707037763561,526.999
1347,33,27,-47.93279568938335,48.949168819016265,527.871
1348,33,28,-51.181619564329516,61.877395276246006,528.133
1349,33,29,-52.8276712486405,76.24522411993392,527.704
1350,33,30,-52.65211489640366,91.10667756512782,526.555
1351,33,31,-50.67814583004037,105.26733994110008,524.72
1352,33,32,-47.15699206760203,117.87898371520514,522.287
1353,33,33,-42.43845491724169,128.68917875609768,519.396
1354,33,34,-36.85169485544059,137.86437677385092,516.228
1355,33,35,-30.65638201406428,145.73048707490116,512.988
1356,33,36,-24.042901086037695,152.62093217377176,509.889
1357,33,37,-17.14892819446078,158.82400069495063,507.132
1358,33,38,-10.076709563661334,164.578380429173,504.891
1359,33,39,-2.906759890462292,170.08516580598243,503.298
1360,34,0,0.6930420061648572,-178.1978732568268,502.77
1361,34,1,7.8811836747748165,-172.7288041846142,502.273
1362,34,2,14.997377624771742,-167.06553917391977,502.504
1363,34,3,21.96504996504039,-161.01452432404375,503.395
1364,34,4,28.68893919345294,-154.34866950546152,504.825
1365,34,5,35.04237432920963,-146.7931825474851,506.639
1366,34,6,40.85071255787511,-138.02274153994682,508.658
1367,34,7,45.87326142819273,-127.69530426959079,510.701
1368,34,8,49.79540535151875,-115.5711857380629,512.601
1369,34,9,52.25963173612722,-101.75242214137397,514.218
1370,34,10,52.96727690018097,-86.92368530230442,515.457
1371,34,11,51.82011930832065,-72.24805398366989,516.273
1372,34,12,48.97826542488052,-58.80988901810158,516.669
1373,34,13,44.76914768848182,-47.14024444375716,516.705
1374,34,14,39.54663820002292,-37.230152222256415,516.475
1375,34,15,33.607833112926436,-28.79712255971677,516.108
1376,34,16,27.17530609412829,-21.496751704976806,515.745
1377,34,17,20.40951877779959,-15.015465673241229,515.523
1378,34,18,13.427139332700614,-9.091702370244407,515.564
1379,34,19,6.316757019913722,-3.5088169466934094,515.957
1380,34,20,-0.8492905341959797,1.9199747134270468,516.745
1381,34,21,-8.00576632523585,7.367509052960253,517.925
1382,34,22,-15.086707961379048,13.008223340336222,519.442
1383,34,23,-22.017365798988102,19.033650594034096,521.196
1384,34,24,-28.704675949300647,25.668265834899998,523.047
1385,34,25,-35.02471487511056,33.18341881828018,524.83
1386,34,26,-40.80644951695884,41.90041701065769,526.371
1387,34,27,-45.81373974467065,52.15787216277778,527.504
1388,34,28,-49.737236045452335,64.19696166932819,528.085
1389,34,29,-52.223366846729036,77.92801197669581,528.008
1390,34,30,-52.97247125904477,92.69037986760034,527.219
1391,34,31,-51.87831935023833,107.34137469389864,525.719
1392,34,32,-49.08969313100011,120.79570671723236,523.57
1393,34,33,-44.92543266197547,132.50524642651882,520.888
1394,34,34,-39.73560904378966,142.46207763251,517.834
1395,34,35,-33.816754939258786,150.93942156238467,514.604
1396,34,36,-27.39229095877584,158.27839152367167,511.408
1397,34,37,-20.623935491319216,164.79239757662617,508.456
1398,34,38,-13.629692861405573,170.74399219294352,505.938
1399,34,39,-6.499467995306149,176.35116769017378,504.007
1400,35,0,4.291771136205491,-166.47638071649283,502.428
1401,35,1,11.452746794608784,-160.9329308842188,502.301
1402,35,2,18.50516299945707,-155.10171152183375,502.874
1403,35,3,25.364470973448878,-148.77437453889567,504.052
1404,35,4,31.92153453893116,-141.70139946464565,505.695
1405,35,5,38.02798320411102,-133.58164325857783,507.634
1406,35,6,43.4782214447819,-124.07325495273302,509.688
1407,35,7,47.99402833529251,-112.86295426045031,511.678
1408,35,8,51.231503850932704,-99.84592509872665,513.452
1409,35,9,52.8452999668883,-85.39773907945353,514.889
1410,35,10,52.62115023380141,-70.48936906485082,515.919
1411,35,11,50.592710408807264,-56.32598827358889,516.521
1412,35,12,47.0217509069412,-43.744827633749594,516.727
1413,35,13,42.264227036798424,-32.9796298791091,516.615
1414,35,14,36.651191237260285,-23.85065004392205,516.3
1415,35,15,30.442019942058018,-16.026137302464477,515.917
1416,35,16,23.825950372335996,-9.17126639011224,515.608
1417,35,17,16.939362622799155,-2.9983177225126667,515.505
1418,35,18,9.883163346924329,2.730168551122786,515.713
1419,35,19,2.7365430386091116,8.213898410945417,516.3
1420,35,20,-4.432734287843507,13.630713120912844,517.288
1421,35,21,-11.560045651375098,19.15233879124141,518.647
1422,35,22,-18.576080853609312,24.959777142483745,520.298
1423,35,23,-25.3982889475769,31.259077906426207,522.119
1424,35,24,-31.919970425611226,38.29674431776185,523.958
1425,35,25,-37.99591888105239,46.37013719974364,525.642
1426,35,26,-43.42457372394604,55.81705038796373,526.999
1427,35,27,-47.93279568938335,66.9491454142498,527.871
1428,35,28,-51.181619564329516,79.87737528657414,528.133
1429,35,29,-52.8276712486405,94.24520413026204,527.704
1430,35,30,-52.65211489640366,109.10665757545594,526.555
1431,35,31,-50.67814583004037,123.2673199514282,524.72
1432,35,32,-47.15699206760203,135.87896372553325,522.287
1433,35,33,-42.43845491724169,146.6891587664258,519.396
1434,35,34,-36.85169485544059,155.86435678417902,516.228
1435,35,35,-30.65638201406428,163.7304670852293,512.988
1436,35,36,-24.042901086037695,170.6209121840999,509.889
1437,35,37,-17.14892819446078,176.82398070527876,507.132
1438,35,38,-10.076709563661334,-177.4216359180332,504.891
1439,35,39,-2.906759890462292,-171.91486420160211,503.298
1440,36,0,0.6930420061648572,-160.197865925742,502.77
1441,36,1,7.8811836747748165,-154.7287968535294,502.273
1442,36,2,14.997377624771742,-149.065531842835,502.504
1443,36,3,21.96504996504039,-143.01451699295896,503.395
1444,36,4,28.68893919345294,-136.3486621743767,504.825
1445,36,5,35.04237432920963,-128.7931752164003,506.639
1446,36,6,40.85071255787511,-120.02273420886202,508.658
1447,36,7,45.87326142819273,-109.69530376869515,510.701
1448,36,8,49.79540535151875,-97.57117840697809,512.601
1449,36,9,52.25963173612722,-83.75241481028917,514.218
1450,36,10,52.96727690018097,-68.92367797121962,515.457
1451,36,11,51.82011930832065,-54.2480432374905,516.273
1452,36,12,48.97826542488052,-40.80988168701678,516.669
1453,36,13,44.76914768848182,-29.14023711267236,516.705
1454,36,14,39.54663820002292,-19.230146598718903,516.475
1455,36,15,33.607833112926436,-10.797115228631966,516.108
1456,36,16,27.17530609412829,-3.4967443738920005,515.745
1457,36,17,20.40951877779959,2.984541871286986,515.523
1458,36,18,13.427139332700614,8.908304960840395,515.564
1459,36,19,6.316757019913722,14.491190597834805,515.957
1460,36,20,-0.8492905341959797,19.91998204451185,516.745
1461,36,21,-8.00576632523585,25.36751553027141,517.925
1462,36,22,-15.086707961379048,31.008228963873734,519.442
1463,36,23,-22.017365798988102,37.0336579251189,521.196
1464,36,24,-28.704675949300647,43.66827145843751,523.047
1465,36,25,-35.02471487511056,51.18342614936499,524.83
1466,36,26,-40.80644951695884,59.90042434174249,526.371
1467,36,27,-45.81373974467065,70.15787949386258,527.504
1468,36,28,-49.737236045452335,82.19696900041299,528.085
1469,36,29,-52.223366846729036,95.92801930778062,528.008
1470,36,30,-52.97247125904477,110.69038719868514,527.219
1471,36,31,-51.87831935023833,125.34137519479427,525.719
1472,36,32,-49.08969313100011,138.79571404831717,523.57
1473,36,33,-44.92543266197547,150.50525375760364,520.888
1474,36,34,-39.73560904378966,160.46208496359478,517.834
1475,36,35,-33.816754939258786,168.93942889346945,514.604
1476,36,36,-27.39229095877584,176.27839885475646,511.408
1477,36,37,-20.623935491319216,-177.20759144982335,508.456
1478,36,38,-13.629692861405573,-171.25601049388436,505.938
1479,36,39,-6.499467995306149,-165.64883499665407,504.007
1480,37,0,4.291771136205491,-148.476373385408,502.428
1481,37,1,11.452746794608784,-142.93292355313397,502.301
1482,37,2,18.50516299945707,-137.10170419074896,502.874
1483,37,3,25.364470973448878,-130.77436720781088,504.052
1484,37,4,31.92153453893116,-123.70139213356086,505.695
1485,37,5,38.02798320411102,-115.58163592749301,507.634
1486,37,6,43.4782214447819,-106.07324079145906,509.688
1487,37,7,47.99402833529251,-94.8629469293655,511.678
1488,37,8,51.231503850932704,-81.84591776764185,513.452
1489,37,9,52.8452999668883,-67.39773174836873,514.889
1490,37,10,52.62115023380141,-52.48936173376601,515.919
1491,37,11,50.592710408807264,-38.32598094250409,516.521
1492,37,12,47.0217509069412,-25.7448185951175,516.727
1493,37,13,42.264227036798424,-14.979620840477002,516.615
1494,37,14,36.651191237260285,-5.850643139724073,516.3
1495,37,15,30.442019942058018,1.9738696017335018,515.917
1496,37,16,23.825950372335996,8.828740940972564,515.608
1497,37,17,16.939362622799155,15.001689181685313,515.505
1498,37,18,9.883163346924329,20.73017566876418,515.713
1499,37,19,2.7365430386091116,26.21390574203022,516.3
1500,37,20,-4.432734287843507,31.63072215954494,517.288
1501,37,21,-11.560045651375098,37.152346122326215,518.647
1502,37,22,-18.576080853609312,42.959782766021256,520.298
1503,37,23,-25.3982889475769,49.25908523751101,522.119
1504,37,24,-31.919970425611226,56.29675164884665,523.958
1505,37,25,-37.99591888105239,64.37014111573386,525.642
1506,37,26,-43.42457372394604,73.81705771904853,526.999
1507,37,27,-47.93279568938335,84.9491527453346,527.871
1508,37,28,-51.181619564329516,97.87738261765894,528.133
1509,37,29,-52.8276712486405,112.24521146134684,527.704
1510,37,30,-52.65211489640366,127.10666490654074,526.555
1511,37,31,-50.67814583004037,141.267327282513,524.72
1512,37,32,-47.15699206760203,153.87897105661807,522.287
1513,37,33,-42.43845491724169,164.68916609751062,519.396
1514,37,34,-36.85169485544059,173.86436411526384,516.228
1515,37,35,-30.65638201406428,-178.26952194122023,512.988
1516,37,36,-24.042901086037695,-171.37907684234963,509.889
1517,37,37,-17.14892819446078,-165.17600832117077,507.132
1518,37,38,-10.076709563661334,-159.4216285869484,504.891
1519,37,39,-2.906759890462292,-153.91485687051733,503.298
1520,38,0,0.6930420061648572,-142.1978585946572,502.77
1521,38,1,7.8811836747748165,-136.7287895224446,502.273
1522,38,2,14.997377624771742,-131.06552451175017,502.504
1523,38,3,21.96504996504039,-125.01450966187414,503.395
1524,38,4,28.68893919345294,-118.3486548432919,504.825
1525,38,5,35.04237432920963,-110.7931678853155,506.639
1526,38,6,40.85071255787511,-102.02272004758805,508.658
1527,38,7,45.87326142819273,-91.69529643761035,510.701
1528,38,8,49.79540535151875,-79.57117107589329,512.601
1529,38,9,52.25963173612722,-65.75240747920436,514.218
1530,38,10,52.96727690018097,-50.923670640134816,515.457
1531,38,11,51.82011930832065,-36.2480359064057,516.273
1532,38,12,48.97826542488052,-22.80987264838468,516.669
1533,38,13,44.76914768848182,-11.140229781587557,516.705
1534,38,14,39.54663820002292,-1.2301390541906874,516.475
1535,38,15,33.607833112926436,7.202892102452837,516.108
1536,38,16,27.17530609412829,14.503262957192803,515.745
1537,38,17,20.40951877779959,20.984548988928378,515.523
1538,38,18,13.427139332700614,26.9083122919252,515.564
1539,38,19,6.316757019913722,32.49119622137231,515.957
1540,38,20,-0.8492905341959797,37.91998766804936,516.745
1541,38,21,-8.00576632523585,43.367524568903505,517.925
1542,38,22,-15.086707961379048,49.008236294958536,519.442
1543,38,23,-22.017365798988102,55.033665256203705,521.196
1544,38,24,-28.704675949300647,61.668282204616894,523.047
1545,38,25,-35.02471487511056,69.18343006535521,524.83
1546,38,26,-40.80644951695884,77.9004316728273,526.371
1547,38,27,-45.81373974467065,88.15788682494738,527.504
1548,38,28,-49.737236045452335,100.1969763314978,528.085
1549,38,29,-52.223366846729036,113.92802663886542,528.008
1550,38,30,-52.97247125904477,128.69039452976995,527.219
1551,38,31,-51.87831935023833,143.34138252587908,525.719
1552,38,32,-49.08969313100011,156.79572137940198,523.57
1553,38,33,-44.92543266197547,168.50526108868843,520.888
1554,38,34,-39.73560904378966,178.4620922946796,517.834
1555,38,35,-33.816754939258786,-173.06056013298007,514.604
1556,38,36,-27.39229095877584,-165.72159017169307,511.408
1557,38,37,-20.623935491319216,-159.20758411873854,508.456
1558,38,38,-13.629692861405573,-153.25600316279954,505.938
1559,38,39,-6.499467995306149,-147.64882766556929,504.007
1560,39,0,4.291771136205491,-130.47636605432322,502.428
1561,39,1,11.452746794608784,-124.93291622204917,502.301
1562,39,2,18.50516299945707,-119.10169685966414,502.874
1563,39,3,25.364470973448878,-112.77435987672607,504.052
1564,39,4,31.92153453893116,-105.70138480247604,505.695
1565,39,5,38.02798320411102,-97.58162859640821,507.634
1566,39,6,43.4782214447819,-88.07323346037425,509.688
1567,39,7,47.99402833529251,-76.8629395982807,511.678
1568,39,8,51.231503850932704,-63.84591043655704,513.452
1569,39,9,52.8452999668883,-49.397724417283925,514.889
1570,39,10,52.62115023380141,-34.48935440268121,515.919
1571,39,11,50.592710408807264,-20.325973611419286,516.521
1572,39,12,47.0217509069412,-7.744812117806342,516.727
1573,39,13,42.264227036798424,3.0203858502775662,516.615
1574,39,14,36.651191237260285,12.149363764473907,516.3
1575,39,15,30.442019942058018,19.973877359705128,515.917
1576,39,16,23.825950372335996,26.828749125831013,515.608
1577,39,17,16.939362622799155,33.00169822031741,515.505
1578,39,18,9.883163346924329,38.730184707396276,515.713
1579,39,19,2.7365430386091116,44.21391136556773,516.3
1580,39,20,-4.432734287843507,49.63072949062974,517.288
1581,39,21,-11.560045651375098,55.15235345341102,518.647
1582,39,22,-18.576080853609312,60.95979351220064,520.298
1583,39,23,-25.3982889475769,67.25909256859582,522.119
1584,39,24,-31.919970425611226,74.29676239502604,523.958
1585,39,25,-37.99591888105239,82.37014844681866,525.642
1586,39,26,-43.42457372394604,91.81706505013334,526.999
1587,39,27,-47.93279568938335,102.94916007641942,527.871
1588,39,28,-51.181619564329516,115.8773967789329,528.133
1589,39,29,-52.8276712486405,130.24521879243164,527.704
1590,39,30,-52.65211489640366,145.10667223762556,526.555
1591,39,31,-50.67814583004037,159.2673346135978,524.72
1592,39,32,-47.15699206760203,171.8789783877029,522.287
1593,39,33,-42.43845491724169,-177.3108229289389,519.396
1594,39,34,-36.85169485544059,-168.13563857156402,516.228
1595,39,35,-30.65638201406428,-160.26951461013545,512.988
1596,39,36,-24.042901086037695,-153.37906951126485,509.889
1597,39,37,-17.14892819446078,-147.17600099008598,507.132
1598,39,38,-10.076709563661334,-141.42162125586358,504.891
1599,39,39,-2.906759890462292,-135.9148495394325,503.298
