0,0,0,38.1372935515879,34.46166140069139,516.404
1,0,1,32.05864717142458,42.58339153142936,516.023
2,0,2,25.53094488163689,49.65436536025257,515.68
3,0,3,18.702172975876916,55.975654210680595,515.511
4,0,4,11.680775221370597,61.796539496851395,515.63
5,0,5,4.550350145351127,67.32482630916802,516.115
6,0,6,-2.6192968650903192,72.74237526447122,517
7,0,7,-9.76346342794621,78.2209929411435,518.268
8,0,8,-16.81479192516917,83.93787493682252,519.853
9,0,9,-23.69498661764288,90.09121285065451,521.642
10,0,10,-30.304688743511154,96.91597202027711,523.49
11,0,11,-36.509980491264855,104.69632246610867,525.228
12,0,12,-42.12534197021538,113.76311855154464,526.682
13,0,13,-46.89650572813068,124.44604667763232,527.689
14,0,14,-50.49818742088346,136.9302937633383,528.115
15,0,15,-52.57815077788159,151.00163092534513,527.865
16,0,16,-52.87209138390767,165.85182821878686,526.898
17,0,17,-51.33680829246138,-179.70763193134476,525.23
18,0,18,-48.17552353701268,-166.65733974836314,522.938
19,0,19,-43.72671397207072,-155.3953413542526,520.148
20,0,20,-38.33213835804086,-145.83440157293373,517.033
21,0,21,-32.270342054559954,-137.6696344202355,513.792
22,0,22,-25.747904133075053,-130.56156583402995,510.64
23,0,23,-18.914108623180535,-124.20888884927113,507.781
24,0,24,-11.87872264125403,-118.3611814102297,505.397
25,0,25,-4.726682577832407,-112.809268973574,503.633
26,0,26,2.4708702376801837,-107.36983609217009,502.578
27,0,27,9.647709650761065,-101.86960769696388,502.267
28,0,28,16.7348838345219,-96.12962600151188,502.672
29,0,29,23.65217840701982,-89.94956155745763,503.711
30,0,30,30.29790636566533,-83.0916691401713,505.254
31,0,31,36.53523170062639,-75.26813140821774,507.137
32,0,32,42.17480278509003,-66.14403686583455,509.18
33,0,33,46.95753346836474,-55.387025092914314,511.204
34,0,34,50.55297236821613,-42.81547794433181,513.046
35,0,35,52.605806213830974,-28.65933373849552,514.578
36,0,36,52.85445242037612,-13.751949832454217,515.714
37,0,37,51.26510155146,0.7020698620611745,516.423
38,0,38,48.05209518852138,13.728421538310815,516.723
39,0,39,43.561303865845936,24.94748280197772,516.682
40,1,0,35.165379205972386,47.67467942555398,516.218
41,1,1,28.840552317554295,55.230152723152045,515.838
42,1,2,22.14668006299666,61.89199822069149,515.566
43,1,3,15.209890423060227,67.9348646548877,515.529
44,1,4,8.124615885662303,73.58547332505009,515.824
45,1,5,0.9663596030440279,79.03664730163726,516.508
46,1,6,-6.198624202463297,84.46328040853658,517.589
47,1,7,-13.305263144698198,90.03794420531759,519.027
48,1,8,-20.28185571202288,95.94633787513459,520.73
49,1,9,-27.04102457504584,102.40314792397942,522.569
50,1,10,-33.46804646137296,109.66687652136956,524.384
51,1,11,-39.40552649177045,118.04721127446255,526.001
52,1,12,-44.635303301506255,127.8850332643554,527.251
53,1,13,-48.86591564322298,139.46362458687437,527.982
54,1,14,-51.748730171115675,152.80394026239307,528.078
55,1,15,-52.9573628806007,167.4009970848158,527.471
56,1,16,-52.32533132575357,-177.80359375679865,526.148
57,1,17,-49.93965211660025,-163.9694827250447,524.155
58,1,18,-46.089624745625805,-151.80012102045464,521.595
59,1,19,-41.12846561556827,-141.41898480284397,518.619
60,1,20,-35.37017559804605,-132.59917518798486,515.415
61,1,21,-29.0562496915433,-125.00356769882379,512.192
62,1,22,-22.362331333208765,-118.30759174600178,509.161
63,1,23,-15.415868437860302,-112.23577897010306,506.519
64,1,24,-8.31263135671889,-106.56013082644341,504.431
65,1,25,-1.129427167826909,-101.086369414271,503.013
66,1,26,6.066018641048439,-95.63820072091863,502.33
67,1,27,13.207149184818258,-90.04141394141595,502.384
68,1,28,20.22047621704656,-84.10840426983023,503.12
69,1,29,27.01652980913488,-77.62206731320343,504.429
70,1,30,33.47800146208825,-70.32067705272983,506.164
71,1,31,39.444137551148536,-61.890598031911644,508.15
72,1,32,44.69246515467009,-51.987168659946235,510.205
73,1,33,48.9263389117155,-40.32677216173802,512.157
74,1,34,51.79256632520882,-26.897611093043082,513.857
75,1,35,52.96417599429779,-12.226435619068331,515.199
76,1,36,52.28102047351311,2.604936178916956,516.122
77,1,37,49.841208600092855,16.43183346369031,516.621
78,1,38,45.94372507476516,28.56541863740784,516.739
79,1,39,40.94672452703798,38.90031105924295,516.564
80,2,0,38.1372935515879,52.46166190158702,516.404
81,2,1,32.05864717142458,60.58338861723041,516.023
82,2,2,25.53094488163689,67.65436244605363,515.68
83,2,3,18.702172975876916,73.97565471157623,515.511
84,2,4,11.680775221370597,79.79653999774703,515.63
85,2,5,4.550350145351127,85.32482681006366,516.115
86,2,6,-2.6192968650903192,90.74237576536686,517
87,2,7,-9.76346342794621,96.22099344203914,518.268
88,2,8,-16.81479192516917,101.93787543771815,519.853
89,2,9,-23.69498661764288,108.09121335155015,521.642
90,2,10,-30.304688743511154,114.91596569098357,523.49
91,2,11,-36.509980491264855,122.69632979719347,525.228
92,2,12,-42.12534197021538,131.76311905244026,526.682
93,2,13,-46.89650572813068,142.4460540087171,527.689
94,2,14,-50.49818742088346,154.9303010944231,528.115
95,2,15,-52.57815077788159,169.0016245960516,527.865
96,2,16,-52.87209138390767,-176.14816080766266,526.898
97,2,17,-51.33680829246138,-161.7076382606383,525.23
98,2,18,-48.17552353701268,-148.65733241727835,522.938
99,2,19,-43.72671397207072,-137.39534768354613,520.148
100,2,20,-38.33213835804086,-127.83439424184893,517.033
101,2,21,-32.270342054559954,-119.66964074952905,513.792
102,2,22,-25.747904133075053,-112.56157216332349,510.64
103,2,23,-18.914108623180535,-106.20888834837551,507.781
104,2,24,-11.87872264125403,-100.36118090933407,505.397
105,2,25,-4.726682577832407,-94.80926847267837,503.633
106,2,26,2.4708702376801837,-89.36983559127445,502.578
107,2,27,9.647709650761065,-83.86960719606824,502.267
108,2,28,16.7348838345219,-78.12962550061624,502.672
109,2,29,23.65217840701982,-71.94956105656199,503.711
110,2,30,30.29790636566533,-65.09166863927567,505.254
111,2,31,36.53523170062639,-57.26813090732211,507.137
112,2,32,42.17480278509003,-48.14403636493892,509.18
113,2,33,46.95753346836474,-37.38702459201868,511.204
114,2,34,50.55297236821613,-24.815475735888885,513.046
115,2,35,52.605806213830974,-10.659333237599885,514.578
116,2,36,52.85445242037612,4.248050668441417,515.714
117,2,37,51.26510155146,18.702070523039367,516.423
118,2,38,48.05209518852138,31.7284211854328,516.723
119,2,39,43.561303865845936,42.94748501042065,516.682
120,3,0,35.165379205972386,65.67467992644961,516.218
121,3,1,28.840552317554295,73.23015322404768,515.838
122,3,2,22.14668006299666,79.89199872158713,515.566
123,3,3,15.209890423060227,85.93486515578334,515.529
124,3,4,8.124615885662303,91.58547382594571,515.824
125,3,5,0.9663596030440279,97.0366478025329,516.508
126,3,6,-6.198624202463297,102.46328090943221,517.589
127,3,7,-13.305263144698198,108.03794470621322,519.027
128,3,8,-20.28185571202288,113.94633837603023,520.73
129,3,9,-27.04102457504584,120.40314842487506,522.569
130,3,10,-33.46804646137296,127.6668770222652,524.384
131,3,11,-39.40552649177045,136.04720494516903,526.001
132,3,12,-44.635303301506255,145.88504059544022,527.251
133,3,13,-48.86591564322298,157.4636319179592,527.982
134,3,14,-51.748730171115675,170.80393393309956,528.078
135,3,15,-52.9573628806007,-174.59900560201208,527.471
136,3,16,-52.32533132575357,-159.80358642571386,526.148
137,3,17,-49.93965211660025,-145.96948905433825,524.155
138,3,18,-46.089624745625805,-133.80011368936985,521.595
139,3,19,-41.12846561556827,-123.41897747175916,518.619
140,3,20,-35.37017559804605,-114.59918151727838,515.415
141,3,21,-29.0562496915433,-107.00356719792815,512.192
142,3,22,-22.362331333208765,-100.30759124510615,509.161
143,3,23,-15.415868437860302,-94.23577846920742,506.519
144,3,24,-8.31263135671889,-88.56013032554777,504.431
145,3,25,-1.129427167826909,-83.08636891337537,503.013
146,3,26,6.066018641048439,-77.638200220023,502.33
147,3,27,13.207149184818258,-72.04141344052032,502.384
148,3,28,20.22047621704656,-66.1084037689346,503.12
149,3,29,27.01652980913488,-59.62206681230779,504.429
150,3,30,33.47800146208825,-52.320676551834204,506.164
151,3,31,39.444137551148536,-43.890600946110595,508.15
152,3,32,44.69246515467009,-33.987168159050604,510.205
153,3,33,48.9263389117155,-22.326771660842386,512.157
154,3,34,51.79256632520882,-8.897609738373802,513.857
155,3,35,52.96417599429779,5.773565308714125,515.199
156,3,36,52.28102047351311,20.604937320142824,516.122
157,3,37,49.841208600092855,34.43183396458594,516.621
158,3,38,45.94372507476516,46.565419138303476,516.739
159,3,39,40.94672452703798,56.90031156013858,516.564
160,4,0,38.1372935515879,70.46166581757724,516.404
161,4,1,32.05864717142458,78.58338911812605,516.023
162,4,2,25.53094488163689,85.65436294694925,515.68
163,4,3,18.702172975876916,91.97565521247186,515.511
164,4,4,11.680775221370597,97.79654049864266,515.63
165,4,5,4.550350145351127,103.32482731095928,516.115
166,4,6,-2.6192968650903192,108.74237626626248,517
167,4,7,-9.76346342794621,114.22099394293477,518.268
168,4,8,-16.81479192516917,119.93787593861379,519.853
169,4,9,-23.69498661764288,126.09122068263495,521.642
170,4,10,-30.304688743511154,132.91597302206839,523.49
171,4,11,-36.509980491264855,140.69632346789993,525.228
172,4,12,-42.12534197021538,149.76312638352508,526.682
173,4,13,-46.89650572813068,160.4460476794236,527.689
174,4,14,-50.49818742088346,172.9302947651296,528.115
175,4,15,-52.57815077788159,-172.99837809077627,527.865
176,4,16,-52.87209138390767,-158.1481671369562,526.898
177,4,17,-51.33680829246138,-143.7076309295535,525.23
178,4,18,-48.17552353701268,-130.65733874657187,522.938
179,4,19,-43.72671397207072,-119.39534035246133,520.148
180,4,20,-38.33213835804086,-109.83440057114247,517.033
181,4,21,-32.270342054559954,-101.66963341844425,513.792
182,4,22,-25.747904133075053,-94.56157166242787,510.64
183,4,23,-18.914108623180535,-88.20888784747987,507.781
184,4,24,-11.87872264125403,-82.36118040843844,505.397
185,4,25,-4.726682577832407,-76.80926797178275,503.633
186,4,26,2.4708702376801837,-71.36983509037881,502.578
187,4,27,9.647709650761065,-65.8696066951726,502.267
188,4,28,16.7348838345219,-60.12962499972061,502.672
189,4,29,23.65217840701982,-53.94956397076094,503.711
190,4,30,30.29790636566533,-47.09166813838004,505.254
191,4,31,36.53523170062639,-39.26813040642648,507.137
192,4,32,42.17480278509003,-30.144035864043285,509.18
193,4,33,46.95753346836474,-19.38702579867034,511.204
194,4,34,50.55297236821613,-6.815476088766897,513.046
195,4,35,52.605806213830974,7.340667263295749,514.578
196,4,36,52.85445242037612,22.248052023110695,515.714
197,4,37,51.26510155146,36.70206931638771,516.423
198,4,38,48.05209518852138,49.72842168632844,516.723
199,4,39,43.561303865845936,60.94748551131628,516.682
200,5,0,35.165379205972386,83.67468042734525,516.218
201,5,1,28.840552317554295,91.2301537249433,515.838
202,5,2,22.14668006299666,97.89199922248277,515.566
203,5,3,15.209890423060227,103.93486565667897,515.529
204,5,4,8.124615885662303,109.58547432684135,515.824
205,5,5,0.9663596030440279,115.03664147323936,516.508
206,5,6,-6.198624202463297,120.46328141032785,517.589
207,5,7,-13.305263144698198,126.03794520710885,519.027
208,5,8,-20.28185571202288,131.94634570711503,520.73
209,5,9,-27.04102457504584,138.40315575595986,522.569
210,5,10,-33.46804646137296,145.66688435334999,524.384
211,5,11,-39.40552649177045,154.04721227625382,526.001
212,5,12,-44.635303301506255,163.88503426614668,527.251
213,5,13,-48.86591564322298,175.46362558866565,527.982
214,5,14,-51.748730171115675,-171.19605509334997,528.078
215,5,15,-52.9573628806007,-156.59899827092727,527.471
216,5,16,-52.32533132575357,-141.8035927550074,526.148
217,5,17,-49.93965211660025,-127.96948172325344,524.155
218,5,18,-46.089624745625805,-115.80012001866338,521.595
219,5,19,-41.12846561556827,-105.41897697086353,518.619
220,5,20,-35.37017559804605,-96.59918101638274,515.415
221,5,21,-29.0562496915433,-89.00356669703251,512.192
222,5,22,-22.362331333208765,-82.30759074421051,509.161
223,5,23,-15.415868437860302,-76.2357779683118,506.519
224,5,24,-8.31263135671889,-70.56012982465215,504.431
225,5,25,-1.129427167826909,-65.08636841247974,503.013
226,5,26,6.066018641048439,-59.638199719127364,502.33
227,5,27,13.207149184818258,-54.041412939624685,502.384
228,5,28,20.22047621704656,-48.108406683133545,503.12
229,5,29,27.01652980913488,-41.62206631141216,504.429
230,5,30,33.47800146208825,-34.32067605093857,506.164
231,5,31,39.444137551148536,-25.890600445214957,508.15
232,5,32,44.69246515467009,-15.98716765815497,510.205
233,5,33,48.9263389117155,-4.326771586833575,512.157
234,5,34,51.79256632520882,9.102390762521832,513.857
235,5,35,52.96417599429779,23.77356623649658,515.199
236,5,36,52.28102047351311,38.60493611349116,516.122
237,5,37,49.841208600092855,52.43183446548158,516.621
238,5,38,45.94372507476516,64.56542305429369,516.739
239,5,39,40.94672452703798,74.90031206103421,516.564
240,6,0,38.1372935515879,88.46166631847288,516.404
241,6,1,32.05864717142458,96.58338961902167,516.023
242,6,2,25.53094488163689,103.65436344784489,515.68
243,6,3,18.702172975876916,109.9756557133675,515.511
244,6,4,11.680775221370597,115.7965409995383,515.63
245,6,5,4.550350145351127,121.32482781185492,516.115
246,6,6,-2.6192968650903192,126.74236993696896,517
247,6,7,-9.76346342794621,132.22098761364123,518.268
248,6,8,-16.81479192516917,137.93786960932024,519.853
249,6,9,-23.69498661764288,144.09121435334143,521.642
250,6,10,-30.304688743511154,150.91596669277484,523.49
251,6,11,-36.509980491264855,158.69633079898475,525.228
252,6,12,-42.12534197021538,167.76312005423154,526.682
253,6,13,-46.89650572813068,178.4460550105084,527.689
254,6,14,-50.49818742088346,-169.06969426131994,528.115
255,6,15,-52.57815077788159,-154.99837075969145,527.865
256,6,16,-52.87209138390767,-140.1481598058714,526.898
257,6,17,-51.33680829246138,-125.70763725884704,525.23
258,6,18,-48.17552353701268,-112.65733824567624,522.938
259,6,19,-43.72671397207072,-101.3953398515657,520.148
260,6,20,-38.33213835804086,-91.83440007024683,517.033
261,6,21,-32.270342054559954,-83.66963291754861,513.792
262,6,22,-25.747904133075053,-76.56157116153223,510.64
263,6,23,-18.914108623180535,-70.20888734658423,507.781
264,6,24,-11.87872264125403,-64.3611799075428,505.397
265,6,25,-4.726682577832407,-58.80926747088711,503.633
266,6,26,2.4708702376801837,-53.36983458948318,502.578
267,6,27,9.647709650761065,-47.869602779182394,502.267
268,6,28,16.7348838345219,-42.12962449882498,502.672
269,6,29,23.65217840701982,-35.94956346986531,503.711
270,6,30,30.29790636566533,-29.0916676374844,505.254
271,6,31,36.53523170062639,-21.268129905530845,507.137
272,6,32,42.17480278509003,-12.144034509374006,509.18
273,6,33,46.95753346836474,-1.3870249776095895,511.204
274,6,34,50.55297236821613,11.184524412128736,513.046
275,6,35,52.605806213830974,25.340667764191384,514.578
276,6,36,52.85445242037612,40.248050816459035,515.714
277,6,37,51.26510155146,54.70206981728334,516.423
278,6,38,48.05209518852138,67.72842218722407,516.723
279,6,39,43.561303865845936,78.94748601221191,516.682
280,7,0,35.165379205972386,101.67468092824087,516.218
281,7,1,28.840552317554295,109.23015422583894,515.838
282,7,2,22.14668006299666,115.89199972337839,515.566
283,7,3,15.209890423060227,121.93485932738544,515.529
284,7,4,8.124615885662303,127.58547482773699,515.824
285,7,5,0.9663596030440279,133.03664880432416,516.508
286,7,6,-6.198624202463297,138.4632750810343,517.589
287,7,7,-13.305263144698198,144.03793887781532,519.027
288,7,8,-20.28185571202288,149.9463393778215,520.73
289,7,9,-27.04102457504584,156.40314942666632,522.569
290,7,10,-33.46804646137296,163.66687802405647,524.384
291,7,11,-39.40552649177045,172.04720594696028,526.001
292,7,12,-44.635303301506255,-178.1149684206812,527.251
293,7,13,-48.86591564322298,-166.5363770981622,527.982
294,7,14,-51.748730171115675,-153.1960614226435,528.078
295,7,15,-52.9573628806007,-138.5990046002208,527.471
296,7,16,-52.32533132575357,-123.80358542392258,526.148
297,7,17,-49.93965211660025,-109.96948805254698,524.155
298,7,18,-46.089624745625805,-97.80011951776775,521.595
299,7,19,-41.12846561556827,-87.41898330015707,518.619
300,7,20,-35.37017559804605,-78.59918051548712,515.415
301,7,21,-29.0562496915433,-71.00356619613689,512.192
302,7,22,-22.362331333208765,-64.30759024331488,509.161
303,7,23,-15.415868437860302,-58.23578429760533,506.519
304,7,24,-8.31263135671889,-52.560132738851095,504.431
305,7,25,-1.129427167826909,-47.08637474177328,503.013
306,7,26,6.066018641048439,-41.638202633326316,502.33
307,7,27,13.207149184818258,-36.041415853823636,502.384
308,7,28,20.22047621704656,-30.108409597332496,503.12
309,7,29,27.01652980913488,-23.622070933158408,504.429
310,7,30,33.47800146208825,-16.320678965137525,506.164
311,7,31,39.444137551148536,-7.890603359413911,508.15
312,7,32,44.69246515467009,2.012828573872431,510.205
313,7,33,48.9263389117155,13.67322507208065,512.157
314,7,34,51.79256632520882,27.102386994549235,513.857
315,7,35,52.96417599429779,41.77356332229763,515.199
316,7,36,52.28102047351311,56.60493319929221,516.122
317,7,37,49.841208600092855,70.43183155128263,516.621
318,7,38,45.94372507476516,82.56541672500016,516.739
319,7,39,40.94672452703798,92.90031256192985,516.564
320,8,0,38.1372935515879,106.4616668193685,516.404
321,8,1,32.05864717142458,114.58339011991731,516.023
322,8,2,25.53094488163689,121.65437077892969,515.68
323,8,3,18.702172975876916,127.97565621426313,515.511
324,8,4,11.680775221370597,133.7965483306231,515.63
325,8,5,4.550350145351127,139.3248214825614,516.115
326,8,6,-2.6192968650903192,144.74237726805376,517
327,8,7,-9.76346342794621,150.22099494472604,518.268
328,8,8,-16.81479192516917,155.93787694040506,519.853
329,8,9,-23.69498661764288,162.09122168442622,521.642
330,8,10,-30.304688743511154,168.91597402385963,523.49
331,8,11,-36.509980491264855,176.6963244696912,525.228
332,8,12,-42.12534197021538,-174.23688263259635,526.682
333,8,13,-46.89650572813068,-163.55394767631947,527.689
334,8,14,-50.49818742088346,-151.06970059061348,528.115
335,8,15,-52.57815077788159,-136.998377088985,527.865
336,8,16,-52.87209138390767,-122.14816613516493,526.898
337,8,17,-51.33680829246138,-107.7076367579514,525.23
338,8,18,-48.17552353701268,-94.6573377447806,522.938
339,8,19,-43.72671397207072,-83.39533935067007,520.148
340,8,20,-38.33213835804086,-73.83439956935119,517.033
341,8,21,-32.270342054559954,-65.66963241665297,513.792
342,8,22,-25.747904133075053,-58.5615706606366,510.64
343,8,23,-18.914108623180535,-52.20889026078319,507.781
344,8,24,-11.87872264125403,-46.361175991552585,505.397
345,8,25,-4.726682577832407,-40.80927038508606,503.633
346,8,26,2.4708702376801837,-35.36983408858755,502.578
347,8,27,9.647709650761065,-29.869602278286756,502.267
348,8,28,16.7348838345219,-24.129623997929347,502.672
349,8,29,23.65217840701982,-17.94956126142238,503.711
350,8,30,30.29790636566533,-11.091667990362414,505.254
351,8,31,36.53523170062639,-3.2681296180786226,507.137
352,8,32,42.17480278509003,5.8559664184084514,509.18
353,8,33,46.95753346836474,16.612975203120925,511.204
354,8,34,50.55297236821613,29.184524059250723,513.046
355,8,35,52.605806213830974,43.34066826508702,514.578
356,8,36,52.85445242037612,58.24805131735467,515.714
357,8,37,51.26510155146,72.70207031817897,516.423
358,8,38,48.05209518852138,85.72842268811971,516.723
359,8,39,43.561303865845936,96.94748651310755,516.682
360,9,0,35.165379205972386,119.67468142913651,516.218
361,9,1,28.840552317554295,127.23015472673458,515.838
362,9,2,22.14668006299666,133.89199339408486,515.566
363,9,3,15.209890423060227,139.93486665847024,515.529
364,9,4,8.124615885662303,145.58546849844345,515.824
365,9,5,0.9663596030440279,151.03664247503062,516.508
366,9,6,-6.198624202463297,156.46328241211913,517.589
367,9,7,-13.305263144698198,162.0379462089001,519.027
368,9,8,-20.28185571202288,167.94633304852795,520.73
369,9,9,-27.04102457504584,174.40314309737278,522.569
370,9,10,-33.46804646137296,-178.3331246627714,524.384
371,9,11,-39.40552649177045,-169.95279673986758,526.001
372,9,12,-44.635303301506255,-160.1149610895964,527.251
373,9,13,-48.86591564322298,-148.53636976707742,527.982
374,9,14,-51.748730171115675,-135.19606775193705,528.078
375,9,15,-52.9573628806007,-120.59901092951434,527.471
376,9,16,-52.32533132575357,-105.80359175321612,526.148
377,9,17,-49.93965211660025,-91.96948755165134,524.155
378,9,18,-46.089624745625805,-79.80011901687212,521.595
379,9,19,-41.12846561556827,-69.41898279926143,518.619
380,9,20,-35.37017559804605,-60.59918001459148,515.415
381,9,21,-29.0562496915433,-53.00356569524125,512.192
382,9,22,-22.362331333208765,-46.307589742419246,509.161
383,9,23,-15.415868437860302,-40.2357837967097,506.519
384,9,24,-8.31263135671889,-34.560132237955465,504.431
385,9,25,-1.129427167826909,-29.08637424087764,503.013
386,9,26,6.066018641048439,-23.63820042488339,502.33
387,9,27,13.207149184818258,-18.041413645380715,502.384
388,9,28,20.22047621704656,-12.108408242663218,503.12
389,9,29,27.01652980913488,-5.62207000537595,504.429
390,9,30,33.47800146208825,1.6793213223146986,506.164
391,9,31,39.444137551148536,10.109397141481724,508.15
392,9,32,44.69246515467009,20.01282992854171,510.205
393,9,33,48.9263389117155,31.67322642674993,512.157
394,9,34,51.79256632520882,45.10238920299216,513.857
395,9,35,52.96417599429779,59.77356040809868,515.199
396,9,36,52.28102047351311,74.60493370018784,516.122
397,9,37,49.841208600092855,88.43183205217827,516.621
398,9,38,45.94372507476516,100.56541722589579,516.739
399,9,39,40.94672452703798,110.90031306282549,516.564
400,10,0,38.1372935515879,124.46166049007498,516.404
401,10,1,32.05864717142458,132.58339745100213,516.023
402,10,2,25.53094488163689,139.65436444963615,515.68
403,10,3,18.702172975876916,145.97564988496958,515.511
404,10,4,11.680775221370597,151.79654200132956,515.63
405,10,5,4.550350145351127,157.32482881364618,516.115
406,10,6,-2.6192968650903192,162.74237093876022,517
407,10,7,-9.76346342794621,168.2209886154325,518.268
408,10,8,-16.81479192516917,173.93787061111152,519.853
409,10,9,-23.69498661764288,-179.90878100240164,521.642
410,10,10,-30.304688743511154,-173.08402866296822,523.49
411,10,11,-36.509980491264855,-165.30367821713665,525.228
412,10,12,-42.12534197021538,-156.23687530151153,526.682
413,10,13,-46.89650572813068,-145.553954005613,527.689
414,10,14,-50.49818742088346,-133.0696932595287,528.115
415,10,15,-52.57815077788159,-118.99836975790019,527.865
416,10,16,-52.87209138390767,-104.1481656342693,526.898
417,10,17,-51.33680829246138,-89.70763625705577,525.23
418,10,18,-48.17552353701268,-76.65733724388498,522.938
419,10,19,-43.72671397207072,-65.39533884977443,520.148
420,10,20,-38.33213835804086,-55.83439565336098,517.033
421,10,21,-32.270342054559954,-47.669635330851925,513.792
422,10,22,-25.747904133075053,-40.56156674464638,510.64
423,10,23,-18.914108623180535,-34.208889759887555,507.781
424,10,24,-11.87872264125403,-28.361177198204242,505.397
425,10,25,-4.726682577832407,-22.809269884190428,503.633
426,10,26,2.4708702376801837,-17.369833587691918,502.578
427,10,27,9.647709650761065,-11.869603484938416,502.267
428,10,28,16.7348838345219,-6.129623923920536,502.672
429,10,29,23.65217840701982,0.05043911941133266,503.711
430,10,30,30.29790636566533,6.9083329374200435,505.254
431,10,31,36.53523170062639,14.731871096260422,507.137
432,10,32,42.17480278509003,23.85596734619091,509.18
433,10,33,46.95753346836474,34.612977411563854,511.204
434,10,34,50.55297236821613,47.18452456014636,513.046
435,10,35,52.605806213830974,61.34067218107723,514.578
436,10,36,52.85445242037612,76.2480518182503,515.714
437,10,37,51.26510155146,90.7020708190746,516.423
438,10,38,48.05209518852138,103.72842318901533,516.723
439,10,39,43.561303865845936,114.94748018381401,516.682
440,11,0,35.165379205972386,137.67467509984297,516.218
441,11,1,28.840552317554295,145.23014839744104,515.838
442,11,2,22.14668006299666,151.89200072516965,515.566
443,11,3,15.209890423060227,157.9348603291767,515.529
444,11,4,8.124615885662303,163.58547582952826,515.824
445,11,5,0.9663596030440279,169.03664980611543,516.508
446,11,6,-6.198624202463297,174.4632760828256,517.589
447,11,7,-13.305263144698198,-179.96205647792775,519.027
448,11,8,-20.28185571202288,-174.05365597792158,520.73
449,11,9,-27.04102457504584,-167.59684592907675,522.569
450,11,10,-33.46804646137296,-160.3331173316866,524.384
451,11,11,-39.40552649177045,-151.95278940878276,526.001
452,11,12,-44.635303301506255,-142.11496741888993,527.251
453,11,13,-48.86591564322298,-130.53637609637096,527.982
454,11,14,-51.748730171115675,-117.19606042085225,528.078
455,11,15,-52.9573628806007,-102.59900359842953,527.471
456,11,16,-52.32533132575357,-87.80359125232049,526.148
457,11,17,-49.93965211660025,-73.96948705075572,524.155
458,11,18,-46.089624745625805,-61.80011851597648,521.595
459,11,19,-41.12846561556827,-51.418982298365805,518.619
460,11,20,-35.37017559804605,-42.599182928790434,515.415
461,11,21,-29.0562496915433,-35.00356519434562,512.192
462,11,22,-22.362331333208765,-28.307589241523615,509.161
463,11,23,-15.415868437860302,-22.235783295814063,506.519
464,11,24,-8.31263135671889,-16.56013173705983,504.431
465,11,25,-1.129427167826909,-11.08637288620836,503.013
466,11,26,6.066018641048439,-5.638200350874581,502.33
467,11,27,13.207149184818258,-0.04141347132030377,502.384
468,11,28,20.22047621704656,5.891592258232415,503.12
469,11,29,27.01652980913488,12.37793006863286,504.429
470,11,30,33.47800146208825,19.679322036653744,506.164
471,11,31,39.444137551148536,28.109397642377356,508.15
472,11,32,44.69246515467009,38.012830429437344,510.205
473,11,33,48.9263389117155,49.673226927645565,512.157
474,11,34,51.79256632520882,63.102389703887795,513.857
475,11,35,52.96417599429779,77.77356090899431,515.199
476,11,36,52.28102047351311,92.60493420108348,516.122
477,11,37,49.841208600092855,106.43183255307389,516.621
478,11,38,45.94372507476516,118.56541772679142,516.739
479,11,39,40.94672452703798,128.9003135637211,516.564
480,12,0,38.1372935515879,142.46166782115978,516.404
481,12,1,32.05864717142458,150.5833911217086,516.023
482,12,2,25.53094488163689,157.65437178072096,515.68
483,12,3,18.702172975876916,163.9756572160544,515.511
484,12,4,11.680775221370597,169.79654933241437,515.63
485,12,5,4.550350145351127,175.32482248435264,516.115
486,12,6,-2.6192968650903192,-179.2576180876893,517
487,12,7,-9.76346342794621,-173.77900041101702,518.268
488,12,8,-16.81479192516917,-168.062118415338,519.853
489,12,9,-23.69498661764288,-161.90878733169518,521.642
490,12,10,-30.304688743511154,-155.0840213318834,523.49
491,12,11,-36.509980491264855,-147.30367088605186,525.228
492,12,12,-42.12534197021538,-138.23688163080507,526.682
493,12,13,-46.89650572813068,-127.5539466745282,527.689
494,12,14,-50.49818742088346,-115.06969958882222,528.115
495,12,15,-52.57815077788159,-100.99836925700455,527.865
496,12,16,-52.87209138390767,-86.14816513337367,526.898
497,12,17,-51.33680829246138,-71.70763575616014,525.23
498,12,18,-48.17552353701268,-58.657336742989344,522.938
499,12,19,-43.72671397207072,-47.3953383488788,520.148
500,12,20,-38.33213835804086,-37.83439515246535,517.033
501,12,21,-32.270342054559954,-29.669634829956294,513.792
502,12,22,-25.747904133075053,-22.561566243750743,510.64
503,12,23,-18.914108623180535,-16.208887551444633,507.781
504,12,24,-11.87872264125403,-10.36117669730861,505.397
505,12,25,-4.726682577832407,-4.80926895640797,503.633
506,12,26,2.4708702376801837,0.6301662728734817,502.578
507,12,27,9.647709650761065,6.130397015957217,502.267
508,12,28,16.7348838345219,11.87037700386192,502.672
509,12,29,23.65217840701982,18.050439740368883,503.711
510,12,30,30.29790636566533,24.9083338652025,505.254
511,12,31,36.53523170062639,32.73187159715606,507.137
512,12,32,42.17480278509003,41.85596613953925,509.18
513,12,33,46.95753346836474,52.612977912459485,511.204
514,12,34,50.55297236821613,65.184525061042,513.046
515,12,35,52.605806213830974,79.34067268197286,514.578
516,12,36,52.85445242037612,94.24805231914594,515.714
517,12,37,51.26510155146,108.70207131997024,516.423
518,12,38,48.05209518852138,121.72842368991097,516.723
519,12,39,43.561303865845936,132.94748751489882,516.682
520,13,0,35.165379205972386,155.6746824309278,516.218
521,13,1,28.840552317554295,163.23015572852586,515.838
522,13,2,22.14668006299666,169.89200805625447,515.566
523,13,3,15.209890423060227,175.93486766026152,515.529
524,13,4,8.124615885662303,-178.41452685729962,515.824
525,13,5,0.9663596030440279,-172.96335288071245,516.508
526,13,6,-6.198624202463297,-167.53671294362394,517.589
527,13,7,-13.305263144698198,-161.96204914684293,519.027
528,13,8,-20.28185571202288,-156.05364864683676,520.73
529,13,9,-27.04102457504584,-149.59683859799193,522.569
530,13,10,-33.46804646137296,-142.3331100006018,524.384
531,13,11,-39.40552649177045,-133.95278207769798,526.001
532,13,12,-44.635303301506255,-124.11496008780513,527.251
533,13,13,-48.86591564322298,-112.53636876528616,527.982
534,13,14,-51.748730171115675,-99.19605308976745,528.078
535,13,15,-52.9573628806007,-84.59899626734473,527.471
536,13,16,-52.32533132575357,-69.80358392123568,526.148
537,13,17,-49.93965211660025,-55.96947971967091,524.155
538,13,18,-46.089624745625805,-43.800111184891676,521.595
539,13,19,-41.12846561556827,-33.418974967280995,518.619
540,13,20,-35.37017559804605,-24.599175597705628,515.415
541,13,21,-29.0562496915433,-17.003557863260813,512.192
542,13,22,-22.362331333208765,-10.307582764212459,509.161
543,13,23,-15.415868437860302,-4.235775537842435,506.519
544,13,24,-8.31263135671889,1.4398762343552076,504.431
545,13,25,-1.129427167826909,6.913634444876443,503.013
546,13,26,6.066018641048439,12.3618065533234,502.33
547,13,27,13.207149184818258,17.958594186599722,502.384
548,13,28,20.22047621704656,23.89159873554357,503.12
549,13,29,27.01652980913488,30.377939107264957,504.429
550,13,30,33.47800146208825,37.679329367738546,506.164
551,13,31,39.444137551148536,46.10940497346216,508.15
552,13,32,44.69246515467009,56.012837760522146,510.205
553,13,33,48.9263389117155,67.67323425873036,512.157
554,13,34,51.79256632520882,81.1023970349726,513.857
555,13,35,52.96417599429779,95.77356824007911,515.199
556,13,36,52.28102047351311,110.60494153216828,516.122
557,13,37,49.841208600092855,124.43183988415869,516.621
558,13,38,45.94372507476516,136.56542505787624,516.739
559,13,39,40.94672452703798,146.90032089480593,516.564
560,14,0,38.1372935515879,160.46166149186624,516.404
561,14,1,32.05864717142458,168.58338479241505,516.023
562,14,2,25.53094488163689,175.65436545142742,515.68
563,14,3,18.702172975876916,-178.02434547077345,515.511
564,14,4,11.680775221370597,-172.20346701479184,515.63
565,14,5,4.550350145351127,-166.67518020247522,516.115
566,14,6,-2.6192968650903192,-161.25762441698285,517
567,14,7,-9.76346342794621,-155.77900674031056,518.268
568,14,8,-16.81479192516917,-150.06212474463155,519.853
569,14,9,-23.69498661764288,-143.90879366098872,521.642
570,14,10,-30.304688743511154,-137.08402766117695,523.49
571,14,11,-36.509980491264855,-129.3036772153454,525.228
572,14,12,-42.12534197021538,-120.2368879600986,526.682
573,14,13,-46.89650572813068,-109.55395300382175,527.689
574,14,14,-50.49818742088346,-97.06970591811576,528.115
575,14,15,-52.57815077788159,-82.9983755862981,527.865
576,14,16,-52.87209138390767,-68.14817146266721,526.898
577,14,17,-51.33680829246138,-53.70763867035909,525.23
578,14,18,-48.17552353701268,-40.657343072282885,522.938
579,14,19,-43.72671397207072,-29.395344678172336,520.148
580,14,20,-38.33213835804086,-19.83440148175888,517.033
581,14,21,-32.270342054559954,-11.66964115924983,513.792
582,14,22,-25.747904133075053,-4.56157257304428,510.64
583,14,23,-18.914108623180535,1.7911054789315966,507.781
584,14,24,-11.87872264125403,7.638816973397853,505.397
585,14,25,-4.726682577832407,13.190725141185316,503.633
586,14,26,2.4708702376801837,18.63016058391018,502.578
587,14,27,9.647709650761065,24.13039068666368,502.267
588,14,28,16.7348838345219,29.870370674568385,502.672
589,14,29,23.65217840701982,36.050431703528055,503.711
590,14,30,30.29790636566533,42.90832753590897,505.254
591,14,31,36.53523170062639,50.73186526786252,507.137
592,14,32,42.17480278509003,59.855959810245714,509.18
593,14,33,46.95753346836474,70.61296816807136,511.204
594,14,34,50.55297236821613,83.18451873174845,513.046
595,14,35,52.605806213830974,97.34066635267934,514.578
596,14,36,52.85445242037612,112.2480459898524,515.714
597,14,37,51.26510155146,126.70207182086587,516.423
598,14,38,48.05209518852138,139.72841736061744,516.723
599,14,39,43.561303865845936,150.94748118560528,516.682
600,15,0,35.165379205972386,173.67467610163425,516.218
601,15,1,28.840552317554295,-178.76984695830203,515.838
602,15,2,22.14668006299666,-172.10800829095174,515.566
603,15,3,15.209890423060227,-166.06513502656637,515.529
604,15,4,8.124615885662303,-160.41453318659316,515.824
605,15,5,0.9663596030440279,-154.96335921000596,516.508
606,15,6,-6.198624202463297,-149.53671927291748,517.589
607,15,7,-13.305263144698198,-143.96205547613647,519.027
608,15,8,-20.28185571202288,-138.0536549761303,520.73
609,15,9,-27.04102457504584,-131.59684492728547,522.569
610,15,10,-33.46804646137296,-124.33311632989533,524.384
611,15,11,-39.40552649177045,-115.9527884069915,526.001
612,15,12,-44.635303301506255,-106.11496641709866,527.251
613,15,13,-48.86591564322298,-94.53637509457968,527.982
614,15,14,-51.748730171115675,-81.19605941906099,528.078
615,15,15,-52.9573628806007,-66.59900259663827,527.471
616,15,16,-52.32533132575357,-51.80359025052922,526.148
617,15,17,-49.93965211660025,-37.96948604896444,524.155
618,15,18,-46.089624745625805,-25.800117514185214,521.595
619,15,19,-41.12846561556827,-15.418981296574534,518.619
620,15,20,-35.37017559804605,-6.599181073225519,515.415
621,15,21,-29.0562496915433,0.9964354872805329,512.192
622,15,22,-22.362331333208765,7.692410906494004,509.161
623,15,23,-15.415868437860302,13.764218559750852,506.519
624,15,24,-8.31263135671889,19.439869264731435,504.431
625,15,25,-1.129427167826909,24.91362726180926,503.013
626,15,26,6.066018641048439,30.361799370256215,502.33
627,15,27,13.207149184818258,35.958586149758894,502.384
628,15,28,20.22047621704656,41.891592406250034,503.12
629,15,29,27.01652980913488,48.37793277797142,504.429
630,15,30,33.47800146208825,55.67932303844501,506.164
631,15,31,39.444137551148536,64.10939864416862,508.15
632,15,32,44.69246515467009,74.0128314312286,510.205
633,15,33,48.9263389117155,85.67322792943683,512.157
634,15,34,51.79256632520882,99.10239070567906,513.857
635,15,35,52.96417599429779,113.77356191078557,515.199
636,15,36,52.28102047351311,128.60493520287474,516.122
637,15,37,49.841208600092855,142.43183355486516,516.621
638,15,38,45.94372507476516,154.5654187285827,516.739
639,15,39,40.94672452703798,164.9003145655124,516.564
640,16,0,38.1372935515879,178.46166882295105,516.404
641,16,1,32.05864717142458,-173.41660423403448,516.023
642,16,2,25.53094488163689,-166.34563723540043,515.68
643,16,3,18.702172975876916,-160.02433813968867,515.511
644,16,4,11.680775221370597,-154.20345968370702,515.63
645,16,5,4.550350145351127,-148.6751728713904,516.115
646,16,6,-2.6192968650903192,-143.25761708589803,517
647,16,7,-9.76346342794621,-137.77899940922575,518.268
648,16,8,-16.81479192516917,-132.06211741354673,519.853
649,16,9,-23.69498661764288,-125.90878632990392,521.642
650,16,10,-30.304688743511154,-119.08402033009216,523.49
651,16,11,-36.509980491264855,-111.30366988426059,525.228
652,16,12,-42.12534197021538,-102.23687379882463,526.682
653,16,13,-46.89650572813068,-91.55394567273694,527.689
654,16,14,-50.49818742088346,-79.06969858703096,528.115
655,16,15,-52.57815077788159,-64.9983682552133,527.865
656,16,16,-52.87209138390767,-50.1481641315824,526.898
657,16,17,-51.33680829246138,-35.707631339274286,525.23
658,16,18,-48.17552353701268,-22.65733574119808,522.938
659,16,19,-43.72671397207072,-11.395338200861179,520.148
660,16,20,-38.33213835804086,-1.8343941506740795,517.033
661,16,21,-32.270342054559954,6.330366598721796,513.792
662,16,22,-25.747904133075053,13.438434758040522,510.64
663,16,23,-18.914108623180535,19.791113450346636,507.781
664,16,24,-11.87872264125403,25.638824304482657,505.397
665,16,25,-4.726682577832407,31.190731618496475,503.633
666,16,26,2.4708702376801837,36.630167914994985,502.578
667,16,27,9.647709650761065,42.130399725295774,502.267
668,16,28,16.7348838345219,47.87037800565319,502.672
669,16,29,23.65217840701982,54.05043903461286,503.711
670,16,30,30.29790636566533,60.90833486699377,505.254
671,16,31,36.53523170062639,68.73187259894732,507.137
672,16,32,42.17480278509003,77.85596714133051,509.18
673,16,33,46.95753346836474,88.61297549915616,511.204
674,16,34,50.55297236821613,101.18452606283326,513.046
675,16,35,52.605806213830974,115.34066685357496,514.578
676,16,36,52.85445242037612,130.24806015112637,515.714
677,16,37,51.26510155146,144.70207915195067,516.423
678,16,38,48.05209518852138,157.72842469170223,516.723
679,16,39,43.561303865845936,168.94748851669007,516.682
680,17,0,35.165379205972386,-168.3253265851936,516.218
681,17,1,28.840552317554295,-160.76985328759557,515.838
682,17,2,22.14668006299666,-154.10801462024529,515.566
683,17,3,15.209890423060227,-148.0651413558599,515.529
684,17,4,8.124615885662303,-142.41453951588667,515.824
685,17,5,0.9663596030440279,-136.9633655392995,516.508
686,17,6,-6.198624202463297,-131.53672560221102,517.589
687,17,7,-13.305263144698198,-125.96206180543001,519.027
688,17,8,-20.28185571202288,-120.05366130542384,520.73
689,17,9,-27.04102457504584,-113.59685808676818,522.569
690,17,10,-33.46804646137296,-106.33312948937804,524.384
691,17,11,-39.40552649177045,-97.95279473628504,526.001
692,17,12,-44.635303301506255,-88.1149727463922,527.251
693,17,13,-48.86591564322298,-76.53638142387322,527.982
694,17,14,-51.748730171115675,-63.19606574835452,528.078
695,17,15,-52.9573628806007,-48.599008925931805,527.471
696,17,16,-52.32533132575357,-33.80359657982276,526.148
697,17,17,-49.93965211660025,-19.969490670710687,524.155
698,17,18,-46.089624745625805,-7.800123843478752,521.595
699,17,19,-41.12846561556827,2.5810132279055744,518.619
700,17,20,-35.37017559804605,11.400812597480945,515.415
701,17,21,-29.0562496915433,18.996429478152113,512.192
702,17,22,-22.362331333208765,25.692405430974112,509.161
703,17,23,-15.415868437860302,31.76421137668367,506.519
704,17,24,-8.31263135671889,37.4398629354379,504.431
705,17,25,-1.129427167826909,42.91362093251573,503.013
706,17,26,6.066018641048439,48.36179304096268,502.33
707,17,27,13.207149184818258,53.95857982046536,502.384
708,17,28,20.22047621704656,59.8915860769565,503.12
709,17,29,27.01652980913488,66.3779230335833,504.429
710,17,30,33.47800146208825,73.67931329405688,506.164
711,17,31,39.444137551148536,82.10939231487508,508.15
712,17,32,44.69246515467009,92.01282510193508,510.205
713,17,33,48.9263389117155,103.6732216001433,512.157
714,17,34,51.79256632520882,117.10237754619635,513.857
715,17,35,52.96417599429779,131.77355558149205,515.199
716,17,36,52.28102047351311,146.6049288735812,516.122
717,17,37,49.841208600092855,160.43182722557162,516.621
718,17,38,45.94372507476516,172.56541239928916,516.739
719,17,39,40.94672452703798,-177.09970178169382,516.564
720,18,0,38.1372935515879,-163.53833386387683,516.404
721,18,1,32.05864717142458,-155.41661056332802,516.023
722,18,2,25.53094488163689,-148.34564356469397,515.68
723,18,3,18.702172975876916,-142.0243444689822,515.511
724,18,4,11.680775221370597,-136.20346601300056,515.63
725,18,5,4.550350145351127,-130.67517920068394,516.115
726,18,6,-2.6192968650903192,-125.25762341519157,517
727,18,7,-9.76346342794621,-119.77900573851929,518.268
728,18,8,-16.81479192516917,-114.06213057302945,519.853
729,18,9,-23.69498661764288,-107.90878582900828,521.642
730,18,10,-30.304688743511154,-101.08403348957486,523.49
731,18,11,-36.509980491264855,-93.30367621355413,525.228
732,18,12,-42.12534197021538,-84.23688012811817,526.682
733,18,13,-46.89650572813068,-73.55395200203047,527.689
734,18,14,-50.49818742088346,-61.06970491632449,528.115
735,18,15,-52.57815077788159,-46.99837458450683,527.865
736,18,16,-52.87209138390767,-32.14817046087594,526.898
737,18,17,-51.33680829246138,-17.707639376115115,525.23
738,18,18,-48.17552353701268,-4.657342070491614,522.938
739,18,19,-43.72671397207072,6.604655042958461,520.148
740,18,20,-38.33213835804086,16.165599520032384,517.033
741,18,21,-32.270342054559954,24.330359842541437,513.792
742,18,22,-25.747904133075053,31.438428428746985,510.64
743,18,23,-18.914108623180535,37.791105413505804,507.781
744,18,24,-11.87872264125403,43.63881968273641,505.397
745,18,25,-4.726682577832407,49.19072528920294,503.633
746,18,26,2.4708702376801837,54.630161585701444,502.578
747,18,27,9.647709650761065,60.13038998090765,502.267
748,18,28,16.7348838345219,65.87037167635965,502.672
749,18,29,23.65217840701982,72.0504361204139,503.711
750,18,30,30.29790636566533,78.90832853770023,505.254
751,18,31,36.53523170062639,86.73186626965379,507.137
752,18,32,42.17480278509003,95.85596081203698,509.18
753,18,33,46.95753346836474,106.61296916986264,511.204
754,18,34,50.55297236821613,119.18451973353972,513.046
755,18,35,52.605806213830974,133.34066052428142,514.578
756,18,36,52.85445242037612,148.24805382183283,515.714
757,18,37,51.26510155146,162.70207282265713,516.423
758,18,38,48.05209518852138,175.7284183624087,516.723
759,18,39,43.561303865845936,-173.05251417013778,516.682
760,19,0,35.165379205972386,-150.32531925410882,516.218
761,19,1,28.840552317554295,-142.76984595651075,515.838
762,19,2,22.14668006299666,-136.10800728916047,515.566
763,19,3,15.209890423060227,-130.0651340247751,515.529
764,19,4,8.124615885662303,-124.41453218480189,515.824
765,19,5,0.9663596030440279,-118.96335820821471,516.508
766,19,6,-6.198624202463297,-113.53671827112622,517.589
767,19,7,-13.305263144698198,-107.96205447434521,519.027
768,19,8,-20.28185571202288,-102.0536608045282,520.73
769,19,9,-27.04102457504584,-95.59685075568338,522.569
770,19,10,-33.46804646137296,-88.33312215829324,524.384
771,19,11,-39.40552649177045,-79.95278740520024,526.001
772,19,12,-44.635303301506255,-70.1149654153074,527.251
773,19,13,-48.86591564322298,-58.53637409278842,527.982
774,19,14,-51.748730171115675,-45.1960618323643,528.078
775,19,15,-52.9573628806007,-30.599001594847003,527.471
776,19,16,-52.32533132575357,-15.80358754119066,526.148
777,19,17,-49.93965211660025,-1.9694837665127074,524.155
778,19,18,-46.089624745625805,10.199883487606051,521.595
779,19,19,-41.12846561556827,20.581019705216733,518.619
780,19,20,-35.37017559804605,29.400819074792103,515.415
781,19,21,-29.0562496915433,36.99643680923692,512.192
782,19,22,-22.362331333208765,43.692412762058915,509.161
783,19,23,-15.415868437860302,49.76421870776847,506.519
784,19,24,-8.31263135671889,55.4398702665227,504.431
785,19,25,-1.129427167826909,60.91362826360053,503.013
786,19,26,6.066018641048439,66.36180378714207,502.33
787,19,27,13.207149184818258,71.95859056664474,502.384
788,19,28,20.22047621704656,77.8915934080413,503.12
789,19,29,27.01652980913488,84.3779303646681,504.429
790,19,30,33.47800146208825,91.6793206251417,506.164
791,19,31,39.444137551148536,100.10939964595988,508.15
792,19,32,44.69246515467009,110.01283243301988,510.205
793,19,33,48.9263389117155,121.67322210103893,512.157
794,19,34,51.79256632520882,135.10238487728117,513.857
795,19,35,52.96417599429779,149.77356291257684,515.199
796,19,36,52.28102047351311,164.60493620466602,516.122
797,19,37,49.841208600092855,178.43183455665644,516.621
798,19,38,45.94372507476516,-169.43457662716037,516.739
799,19,39,40.94672452703798,-159.099694450609,516.564
800,20,0,38.1372935515879,-145.538326532792,516.404
801,20,1,32.05864717142458,-137.4166032322432,516.023
802,20,2,25.53094488163689,-130.34563623360918,515.68
803,20,3,18.702172975876916,-124.02433713789739,515.511
804,20,4,11.680775221370597,-118.20345868191576,515.63
805,20,5,4.550350145351127,-112.67517186959915,516.115
806,20,6,-2.6192968650903192,-107.25762291429595,517
807,20,7,-9.76346342794621,-101.77900523762365,518.268
808,20,8,-16.81479192516917,-96.06212324194465,519.853
809,20,9,-23.69498661764288,-89.90877849792348,521.642
810,20,10,-30.304688743511154,-83.08402615849006,523.49
811,20,11,-36.509980491264855,-75.30366888246932,525.228
812,20,12,-42.12534197021538,-66.23687279703337,526.682
813,20,13,-46.89650572813068,-55.55394808604026,527.689
814,20,14,-50.49818742088346,-43.06969758523969,528.115
815,20,15,-52.57815077788159,-28.998367253422025,527.865
816,20,16,-52.87209138390767,-14.148162276017485,526.898
817,20,17,-51.33680829246138,0.2923682217739528,525.23
818,20,18,-48.17552353701268,13.342665260593188,522.938
819,20,19,-43.72671397207072,24.60466194715644,520.148
820,20,20,-38.33213835804086,34.16560685111719,517.033
821,20,21,-32.270342054559954,42.33036717362624,513.792
822,20,22,-25.747904133075053,49.43843575983179,510.64
823,20,23,-18.914108623180535,55.791112744590606,507.781
824,20,24,-11.87872264125403,61.63882359872663,505.397
825,20,25,-4.726682577832407,67.19073603538233,503.633
826,20,26,2.4708702376801837,72.63016891678625,502.578
827,20,27,9.647709650761065,78.13039731199245,502.267
828,20,28,16.7348838345219,83.87037900744446,502.672
829,20,29,23.65217840701982,90.05044345149871,503.711
830,20,30,30.29790636566533,96.90833586878503,505.254
831,20,31,36.53523170062639,104.7318736007386,507.137
832,20,32,42.17480278509003,113.85596814312179,509.18
833,20,33,46.95753346836474,124.61297650094744,511.204
834,20,34,50.55297236821613,137.18452706462452,513.046
835,20,35,52.605806213830974,151.34066785536623,514.578
836,20,36,52.85445242037612,166.24806115291764,515.714
837,20,37,51.26510155146,-179.29792986417073,516.423
838,20,38,48.05209518852138,-166.27157066404084,516.723
839,20,39,43.561303865845936,-155.05250683905297,516.682
840,21,0,35.165379205972386,-132.32532558340236,516.218
841,21,1,28.840552317554295,-124.76985228580429,515.838
842,21,2,22.14668006299666,-118.10801361845401,515.566
843,21,3,15.209890423060227,-112.06514035406863,515.529
844,21,4,8.124615885662303,-106.41453168390625,515.824
845,21,5,0.9663596030440279,-100.96335770731908,516.508
846,21,6,-6.198624202463297,-95.53672460041976,517.589
847,21,7,-13.305263144698198,-89.96206080363875,519.027
848,21,8,-20.28185571202288,-84.05366713382175,520.73
849,21,9,-27.04102457504584,-77.59685708497692,522.569
850,21,10,-33.46804646137296,-70.33312848758678,524.384
851,21,11,-39.40552649177045,-61.952793734493774,526.001
852,21,12,-44.635303301506255,-52.11496832950635,527.251
853,21,13,-48.86591564322298,-40.536380422081955,527.982
854,21,14,-51.748730171115675,-27.196068161657838,528.078
855,21,15,-52.9573628806007,-12.59900792414054,527.471
856,21,16,-52.32533132575357,2.196406129515803,526.148
857,21,17,-49.93965211660025,16.030510331080578,524.155
858,21,18,-46.089624745625805,28.199877158312514,521.595
859,21,19,-41.12846561556827,38.58101337592319,518.619
860,21,20,-35.37017559804605,47.40081274549856,515.415
861,21,21,-29.0562496915433,54.99643047994338,512.192
862,21,22,-22.362331333208765,61.69240643276538,509.161
863,21,23,-15.415868437860302,67.76421237847494,506.519
864,21,24,-8.31263135671889,73.43986735232374,504.431
865,21,25,-1.129427167826909,78.91362193430699,503.013
866,21,26,6.066018641048439,84.36179745784852,502.33
867,21,27,13.207149184818258,89.9585842373512,502.384
868,21,28,20.22047621704656,95.89158707874776,503.12
869,21,29,27.01652980913488,102.37792403537456,504.429
870,21,30,33.47800146208825,109.67931429584816,506.164
871,21,31,39.444137551148536,118.10939331666636,508.15
872,21,32,44.69246515467009,128.01282610372635,510.205
873,21,33,48.9263389117155,139.6732157717454,512.157
874,21,34,51.79256632520882,153.10237854798763,513.857
875,21,35,52.96417599429779,167.7735565832833,515.199
876,21,36,52.28102047351311,-177.39506648216184,516.122
877,21,37,49.841208600092855,-163.56816813017144,516.621
878,21,38,45.94372507476516,-151.4345829564539,516.739
879,21,39,40.94672452703798,-141.09970077990255,516.564
880,22,0,38.1372935515879,-127.53833286208555,516.404
881,22,1,32.05864717142458,-119.41660956153676,516.023
882,22,2,25.53094488163689,-112.34563573271355,515.68
883,22,3,18.702172975876916,-106.0243502973801,515.511
884,22,4,11.680775221370597,-100.20345818102014,515.63
885,22,5,4.550350145351127,-94.67517819889268,516.115
886,22,6,-2.6192968650903192,-89.25762924358948,517
887,22,7,-9.76346342794621,-83.77901156691719,518.268
888,22,8,-16.81479192516917,-78.06212957123817,519.853
889,22,9,-23.69498661764288,-71.90878482721702,521.642
890,22,10,-30.304688743511154,-65.08403248778359,523.49
891,22,11,-36.509980491264855,-57.30367521176286,525.228
892,22,12,-42.12534197021538,-48.23688254142149,526.682
893,22,13,-46.89650572813068,-37.55395441533379,527.689
894,22,14,-50.49818742088346,-25.06970391453322,528.115
895,22,15,-52.57815077788159,-10.99837443648921,527.865
896,22,16,-52.87209138390767,3.851831394688977,526.898
897,22,17,-51.33680829246138,18.29236162567615,525.23
898,22,18,-48.17552353701268,31.342658931299653,522.938
899,22,19,-43.72671397207072,42.604657325410194,520.148
900,22,20,-38.33213835804086,52.16560052182365,517.033
901,22,21,-32.270342054559954,60.33036425942729,513.792
902,22,22,-25.747904133075053,67.43842601544367,510.64
903,22,23,-18.914108623180535,73.79110983039166,507.781
904,22,24,-11.87872264125403,79.63881726943309,505.397
905,22,25,-4.726682577832407,85.19072970608879,503.633
906,22,26,2.4708702376801837,90.63016258749272,502.578
907,22,27,9.647709650761065,96.13039098269893,502.267
908,22,28,16.7348838345219,101.87037267815091,502.672
909,22,29,23.65217840701982,108.05043712220517,503.711
910,22,30,30.29790636566533,114.9083295394915,505.254
911,22,31,36.53523170062639,122.73186044125588,507.137
912,22,32,42.17480278509003,131.85596864401742,509.18
913,22,33,46.95753346836474,142.6129701716539,511.204
914,22,34,50.55297236821613,155.18452073533098,513.046
915,22,35,52.605806213830974,169.3406615260727,514.578
916,22,36,52.85445242037612,-175.75195519428857,515.714
917,22,37,51.26510155146,-161.29793619346427,516.423
918,22,38,48.05209518852138,-148.27157699333435,516.723
919,22,39,43.561303865845936,-137.0525131683465,516.682
920,23,0,35.165379205972386,-114.32531825231754,516.218
921,23,1,28.840552317554295,-106.76984495471949,515.838
922,23,2,22.14668006299666,-100.10799945718004,515.566
923,23,3,15.209890423060227,-94.06513302298383,515.529
924,23,4,8.124615885662303,-88.41452435282145,515.824
925,23,5,0.9663596030440279,-82.96335037623427,516.508
926,23,6,-6.198624202463297,-77.53671726933494,517.589
927,23,7,-13.305263144698198,-71.96205347255395,519.027
928,23,8,-20.28185571202288,-66.05365980273695,520.73
929,23,9,-27.04102457504584,-59.59684975389211,522.569
930,23,10,-33.46804646137296,-52.333117741407385,524.384
931,23,11,-39.40552649177045,-43.95278981850356,526.001
932,23,12,-44.635303301506255,-34.114960998421545,527.251
933,23,13,-48.86591564322298,-22.53637138344986,527.982
934,23,14,-51.748730171115675,-9.196060830573034,528.078
935,23,15,-52.9573628806007,5.400999406944263,527.471
936,23,16,-52.32533132575357,20.196413460600606,526.148
937,23,17,-49.93965211660025,34.03051595461809,524.155
938,23,18,-46.089624745625805,46.19988448939732,521.595
939,23,19,-41.12846561556827,56.581020707008,518.619
940,23,20,-35.37017559804605,65.40082349167795,515.415
941,23,21,-29.0562496915433,72.99643781102819,512.192
942,23,22,-22.362331333208765,79.69241376385018,509.161
943,23,23,-15.415868437860302,85.76421970955974,506.519
944,23,24,-8.31263135671889,91.43987468340856,504.431
945,23,25,-1.129427167826909,96.91362926539179,503.013
946,23,26,6.066018641048439,102.36180478893334,502.33
947,23,27,13.207149184818258,107.958591568436,502.384
948,23,28,20.22047621704656,113.89159440983256,503.12
949,23,29,27.01652980913488,120.37793136645936,504.429
950,23,30,33.47800146208825,127.67932162693296,506.164
951,23,31,39.444137551148536,136.10940064775116,508.15
952,23,32,44.69246515467009,146.01283343481114,510.205
953,23,33,48.9263389117155,157.6732231028302,512.157
954,23,34,51.79256632520882,171.10238587907241,513.857
955,23,35,52.96417599429779,-174.2264324431662,515.199
956,23,36,52.28102047351311,-159.39505915107705,516.122
957,23,37,49.841208600092855,-145.56816079908663,516.621
958,23,38,45.94372507476516,-133.4345756253691,516.739
959,23,39,40.94672452703798,-123.09969344881775,516.564
960,24,0,38.1372935515879,-109.53833236118992,516.404
961,24,1,32.05864717142458,-101.41660223045194,516.023
962,24,2,25.53094488163689,-94.34562840162874,515.68
963,24,3,18.702172975876916,-88.0243429662953,515.511
964,24,4,11.680775221370597,-82.20345084993534,515.63
965,24,5,4.550350145351127,-76.67517086780788,516.115
966,24,6,-2.6192968650903192,-71.25762191250467,517
967,24,7,-9.76346342794621,-65.77900423583239,518.268
968,24,8,-16.81479192516917,-60.06212224015338,519.853
969,24,9,-23.69498661764288,-53.90877749613221,521.642
970,24,10,-30.304688743511154,-47.084021741604204,523.49
971,24,11,-36.509980491264855,-39.303667880678056,525.228
972,24,12,-42.12534197021538,-30.236875210336684,526.682
973,24,13,-46.89650572813068,-19.55394708424899,527.689
974,24,14,-50.49818742088346,-7.069696156561595,528.115
975,24,15,-52.57815077788159,7.001632894595595,527.865
976,24,16,-52.87209138390767,21.851837872000136,526.898
977,24,17,-51.33680829246138,36.29237066430825,525.23
978,24,18,-48.17552353701268,49.342666262384455,522.938
979,24,19,-43.72671397207072,60.604664656495,520.148
980,24,20,-38.33213835804086,70.16560443781387,517.033
981,24,21,-32.270342054559954,78.33037159051209,513.792
982,24,22,-25.747904133075053,85.43843334652847,510.64
983,24,23,-18.914108623180535,91.79111716147646,507.781
984,24,24,-11.87872264125403,97.63882460051789,505.397
985,24,25,-4.726682577832407,103.19073703717359,503.633
986,24,26,2.4708702376801837,108.63016991857752,502.578
987,24,27,9.647709650761065,114.13039831378373,502.267
988,24,28,16.7348838345219,119.87038000923572,502.672
989,24,29,23.65217840701982,126.05044445328998,503.711
990,24,30,30.29790636566533,132.9083368705763,505.254
991,24,31,36.53523170062639,140.73186777234068,507.137
992,24,32,42.17480278509003,149.8559759751022,509.18
993,24,33,46.95753346836474,160.6129775027387,511.204
994,24,34,50.55297236821613,173.1845280664158,513.046
995,24,35,52.605806213830974,-172.65932750037683,514.578
996,24,36,52.85445242037612,-157.75194786320375,515.714
997,24,37,51.26510155146,-143.29792886237945,516.423
998,24,38,48.05209518852138,-130.27156966224956,516.723
999,24,39,43.561303865845936,-119.05250583726172,516.682
1000,25,0,35.165379205972386,-96.32532458161108,516.218
1001,25,1,28.840552317554295,-88.76985128401301,515.838
1002,25,2,22.14668006299666,-82.10800578647357,515.566
1003,25,3,15.209890423060227,-76.06513935227736,515.529
1004,25,4,8.124615885662303,-70.41453068211499,515.824
1005,25,5,0.9663596030440279,-64.9633567055278,516.508
1006,25,6,-6.198624202463297,-59.536723598628484,517.589
1007,25,7,-13.305263144698198,-53.96206321694206,519.027
1008,25,8,-20.28185571202288,-48.05366613203048,520.73
1009,25,9,-27.04102457504584,-41.59685266809106,522.569
1010,25,10,-33.46804646137296,-34.33312407070092,524.384
1011,25,11,-39.40552649177045,-25.952796147797095,526.001
1012,25,12,-44.635303301506255,-16.11496732771508,527.251
1013,25,13,-48.86591564322298,-4.536378566517042,527.982
1014,25,14,-51.748730171115675,8.803932840133431,528.078
1015,25,15,-52.9573628806007,23.400993077650725,527.471
1016,25,16,-52.32533132575357,38.19640542375978,526.148
1017,25,17,-49.93965211660025,52.030509625324555,524.155
1018,25,18,-46.089624745625805,64.19987816010378,521.595
1019,25,19,-41.12846561556827,74.58101437771447,518.619
1020,25,20,-35.37017559804605,83.40081716238441,515.415
1021,25,21,-29.0562496915433,90.99643148173465,512.192
1022,25,22,-22.362331333208765,97.69240743455664,509.161
1023,25,23,-15.415868437860302,103.7642133802662,506.519
1024,25,24,-8.31263135671889,109.43986835411502,504.431
1025,25,25,-1.129427167826909,114.91362976628743,503.013
1026,25,26,6.066018641048439,120.3617984596398,502.33
1027,25,27,13.207149184818258,125.9585784089533,502.384
1028,25,28,20.22047621704656,131.8915949107282,503.12
1029,25,29,27.01652980913488,138.37792503716582,504.429
1030,25,30,33.47800146208825,145.67931529763942,506.164
1031,25,31,39.444137551148536,154.10939431845762,508.15
1032,25,32,44.69246515467009,164.0128271055176,510.205
1033,25,33,48.9263389117155,175.67321677353667,512.157
1034,25,34,51.79256632520882,-170.89761680775544,513.857
1035,25,35,52.96417599429779,-156.22643877245974,515.199
1036,25,36,52.28102047351311,-141.3950654803706,516.122
1037,25,37,49.841208600092855,-127.56816712838017,516.621
1038,25,38,45.94372507476516,-115.43458195466263,516.739
1039,25,39,40.94672452703798,-105.09969294792212,516.564
1040,26,0,38.1372935515879,-91.53832503010511,516.404
1041,26,1,32.05864717142458,-83.41659489936714,516.023
1042,26,2,25.53094488163689,-76.34562107054394,515.68
1043,26,3,18.702172975876916,-70.02433563521049,515.511
1044,26,4,11.680775221370597,-64.20344351885053,515.63
1045,26,5,4.550350145351127,-58.675163536723076,516.115
1046,26,6,-2.6192968650903192,-53.25761458141987,517
1047,26,7,-9.76346342794621,-47.778993489653004,518.268
1048,26,8,-16.81479192516917,-42.062114909068576,519.853
1049,26,9,-23.69498661764288,-35.90877016504741,521.642
1050,26,10,-30.304688743511154,-29.0840144105194,523.49
1051,26,11,-36.509980491264855,-21.303662257140545,525.228
1052,26,12,-42.12534197021538,-12.236867025478233,526.682
1053,26,13,-46.89650572813068,-1.5539392195556572,527.689
1054,26,14,-50.49818742088346,10.930310747636385,528.115
1055,26,15,-52.57815077788159,25.00163937190675,527.865
1056,26,16,-52.87209138390767,39.851845203084935,526.898
1057,26,17,-51.33680829246138,54.29237799539305,525.23
1058,26,18,-48.17552353701268,67.34267359346926,522.938
1059,26,19,-43.72671397207072,78.6046719875798,520.148
1060,26,20,-38.33213835804086,88.16561176889867,517.033
1061,26,21,-32.270342054559954,96.33037892159689,513.792
1062,26,22,-25.747904133075053,103.43844067761327,510.64
1063,26,23,-18.914108623180535,109.79112449256127,507.781
1064,26,24,-11.87872264125403,115.6388319316027,505.397
1065,26,25,-4.726682577832407,121.19073753806923,503.633
1066,26,26,2.4708702376801837,126.63017724966232,502.578
1067,26,27,9.647709650761065,132.13040564486852,502.267
1068,26,28,16.7348838345219,137.87038734032052,502.672
1069,26,29,23.65217840701982,144.0504517843748,503.711
1070,26,30,30.29790636566533,150.9083442016611,505.254
1071,26,31,36.53523170062639,158.7318751034255,507.137
1072,26,32,42.17480278509003,167.85598330618703,509.18
1073,26,33,46.95753346836474,178.6129848338235,511.204
1074,26,34,50.55297236821613,-168.81546096003373,513.046
1075,26,35,52.605806213830974,-154.65932016929202,514.578
1076,26,36,52.85445242037612,-139.75194053211897,515.714
1077,26,37,51.26510155146,-125.29792153129465,516.423
1078,26,38,48.05209518852138,-112.27156233116476,516.723
1079,26,39,43.561303865845936,-101.05250533636608,516.682
1080,27,0,35.165379205972386,-78.32533091090463,516.218
1081,27,1,28.840552317554295,-70.76985761330656,515.838
1082,27,2,22.14668006299666,-64.10801211576711,515.566
1083,27,3,15.209890423060227,-58.0651456815709,515.529
1084,27,4,8.124615885662303,-52.4145404265031,515.824
1085,27,5,0.9663596030440279,-46.96336303482134,516.508
1086,27,6,-6.198624202463297,-41.536726512827435,517.589
1087,27,7,-13.305263144698198,-35.962069546235604,519.027
1088,27,8,-20.28185571202288,-30.053672461324016,520.73
1089,27,9,-27.04102457504584,-23.596858997384597,522.569
1090,27,10,-33.46804646137296,-16.33313210754175,524.384
1091,27,11,-39.40552649177045,-7.952802477090632,526.001
1092,27,12,-44.635303301506255,1.885025916104561,527.251
1093,27,13,-48.86591564322298,13.46361510418942,527.982
1094,27,14,-51.748730171115675,26.803926510839894,528.078
1095,27,15,-52.9573628806007,41.40098674835719,527.471
1096,27,16,-52.32533132575357,56.19639909446624,526.148
1097,27,17,-49.93965211660025,70.03050329603101,524.155
1098,27,18,-46.089624745625805,82.19987183081024,521.595
1099,27,19,-41.12846561556827,92.58100804842093,518.619
1100,27,20,-35.37017559804605,101.40081083309089,515.415
1101,27,21,-29.0562496915433,108.9964251524411,512.192
1102,27,22,-22.362331333208765,115.69239427507394,509.161
1103,27,23,-15.415868437860302,121.76421388116184,506.519
1104,27,24,-8.31263135671889,127.43985519463232,504.431
1105,27,25,-1.129427167826909,132.9136234369939,503.013
1106,27,26,6.066018641048439,138.36179213034626,502.33
1107,27,27,13.207149184818258,143.95857207965977,502.384
1108,27,28,20.22047621704656,149.89158858143466,503.12
1109,27,29,27.01652980913488,156.37791870787228,504.429
1110,27,30,33.47800146208825,163.67930896834588,506.164
1111,27,31,39.444137551148536,172.10938798916408,508.15
1112,27,32,44.69246515467009,-177.98717558131025,510.205
1113,27,33,48.9263389117155,-166.32678591329122,512.157
1114,27,34,51.79256632520882,-152.89762313704898,513.857
1115,27,35,52.96417599429779,-138.22644510175328,515.199
1116,27,36,52.28102047351311,-123.39507180966412,516.122
1117,27,37,49.841208600092855,-109.56817345767371,516.621
1118,27,38,45.94372507476516,-97.43459511414535,516.739
1119,27,39,40.94672452703798,-87.09969927721565,516.564
1120,28,0,38.1372935515879,-73.538345019777,516.404
1121,28,1,32.05864717142458,-65.41661488903902,516.023
1122,28,2,25.53094488163689,-58.34564106021581,515.68
1123,28,3,18.702172975876916,-52.024352209787786,515.511
1124,28,4,11.680775221370597,-46.203463508522404,515.63
1125,28,5,4.550350145351127,-40.67518352639495,516.115
1126,28,6,-2.6192968650903192,-35.25763457109175,517
1127,28,7,-9.76346342794621,-29.779013479324878,518.268
1128,28,8,-16.81479192516917,-24.06213319119316,519.853
1129,28,9,-23.69498661764288,-17.908791862266575,521.642
1130,28,10,-30.304688743511154,-11.084035253964924,523.49
1131,28,11,-36.509980491264855,-3.3036820333690082,525.228
1132,28,12,-42.12534197021538,5.763112557963067,526.682
1133,28,13,-46.89650572813068,16.446040257163936,527.689
1134,28,14,-50.49818742088346,28.93029075796451,528.115
1135,28,15,-52.57815077788159,43.00162108978217,527.865
1136,28,16,-52.87209138390767,57.85182521341306,526.898
1137,28,17,-51.33680829246138,72.29235459062659,525.23
1138,28,18,-48.17552353701268,85.34265360379739,522.938
1139,28,19,-43.72671397207072,96.60465199790792,520.148
1140,28,20,-38.33213835804086,106.1655917792268,517.033
1141,28,21,-32.270342054559954,114.33035893192502,513.792
1142,28,22,-25.747904133075053,121.43842751813057,510.64
1143,28,23,-18.914108623180535,127.79110450288938,507.781
1144,28,24,-11.87872264125403,133.6388119419308,505.397
1145,28,25,-4.726682577832407,139.19071754839734,503.633
1146,28,26,2.4708702376801837,144.63015725999045,502.578
1147,28,27,9.647709650761065,150.13038565519665,502.267
1148,28,28,16.7348838345219,155.87036735064865,502.672
1149,28,29,23.65217840701982,162.05043179470292,503.711
1150,28,30,30.29790636566533,168.90832421198922,505.254
1151,28,31,36.53523170062639,176.73185511375362,507.137
1152,28,32,42.17480278509003,-174.1440467013975,509.18
1153,28,33,46.95753346836474,-163.3870315133827,511.204
1154,28,34,50.55297236821613,-150.8154809497056,513.046
1155,28,35,52.605806213830974,-136.65934015896391,514.578
1156,28,36,52.85445242037612,-121.75196052179083,515.714
1157,28,37,51.26510155146,-107.29793469077735,516.423
1158,28,38,48.05209518852138,-94.27158232083663,516.723
1159,28,39,43.561303865845936,-83.05252532603795,516.682
1160,29,0,35.165379205972386,-60.325323579819816,516.218
1161,29,1,28.840552317554295,-52.76985028222175,515.838
1162,29,2,22.14668006299666,-46.10800478468231,515.566
1163,29,3,15.209890423060227,-40.065138350486095,515.529
1164,29,4,8.124615885662303,-34.4145330954183,515.824
1165,29,5,0.9663596030440279,-28.96335570373654,516.508
1166,29,6,-6.198624202463297,-23.536719181742633,517.589
1167,29,7,-13.305263144698198,-17.962062215150798,519.027
1168,29,8,-20.28185571202288,-12.053664276465566,520.73
1169,29,9,-27.04102457504584,-5.596852093186617,522.569
1170,29,10,-33.46804646137296,1.6668756504298774,524.384
1171,29,11,-39.40552649177045,10.047204853994172,526.001
1172,29,12,-44.635303301506255,19.885033674076187,527.251
1173,29,13,-48.86591564322298,31.46362158150058,527.982
1174,29,14,-51.748730171115675,44.803933841924696,528.078
1175,29,15,-52.9573628806007,59.40099407944199,527.471
1176,29,16,-52.32533132575357,74.19640642555105,526.148
1177,29,17,-49.93965211660025,88.03051062711582,524.155
1178,29,18,-46.089624745625805,100.19987916189505,521.595
1179,29,19,-41.12846561556827,110.58101537950573,518.619
1180,29,20,-35.37017559804605,119.40081816417569,515.415
1181,29,21,-29.0562496915433,126.99642565333674,512.192
1182,29,22,-22.362331333208765,133.69240160615874,509.161
1183,29,23,-15.415868437860302,139.76422121224664,506.519
1184,29,24,-8.31263135671889,145.4398625257171,504.431
1185,29,25,-1.129427167826909,150.9136307680787,503.013
1186,29,26,6.066018641048439,156.36179946143108,502.33
1187,29,27,13.207149184818258,161.95857941074456,502.384
1188,29,28,20.22047621704656,167.89159591251948,503.12
1189,29,29,27.01652980913488,174.3779260389571,504.429
1190,29,30,33.47800146208825,-178.32068005810365,506.164
1191,29,31,39.444137551148536,-169.89060103728545,508.15
1192,29,32,44.69246515467009,-159.98716825022547,510.205
1193,29,33,48.9263389117155,-148.3267785822064,512.157
1194,29,34,51.79256632520882,-134.89761580596416,513.857
1195,29,35,52.96417599429779,-120.22643777066848,515.199
1196,29,36,52.28102047351311,-105.39506447857931,516.122
1197,29,37,49.841208600092855,-91.5681661265889,516.621
1198,29,38,45.94372507476516,-79.43458778306054,516.739
1199,29,39,40.94672452703798,-69.09969194613085,516.564
1200,30,0,38.1372935515879,-55.538337688692195,516.404
1201,30,1,32.05864717142458,-47.41660755795422,516.023
1202,30,2,25.53094488163689,-40.34563372913101,515.68
1203,30,3,18.702172975876916,-34.02434487870298,515.511
1204,30,4,11.680775221370597,-28.2034561774376,515.63
1205,30,5,4.550350145351127,-22.67517619531015,516.115
1206,30,6,-2.6192968650903192,-17.257625532459656,517
1207,30,7,-9.76346342794621,-11.779007855787366,518.268
1208,30,8,-16.81479192516917,-6.062126286995178,519.853
1209,30,9,-23.69498661764288,0.09121611581856909,521.642
1210,30,10,-30.304688743511154,6.91597207711988,523.49
1211,30,11,-36.509980491264855,14.696325084272383,525.228
1212,30,12,-42.12534197021538,23.763119462161047,526.682
1213,30,13,-46.89650572813068,34.44604758824874,527.689
1214,30,14,-50.49818742088346,46.93029808904931,528.115
1215,30,15,-52.57815077788159,61.00162842086697,527.865
1216,30,16,-52.87209138390767,75.85183254449787,526.898
1217,30,17,-51.33680829246138,90.29236192171139,525.23
1218,30,18,-48.17552353701268,103.34266093488219,522.938
1219,30,19,-43.72671397207072,114.60465932899272,520.148
1220,30,20,-38.33213835804086,124.1655991103116,517.033
1221,30,21,-32.270342054559954,132.3303662630098,513.792
1222,30,22,-25.747904133075053,139.43843484921538,510.64
1223,30,23,-18.914108623180535,145.79111183397418,507.781
1224,30,24,-11.87872264125403,151.63881927301563,505.397
1225,30,25,-4.726682577832407,157.19072487948216,503.633
1226,30,26,2.4708702376801837,162.63016459107524,502.578
1227,30,27,9.647709650761065,168.13039298628146,502.267
1228,30,28,16.7348838345219,173.87037468173344,502.672
1229,30,29,23.65217840701982,-179.9495572317466,503.711
1230,30,30,30.29790636566533,-173.0916648144603,505.254
1231,30,31,36.53523170062639,-165.2681339126959,507.137
1232,30,32,42.17480278509003,-156.14403937031273,509.18
1233,30,33,46.95753346836474,-145.3870241822979,511.204
1234,30,34,50.55297236821613,-132.8154736186208,513.046
1235,30,35,52.605806213830974,-118.6593328278791,514.578
1236,30,36,52.85445242037612,-103.75194636051685,515.714
1237,30,37,51.26510155146,-89.29792735969255,516.423
1238,30,38,48.05209518852138,-76.27157498975183,516.723
1239,30,39,43.561303865845936,-65.05251799495315,516.682
1240,31,0,35.165379205972386,-42.325316248735014,516.218
1241,31,1,28.840552317554295,-34.76984295113695,515.838
1242,31,2,22.14668006299666,-28.107997453597502,515.566
1243,31,3,15.209890423060227,-22.065131019401292,515.529
1244,31,4,8.124615885662303,-16.414524056786206,515.824
1245,31,5,0.9663596030440279,-10.963349226425382,516.508
1246,31,6,-6.198624202463297,-5.5367122775446544,517.589
1247,31,7,-13.305263144698198,0.03794541608880335,519.027
1248,31,8,-20.28185571202288,5.946343054619237,520.73
1249,31,9,-27.04102457504584,12.403154811011364,522.569
1250,31,10,-33.46804646137296,19.666882554627858,524.384
1251,31,11,-39.40552649177045,28.047212185078976,526.001
1252,31,12,-44.635303301506255,37.88504100516099,527.251
1253,31,13,-48.86591564322298,49.46362891258538,527.982
1254,31,14,-51.748730171115675,62.80394458810409,528.078
1255,31,15,-52.9573628806007,77.4010014105268,527.471
1256,31,16,-52.32533132575357,92.19641375663585,526.148
1257,31,17,-49.93965211660025,106.03051795820062,524.155
1258,31,18,-46.089624745625805,118.19987966279068,521.595
1259,31,19,-41.12846561556827,128.5810295407797,518.619
1260,31,20,-35.37017559804605,137.40082549526048,515.415
1261,31,21,-29.0562496915433,144.99643298442155,512.192
1262,31,22,-22.362331333208765,151.69240893724356,509.161
1263,31,23,-15.415868437860302,157.76422854333146,506.519
1264,31,24,-8.31263135671889,163.43986985680192,504.431
1265,31,25,-1.129427167826909,168.9136380991635,503.013
1266,31,26,6.066018641048439,174.36180679251586,502.33
1267,31,27,13.207149184818258,179.95858674182938,502.384
1268,31,28,20.22047621704656,-174.1084067743084,503.12
1269,31,29,27.01652980913488,-167.62206298749243,504.429
1270,31,30,33.47800146208825,-160.32067272701883,506.164
1271,31,31,39.444137551148536,-151.89059370620063,508.15
1272,31,32,44.69246515467009,-141.98716091914065,510.205
1273,31,33,48.9263389117155,-130.3267712511216,512.157
1274,31,34,51.79256632520882,-116.89760847487938,513.857
1275,31,35,52.96417599429779,-102.22643043958368,515.199
1276,31,36,52.28102047351311,-87.39505714749451,516.122
1277,31,37,49.841208600092855,-73.5681587955041,516.621
1278,31,38,45.94372507476516,-61.43458045197574,516.739
1279,31,39,40.94672452703798,-51.099684615046044,516.564
1280,32,0,38.1372935515879,-37.538330357607386,516.404
1281,32,1,32.05864717142458,-29.416600226869416,516.023
1282,32,2,25.53094488163689,-22.345628105593498,515.68
1283,32,3,18.702172975876916,-16.02433754761818,515.511
1284,32,4,11.680775221370597,-10.203449700126445,515.63
1285,32,5,4.550350145351127,-4.6751688642253475,516.115
1286,32,6,-2.6192968650903192,0.742380998212355,517
1287,32,7,-9.76346342794621,6.220999475297436,518.268
1288,32,8,-16.81479192516917,11.937880617202802,519.853
1289,32,9,-23.69498661764288,18.091222799903033,521.642
1290,32,10,-30.304688743511154,24.915978554431035,523.49
1291,32,11,-36.509980491264855,32.69633412290448,525.228
1292,32,12,-42.12534197021538,41.76312679324585,526.682
1293,32,13,-46.89650572813068,52.44605491933354,527.689
1294,32,14,-50.49818742088346,64.93030542013412,528.115
1295,32,15,-52.57815077788159,79.00163575195178,527.865
1296,32,16,-52.87209138390767,93.85183987558267,526.898
1297,32,17,-51.33680829246138,108.29236925279619,525.23
1298,32,18,-48.17552353701268,121.34266826596699,522.938
1299,32,19,-43.72671397207072,132.60466666007753,520.148
1300,32,20,-38.33213835804086,142.1656064413964,517.033
1301,32,21,-32.270342054559954,150.33037359409462,513.792
1302,32,22,-25.747904133075053,157.43844218030017,510.64
1303,32,23,-18.914108623180535,163.791119165059,507.781
1304,32,24,-11.87872264125403,169.63882660410044,505.397
1305,32,25,-4.726682577832407,175.19073221056695,503.633
1306,32,26,2.4708702376801837,-179.36982443537428,502.578
1307,32,27,9.647709650761065,-173.86959604016806,502.267
1308,32,28,16.7348838345219,-168.12961434471606,502.672
1309,32,29,23.65217840701982,-161.94954990066182,503.711
1310,32,30,30.29790636566533,-155.09165748337549,505.254
1311,32,31,36.53523170062639,-147.2681265816111,507.137
1312,32,32,42.17480278509003,-138.1440320392279,509.18
1313,32,33,46.95753346836474,-127.38701685121309,511.204
1314,32,34,50.55297236821613,-114.815466287536,513.046
1315,32,35,52.605806213830974,-100.6593254967943,514.578
1316,32,36,52.85445242037612,-85.75193902943205,515.714
1317,32,37,51.26510155146,-71.29792002860775,516.423
1318,32,38,48.05209518852138,-58.271567658667024,516.723
1319,32,39,43.561303865845936,-47.052507248773765,516.682
1320,33,0,35.165379205972386,-24.32530721010292,516.218
1321,33,1,28.840552317554295,-16.769833912504854,515.838
1322,33,2,22.14668006299666,-10.1079901225127,515.566
1323,33,3,15.209890423060227,-4.065124115203312,515.529
1324,33,4,8.124615885662303,1.5854831675768917,515.824
1325,33,5,0.9663596030440279,7.03665810465942,516.508
1326,33,6,-6.198624202463297,12.463295480426972,517.589
1327,33,7,-13.305263144698198,18.03795244701881,519.027
1328,33,8,-20.28185571202288,23.946351239477686,520.73
1329,33,9,-27.04102457504584,30.403162995869813,522.569
1330,33,10,-33.46804646137296,37.666891593259955,524.384
1331,33,11,-39.40552649177045,46.04721951616378,526.001
1332,33,12,-44.635303301506255,55.885048336245795,527.251
1333,33,13,-48.86591564322298,67.46363624367018,527.982
1334,33,14,-51.748730171115675,80.80395191918889,528.078
1335,33,15,-52.9573628806007,95.4010087416116,527.471
1336,33,16,-52.32533132575357,110.19642108772065,526.148
1337,33,17,-49.93965211660025,124.03052528928542,524.155
1338,33,18,-46.089624745625805,136.19988699387548,521.595
1339,33,19,-41.12846561556827,146.5810368718645,518.619
1340,33,20,-35.37017559804605,155.4008328263453,515.415
1341,33,21,-29.0562496915433,162.99644031550636,512.192
1342,33,22,-22.362331333208765,169.69241626832834,509.161
1343,33,23,-15.415868437860302,175.76423587441624,506.519
1344,33,24,-8.31263135671889,-178.5601191696476,504.431
1345,33,25,-1.129427167826909,-173.08636458766438,503.013
1346,33,26,6.066018641048439,-167.63818223393366,502.33
1347,33,27,13.207149184818258,-162.04140228462015,502.384
1348,33,28,20.22047621704656,-156.1083994432236,503.12
1349,33,29,27.01652980913488,-149.6220556564076,504.429
1350,33,30,33.47800146208825,-142.32066539593404,506.164
1351,33,31,39.444137551148536,-133.89058637511584,508.15
1352,33,32,44.69246515467009,-123.98715358805585,510.205
1353,33,33,48.9263389117155,-112.3267639200368,512.157
1354,33,34,51.79256632520882,-98.89760114379457,513.857
1355,33,35,52.96417599429779,-84.22642310849888,515.199
1356,33,36,52.28102047351311,-69.39504981640971,516.122
1357,33,37,49.841208600092855,-55.568154879513884,516.621
1358,33,38,45.94372507476516,-43.43456970579635,516.739
1359,33,39,40.94672452703798,-33.09967728396124,516.564
1360,34,0,38.1372935515879,-19.53834863973197,516.404
1361,34,1,32.05864717142458,-11.416621070314939,516.023
1362,34,2,25.53094488163689,-4.345647668378552,515.68
1363,34,3,18.702172975876916,1.9756420358231201,515.511
1364,34,4,11.680775221370597,7.796530310201678,515.63
1365,34,5,4.550350145351127,13.324811146102775,516.115
1366,34,6,-2.6192968650903192,18.742361808953273,517
1367,34,7,-9.76346342794621,24.22097948562556,518.268
1368,34,8,-16.81479192516917,29.93785977375728,519.853
1369,34,9,-23.69498661764288,36.09120451777844,521.642
1370,34,10,-30.304688743511154,42.91596027230645,523.49
1371,34,11,-36.509980491264855,50.696314133232605,525.228
1372,34,12,-42.12534197021538,59.76311021866856,526.682
1373,34,13,-46.89650572813068,70.44603834475625,527.689
1374,34,14,-50.49818742088346,82.93028543046223,528.115
1375,34,15,-52.57815077788159,97.0016157622799,527.865
1376,34,16,-52.87209138390767,111.85181988591079,526.898
1377,34,17,-51.33680829246138,126.29235609331349,525.23
1378,34,18,-48.17552353701268,139.3426482762951,522.938
1379,34,19,-43.72671397207072,150.60464667040566,520.148
1380,34,20,-38.33213835804086,160.16558645172452,517.033
1381,34,21,-32.270342054559954,168.33035360442275,513.792
1382,34,22,-25.747904133075053,175.4384221906283,510.64
1383,34,23,-18.914108623180535,-178.2088971821472,507.781
1384,34,24,-11.87872264125403,-172.36118974310577,505.397
1385,34,25,-4.726682577832407,-166.80928413663923,503.633
1386,34,26,2.4708702376801837,-161.36984442504615,502.578
1387,34,27,9.647709650761065,-155.86961602983993,502.267
1388,34,28,16.7348838345219,-150.12963433438796,502.672
1389,34,29,23.65217840701982,-143.9495698903337,503.711
1390,34,30,30.29790636566533,-137.09167747304738,505.254
1391,34,31,36.53523170062639,-129.26814657128298,507.137
1392,34,32,42.17480278509003,-120.1440520288998,509.18
1393,34,33,46.95753346836474,-109.38703684088497,511.204
1394,34,34,50.55297236821613,-96.81548627720788,513.046
1395,34,35,52.605806213830974,-82.65934548646618,514.578
1396,34,36,52.85445242037612,-67.75195901910394,515.714
1397,34,37,51.26510155146,-53.297943433374215,516.423
1398,34,38,48.05209518852138,-40.27159106343348,516.723
1399,34,39,43.561303865845936,-29.05252723844564,516.682
1400,35,0,35.165379205972386,-6.325327626661619,516.218
1401,35,1,28.840552317554295,1.2301456709364458,515.838
1402,35,2,22.14668006299666,7.8919898878154235,515.566
1403,35,3,15.209890423060227,13.934855468237988,515.529
1404,35,4,8.124615885662303,19.58546328462672,515.824
1405,35,5,0.9663596030440279,25.03663896876119,516.508
1406,35,6,-6.198624202463297,30.463275490755095,517.589
1407,35,7,-13.305263144698198,36.03793245734693,519.027
1408,35,8,-20.28185571202288,41.94632954225852,520.73
1409,35,9,-27.04102457504584,48.403143006197936,522.569
1410,35,10,-33.46804646137296,55.66687160358808,524.384
1411,35,11,-39.40552649177045,64.04720294158649,526.001
1412,35,12,-44.635303301506255,73.88502493147934,527.251
1413,35,13,-48.86591564322298,85.46361625399831,527.982
1414,35,14,-51.748730171115675,98.803931929517,528.078
1415,35,15,-52.9573628806007,113.40098875193972,527.471
1416,35,16,-52.32533132575357,128.19640792823793,526.148
1417,35,17,-49.93965211660025,142.03050529961354,524.155
1418,35,18,-46.089624745625805,154.1998670042036,521.595
1419,35,19,-41.12846561556827,164.58101688219264,518.619
1420,35,20,-35.37017559804605,173.40081283667342,515.415
1421,35,21,-29.0562496915433,-179.00357603169985,512.192
1422,35,22,-22.362331333208765,-172.30760007887784,509.161
1423,35,23,-15.415868437860302,-166.2357941331683,506.519
1424,35,24,-8.31263135671889,-160.56013915931948,504.431
1425,35,25,-1.129427167826909,-155.08638457733625,503.013
1426,35,26,6.066018641048439,-149.63820222360553,502.33
1427,35,27,13.207149184818258,-144.04142227429202,502.384
1428,35,28,20.22047621704656,-138.10841943289546,503.12
1429,35,29,27.01652980913488,-131.6220756460795,504.429
1430,35,30,33.47800146208825,-124.32068538560591,506.164
1431,35,31,39.444137551148536,-115.89060636478771,508.15
1432,35,32,44.69246515467009,-105.9871804079169,510.205
1433,35,33,48.9263389117155,-94.32678390970868,512.157
1434,35,34,51.79256632520882,-80.89762113346644,513.857
1435,35,35,52.96417599429779,-66.22644309817076,515.199
1436,35,36,52.28102047351311,-51.39507322117617,516.122
1437,35,37,49.841208600092855,-37.56817486918576,516.621
1438,35,38,45.94372507476516,-25.434589695468226,516.739
1439,35,39,40.94672452703798,-15.099697273633119,516.564
1440,36,0,38.1372935515879,-1.5383418422556983,516.404
1441,36,1,32.05864717142458,6.583386260769864,516.023
1442,36,2,25.53094488163689,13.654360089593075,515.68
1443,36,3,18.702172975876916,19.975649793794748,515.511
1444,36,4,11.680775221370597,25.79653849506013,515.63
1445,36,5,4.550350145351127,31.32481847718758,516.115
1446,36,6,-2.6192968650903192,36.74236743249078,517
1447,36,7,-9.76346342794621,42.220988524257656,518.268
1448,36,8,-16.81479192516917,47.937867104842084,519.853
1449,36,9,-23.69498661764288,54.09121184886325,521.642
1450,36,10,-30.304688743511154,60.91596418829667,523.49
1451,36,11,-36.509980491264855,68.6963214643174,525.228
1452,36,12,-42.12534197021538,77.76311754975336,526.682
1453,36,13,-46.89650572813068,88.44604567584106,527.689
1454,36,14,-50.49818742088346,100.93029276154704,528.115
1455,36,15,-52.57815077788159,115.00161626317553,527.865
1456,36,16,-52.87209138390767,129.8518272169956,526.898
1457,36,17,-51.33680829246138,144.2923634243983,525.23
1458,36,18,-48.17552353701268,157.34265560737992,522.938
1459,36,19,-43.72671397207072,168.60465400149047,520.148
1460,36,20,-38.33213835804086,178.16559378280934,517.033
1461,36,21,-32.270342054559954,-173.66963542202677,513.792
1462,36,22,-25.747904133075053,-166.56158049619955,510.64
1463,36,23,-18.914108623180535,-160.2088898510624,507.781
1464,36,24,-11.87872264125403,-154.36118241202098,505.397
1465,36,25,-4.726682577832407,-148.80927680555445,503.633
1466,36,26,2.4708702376801837,-143.36983709396134,502.578
1467,36,27,9.647709650761065,-137.86960869875514,502.267
1468,36,28,16.7348838345219,-132.12962700330314,502.672
1469,36,29,23.65217840701982,-125.94956255924889,503.711
1470,36,30,30.29790636566533,-119.09167014196257,505.254
1471,36,31,36.53523170062639,-111.26813924019818,507.137
1472,36,32,42.17480278509003,-102.14403786762581,509.18
1473,36,33,46.95753346836474,-91.38702950980017,511.204
1474,36,34,50.55297236821613,-78.81547894612308,513.046
1475,36,35,52.605806213830974,-64.65933815538136,514.578
1476,36,36,52.85445242037612,-49.751955103113715,515.714
1477,36,37,51.26510155146,-35.29793610228941,516.423
1478,36,38,48.05209518852138,-22.271583732348684,516.723
1479,36,39,43.561303865845936,-11.05252161490813,516.682
1480,37,0,35.165379205972386,11.674679277536361,516.218
1481,37,1,28.840552317554295,19.23015342890807,515.838
1482,37,2,22.14668006299666,25.891997218900226,515.566
1483,37,3,15.209890423060227,31.93486365309644,515.529
1484,37,4,8.124615885662303,37.58546890816423,515.824
1485,37,5,0.9663596030440279,43.03664629984599,516.508
1486,37,6,-6.198624202463297,48.4632828218399,517.589
1487,37,7,-13.305263144698198,54.037939788431736,519.027
1488,37,8,-20.28185571202288,59.94633687334332,520.73
1489,37,9,-27.04102457504584,66.40314692218816,522.569
1490,37,10,-33.46804646137296,73.6668755195783,524.384
1491,37,11,-39.40552649177045,82.0472102726713,526.001
1492,37,12,-44.635303301506255,91.88503226256414,527.251
1493,37,13,-48.86591564322298,103.46362358508311,527.982
1494,37,14,-51.748730171115675,116.80393926060182,528.078
1495,37,15,-52.9573628806007,131.40099608302452,527.471
1496,37,16,-52.32533132575357,146.19641525932275,526.148
1497,37,17,-49.93965211660025,160.03051263069835,524.155
1498,37,18,-46.089624745625805,172.1998743352884,521.595
1499,37,19,-41.12846561556827,-177.41898580463524,518.619
1500,37,20,-35.37017559804605,-168.5991761897761,515.415
1501,37,21,-29.0562496915433,-161.00356870061506,512.192
1502,37,22,-22.362331333208765,-154.30759274779305,509.161
1503,37,23,-15.415868437860302,-148.23578680208348,506.519
1504,37,24,-8.31263135671889,-142.5601318282347,504.431
1505,37,25,-1.129427167826909,-137.08637724625143,503.013
1506,37,26,6.066018641048439,-131.63819489252072,502.33
1507,37,27,13.207149184818258,-126.04141494320722,502.384
1508,37,28,20.22047621704656,-120.10841210181067,503.12
1509,37,29,27.01652980913488,-113.62206831499469,504.429
1510,37,30,33.47800146208825,-106.32067805452111,506.164
1511,37,31,39.444137551148536,-97.89060586389208,508.15
1512,37,32,44.69246515467009,-87.9871730768321,510.205
1513,37,33,48.9263389117155,-76.32677657862386,512.157
1514,37,34,51.79256632520882,-62.89761380238164,513.857
1515,37,35,52.96417599429779,-48.22643576708595,515.199
1516,37,36,52.28102047351311,-33.39506589009137,516.122
1517,37,37,49.841208600092855,-19.568167538100955,516.621
1518,37,38,45.94372507476516,-7.434582364383425,516.739
1519,37,39,40.94672452703798,2.900309844008273,516.564
1520,38,0,38.1372935515879,16.461666022437633,516.404
1521,38,1,32.05864717142458,24.583394445628315,516.023
1522,38,2,25.53094488163689,31.654368274451524,515.68
1523,38,3,18.702172975876916,37.97565712487955,515.511
1524,38,4,11.680775221370597,43.79654582614493,515.63
1525,38,5,4.550350145351127,49.32482580827238,516.115
1526,38,6,-2.6192968650903192,54.74237476357558,517
1527,38,7,-9.76346342794621,60.220992440247876,518.268
1528,38,8,-16.81479192516917,65.93787443592689,519.853
1529,38,9,-23.69498661764288,72.09121917994806,521.642
1530,38,10,-30.304688743511154,78.91597151938147,523.49
1531,38,11,-36.509980491264855,86.69632879540221,525.228
1532,38,12,-42.12534197021538,95.76312488083816,526.682
1533,38,13,-46.89650572813068,106.44605300692587,527.689
1534,38,14,-50.49818742088346,118.93030009263184,528.115
1535,38,15,-52.57815077788159,133.00162359426034,527.865
1536,38,16,-52.87209138390767,147.8518345480804,526.898
1537,38,17,-51.33680829246138,162.2923707554831,525.23
1538,38,18,-48.17552353701268,175.3426629384647,522.938
1539,38,19,-43.72671397207072,-173.39533502495905,520.148
1540,38,20,-38.33213835804086,-163.8343952436402,517.033
1541,38,21,-32.270342054559954,-155.66962809094198,513.792
1542,38,22,-25.747904133075053,-148.56157316511477,510.64
1543,38,23,-18.914108623180535,-142.2088825199776,507.781
1544,38,24,-11.87872264125403,-136.36117508093616,505.397
1545,38,25,-4.726682577832407,-130.80926947446963,503.633
1546,38,26,2.4708702376801837,-125.36982976287655,502.578
1547,38,27,9.647709650761065,-119.86960136767034,502.267
1548,38,28,16.7348838345219,-114.12962650240752,502.672
1549,38,29,23.65217840701982,-107.94956205835325,503.711
1550,38,30,30.29790636566533,-101.09166964106693,505.254
1551,38,31,36.53523170062639,-93.26813190911338,507.137
1552,38,32,42.17480278509003,-84.14403053654101,509.18
1553,38,33,46.95753346836474,-73.38702217871537,511.204
1554,38,34,50.55297236821613,-60.81547161503828,513.046
1555,38,35,52.605806213830974,-46.65933082429657,514.578
1556,38,36,52.85445242037612,-31.75194777202891,515.714
1557,38,37,51.26510155146,-17.297927063657315,516.423
1558,38,38,48.05209518852138,-4.271575974377057,516.723
1559,38,39,43.561303865845936,6.947485716176672,516.682
1560,39,0,35.165379205972386,29.67468575484752,516.218
1561,39,1,28.840552317554295,37.230159052445586,515.838
1562,39,2,22.14668006299666,43.89200454998503,515.566
1563,39,3,15.209890423060227,49.93487098418124,515.529
1564,39,4,8.124615885662303,55.58547623924903,515.824
1565,39,5,0.9663596030440279,61.03665363093079,516.508
1566,39,6,-6.198624202463297,66.46328673783012,517.589
1567,39,7,-13.305263144698198,72.03795053461113,519.027
1568,39,8,-20.28185571202288,77.94634420442813,520.73
1569,39,9,-27.04102457504584,84.40315425327296,522.569
1570,39,10,-33.46804646137296,91.6668828506631,524.384
1571,39,11,-39.40552649177045,100.0472176037561,526.001
1572,39,12,-44.635303301506255,109.88503959364894,527.251
1573,39,13,-48.86591564322298,121.46363091616792,527.982
1574,39,14,-51.748730171115675,134.8039465916866,528.078
1575,39,15,-52.9573628806007,149.40100341410934,527.471
1576,39,16,-52.32533132575357,164.19642259040756,526.148
1577,39,17,-49.93965211660025,178.03051996178317,524.155
1578,39,18,-46.089624745625805,-169.8001146911611,521.595
1579,39,19,-41.12846561556827,-159.41897847355042,518.619
1580,39,20,-35.37017559804605,-150.5991688586913,515.415
1581,39,21,-29.0562496915433,-143.00356136953025,512.192
1582,39,22,-22.362331333208765,-136.30758541670824,509.161
1583,39,23,-15.415868437860302,-130.2357794709987,506.519
1584,39,24,-8.31263135671889,-124.56012449714987,504.431
1585,39,25,-1.129427167826909,-119.08636991516664,503.013
1586,39,26,6.066018641048439,-113.63819439162509,502.33
1587,39,27,13.207149184818258,-108.04140761212241,502.384
1588,39,28,20.22047621704656,-102.10839794053669,503.12
1589,39,29,27.01652980913488,-95.62206098390989,504.429
1590,39,30,33.47800146208825,-88.32067072343631,506.164
1591,39,31,39.444137551148536,-79.89059853280727,508.15
1592,39,32,44.69246515467009,-69.98716574574729,510.205
1593,39,33,48.9263389117155,-58.32676924753907,512.157
1594,39,34,51.79256632520882,-44.89760305620225,513.857
1595,39,35,52.96417599429779,-30.226428436001147,515.199
1596,39,36,52.28102047351311,-15.395058559006566,516.122
1597,39,37,49.841208600092855,-1.5681597801293294,516.621
1598,39,38,45.94372507476516,10.565424966701379,516.739
1599,39,39,40.94672452703798,20.90031738853649,516.564
