0,0,0,27.366754589016455,-104.03075468243678,504.501
1,0,1,33.80660527815215,-96.67810385224224,506.252
2,0,2,39.7410902705986,-88.1789511283477,508.244
3,0,3,44.944003946328735,-78.18865882561266,510.296
4,0,4,49.11486237809161,-66.43156050913541,512.237
5,0,5,51.899076295126,-52.918014160792254,513.92
6,0,6,52.97475937241672,-38.20777768872785,515.24
7,0,7,52.19420193897308,-23.402534992855855,516.141
8,0,8,49.66886585186051,-9.65329333040755,516.619
9,0,9,45.70447720851795,2.383791302178045,516.72
10,0,10,40.65881156295443,12.628703879104464,516.535
11,0,11,34.84339042811965,21.33008484394474,516.184
12,0,12,28.495204292740112,28.8306895243928,515.809
13,0,13,21.785678952152097,35.45348683044728,515.549
14,0,14,14.83889845300723,41.47035073447326,515.53
15,0,15,7.747989863317691,47.105847611096976,515.847
16,0,16,0.5877592291424593,52.55144473822684,516.555
17,0,17,-6.575782552676348,57.981523675562435,517.659
18,0,18,-13.677442713893132,63.56896675628053,519.116
19,0,19,-20.644919539996785,69.50061039003226,520.833
20,0,20,-27.389709147269574,75.99309451691207,522.677
21,0,21,-33.79525691884617,83.30754409907873,524.488
22,0,22,-39.701430777182914,91.75619440425018,526.092
23,0,23,-44.88640154596343,101.67996749465847,527.319
24,0,24,-49.05487282661138,113.35449565425945,528.021
25,0,25,-51.85672912227192,126.77915733583863,528.082
26,0,26,-52.970374390969575,141.4166761989045,527.437
27,0,27,-52.24141220651621,156.18814873197266,526.077
28,0,28,-49.77010633083302,169.94647198469613,524.05
29,0,29,-45.85271280407474,-177.9797579958716,521.463
30,0,30,-40.84229093462849,-167.68846608660328,518.469
31,0,31,-35.04933087687929,-158.9418760996467,515.257
32,0,32,-28.711502723376075,-151.40144287860102,512.036
33,0,33,-22.001446335580095,-144.74482247577663,509.019
34,0,34,-15.044577647031115,-138.69925811685826,506.4
35,0,35,-7.935323169230923,-133.0388754459936,504.342
36,0,36,-0.7498391912600387,-127.5708035813998,502.959
37,0,37,6.444454663523104,-122.1191788123274,502.312
38,0,38,13.580788706948281,-116.50953078661759,502.401
39,0,39,20.585095620603937,-110.55309356617872,503.168
40,1,0,30.63837422031754,-91.47681234643998,505.335
41,1,1,36.84947845905492,-83.59334653470874,507.229
42,1,2,42.4510258804091,-74.39095070368052,509.274
43,1,3,47.179955163591615,-63.540389244793204,511.29
44,1,4,50.702744756336166,-50.874517183772824,513.118
45,1,5,52.66544401056894,-36.6526221618914,514.63
46,1,6,52.815592059093326,-21.738260363839284,515.745
47,1,7,51.13341550426215,-7.339754579267906,516.431
48,1,8,47.843870041484365,5.595443366670302,516.712
49,1,9,43.29564365807829,16.71909243716083,516.656
50,1,10,37.83077515220524,26.151233633753474,516.371
51,1,11,31.723851788878065,34.209207363683966,515.991
52,1,12,25.176961790164516,41.23357198161101,515.656
53,1,13,18.335571109912944,47.52265990519701,515.502
54,1,14,11.306477439759314,53.323215133303265,515.642
55,1,15,4.172306858753737,58.841266907148615,516.15
56,1,16,-2.9976067425087507,64.25776401331964,517.059
57,1,17,-10.138603884146344,69.7444071622667,518.349
58,1,18,-17.182983517662464,75.47910912149027,519.95
59,1,19,-24.051612992324046,81.66161194307821,521.749
60,1,20,-30.643660786735133,88.52920322898596,523.597
61,1,21,-36.82297732507527,96.3688465470024,525.327
62,1,22,-42.400783008874484,105.51309014743714,526.763
63,1,23,-47.11888644222253,116.28865612923771,527.744
64,1,24,-50.64890579020354,128.866722693383,528.136
65,1,25,-52.639789820046374,143.0045039356357,527.85
66,1,26,-52.835969928482065,157.86358047499846,526.845
67,1,27,-51.20803190584996,172.25081388611838,525.142
68,1,28,-47.96989386186027,-174.78865263450663,522.818
69,1,29,-43.463092575770325,-163.6216075302376,520.006
70,1,30,-38.02706112857307,-154.142793943499,516.877
71,1,31,-31.936410690943447,-146.04208030483713,513.634
72,1,32,-25.39426767370306,-138.98093511822958,510.49
73,1,33,-18.547392351547966,-132.66072885278498,507.649
74,1,34,-11.503931378475212,-126.83356662276697,505.292
75,1,35,-4.347790213343821,-121.29200192270383,503.561
76,1,36,2.85030474843414,-115.85368236213462,502.542
77,1,37,10.024226390078956,-110.34538068332945,502.267
78,1,38,17.10459685165281,-104.58745608092784,502.706
79,1,39,24.01037231011551,-98.37797401211834,503.772
80,2,0,27.366754589016455,-86.03075418154114,504.501
81,2,1,33.80660527815215,-78.6781033513466,506.252
82,2,2,39.7410902705986,-70.17895062745207,508.244
83,2,3,44.944003946328735,-60.18865832471703,510.296
84,2,4,49.11486237809161,-48.43156000823978,512.237
85,2,5,51.899076295126,-34.91801365989662,513.92
86,2,6,52.97475937241672,-20.207777187832214,515.24
87,2,7,52.19420193897308,-5.402534491960223,516.141
88,2,8,49.66886585186051,8.346707170488083,516.619
89,2,9,45.70447720851795,20.383791162743442,516.72
90,2,10,40.65881156295443,30.62870608754739,516.535
91,2,11,34.84339042811965,39.33008363729308,516.184
92,2,12,28.495204292740112,46.83069002528843,515.809
93,2,13,21.785678952152097,53.45348733134291,515.549
94,2,14,14.83889845300723,59.47035465046347,515.53
95,2,15,7.747989863317691,65.10584811199261,515.847
96,2,16,0.5877592291424593,70.55144182402789,516.555
97,2,17,-6.575782552676348,75.98152417645807,517.659
98,2,18,-13.677442713893132,81.56896725717617,519.116
99,2,19,-20.644919539996785,87.50061089092789,520.833
100,2,20,-27.389709147269574,93.9930950178077,522.677
101,2,21,-33.79525691884617,101.30754459997435,524.488
102,2,22,-39.701430777182914,109.75619490514582,526.092
103,2,23,-44.88640154596343,119.67996799555411,527.319
104,2,24,-49.05487282661138,131.3544961551551,528.021
105,2,25,-51.85672912227192,144.77916466692344,528.082
106,2,26,-52.970374390969575,159.4166835299893,527.437
107,2,27,-52.24141220651621,174.18814240267912,526.077
108,2,28,-49.77010633083302,-172.05351704175337,524.05
109,2,29,-45.85271280407474,-159.97975066478682,521.463
110,2,30,-40.84229093462849,-149.6884587555185,518.469
111,2,31,-35.04933087687929,-140.9418687685619,515.257
112,2,32,-28.711502723376075,-133.40144920789453,512.036
113,2,33,-22.001446335580095,-126.74482880507016,509.019
114,2,34,-15.044577647031115,-120.69926444615179,506.4
115,2,35,-7.935323169230923,-115.03888177528712,504.342
116,2,36,-0.7498391912600387,-109.570796250315,502.959
117,2,37,6.444454663523104,-104.11917148124259,502.312
118,2,38,13.580788706948281,-98.50953028572195,502.401
119,2,39,20.585095620603937,-92.55309306528308,503.168
120,3,0,30.63837422031754,-73.47681184554435,505.335
121,3,1,36.84947845905492,-65.5933460338131,507.229
122,3,2,42.4510258804091,-56.3909467876903,509.274
123,3,3,47.179955163591615,-45.540392158992155,511.29
124,3,4,50.702744756336166,-32.874516682877186,513.118
125,3,5,52.66544401056894,-18.652623368543058,514.63
126,3,6,52.815592059093326,-3.738260289830474,515.745
127,3,7,51.13341550426215,10.660245921627727,516.431
128,3,8,47.843870041484365,23.595443440679112,516.712
129,3,9,43.29564365807829,34.71909123050917,516.656
130,3,10,37.83077515220524,44.15123413464911,516.371
131,3,11,31.723851788878065,52.2092078645796,515.991
132,3,12,25.176961790164516,59.23357248250664,515.656
133,3,13,18.335571109912944,65.52266040609264,515.502
134,3,14,11.306477439759314,71.32321904929348,515.642
135,3,15,4.172306858753737,76.84126740804425,516.15
136,3,16,-2.9976067425087507,82.25776451421527,517.059
137,3,17,-10.138603884146344,87.74440766316232,518.349
138,3,18,-17.182983517662464,93.4791096223859,519.95
139,3,19,-24.051612992324046,99.66161244397385,521.749
140,3,20,-30.643660786735133,106.5292037298816,523.597
141,3,21,-36.82297732507527,114.36884704789804,525.327
142,3,22,-42.400783008874484,123.5130838181436,526.763
143,3,23,-47.11888644222253,134.28864979994418,527.744
144,3,24,-50.64890579020354,146.86673002446778,528.136
145,3,25,-52.639789820046374,161.0045112667205,527.85
146,3,26,-52.835969928482065,175.86357414570492,526.845
147,3,27,-51.20803190584996,-169.7491888007095,525.142
148,3,28,-47.96989386186027,-156.78864530342184,522.818
149,3,29,-43.463092575770325,-145.62161385953115,520.006
150,3,30,-38.02706112857307,-136.14280027279253,516.877
151,3,31,-31.936410690943447,-128.04207297375234,513.634
152,3,32,-25.39426767370306,-120.98092778714478,510.49
153,3,33,-18.547392351547966,-114.6607215217002,507.649
154,3,34,-11.503931378475212,-108.83356612187133,505.292
155,3,35,-4.347790213343821,-103.29200825199737,503.561
156,3,36,2.85030474843414,-97.85368186123898,502.542
157,3,37,10.024226390078956,-92.34538018243383,502.267
158,3,38,17.10459685165281,-86.58745558003221,502.706
159,3,39,24.01037231011551,-80.3779735112227,503.772
160,4,0,27.366754589016455,-68.03075368064552,504.501
161,4,1,33.80660527815215,-60.678102850450976,506.252
162,4,2,39.7410902705986,-52.178946711461855,508.244
163,4,3,44.944003946328735,-42.18865440872681,510.296
164,4,4,49.11486237809161,-30.43155950734414,512.237
165,4,5,51.899076295126,-16.91801315900099,513.92
166,4,6,52.97475937241672,-2.2077760466063467,515.24
167,4,7,52.19420193897308,12.59746600893541,516.141
168,4,8,49.66886585186051,26.346708525157364,516.619
169,4,9,45.70447720851795,38.38379166363908,516.72
170,4,10,40.65881156295443,48.62870658844302,516.535
171,4,11,34.84339042811965,57.3300875532833,516.184
172,4,12,28.495204292740112,64.83068711108947,515.809
173,4,13,21.785678952152097,71.45348441714397,515.549
174,4,14,14.83889845300723,77.4703551513591,515.53
175,4,15,7.747989863317691,83.10584861288825,515.847
176,4,16,0.5877592291424593,88.55144232492353,516.555
177,4,17,-6.575782552676348,93.9815246773537,517.659
178,4,18,-13.677442713893132,99.5689677580718,519.116
179,4,19,-20.644919539996785,105.50061139182353,520.833
180,4,20,-27.389709147269574,111.99309551870333,522.677
181,4,21,-33.79525691884617,119.30754510086999,524.488
182,4,22,-39.701430777182914,127.75618857585228,526.092
183,4,23,-44.88640154596343,137.67996166626057,527.319
184,4,24,-49.05487282661138,149.35448982586155,528.021
185,4,25,-51.85672912227192,162.7791583376299,528.082
186,4,26,-52.970374390969575,177.41667720069577,527.437
187,4,27,-52.24141220651621,-167.8118466237704,526.077
188,4,28,-49.77010633083302,-154.0535233710469,524.05
189,4,29,-45.85271280407474,-141.97975699408036,521.463
190,4,30,-40.84229093462849,-131.68846508481204,518.469
191,4,31,-35.04933087687929,-122.94187509785543,515.257
192,4,32,-28.711502723376075,-115.40144187680974,512.036
193,4,33,-22.001446335580095,-108.74482147398535,509.019
194,4,34,-15.044577647031115,-102.69926394525615,506.4
195,4,35,-7.935323169230923,-97.03888127439149,504.342
196,4,36,-0.7498391912600387,-91.57079574941936,502.959
197,4,37,6.444454663523104,-86.11917098034696,502.312
198,4,38,13.580788706948281,-80.50952978482631,502.401
199,4,39,20.585095620603937,-74.55309256438746,503.168
200,5,0,30.63837422031754,-55.476811344648716,505.335
201,5,1,36.84947845905492,-47.59334894801206,507.229
202,5,2,42.4510258804091,-38.390946286794666,509.274
203,5,3,47.179955163591615,-27.540389950549226,511.29
204,5,4,50.702744756336166,-14.874517889528846,513.118
205,5,5,52.66544401056894,-0.6526226542040143,514.63
206,5,6,52.815592059093326,14.261739784178335,515.745
207,5,7,51.13341550426215,28.660245568749716,516.431
208,5,8,47.843870041484365,41.595445649122034,516.712
209,5,9,43.29564365807829,52.7190917314048,516.656
210,5,10,37.83077515220524,62.15123122045016,516.371
211,5,11,31.723851788878065,70.20920836547523,515.991
212,5,12,25.176961790164516,77.23357298340227,515.656
213,5,13,18.335571109912944,83.52266090698828,515.502
214,5,14,11.306477439759314,89.32321955018911,515.642
215,5,15,4.172306858753737,94.84126790893988,516.15
216,5,16,-2.9976067425087507,100.2577650151109,517.059
217,5,17,-10.138603884146344,105.74440816405796,518.349
218,5,18,-17.182983517662464,111.47911012328153,519.95
219,5,19,-24.051612992324046,117.66161977505865,521.749
220,5,20,-30.643660786735133,124.5292110609664,523.597
221,5,21,-36.82297732507527,132.36884754879367,525.327
222,5,22,-42.400783008874484,141.51309114922842,526.763
223,5,23,-47.11888644222253,152.28865713102897,527.744
224,5,24,-50.64890579020354,164.86672369517427,528.136
225,5,25,-52.639789820046374,179.004504937427,527.85
226,5,26,-52.835969928482065,-166.1364148807446,526.845
227,5,27,-51.20803190584996,-151.74919513000305,525.142
228,5,28,-47.96989386186027,-138.78865163271539,522.818
229,5,29,-43.463092575770325,-127.62160652844635,520.006
230,5,30,-38.02706112857307,-118.14279294170771,516.877
231,5,31,-31.936410690943447,-110.04207930304587,513.634
232,5,32,-25.39426767370306,-102.9809341164383,510.49
233,5,33,-18.547392351547966,-96.66072785099374,507.649
234,5,34,-11.503931378475212,-90.83356562097569,505.292
235,5,35,-4.347790213343821,-85.29200775110174,503.561
236,5,36,2.85030474843414,-79.85368136034336,502.542
237,5,37,10.024226390078956,-74.34537968153819,502.267
238,5,38,17.10459685165281,-68.58745507913657,502.706
239,5,39,24.01037231011551,-62.37797301032707,503.772
240,6,0,27.366754589016455,-50.03075317974988,504.501
241,6,1,33.80660527815215,-42.678098934460756,506.252
242,6,2,39.7410902705986,-34.178946210566224,508.244
243,6,3,44.944003946328735,-24.188655615378472,510.296
244,6,4,49.11486237809161,-12.431559006448508,512.237
245,6,5,51.899076295126,1.0819880889465854,513.92
246,6,6,52.97475937241672,15.792223813959051,515.24
247,6,7,52.19420193897308,30.597464802283753,516.141
248,6,8,49.66886585186051,44.3467073185057,516.619
249,6,9,45.70447720851795,56.38379216453471,516.72
250,6,10,40.65881156295443,66.62870708933866,516.535
251,6,11,34.84339042811965,75.33008805417893,516.184
252,6,12,28.495204292740112,82.83068761198511,515.809
253,6,13,21.785678952152097,89.45348491803959,515.549
254,6,14,14.83889845300723,95.47035565225474,515.53
255,6,15,7.747989863317691,101.10584911378388,515.847
256,6,16,0.5877592291424593,106.55144282581915,516.555
257,6,17,-6.575782552676348,111.98152517824933,517.659
258,6,18,-13.677442713893132,117.56896142877827,519.116
259,6,19,-20.644919539996785,123.50061189271916,520.833
260,6,20,-27.389709147269574,129.9930891894098,522.677
261,6,21,-33.79525691884617,137.3075524319548,524.488
262,6,22,-39.701430777182914,145.75619590693708,526.092
263,6,23,-44.88640154596343,155.67996899734538,527.319
264,6,24,-49.05487282661138,167.35449715694634,528.021
265,6,25,-51.85672912227192,-179.22083068881963,528.082
266,6,26,-52.970374390969575,-164.58332548613208,527.437
267,6,27,-52.24141220651621,-149.81185295306395,526.077
268,6,28,-49.77010633083302,-136.05351603996212,524.05
269,6,29,-45.85271280407474,-123.97974966299556,521.463
270,6,30,-40.84229093462849,-113.68846458391639,518.469
271,6,31,-35.04933087687929,-104.9418745969598,515.257
272,6,32,-28.711502723376075,-97.40144820610327,512.036
273,6,33,-22.001446335580095,-90.74482097308972,509.019
274,6,34,-15.044577647031115,-84.69926344436053,506.4
275,6,35,-7.935323169230923,-79.03888077349585,504.342
276,6,36,-0.7498391912600387,-73.57079524852372,502.959
277,6,37,6.444454663523104,-68.11917047945133,502.312
278,6,38,13.580788706948281,-62.50952928393069,502.401
279,6,39,20.585095620603937,-56.55308864839723,503.168
280,7,0,30.63837422031754,-37.47681425884767,505.335
281,7,1,36.84947845905492,-29.593351862211005,507.229
282,7,2,42.4510258804091,-20.390949200993617,509.274
283,7,3,47.179955163591615,-9.540392864748178,511.29
284,7,4,50.702744756336166,3.1254791962722024,513.118
285,7,5,52.66544401056894,17.34737421815362,514.63
286,7,6,52.815592059093326,32.26173601620574,515.745
287,7,7,51.13341550426215,46.660242654550764,516.431
288,7,8,47.843870041484365,59.59544273492308,516.712
289,7,9,43.29564365807829,70.71908881720586,516.656
290,7,10,37.83077515220524,80.1512317213458,516.371
291,7,11,31.723851788878065,88.2092020361817,515.991
292,7,12,25.176961790164516,95.2335734842979,515.656
293,7,13,18.335571109912944,101.52265457769474,515.502
294,7,14,11.306477439759314,107.32321322089558,515.642
295,7,15,4.172306858753737,112.84126840983552,516.15
296,7,16,-2.9976067425087507,118.25775868581736,517.059
297,7,17,-10.138603884146344,123.7444086649536,518.349
298,7,18,-17.182983517662464,129.479103793988,519.95
299,7,19,-24.051612992324046,135.6616134457651,521.749
300,7,20,-30.643660786735133,142.52920473167285,523.597
301,7,21,-36.82297732507527,150.36884121950013,525.327
302,7,22,-42.400783008874484,159.51308481993487,526.763
303,7,23,-47.11888644222253,170.28865080173546,527.744
304,7,24,-50.64890579020354,-177.1332789916536,528.136
305,7,25,-52.639789820046374,-162.9954977494009,527.85
306,7,26,-52.835969928482065,-148.13642121003815,526.845
307,7,27,-51.20803190584996,-133.74920145929656,525.142
308,7,28,-47.96989386186027,-120.78865796200891,522.818
309,7,29,-43.463092575770325,-109.62161285773989,520.006
310,7,30,-38.02706112857307,-100.14279927100125,516.877
311,7,31,-31.936410690943447,-92.04207880215024,513.634
312,7,32,-25.39426767370306,-84.98093361554268,510.49
313,7,33,-18.547392351547966,-78.6607273500981,507.649
314,7,34,-11.503931378475212,-72.83356512008005,505.292
315,7,35,-4.347790213343821,-67.2920072502061,503.561
316,7,36,2.85030474843414,-61.85368768963689,502.542
317,7,37,10.024226390078956,-56.34538259573714,502.267
318,7,38,17.10459685165281,-50.58745457824094,502.706
319,7,39,24.01037231011551,-44.37797250943144,503.772
320,8,0,27.366754589016455,-32.03075267885425,504.501
321,8,1,33.80660527815215,-24.678100141112417,506.252
322,8,2,39.7410902705986,-16.17894741721788,508.244
323,8,3,44.944003946328735,-6.188654687596018,510.296
324,8,4,49.11486237809161,5.568441494447126,512.237
325,8,5,51.899076295126,19.08198784279028,513.92
326,8,6,52.97475937241672,33.792224314854685,515.24
327,8,7,52.19420193897308,48.59746530317938,516.141
328,8,8,49.66886585186051,62.34671123449592,516.619
329,8,9,45.70447720851795,74.38379266543035,516.72
330,8,10,40.65881156295443,84.62870759023428,516.535
331,8,11,34.84339042811965,93.33008855507457,516.184
332,8,12,28.495204292740112,100.83068811288075,515.809
333,8,13,21.785678952152097,107.45348541893523,515.549
334,8,14,14.83889845300723,113.47035615315038,515.53
335,8,15,7.747989863317691,119.10584961467951,515.847
336,8,16,0.5877592291424593,124.55145015690395,516.555
337,8,17,-6.575782552676348,129.9815188489558,517.659
338,8,18,-13.677442713893132,135.56896875986305,519.116
339,8,19,-20.644919539996785,141.5006055634256,520.833
340,8,20,-27.389709147269574,147.9930965204946,522.677
341,8,21,-33.79525691884617,155.30754610266126,524.488
342,8,22,-39.701430777182914,163.75618957764354,526.092
343,8,23,-44.88640154596343,173.67996266805184,527.319
344,8,24,-49.05487282661138,-174.64550552988152,528.021
345,8,25,-51.85672912227192,-161.22083701811314,528.082
346,8,26,-52.970374390969575,-146.5833181550473,527.437
347,8,27,-52.24141220651621,-131.81184562197913,526.077
348,8,28,-49.77010633083302,-118.05352236925565,524.05
349,8,29,-45.85271280407474,-105.97974916209992,521.463
350,8,30,-40.84229093462849,-95.68846408302076,518.469
351,8,31,-35.04933087687929,-86.94187409606417,515.257
352,8,32,-28.711502723376075,-79.40144770520764,512.036
353,8,33,-22.001446335580095,-72.74482047219408,509.019
354,8,34,-15.044577647031115,-66.69926294346489,506.4
355,8,35,-7.935323169230923,-61.038880272600224,504.342
356,8,36,-0.7498391912600387,-55.57079474762809,502.959
357,8,37,6.444454663523104,-50.119169978555696,502.312
358,8,38,13.580788706948281,-44.50952536794047,502.401
359,8,39,20.585095620603937,-38.5530881475016,503.168
360,9,0,30.63837422031754,-19.476813757952037,505.335
361,9,1,36.84947845905492,-11.593350507541727,507.229
362,9,2,42.4510258804091,-2.3909491269848067,509.274
363,9,3,47.179955163591615,8.459607636147455,511.29
364,9,4,50.702744756336166,21.125479697167837,513.118
365,9,5,52.66544401056894,35.34737642659655,514.63
366,9,6,52.815592059093326,50.26173651710137,515.745
367,9,7,51.13341550426215,64.66024657054098,516.431
368,9,8,47.843870041484365,77.59544323581872,516.712
369,9,9,43.29564365807829,88.71908931810148,516.656
370,9,10,37.83077515220524,98.15123222224142,516.371
371,9,11,31.723851788878065,106.20920253707733,515.991
372,9,12,25.176961790164516,113.23357398519354,515.656
373,9,13,18.335571109912944,119.52265507859038,515.502
374,9,14,11.306477439759314,125.32322055198038,515.642
375,9,15,4.172306858753737,130.84126208054198,516.15
376,9,16,-2.9976067425087507,136.25776601690217,517.059
377,9,17,-10.138603884146344,141.74440233566006,518.349
378,9,18,-17.182983517662464,147.4791111250728,519.95
379,9,19,-24.051612992324046,153.66160711647157,521.749
380,9,20,-30.643660786735133,160.52919840237934,523.597
381,9,21,-36.82297732507527,168.36884855058494,525.327
382,9,22,-42.400783008874484,177.51309215101966,526.763
383,9,23,-47.11888644222253,-171.71135188509243,527.744
384,9,24,-50.64890579020354,-159.13328532094715,528.136
385,9,25,-52.639789820046374,-144.99549041831608,527.85
386,9,26,-52.835969928482065,-130.1364275393317,526.845
387,9,27,-51.20803190584996,-115.74919412821177,525.142
388,9,28,-47.96989386186027,-102.78865063092411,522.818
389,9,29,-43.463092575770325,-91.62161235684425,520.006
390,9,30,-38.02706112857307,-82.14279877010561,516.877
391,9,31,-31.936410690943447,-74.0420783012546,513.634
392,9,32,-25.39426767370306,-66.98093311464704,510.49
393,9,33,-18.547392351547966,-60.66072684920246,507.649
394,9,34,-11.503931378475212,-54.83356461918443,505.292
395,9,35,-4.347790213343821,-49.292006749310474,503.561
396,9,36,2.85030474843414,-43.85368377364667,502.542
397,9,37,10.024226390078956,-38.34538209484151,502.267
398,9,38,17.10459685165281,-32.587454077345306,502.706
399,9,39,24.01037231011551,-26.377973716083098,503.772
400,10,0,27.366754589016455,-14.030752177958613,504.501
401,10,1,33.80660527815215,-6.678099213329961,506.252
402,10,2,39.7410902705986,1.8210539374513983,508.244
403,10,3,44.944003946328735,11.811345386412793,510.296
404,10,4,49.11486237809161,23.56844199534276,512.237
405,10,5,51.899076295126,37.081988343685914,513.92
406,10,6,52.97475937241672,51.792224815750316,515.24
407,10,7,52.19420193897308,66.59746580407501,516.141
408,10,8,49.66886585186051,80.34671173539155,516.619
409,10,9,45.70447720851795,92.38379316632597,516.72
410,10,10,40.65881156295443,102.62870809112992,516.535
411,10,11,34.84339042811965,111.33008905597019,516.184
412,10,12,28.495204292740112,118.83068861377637,515.809
413,10,13,21.785678952152097,125.45348591983087,515.549
414,10,14,14.83889845300723,131.47034982385685,515.53
415,10,15,7.747989863317691,137.105843285386,515.847
416,10,16,0.5877592291424593,142.55144382761043,516.555
417,10,17,-6.575782552676348,147.9815261800406,517.659
418,10,18,-13.677442713893132,153.56896243056954,519.116
419,10,19,-20.644919539996785,159.50061289451043,520.833
420,10,20,-27.389709147269574,165.99309019120108,522.677
421,10,21,-33.79525691884617,173.30755343374605,524.488
422,10,22,-39.701430777182914,-178.243799448806,526.092
423,10,23,-44.88640154596343,-168.32002635839768,527.319
424,10,24,-49.05487282661138,-156.6454981987967,528.021
425,10,25,-51.85672912227192,-143.22082968702836,528.082
426,10,26,-52.970374390969575,-128.58332448434084,527.437
427,10,27,-52.24141220651621,-113.81185195127267,526.077
428,10,28,-49.77010633083302,-100.05352186836002,524.05
429,10,29,-45.85271280407474,-87.97974866120428,521.463
430,10,30,-40.84229093462849,-77.68846358212512,518.469
431,10,31,-35.04933087687929,-68.94187359516853,515.257
432,10,32,-28.711502723376075,-61.40144720431201,512.036
433,10,33,-22.001446335580095,-54.74481997129845,509.019
434,10,34,-15.044577647031115,-48.69925902747467,506.4
435,10,35,-7.935323169230923,-43.038876356610004,504.342
436,10,36,-0.7498391912600387,-37.57079424673246,502.959
437,10,37,6.444454663523104,-32.11916947766006,502.312
438,10,38,13.580788706948281,-26.509526574592126,502.401
439,10,39,20.585095620603937,-20.553087646605963,503.168
440,11,0,30.63837422031754,-1.4768127234478732,505.335
441,11,1,36.84947845905492,6.4066499933539065,507.229
442,11,2,42.4510258804091,15.60905180079765,509.274
443,11,3,47.179955163591615,26.459608137043087,511.29
444,11,4,50.702744756336166,39.12548190561076,513.118
445,11,5,52.66544401056894,53.347376927492185,514.63
446,11,6,52.815592059093326,68.261737017997,515.745
447,11,7,51.13341550426215,82.66024707143661,516.431
448,11,8,47.843870041484365,95.59544373671436,516.712
449,11,9,43.29564365807829,106.71908981899712,516.656
450,11,10,37.83077515220524,116.15123272313706,516.371
451,11,11,31.723851788878065,124.20920303797296,515.991
452,11,12,25.176961790164516,131.23357448608917,515.656
453,11,13,18.335571109912944,137.52266240967518,515.502
454,11,14,11.306477439759314,143.32321422268686,515.642
455,11,15,4.172306858753737,148.8412694116268,516.15
456,11,16,-2.9976067425087507,154.25775968760863,517.059
457,11,17,-10.138603884146344,159.74440966674487,518.349
458,11,18,-17.182983517662464,165.47910479577928,519.95
459,11,19,-24.051612992324046,171.6616144475564,521.749
460,11,20,-30.643660786735133,178.52920573346412,523.597
461,11,21,-36.82297732507527,-173.6311541362429,525.327
462,11,22,-42.400783008874484,-164.4869105358082,526.763
463,11,23,-47.11888644222253,-153.7113445540076,527.744
464,11,24,-50.64890579020354,-141.13327798986234,528.136
465,11,25,-52.639789820046374,-126.99549674760962,527.85
466,11,26,-52.835969928482065,-112.13642020824689,526.845
467,11,27,-51.20803190584996,-97.74919362731613,525.142
468,11,28,-47.96989386186027,-84.78865013002847,522.818
469,11,29,-43.463092575770325,-73.62161185594861,520.006
470,11,30,-38.02706112857307,-64.14279826920999,516.877
471,11,31,-31.936410690943447,-56.042077800358975,513.634
472,11,32,-25.39426767370306,-48.98093261375141,510.49
473,11,33,-18.547392351547966,-42.66072634830683,507.649
474,11,34,-11.503931378475212,-36.83356411828879,505.292
475,11,35,-4.347790213343821,-31.292006248414836,503.561
476,11,36,2.85030474843414,-25.85368327275104,502.542
477,11,37,10.024226390078956,-20.345379886398586,502.267
478,11,38,17.10459685165281,-14.587453576449672,502.706
479,11,39,24.01037231011551,-8.377973215187463,503.772
480,12,0,27.366754589016455,3.9692487498238433,504.501
481,12,1,33.80660527815215,11.321900860678848,506.252
482,12,2,39.7410902705986,19.821053584573384,508.244
483,12,3,44.944003946328735,29.811347594855718,510.296
484,12,4,49.11486237809161,41.56844249623839,512.237
485,12,5,51.899076295126,55.081988844581545,513.92
486,12,6,52.97475937241672,69.79222531664595,515.24
487,12,7,52.19420193897308,84.59746630497065,516.141
488,12,8,49.66886585186051,98.34671223628719,516.619
489,12,9,45.70447720851795,110.38379366722161,516.72
490,12,10,40.65881156295443,120.62870859202556,516.535
491,12,11,34.84339042811965,129.33008272667666,516.184
492,12,12,28.495204292740112,136.8306959448612,515.809
493,12,13,21.785678952152097,143.45349325091567,515.549
494,12,14,14.83889845300723,149.47035715494164,515.53
495,12,15,7.747989863317691,155.10585061647078,515.847
496,12,16,0.5877592291424593,160.55145115869522,516.555
497,12,17,-6.575782552676348,165.98151985074708,517.659
498,12,18,-13.677442713893132,171.56896976165433,519.116
499,12,19,-20.644919539996785,177.50060656521688,520.833
500,12,20,-27.389709147269574,-176.0069124956268,522.677
501,12,21,-33.79525691884617,-168.6924492530818,524.488
502,12,22,-39.701430777182914,-160.2438057780995,526.092
503,12,23,-44.88640154596343,-150.32003268769122,527.319
504,12,24,-49.05487282661138,-138.64550452809024,528.021
505,12,25,-51.85672912227192,-125.22083601632188,528.082
506,12,26,-52.970374390969575,-110.58331715325602,527.437
507,12,27,-52.24141220651621,-95.81185145037703,526.077
508,12,28,-49.77010633083302,-82.05352136746438,524.05
509,12,29,-45.85271280407474,-69.97974816030865,521.463
510,12,30,-40.84229093462849,-59.68846308122949,518.469
511,12,31,-35.04933087687929,-50.94186967917832,515.257
512,12,32,-28.711502723376075,-43.401446703416376,512.036
513,12,33,-22.001446335580095,-36.74481947040282,509.019
514,12,34,-15.044577647031115,-30.699258526579037,506.4
515,12,35,-7.935323169230923,-25.03887756326166,504.342
516,12,36,-0.7498391912600387,-19.570795453384118,502.959
517,12,37,6.444454663523104,-14.119169830538075,502.312
518,12,38,13.580788706948281,-8.509525219922848,502.401
519,12,39,20.585095620603937,-2.5530879994839775,503.168
520,13,0,30.63837422031754,16.523194074028403,505.335
521,13,1,36.84947845905492,24.406656470665062,507.229
522,13,2,42.4510258804091,33.609059131882454,509.274
523,13,3,47.179955163591615,44.4596137605806,511.29
524,13,4,50.702744756336166,57.125489236695564,513.118
525,13,5,52.66544401056894,71.34738425857698,514.63
526,13,6,52.815592059093326,86.26174434908181,515.745
527,13,7,51.13341550426215,100.66025440252142,516.431
528,13,8,47.843870041484365,113.59545106779916,516.712
529,13,9,43.29564365807829,124.71910398027109,516.656
530,13,10,37.83077515220524,134.15124005422186,516.371
531,13,11,31.723851788878065,142.20921036905776,515.991
532,13,12,25.176961790164516,149.23358181717398,515.656
533,13,13,18.335571109912944,155.52266974075997,515.502
534,13,14,11.306477439759314,161.32322155377165,515.642
535,13,15,4.172306858753737,166.84127674271159,516.15
536,13,16,-2.9976067425087507,172.25776701869344,517.059
537,13,17,-10.138603884146344,177.74441699782966,518.349
538,13,18,-17.182983517662464,-176.52088423067025,519.95
539,13,19,-24.051612992324046,-170.33837457889314,521.749
540,13,20,-30.643660786735133,-163.4707832929854,523.597
541,13,21,-36.82297732507527,-155.63114680515812,525.327
542,13,22,-42.400783008874484,-146.48690320472338,526.763
543,13,23,-47.11888644222253,-135.71133722292282,527.744
544,13,24,-50.64890579020354,-123.13327065877753,528.136
545,13,25,-52.639789820046374,-108.99548258633565,527.85
546,13,26,-52.835969928482065,-94.13641287716207,526.845
547,13,27,-51.20803190584996,-79.74918629623133,525.142
548,13,28,-47.96989386186027,-66.78864279894367,522.818
549,13,29,-43.463092575770325,-55.62160110976923,520.006
550,13,30,-38.02706112857307,-46.14279093812518,516.877
551,13,31,-31.936410690943447,-38.04207046927417,513.634
552,13,32,-25.39426767370306,-30.980925282666608,510.49
553,13,33,-18.547392351547966,-24.66071901722203,507.649
554,13,34,-11.503931378475212,-18.83355678720399,505.292
555,13,35,-4.347790213343821,-13.291998917330034,503.561
556,13,36,2.85030474843414,-7.8536759416662365,502.542
557,13,37,10.024226390078956,-2.3453731956440156,502.267
558,13,38,17.10459685165281,3.4125535411917194,502.706
559,13,39,24.01037231011551,9.62203411589734,503.772
560,14,0,27.366754589016455,21.969241993643482,504.501
561,14,1,33.80660527815215,29.321896238932606,506.252
562,14,2,39.7410902705986,37.82104896282714,508.244
563,14,3,44.944003946328735,47.811341265562184,510.296
564,14,4,49.11486237809161,59.568436166944856,512.237
565,14,5,51.899076295126,73.08198593038259,513.92
566,14,6,52.97475937241672,87.79221898735241,515.24
567,14,7,52.19420193897308,102.59745997567711,516.141
568,14,8,49.66886585186051,116.34669907680448,516.619
569,14,9,45.70447720851795,128.38378733792808,516.72
570,14,10,40.65881156295443,138.62870226273202,516.535
571,14,11,34.84339042811965,147.33007639738312,516.184
572,14,12,28.495204292740112,154.83068961556765,515.809
573,14,13,21.785678952152097,161.45348692162213,515.549
574,14,14,14.83889845300723,167.4703508256481,515.53
575,14,15,7.747989863317691,173.10584428717723,515.847
576,14,16,0.5877592291424593,178.5514448294017,516.555
577,14,17,-6.575782552676348,-176.0184828360808,517.659
578,14,18,-13.677442713893132,-170.43103292517353,519.116
579,14,19,-20.644919539996785,-164.49939612161097,520.833
580,14,20,-27.389709147269574,-158.00691882492035,522.677
581,14,21,-33.79525691884617,-150.69245558237535,524.488
582,14,22,-39.701430777182914,-142.24381210739304,526.092
583,14,23,-44.88640154596343,-132.32003901698477,527.319
584,14,24,-49.05487282661138,-120.64551085738378,528.021
585,14,25,-51.85672912227192,-107.22084234561542,528.082
586,14,26,-52.970374390969575,-92.58332348254956,527.437
587,14,27,-52.24141220651621,-77.81185777967058,526.077
588,14,28,-49.77010633083302,-64.05352769675793,524.05
589,14,29,-45.85271280407474,-51.979757904696775,521.463
590,14,30,-40.84229093462849,-41.68846941052303,518.469
591,14,31,-35.04933087687929,-32.94187600847185,515.257
592,14,32,-28.711502723376075,-25.40145303270991,512.036
593,14,33,-22.001446335580095,-18.744825799696354,509.019
594,14,34,-15.044577647031115,-12.699266563419865,506.4
595,14,35,-7.935323169230923,-7.0388830387815515,504.342
596,14,36,-0.7498391912600387,-1.5708013557908318,502.959
597,14,37,6.444454663523104,3.8808238401683885,502.312
598,14,38,13.580788706948281,9.490468450783617,502.401
599,14,39,20.585095620603937,15.446906524996132,503.168
600,15,0,30.63837422031754,34.52318774473486,505.335
601,15,1,36.84947845905492,42.40665014137153,507.229
602,15,2,42.4510258804091,51.60905280258892,509.274
603,15,3,47.179955163591615,62.45960743128706,511.29
604,15,4,50.702744756336166,75.12548290740203,513.118
605,15,5,52.66544401056894,89.34737792928345,514.63
606,15,6,52.815592059093326,104.26173801978827,515.745
607,15,7,51.13341550426215,118.66024807322788,516.431
608,15,8,47.843870041484365,131.59543790831646,516.712
609,15,9,43.29564365807829,142.71909765097755,516.656
610,15,10,37.83077515220524,152.15123372492832,516.371
611,15,11,31.723851788878065,160.20920403976422,515.991
612,15,12,25.176961790164516,167.23357548788044,515.656
613,15,13,18.335571109912944,173.52266341146645,515.502
614,15,14,11.306477439759314,179.3232152244781,515.642
615,15,15,4.172306858753737,-175.15872594411627,516.15
616,15,16,-2.9976067425087507,-169.7422356681344,517.059
617,15,17,-10.138603884146344,-164.2555856889982,518.349
618,15,18,-17.182983517662464,-158.5208905599638,519.95
619,15,19,-24.051612992324046,-152.33838090818668,521.749
620,15,20,-30.643660786735133,-145.47078962227894,523.597
621,15,21,-36.82297732507527,-137.63115313445167,525.327
622,15,22,-42.400783008874484,-128.48690953401692,526.763
623,15,23,-47.11888644222253,-117.71134355221635,527.744
624,15,24,-50.64890579020354,-105.13327698807107,528.136
625,15,25,-52.639789820046374,-90.99548891562918,527.85
626,15,26,-52.835969928482065,-76.13641920645561,526.845
627,15,27,-51.20803190584996,-61.74919262552487,525.142
628,15,28,-47.96989386186027,-48.78865254333179,522.818
629,15,29,-43.463092575770325,-37.62160743906277,520.006
630,15,30,-38.02706112857307,-28.142797267418718,516.877
631,15,31,-31.936410690943447,-20.042076798567706,513.634
632,15,32,-25.39426767370306,-12.980931611960143,510.49
633,15,33,-18.547392351547966,-6.660725346515565,507.649
634,15,34,-11.503931378475212,-0.8335637034669079,505.292
635,15,35,-4.347790213343821,4.707994753376429,503.561
636,15,36,2.85030474843414,10.146317729040227,502.542
637,15,37,10.024226390078956,15.654621115392683,502.267
638,15,38,17.10459685165281,21.412547425341593,502.706
639,15,39,24.01037231011551,27.622027786603805,503.772
640,16,0,27.366754589016455,39.96924932472829,504.501
641,16,1,33.80660527815215,47.321903570017405,506.252
642,16,2,39.7410902705986,55.821056293911944,508.244
643,16,3,44.944003946328735,65.8113451815524,510.296
644,16,4,49.11486237809161,77.56844349802967,512.237
645,16,5,51.899076295126,91.0819932614674,513.92
646,16,6,52.97475937241672,105.79222631843722,515.24
647,16,7,52.19420193897308,120.59746730676191,516.141
648,16,8,49.66886585186051,134.3467064078893,516.619
649,16,9,45.70447720851795,146.38379466901287,516.72
650,16,10,40.65881156295443,156.62870959381684,516.535
651,16,11,34.84339042811965,165.33008372846794,516.184
652,16,12,28.495204292740112,172.83069694665244,515.809
653,16,13,21.785678952152097,179.45349425270695,515.549
654,16,14,14.83889845300723,-174.52965186117976,515.53
655,16,15,7.747989863317691,-168.8941447392723,515.847
656,16,16,0.5877592291424593,-163.44855785742618,516.555
657,16,17,-6.575782552676348,-158.018475504996,517.659
658,16,18,-13.677442713893132,-152.43102559408874,519.116
659,16,19,-20.644919539996785,-146.49938879052618,520.833
660,16,20,-27.389709147269574,-140.00691149383553,522.677
661,16,21,-33.79525691884617,-132.69244825129053,524.488
662,16,22,-39.701430777182914,-124.24380477630824,526.092
663,16,23,-44.88640154596343,-114.32003168589996,527.319
664,16,24,-49.05487282661138,-102.64550352629898,528.021
665,16,25,-51.85672912227192,-89.22083501453062,528.082
666,16,26,-52.970374390969575,-74.58331615146476,527.437
667,16,27,-52.24141220651621,-59.81185044858577,526.077
668,16,28,-49.77010633083302,-46.05351695057853,524.05
669,16,29,-45.85271280407474,-33.97975057361197,521.463
670,16,30,-40.84229093462849,-23.68846037189093,518.469
671,16,31,-35.04933087687929,-14.941868677387049,515.257
672,16,32,-28.711502723376075,-7.401444847851461,512.036
673,16,33,-22.001446335580095,-0.7448187354158149,509.019
674,16,34,-15.044577647031115,5.300740767664938,506.4
675,16,35,-7.935323169230923,10.961124292303252,504.342
676,16,36,-0.7498391912600387,16.429205548407147,502.959
677,16,37,6.444454663523104,21.880832025026837,502.312
678,16,38,13.580788706948281,27.490474928094773,502.401
679,16,39,20.585095620603937,33.44691385608093,503.168
680,17,0,30.63837422031754,52.52318141544133,505.335
681,17,1,36.84947845905492,60.40664381207799,507.229
682,17,2,42.4510258804091,69.60904647329538,509.274
683,17,3,47.179955163591615,80.45960110199353,511.29
684,17,4,50.702744756336166,93.12547657810849,513.118
685,17,5,52.66544401056894,107.34737159998991,514.63
686,17,6,52.815592059093326,122.2617385206839,515.745
687,17,7,51.13341550426215,136.66024174393434,516.431
688,17,8,47.843870041484365,149.59543157902291,516.712
689,17,9,43.29564365807829,160.71909132168403,516.656
690,17,10,37.83077515220524,170.15122739563478,516.371
691,17,11,31.723851788878065,178.2091977104707,515.991
692,17,12,25.176961790164516,-174.7664271989474,515.656
693,17,13,18.335571109912944,-168.47735293573976,515.502
694,17,14,11.306477439759314,-162.67678746234975,515.642
695,17,15,4.172306858753737,-157.1587322734098,516.15
696,17,16,-2.9976067425087507,-151.74224199742795,517.059
697,17,17,-10.138603884146344,-146.25559201829174,518.349
698,17,18,-17.182983517662464,-140.52089688925733,519.95
699,17,19,-24.051612992324046,-134.33838723748022,521.749
700,17,20,-30.643660786735133,-127.47079595157247,523.597
701,17,21,-36.82297732507527,-119.63115946374519,525.327
702,17,22,-42.400783008874484,-110.48692269349964,526.763
703,17,23,-47.11888644222253,-99.71134988150989,527.744
704,17,24,-50.64890579020354,-87.1332833173646,528.136
705,17,25,-52.639789820046374,-72.99549524492272,527.85
706,17,26,-52.835969928482065,-58.136425535749154,526.845
707,17,27,-51.20803190584996,-43.749198954818404,525.142
708,17,28,-47.96989386186027,-30.788658872625334,522.818
709,17,29,-43.463092575770325,-19.621613768356305,520.006
710,17,30,-38.02706112857307,-10.142803596712255,516.877
711,17,31,-31.936410690943447,-2.0420839816348884,513.634
712,17,32,-25.39426767370306,5.01906205874632,510.49
713,17,33,-18.547392351547966,11.339268324190899,507.649
714,17,34,-11.503931378475212,17.166430554208937,505.292
715,17,35,-4.347790213343821,22.70798842408289,503.561
716,17,36,2.85030474843414,28.14631139974669,502.542
717,17,37,10.024226390078956,33.654613078551854,502.267
718,17,38,17.10459685165281,39.41254109604806,502.706
719,17,39,24.01037231011551,45.62202316485756,503.772
720,18,0,27.366754589016455,57.96924299543475,504.501
721,18,1,33.80660527815215,65.32189382562929,506.252
722,18,2,39.7410902705986,73.82104654952383,508.244
723,18,3,44.944003946328735,83.81133885225886,510.296
724,18,4,49.11486237809161,95.56843716873612,512.237
725,18,5,51.899076295126,109.08198693217386,513.92
726,18,6,52.97475937241672,123.79221998914369,515.24
727,18,7,52.19420193897308,138.5974609774684,516.141
728,18,8,49.66886585186051,152.34670007859575,516.619
729,18,9,45.70447720851795,164.38378833971933,516.72
730,18,10,40.65881156295443,174.6287032645233,516.535
731,18,11,34.84339042811965,-176.66991895835994,516.184
732,18,12,28.495204292740112,-169.16931940055375,515.809
733,18,13,21.785678952152097,-162.54652209449927,515.549
734,18,14,14.83889845300723,-156.5296581904733,515.53
735,18,15,7.747989863317691,-150.8941510685658,515.847
736,18,16,0.5877592291424593,-145.44856418671972,516.555
737,18,17,-6.575782552676348,-140.01848183428953,517.659
738,18,18,-13.677442713893132,-134.43103192338225,519.116
739,18,19,-20.644919539996785,-128.49939511981972,520.833
740,18,20,-27.389709147269574,-122.00691782312907,522.677
741,18,21,-33.79525691884617,-114.69245458058407,524.488
742,18,22,-39.701430777182914,-106.24381110560178,526.092
743,18,23,-44.88640154596343,-96.32003801519349,527.319
744,18,24,-49.05487282661138,-84.64550985559252,528.021
745,18,25,-51.85672912227192,-71.22084134382416,528.082
746,18,26,-52.970374390969575,-56.58332248075829,527.437
747,18,27,-52.24141220651621,-41.811853362784724,526.077
748,18,28,-49.77010633083302,-28.053523279872067,524.05
749,18,29,-45.85271280407474,-15.979755195358214,521.463
750,18,30,-40.84229093462849,-5.688466701184467,518.469
751,18,31,-35.04933087687929,3.0581247798760027,515.257
752,18,32,-28.711502723376075,10.598548822855003,512.036
753,18,33,-22.001446335580095,17.255175202094915,509.019
754,18,34,-15.044577647031115,23.3007344383714,506.4
755,18,35,-7.935323169230923,28.96111881678336,504.342
756,18,36,-0.7498391912600387,34.429200926660904,502.959
757,18,37,6.444454663523104,39.8808256957333,502.312
758,18,38,13.580788706948281,45.49047030634853,502.401
759,18,39,20.585095620603937,51.4469075267874,503.168
760,19,0,30.63837422031754,70.52319216162071,505.335
761,19,1,36.84947845905492,78.40665114316279,507.229
762,19,2,42.4510258804091,87.60905380438018,509.274
763,19,3,47.179955163591615,98.45960843307833,511.29
764,19,4,50.702744756336166,111.12548390919329,513.118
765,19,5,52.66544401056894,125.34737210088555,514.63
766,19,6,52.815592059093326,140.2617458517687,515.745
767,19,7,51.13341550426215,154.66024907501915,516.431
768,19,8,47.843870041484365,167.5954389101077,516.712
769,19,9,43.29564365807829,178.71909865276882,516.656
770,19,10,37.83077515220524,-171.84876163081475,516.371
771,19,11,31.723851788878065,-163.79079131597882,515.991
772,19,12,25.176961790164516,-156.76641986786262,515.656
773,19,13,18.335571109912944,-150.47734560465497,515.502
774,19,14,11.306477439759314,-144.67678013126496,515.642
775,19,15,4.172306858753737,-139.15872494232502,516.15
776,19,16,-2.9976067425087507,-133.74223466634317,517.059
777,19,17,-10.138603884146344,-128.25558468720695,518.349
778,19,18,-17.182983517662464,-122.52088955817253,519.95
779,19,19,-24.051612992324046,-116.3383799063954,521.749
780,19,20,-30.643660786735133,-109.47079545067683,523.597
781,19,21,-36.82297732507527,-101.63115213266039,525.327
782,19,22,-42.400783008874484,-92.48691536241483,526.763
783,19,23,-47.11888644222253,-81.71134255042509,527.744
784,19,24,-50.64890579020354,-69.1332759862798,528.136
785,19,25,-52.639789820046374,-54.9954913289325,527.85
786,19,26,-52.835969928482065,-40.136421619758934,526.845
787,19,27,-51.20803190584996,-25.7491916237336,525.142
788,19,28,-47.96989386186027,-12.788650687766884,522.818
789,19,29,-43.463092575770325,-1.6216067574366198,520.006
790,19,30,-38.02706112857307,7.857203734372548,516.877
791,19,31,-31.936410690943447,15.95792420322356,513.634
792,19,32,-25.39426767370306,23.019069389831124,510.49
793,19,33,-18.547392351547966,29.339275655275703,507.649
794,19,34,-11.503931378475212,35.16643788529374,505.292
795,19,35,-4.347790213343821,40.707995755167694,503.561
796,19,36,2.85030474843414,46.146318730831496,502.542
797,19,37,10.024226390078956,51.65462040963666,502.267
798,19,38,17.10459685165281,57.41254842713286,502.706
799,19,39,24.01037231011551,63.62203049594236,503.772
800,20,0,27.366754589016455,75.96925032651956,504.501
801,20,1,33.80660527815215,83.32190115671409,506.252
802,20,2,39.7410902705986,91.82105388060863,508.244
803,20,3,44.944003946328735,101.81134618334367,510.296
804,20,4,49.11486237809161,113.56844449982093,512.237
805,20,5,51.899076295126,127.08199426325866,513.92
806,20,6,52.97475937241672,141.79222732022848,515.24
807,20,7,52.19420193897308,156.59746830855318,516.141
808,20,8,49.66886585186051,170.34670740968056,516.619
809,20,9,45.70447720851795,-177.6162006867302,516.72
810,20,10,40.65881156295443,-167.37128576192623,516.535
811,20,11,34.84339042811965,-158.66991162727513,516.184
812,20,12,28.495204292740112,-151.16931206946896,515.809
813,20,13,21.785678952152097,-144.54651476341448,515.549
814,20,14,14.83889845300723,-138.52965085938848,515.53
815,20,15,7.747989863317691,-132.89414373748102,515.847
816,20,16,0.5877592291424593,-127.4485568556349,516.555
817,20,17,-6.575782552676348,-122.01847450320473,517.659
818,20,18,-13.677442713893132,-116.43102459229746,519.116
819,20,19,-20.644919539996785,-110.49938778873491,520.833
820,20,20,-27.389709147269574,-104.00690366185509,522.677
821,20,21,-33.79525691884617,-96.69244724949927,524.488
822,20,22,-39.701430777182914,-88.24380377451698,526.092
823,20,23,-44.88640154596343,-78.32003068410869,527.319
824,20,24,-49.05487282661138,-66.64550252450772,528.021
825,20,25,-51.85672912227192,-53.22083059764477,528.082
826,20,26,-52.970374390969575,-38.58331514967349,527.437
827,20,27,-52.24141220651621,-23.81184603169992,526.077
828,20,28,-49.77010633083302,-10.05351680256091,524.05
829,20,29,-45.85271280407474,2.020251281952943,521.463
830,20,30,-40.84229093462849,12.311540629900337,518.469
831,20,31,-35.04933087687929,21.058132324404216,515.257
832,20,32,-28.711502723376075,28.598555300166158,512.036
833,20,33,-22.001446335580095,35.25518253317971,509.019
834,20,34,-15.044577647031115,41.3007434770035,506.4
835,20,35,-7.935323169230923,46.961126147868164,504.342
836,20,36,-0.7498391912600387,52.42920825774571,502.959
837,20,37,6.444454663523104,57.8808330268181,502.312
838,20,38,13.580788706948281,63.49047422233875,502.401
839,20,39,20.585095620603937,69.44691144277762,503.168
840,21,0,30.63837422031754,88.52318583232719,505.335
841,21,1,36.84947845905492,96.40664481386926,507.229
842,21,2,42.4510258804091,105.60904747508664,509.274
843,21,3,47.179955163591615,116.45960210378479,511.29
844,21,4,50.702744756336166,129.12547757989975,513.118
845,21,5,52.66544401056894,143.347365771592,514.63
846,21,6,52.815592059093326,158.26173952247518,515.745
847,21,7,51.13341550426215,172.6602427457256,516.431
848,21,8,47.843870041484365,-174.40456377672015,516.712
849,21,9,43.29564365807829,-163.2809176944374,516.656
850,21,10,37.83077515220524,-153.84876796010826,516.371
851,21,11,31.723851788878065,-145.79079764527236,515.991
852,21,12,25.176961790164516,-138.76642619715616,515.656
853,21,13,18.335571109912944,-132.47735193394848,515.502
854,21,14,11.306477439759314,-126.67678646055849,515.642
855,21,15,4.172306858753737,-121.15873127161855,516.15
856,21,16,-2.9976067425087507,-115.74224099563669,517.059
857,21,17,-10.138603884146344,-110.25559784668964,518.349
858,21,18,-17.182983517662464,-104.52089588746607,519.95
859,21,19,-24.051612992324046,-98.33839306587811,521.749
860,21,20,-30.643660786735133,-91.47080177997037,523.597
861,21,21,-36.82297732507527,-83.63115846195393,525.327
862,21,22,-42.400783008874484,-74.48692169170836,526.763
863,21,23,-47.11888644222253,-63.71134887971862,527.744
864,21,24,-50.64890579020354,-51.13328231557334,528.136
865,21,25,-52.639789820046374,-36.99549765822604,527.85
866,21,26,-52.835969928482065,-22.13642794905247,526.845
867,21,27,-51.20803190584996,-7.749197953027137,525.142
868,21,28,-47.96989386186027,5.211342556052757,522.818
869,21,29,-43.463092575770325,16.37838723343496,520.006
870,21,30,-38.02706112857307,25.857197405079013,516.877
871,21,31,-31.936410690943447,33.95791787393002,513.634
872,21,32,-25.39426767370306,41.01906306053759,510.49
873,21,33,-18.547392351547966,47.339269325982166,507.649
874,21,34,-11.503931378475212,53.166431556000205,505.292
875,21,35,-4.347790213343821,58.70798942587416,503.561
876,21,36,2.85030474843414,64.14630898644337,502.542
877,21,37,10.024226390078956,69.6546174954377,502.267
878,21,38,17.10459685165281,75.41254209783932,502.706
879,21,39,24.01037231011551,81.62202416664883,503.772
880,22,0,27.366754589016455,93.96924399722602,504.501
881,22,1,33.80660527815215,101.32189482742055,506.252
882,22,2,39.7410902705986,109.82104755131509,508.244
883,22,3,44.944003946328735,119.81133985405013,510.296
884,22,4,49.11486237809161,131.56844500071657,512.237
885,22,5,51.899076295126,145.08198793396514,513.92
886,22,6,52.97475937241672,159.79222099093494,515.24
887,22,7,52.19420193897308,174.59746197925963,516.141
888,22,8,49.66886585186051,-171.65329527714732,516.619
889,22,9,45.70447720851795,-159.6162070160237,516.72
890,22,10,40.65881156295443,-149.37129209121977,516.535
891,22,11,34.84339042811965,-140.66991795656867,516.184
892,22,12,28.495204292740112,-133.1693183987625,515.809
893,22,13,21.785678952152097,-126.546521092708,515.549
894,22,14,14.83889845300723,-120.52965718868204,515.53
895,22,15,7.747989863317691,-114.89415006677456,515.847
896,22,16,0.5877592291424593,-109.44855635473928,516.555
897,22,17,-6.575782552676348,-104.01848083249827,517.659
898,22,18,-13.677442713893132,-98.43103775178017,519.116
899,22,19,-20.644919539996785,-92.49939411802845,520.833
900,22,20,-27.389709147269574,-86.00690999114863,522.677
901,22,21,-33.79525691884617,-78.69245357879281,524.488
902,22,22,-39.701430777182914,-70.24381010381052,526.092
903,22,23,-44.88640154596343,-60.32003701340223,527.319
904,22,24,-49.05487282661138,-48.64550885380125,528.021
905,22,25,-51.85672912227192,-35.220836926938304,528.082
906,22,26,-52.970374390969575,-20.583323186514317,527.437
907,22,27,-52.24141220651621,-5.811852787880278,526.077
908,22,28,-49.77010633083302,7.946476868145553,524.05
909,22,29,-45.85271280407474,20.020245806433053,521.463
910,22,30,-40.84229093462849,30.311532593059507,518.469
911,22,31,-35.04933087687929,39.05812599511068,515.257
912,22,32,-28.711502723376075,46.59854897087262,512.036
913,22,33,-22.001446335580095,53.25517620388618,509.019
914,22,34,-15.044577647031115,59.30073373261538,506.4
915,22,35,-7.935323169230923,64.96111640348005,504.342
916,22,36,-0.7498391912600387,70.42920192845217,502.959
917,22,37,6.444454663523104,75.88082669752457,502.312
918,22,38,13.580788706948281,81.4904678930452,502.401
919,22,39,20.585095620603937,87.44690511348408,503.168
920,23,0,30.63837422031754,106.52319316341199,505.335
921,23,1,36.84947845905492,114.40665214495407,507.229
922,23,2,42.4510258804091,123.60904797598228,509.274
923,23,3,47.179955163591615,134.4596094348696,511.29
924,23,4,50.702744756336166,147.12548491098457,513.118
925,23,5,52.66544401056894,161.3473731026768,514.63
926,23,6,52.815592059093326,176.26174685355997,515.745
927,23,7,51.13341550426215,-169.33974628072392,516.431
928,23,8,47.843870041484365,-156.40455644563534,516.712
929,23,9,43.29564365807829,-145.28091036335258,516.656
930,23,10,37.83077515220524,-135.84876062902347,516.371
931,23,11,31.723851788878065,-127.79079031418756,515.991
932,23,12,25.176961790164516,-120.76641886607135,515.656
933,23,13,18.335571109912944,-114.47733777267452,515.502
934,23,14,11.306477439759314,-108.67677912947369,515.642
935,23,15,4.172306858753737,-103.15873077072291,516.15
936,23,16,-2.9976067425087507,-97.74223366455189,517.059
937,23,17,-10.138603884146344,-92.25559051560484,518.349
938,23,18,-17.182983517662464,-86.52088855638127,519.95
939,23,19,-24.051612992324046,-80.3383857347933,521.749
940,23,20,-30.643660786735133,-73.47079444888557,523.597
941,23,21,-36.82297732507527,-65.63115113086913,525.327
942,23,22,-42.400783008874484,-56.486910945528976,526.763
943,23,23,-47.11888644222253,-45.7113449637284,527.744
944,23,24,-50.64890579020354,-33.13327498448854,528.136
945,23,25,-52.639789820046374,-18.995488619593946,527.85
946,23,26,-52.835969928482065,-4.136419764194021,526.845
947,23,27,-51.20803190584996,10.250809378057667,525.142
948,23,28,-47.96989386186027,23.211349460250737,522.818
949,23,29,-43.463092575770325,34.378394564519766,520.006
950,23,30,-38.02706112857307,43.857204736163816,516.877
951,23,31,-31.936410690943447,51.95792520501483,513.634
952,23,32,-25.39426767370306,59.01907039162239,510.49
953,23,33,-18.547392351547966,65.33927665706697,507.649
954,23,34,-11.503931378475212,71.16643888708501,505.292
955,23,35,-4.347790213343821,76.70799675695896,503.561
956,23,36,2.85030474843414,82.14631631752817,502.542
957,23,37,10.024226390078956,87.65462482652251,502.267
958,23,38,17.10459685165281,93.41254942892412,502.706
959,23,39,24.01037231011551,99.62203149773363,503.772
960,24,0,27.366754589016455,111.96925132831082,504.501
961,24,1,33.80660527815215,119.32190215850535,506.252
962,24,2,39.7410902705986,127.82106171258906,508.244
963,24,3,44.944003946328735,137.81134718513493,510.296
964,24,4,49.11486237809161,149.56845233180135,512.237
965,24,5,51.899076295126,163.08199526504993,513.92
966,24,6,52.97475937241672,177.79222832201975,515.24
967,24,7,52.19420193897308,-167.40252704718986,516.141
968,24,8,49.66886585186051,-153.6532879460625,516.619
969,24,9,45.70447720851795,-141.61619968493892,516.72
970,24,10,40.65881156295443,-131.37128476013498,516.535
971,24,11,34.84339042811965,-122.66991062548387,516.184
972,24,12,28.495204292740112,-115.16931106767768,515.809
973,24,13,21.785678952152097,-108.54650693143402,515.549
974,24,14,14.83889845300723,-102.52964302740806,515.53
975,24,15,7.747989863317691,-96.89414956587892,515.847
976,24,16,0.5877592291424593,-91.44854902365446,516.555
977,24,17,-6.575782552676348,-86.01847350141347,517.659
978,24,18,-13.677442713893132,-80.43103042069536,519.116
979,24,19,-20.644919539996785,-74.49938678694365,520.833
980,24,20,-27.389709147269574,-68.00690266006383,522.677
981,24,21,-33.79525691884617,-60.692446247708006,524.488
982,24,22,-39.701430777182914,-52.243799357631126,526.092
983,24,23,-44.88640154596343,-42.320029682317426,527.319
984,24,24,-49.05487282661138,-30.64550152271645,528.021
985,24,25,-51.85672912227192,-17.220831303400796,528.082
986,24,26,-52.970374390969575,-2.5833154285426922,527.437
987,24,27,-52.24141220651621,12.188154970091349,526.077
988,24,28,-49.77010633083302,25.946485053004004,524.05
989,24,29,-45.85271280407474,38.020251429970564,521.463
990,24,30,-40.84229093462849,48.31153992414431,518.469
991,24,31,-35.04933087687929,57.05813332619548,515.257
992,24,32,-28.711502723376075,64.59855630195743,512.036
993,24,33,-22.001446335580095,71.25518353497098,509.019
994,24,34,-15.044577647031115,77.30074106370017,506.4
995,24,35,-7.935323169230923,82.96112373456485,504.342
996,24,36,-0.7498391912600387,88.42920925953698,502.959
997,24,37,6.444454663523104,93.88083402860937,502.312
998,24,38,13.580788706948281,99.49047522413001,502.401
999,24,39,20.585095620603937,105.44691244456888,503.168
1000,25,0,30.63837422031754,124.52318683411845,505.335
1001,25,1,36.84947845905492,132.4066458156605,507.229
1002,25,2,42.4510258804091,141.60904164668875,509.274
1003,25,3,47.179955163591615,152.45960310557606,511.29
1004,25,4,50.702744756336166,165.12547858169103,513.118
1005,25,5,52.66544401056894,179.34736677338327,514.63
1006,25,6,52.815592059093326,-165.73826949364624,515.745
1007,25,7,51.13341550426215,-151.33975261001746,516.431
1008,25,8,47.843870041484365,-138.40456277492888,516.712
1009,25,9,43.29564365807829,-127.28091669264612,516.656
1010,25,10,37.83077515220524,-117.848766958317,516.371
1011,25,11,31.723851788878065,-109.7907966434811,515.991
1012,25,12,25.176961790164516,-102.76643202555405,515.656
1013,25,13,18.335571109912944,-96.47734410196806,515.502
1014,25,14,11.306477439759314,-90.67678545876721,515.642
1015,25,15,4.172306858753737,-85.15873710001645,516.15
1016,25,16,-2.9976067425087507,-79.74223999384543,517.059
1017,25,17,-10.138603884146344,-74.25559684489838,518.349
1018,25,18,-17.182983517662464,-68.52089488567479,519.95
1019,25,19,-24.051612992324046,-62.33839206408685,521.749
1020,25,20,-30.643660786735133,-55.47079736308452,523.597
1021,25,21,-36.82297732507527,-47.63115746016266,525.327
1022,25,22,-42.400783008874484,-38.48691727482252,526.763
1023,25,23,-47.11888644222253,-27.711349585474647,527.744
1024,25,24,-50.64890579020354,-15.13328131378207,528.136
1025,25,25,-52.639789820046374,-0.9954954824960098,527.85
1026,25,26,-52.835969928482065,13.863573906512443,526.845
1027,25,27,-51.20803190584996,28.25080304876413,525.142
1028,25,28,-47.96989386186027,41.211343130957204,522.818
1029,25,29,-43.463092575770325,52.378388235226225,520.006
1030,25,30,-38.02706112857307,61.85719840687028,516.877
1031,25,31,-31.936410690943447,69.95791887572129,513.634
1032,25,32,-25.39426767370306,77.01906406232885,510.49
1033,25,33,-18.547392351547966,83.33927032777343,507.649
1034,25,34,-11.503931378475212,89.16643255779147,505.292
1035,25,35,-4.347790213343821,94.70799042766542,503.561
1036,25,36,2.85030474843414,100.14630998823463,502.542
1037,25,37,10.024226390078956,105.65461849722897,502.267
1038,25,38,17.10459685165281,111.4125430996306,502.706
1039,25,39,24.01037231011551,117.62201833825092,503.772
1040,26,0,27.366754589016455,129.96926548958479,504.501
1041,26,1,33.80660527815215,137.32190948959015,506.252
1042,26,2,39.7410902705986,145.82106904367387,508.244
1043,26,3,44.944003946328735,155.81135451621975,510.296
1044,26,4,49.11486237809161,167.56845966288617,512.237
1045,26,5,51.899076295126,-178.9179937613996,513.92
1046,26,6,52.97475937241672,-164.20776070442977,515.24
1047,26,7,52.19420193897308,-149.40251971610508,516.141
1048,26,8,49.66886585186051,-135.65328061497772,516.619
1049,26,9,45.70447720851795,-123.61619235385412,516.72
1050,26,10,40.65881156295443,-113.37128425923933,516.535
1051,26,11,34.84339042811965,-104.66990329439906,516.184
1052,26,12,28.495204292740112,-97.16929690640372,515.809
1053,26,13,21.785678952152097,-90.54649960034922,515.549
1054,26,14,14.83889845300723,-84.52963569632325,515.53
1055,26,15,7.747989863317691,-78.89414223479412,515.847
1056,26,16,0.5877592291424593,-73.44854169256966,516.555
1057,26,17,-6.575782552676348,-68.01846617032867,517.659
1058,26,18,-13.677442713893132,-62.43102308961056,519.116
1059,26,19,-20.644919539996785,-56.499376040764254,520.833
1060,26,20,-27.389709147269574,-50.00689532897903,522.677
1061,26,21,-33.79525691884617,-42.692442331717785,524.488
1062,26,22,-39.701430777182914,-34.24379202654632,526.092
1063,26,23,-44.88640154596343,-24.32002064368533,527.319
1064,26,24,-49.05487282661138,-12.645493337858001,528.021
1065,26,25,-51.85672912227192,0.7791762411274187,528.082
1066,26,26,-52.970374390969575,15.416691475655288,527.437
1067,26,27,-52.24141220651621,30.188162301176153,526.077
1068,26,28,-49.77010633083302,43.946492384088806,524.05
1069,26,29,-45.85271280407474,56.020258761055366,521.463
1070,26,30,-40.84229093462849,66.31154725522912,518.469
1071,26,31,-35.04933087687929,75.05813724218571,515.257
1072,26,32,-28.711502723376075,82.59856363304223,512.036
1073,26,33,-22.001446335580095,89.25519086605578,509.019
1074,26,34,-15.044577647031115,95.30074839478499,506.4
1075,26,35,-7.935323169230923,100.96113106564965,504.342
1076,26,36,-0.7498391912600387,106.42921659062178,502.959
1077,26,37,6.444454663523104,111.88084135969417,502.312
1078,26,38,13.580788706948281,117.49048255521481,502.401
1079,26,39,20.585095620603937,123.44692660584286,503.168
1080,27,0,30.63837422031754,142.52318050482492,505.335
1081,27,1,36.84947845905492,150.406639486367,507.229
1082,27,2,42.4510258804091,159.6090353173952,509.274
1083,27,3,47.179955163591615,170.45959677628252,511.29
1084,27,4,50.702744756336166,-176.87452410513683,513.118
1085,27,5,52.66544401056894,-162.65263591344458,514.63
1086,27,6,52.815592059093326,-147.73827582293976,515.745
1087,27,7,51.13341550426215,-133.339758939311,516.431
1088,27,8,47.843870041484365,-120.40456910422242,516.712
1089,27,9,43.29564365807829,-109.28091619175048,516.656
1090,27,10,37.83077515220524,-99.84878011779972,516.371
1091,27,11,31.723851788878065,-91.79080297277464,515.991
1092,27,12,25.176961790164516,-84.7664383548476,515.656
1093,27,13,18.335571109912944,-78.4773504312616,515.502
1094,27,14,11.306477439759314,-72.67679178806075,515.642
1095,27,15,4.172306858753737,-67.15874342930998,516.15
1096,27,16,-2.9976067425087507,-61.742246323138964,517.059
1097,27,17,-10.138603884146344,-56.25560317419191,518.349
1098,27,18,-17.182983517662464,-50.52090463006292,519.95
1099,27,19,-24.051612992324046,-44.3383949782858,521.749
1100,27,20,-30.643660786735133,-37.470803692378055,523.597
1101,27,21,-36.82297732507527,-29.631163789456195,525.327
1102,27,22,-42.400783008874484,-20.48692360411605,526.763
1103,27,23,-47.11888644222253,-9.711356768541828,527.744
1104,27,24,-50.64890579020354,2.8667123569243915,528.136
1105,27,25,-52.639789820046374,17.004498721818983,527.85
1106,27,26,-52.835969928482065,31.86356672344526,526.845
1107,27,27,-51.20803190584996,46.25079671947059,525.142
1108,27,28,-47.96989386186027,59.21134021675825,522.818
1109,27,29,-43.463092575770325,70.3783784908381,520.006
1110,27,30,-38.02706112857307,79.85719207757674,516.877
1111,27,31,-31.936410690943447,87.95791254642775,513.634
1112,27,32,-25.39426767370306,95.01905773303531,510.49
1113,27,33,-18.547392351547966,101.3392639984799,507.649
1114,27,34,-11.503931378475212,107.16642622849794,505.292
1115,27,35,-4.347790213343821,112.7079840983719,503.561
1116,27,36,2.85030474843414,118.14630365894111,502.542
1117,27,37,10.024226390078956,123.65460533774626,502.267
1118,27,38,17.10459685165281,129.41253677033706,502.706
1119,27,39,24.01037231011551,135.6220120089574,503.772
1120,28,0,27.366754589016455,147.96924549991292,504.501
1121,28,1,33.80660527815215,155.32188949991829,506.252
1122,28,2,39.7410902705986,163.821049054002,508.244
1123,28,3,44.944003946328735,173.81133452654785,510.296
1124,28,4,49.11486237809161,-174.43157034469837,512.237
1125,28,5,51.899076295126,-160.91801375107147,513.92
1126,28,6,52.97475937241672,-146.20778069410164,515.24
1127,28,7,52.19420193897308,-131.40253970577695,516.141
1128,28,8,49.66886585186051,-117.65330060464959,516.619
1129,28,9,45.70447720851795,-105.61621234352599,516.72
1130,28,10,40.65881156295443,-95.37130424891122,516.535
1131,28,11,34.84339042811965,-86.66992328407095,516.184
1132,28,12,28.495204292740112,-79.16931689607559,515.809
1133,28,13,21.785678952152097,-72.5465195900211,515.549
1134,28,14,14.83889845300723,-66.52965568599514,515.53
1135,28,15,7.747989863317691,-60.894162224465994,515.847
1136,28,16,0.5877592291424593,-55.44856168224155,516.555
1137,28,17,-6.575782552676348,-50.018486160000535,517.659
1138,28,18,-13.677442713893132,-44.43104307928244,519.116
1139,28,19,-20.644919539996785,-38.49939603043613,520.833
1140,28,20,-27.389709147269574,-32.006915318650904,522.677
1141,28,21,-33.79525691884617,-24.692462321389662,524.488
1142,28,22,-39.701430777182914,-16.24381372376549,526.092
1143,28,23,-44.88640154596343,-6.320040633357206,527.319
1144,28,24,-49.05487282661138,5.354486672470122,528.021
1145,28,25,-51.85672912227192,18.77915603801213,528.082
1146,28,26,-52.970374390969575,33.416673193530706,527.437
1147,28,27,-52.24141220651621,48.18814231150427,526.077
1148,28,28,-49.77010633083302,61.94646897932235,524.05
1149,28,29,-45.85271280407474,74.02024218647807,521.463
1150,28,30,-40.84229093462849,84.31152726555723,518.469
1151,28,31,-35.04933087687929,93.05811725251382,515.257
1152,28,32,-28.711502723376075,100.59854364337035,512.036
1153,28,33,-22.001446335580095,107.25517087638391,509.019
1154,28,34,-15.044577647031115,113.3007284051131,506.4
1155,28,35,-7.935323169230923,118.96111790616695,504.342
1156,28,36,-0.7498391912600387,124.42918977076073,502.959
1157,28,37,6.444454663523104,129.88081453983312,502.312
1158,28,38,13.580788706948281,135.49046256554294,502.401
1159,28,39,20.585095620603937,141.446906616171,503.168
1160,29,0,30.63837422031754,160.5231878359097,505.335
1161,29,1,36.84947845905492,168.4066468174518,507.229
1162,29,2,42.4510258804091,177.60904264848,509.274
1163,29,3,47.179955163591615,-171.540392250167,511.29
1164,29,4,50.702744756336166,-158.87451677405204,513.118
1165,29,5,52.66544401056894,-144.6526285823598,514.63
1166,29,6,52.815592059093326,-129.73826849185497,515.745
1167,29,7,51.13341550426215,-115.33975160822618,516.431
1168,29,8,47.843870041484365,-102.40456177313762,516.712
1169,29,9,43.29564365807829,-91.28090886066568,516.656
1170,29,10,37.83077515220524,-81.8487727867149,516.371
1171,29,11,31.723851788878065,-73.79079564168984,515.991
1172,29,12,25.176961790164516,-66.76643102376279,515.656
1173,29,13,18.335571109912944,-60.47734310017679,515.502
1174,29,14,11.306477439759314,-54.67678787207054,515.642
1175,29,15,4.172306858753737,-49.158736098225184,516.15
1176,29,16,-2.9976067425087507,-43.74223557695957,517.059
1177,29,17,-10.138603884146344,-38.25559584310711,518.349
1178,29,18,-17.182983517662464,-32.52089729897812,519.95
1179,29,19,-24.051612992324046,-26.338387647200996,521.749
1180,29,20,-30.643660786735133,-19.470796361293253,523.597
1181,29,21,-36.82297732507527,-11.631156458371393,525.327
1182,29,22,-42.400783008874484,-2.486916486474659,526.763
1183,29,23,-47.11888644222253,8.288650562542974,527.744
1184,29,24,-50.64890579020354,20.866719688009194,528.136
1185,29,25,-52.639789820046374,35.004504345356494,527.85
1186,29,26,-52.835969928482065,49.86357405453006,526.845
1187,29,27,-51.20803190584996,64.2508040505554,525.142
1188,29,28,-47.96989386186027,77.21134754784305,522.818
1189,29,29,-43.463092575770325,88.3783858219229,520.006
1190,29,30,-38.02706112857307,97.85719940866154,516.877
1191,29,31,-31.936410690943447,105.95791987751255,513.634
1192,29,32,-25.39426767370306,113.01906506412011,510.49
1193,29,33,-18.547392351547966,119.33926449937553,507.649
1194,29,34,-11.503931378475212,125.16642672939356,505.292
1195,29,35,-4.347790213343821,130.70799142945668,503.561
1196,29,36,2.85030474843414,136.1463109900259,502.542
1197,29,37,10.024226390078956,141.65461266883108,502.267
1198,29,38,17.10459685165281,147.41254410142184,502.706
1199,29,39,24.01037231011551,153.6220193400422,503.772
1200,30,0,27.366754589016455,165.96925283099773,504.501
1201,30,1,33.80660527815215,173.32189683100307,506.252
1202,30,2,39.7410902705986,-178.17895363282588,508.244
1203,30,3,44.944003946328735,-168.18865449990167,510.296
1204,30,4,49.11486237809161,-156.43156301361358,512.237
1205,30,5,51.899076295126,-142.91800641998665,513.92
1206,30,6,52.97475937241672,-128.20777336301686,515.24
1207,30,7,52.19420193897308,-113.40253237469214,516.141
1208,30,8,49.66886585186051,-99.65329327356478,516.619
1209,30,9,45.70447720851795,-87.61620501244118,516.72
1210,30,10,40.65881156295443,-77.37129691782641,516.535
1211,30,11,34.84339042811965,-68.66991595298613,516.184
1212,30,12,28.495204292740112,-61.16930956499078,515.809
1213,30,13,21.785678952152097,-54.546515674030886,515.549
1214,30,14,14.83889845300723,-48.52964835491033,515.53
1215,30,15,7.747989863317691,-42.894154893381184,515.847
1216,30,16,0.5877592291424593,-37.448554351156744,516.555
1217,30,17,-6.575782552676348,-32.01847882891573,517.659
1218,30,18,-13.677442713893132,-26.431034040650342,519.116
1219,30,19,-20.644919539996785,-20.499388699351325,520.833
1220,30,20,-27.389709147269574,-14.006907987566098,522.677
1221,30,21,-33.79525691884617,-6.6924545634180355,524.488
1222,30,22,-39.701430777182914,1.7561940342061342,526.092
1223,30,23,-44.88640154596343,11.679966697727597,527.319
1224,30,24,-49.05487282661138,23.35449314978128,528.021
1225,30,25,-51.85672912227192,36.779165076644226,528.082
1226,30,26,-52.970374390969575,51.41668052461551,527.437
1227,30,27,-52.24141220651621,66.1881462274945,526.077
1228,30,28,-49.77010633083302,79.94647631040715,524.05
1229,30,29,-45.85271280407474,92.02024951756287,521.463
1230,30,30,-40.84229093462849,102.31153459664205,518.469
1231,30,31,-35.04933087687929,111.05812458359863,515.257
1232,30,32,-28.711502723376075,118.59855780464433,512.036
1233,30,33,-22.001446335580095,125.25517820746872,509.019
1234,30,34,-15.044577647031115,131.30074256638707,506.4
1235,30,35,-7.935323169230923,136.96112523725174,504.342
1236,30,36,-0.7498391912600387,142.42919710184555,502.959
1237,30,37,6.444454663523104,147.88082187091794,502.312
1238,30,38,13.580788706948281,153.49046989662776,502.401
1239,30,39,20.585095620603937,159.44691394725578,503.168
1240,31,0,30.63837422031754,178.52319516699453,505.335
1241,31,1,36.84947845905492,-173.59334220899774,507.229
1242,31,2,42.4510258804091,-164.39094637796953,509.274
1243,31,3,47.179955163591615,-153.5403849190822,511.29
1244,31,4,50.702744756336166,-140.87450944296722,513.118
1245,31,5,52.66544401056894,-126.65262125127498,514.63
1246,31,6,52.815592059093326,-111.73825433058099,515.745
1247,31,7,51.13341550426215,-97.33975110733054,516.431
1248,31,8,47.843870041484365,-84.40455444205281,516.712
1249,31,9,43.29564365807829,-73.28090152958087,516.656
1250,31,10,37.83077515220524,-63.84876545563011,516.371
1251,31,11,31.723851788878065,-55.79078831060503,515.991
1252,31,12,25.176961790164516,-48.76642369267799,515.656
1253,31,13,18.335571109912944,-42.47733576909199,515.502
1254,31,14,11.306477439759314,-36.67678054098573,515.642
1255,31,15,4.172306858753737,-31.158728767140378,516.15
1256,31,16,-2.9976067425087507,-25.742228245874774,517.059
1257,31,17,-10.138603884146344,-20.255588512022303,518.349
1258,31,18,-17.182983517662464,-14.520888260346021,519.95
1259,31,19,-24.051612992324046,-8.338381169889837,521.749
1260,31,20,-30.643660786735133,-1.470789350373568,523.597
1261,31,21,-36.82297732507527,6.36885087271341,525.327
1262,31,22,-42.400783008874484,15.513091058053556,526.763
1263,31,23,-47.11888644222253,26.288658747401424,527.744
1264,31,24,-50.64890579020354,38.866727019094,528.136
1265,31,25,-52.639789820046374,53.0045116764413,527.85
1266,31,26,-52.835969928482065,67.86358480070945,526.845
1267,31,27,-51.20803190584996,82.2508113816402,525.142
1268,31,28,-47.96989386186027,95.21135487892785,522.818
1269,31,29,-43.463092575770325,106.3783931530077,520.006
1270,31,30,-38.02706112857307,115.85720673974635,516.877
1271,31,31,-31.936410690943447,123.95792037840819,513.634
1272,31,32,-25.39426767370306,131.01906556501575,510.49
1273,31,33,-18.547392351547966,137.33927183046032,507.649
1274,31,34,-11.503931378475212,143.16643406047837,505.292
1275,31,35,-4.347790213343821,148.7079987605415,503.561
1276,31,36,2.85030474843414,154.1463183211107,502.542
1277,31,37,10.024226390078956,159.65461999991587,502.267
1278,31,38,17.10459685165281,165.41255143250666,502.706
1279,31,39,24.01037231011551,171.622026671127,503.772
1280,32,0,27.366754589016455,-176.03074985583015,504.501
1281,32,1,33.80660527815215,-168.67809219544642,506.252
1282,32,2,39.7410902705986,-160.17894630174106,508.244
1283,32,3,44.944003946328735,-150.18864716881686,510.296
1284,32,4,49.11486237809161,-138.43155568252877,512.237
1285,32,5,51.899076295126,-124.91799908890187,513.92
1286,32,6,52.97475937241672,-110.20776603193204,515.24
1287,32,7,52.19420193897308,-95.40252504360734,516.141
1288,32,8,49.66886585186051,-81.65328594247997,516.619
1289,32,9,45.70447720851795,-69.61619768135638,516.72
1290,32,10,40.65881156295443,-59.37128958674161,516.535
1291,32,11,34.84339042811965,-50.669908621901335,516.184
1292,32,12,28.495204292740112,-43.16930223390598,515.809
1293,32,13,21.785678952152097,-36.54650834294608,515.549
1294,32,14,14.83889845300723,-30.529641023825523,515.53
1295,32,15,7.747989863317691,-24.89414585474909,515.847
1296,32,16,0.5877592291424593,-19.44854702007194,516.555
1297,32,17,-6.575782552676348,-14.018469790283637,517.659
1298,32,18,-13.677442713893132,-8.431027563339184,519.116
1299,32,19,-20.644919539996785,-2.499381795153344,520.833
1300,32,20,-27.389709147269574,3.9930993435187045,522.677
1301,32,21,-33.79525691884617,11.307552340779944,524.488
1302,32,22,-39.701430777182914,19.756200938404113,526.092
1303,32,23,-44.88640154596343,29.679972321265108,527.319
1304,32,24,-49.05487282661138,41.354500480866086,528.021
1305,32,25,-51.85672912227192,54.77917240772903,528.082
1306,32,26,-52.970374390969575,69.41668785570032,527.437
1307,32,27,-52.24141220651621,84.1881535585793,526.077
1308,32,28,-49.77010633083302,97.94648364149195,524.05
1309,32,29,-45.85271280407474,110.02025684864768,521.463
1310,32,30,-40.84229093462849,120.31154192772685,518.469
1311,32,31,-35.04933087687929,129.05813191468343,515.257
1312,32,32,-28.711502723376075,136.59856513572913,512.036
1313,32,33,-22.001446335580095,143.25518553855352,509.019
1314,32,34,-15.044577647031115,149.3007498974719,506.4
1315,32,35,-7.935323169230923,154.96113256833655,504.342
1316,32,36,-0.7498391912600387,160.42920443293033,502.959
1317,32,37,6.444454663523104,165.88082920200273,502.312
1318,32,38,13.580788706948281,171.49047722771255,502.401
1319,32,39,20.585095620603937,177.4469212783406,503.168
1320,33,0,30.63837422031754,-163.476793859455,505.335
1321,33,1,36.84947845905492,-155.59333487791292,507.229
1322,33,2,42.4510258804091,-146.3909390468847,509.274
1323,33,3,47.179955163591615,-135.5403775879974,511.29
1324,33,4,50.702744756336166,-122.87450211188244,513.118
1325,33,5,52.66544401056894,-108.65261392019018,514.63
1326,33,6,52.815592059093326,-93.73824699949618,515.745
1327,33,7,51.13341550426215,-79.33974377624574,516.431
1328,33,8,47.843870041484365,-66.40454711096801,516.712
1329,33,9,43.29564365807829,-55.28089761359065,516.656
1330,33,10,37.83077515220524,-45.848754709450716,516.371
1331,33,11,31.723851788878065,-37.79078097952023,515.991
1332,33,12,25.176961790164516,-30.766416361593187,515.656
1333,33,13,18.335571109912944,-24.47733014555448,515.502
1334,33,14,11.306477439759314,-18.67677150235364,515.642
1335,33,15,4.172306858753737,-13.15872058228193,516.15
1336,33,16,-2.9976067425087507,-7.742221768563615,517.059
1337,33,17,-10.138603884146344,-2.2555809674940894,518.349
1338,33,18,-17.182983517662464,3.4791186438519595,519.95
1339,33,19,-24.051612992324046,9.661626161194965,521.749
1340,33,20,-30.643660786735133,16.52921830087635,523.597
1341,33,21,-36.82297732507527,24.36885820379821,525.327
1342,33,22,-42.400783008874484,33.51309838913836,526.763
1343,33,23,-47.11888644222253,44.28866437093894,527.744
1344,33,24,-50.64890579020354,56.8667343501788,528.136
1345,33,25,-52.639789820046374,71.00452242262068,527.85
1346,33,26,-52.835969928482065,85.86359213179425,526.845
1347,33,27,-51.20803190584996,100.250818712725,525.142
1348,33,28,-47.96989386186027,113.21136221001267,522.818
1349,33,29,-43.463092575770325,124.37840048409251,520.006
1350,33,30,-38.02706112857307,133.85721407083116,516.877
1351,33,31,-31.936410690943447,141.957927709493,513.634
1352,33,32,-25.39426767370306,149.01907289610057,510.49
1353,33,33,-18.547392351547966,155.33927916154514,507.649
1354,33,34,-11.503931378475212,161.16644139156318,505.292
1355,33,35,-4.347790213343821,166.7080060916263,503.561
1356,33,36,2.85030474843414,172.14632565219551,502.542
1357,33,37,10.024226390078956,177.65462733100068,502.267
1358,33,38,17.10459685165281,-176.58743759394287,502.706
1359,33,39,24.01037231011551,-170.37796235532252,503.772
1360,34,0,27.366754589016455,-158.03076984550202,504.501
1361,34,1,33.80660527815215,-150.67811218511832,506.252
1362,34,2,39.7410902705986,-142.17896629141293,508.244
1363,34,3,44.944003946328735,-132.18866715848873,510.296
1364,34,4,49.11486237809161,-120.43157567220065,512.237
1365,34,5,51.899076295126,-106.91802590876291,513.92
1366,34,6,52.97475937241672,-92.20778602160392,515.24
1367,34,7,52.19420193897308,-77.40254503327922,516.141
1368,34,8,49.66886585186051,-63.65330593215185,516.619
1369,34,9,45.70447720851795,-51.61622108612284,516.72
1370,34,10,40.65881156295443,-41.37130957641349,516.535
1371,34,11,34.84339042811965,-32.66992861157321,516.184
1372,34,12,28.495204292740112,-25.169322223577858,515.809
1373,34,13,21.785678952152097,-18.546526625070666,515.549
1374,34,14,14.83889845300723,-12.529661013497401,515.53
1375,34,15,7.747989863317691,-6.894165844420968,515.847
1376,34,16,0.5877592291424593,-1.4485674366306374,516.555
1377,34,17,-6.575782552676348,3.9815102200444854,517.659
1378,34,18,-13.677442713893132,9.56895244698894,519.116
1379,34,19,-20.644919539996785,15.500598642061602,520.833
1380,34,20,-27.389709147269574,21.993079353846827,522.677
1381,34,21,-33.79525691884617,29.30753235110807,524.488
1382,34,22,-39.701430777182914,37.75618265627953,526.092
1383,34,23,-44.88640154596343,47.679952331593235,527.319
1384,34,24,-49.05487282661138,59.35448049119421,528.021
1385,34,25,-51.85672912227192,72.77914900296257,528.082
1386,34,26,-52.970374390969575,87.41666786602843,527.437
1387,34,27,-52.24141220651621,102.18813356890742,526.077
1388,34,28,-49.77010633083302,115.94646365182008,524.05
1389,34,29,-45.85271280407474,128.02023002878664,521.463
1390,34,30,-40.84229093462849,138.31152193805497,518.469
1391,34,31,-35.04933087687929,147.05811192501156,515.257
1392,34,32,-28.711502723376075,154.59854514605726,512.036
1393,34,33,-22.001446335580095,161.25516554888165,509.019
1394,34,34,-15.044577647031115,167.30072990780002,506.4
1395,34,35,-7.935323169230923,172.96111257866468,504.342
1396,34,36,-0.7498391912600387,178.42918444325846,502.959
1397,34,37,6.444454663523104,-176.11918714520345,502.312
1398,34,38,13.580788706948281,-170.50953911949367,502.401
1399,34,39,20.585095620603937,-164.55310872924395,503.168
1400,35,0,30.63837422031754,-145.47681384912687,505.335
1401,35,1,36.84947845905492,-137.5933548675848,507.229
1402,35,2,42.4510258804091,-128.39095903655658,509.274
1403,35,3,47.179955163591615,-117.54039757766927,511.29
1404,35,4,50.702744756336166,-104.87452893174347,513.118
1405,35,5,52.66544401056894,-90.65263390986206,514.63
1406,35,6,52.815592059093326,-75.73826698916807,515.745
1407,35,7,51.13341550426215,-61.339763765917624,516.431
1408,35,8,47.843870041484365,-48.4045636855453,516.712
1409,35,9,43.29564365807829,-37.28091760326253,516.656
1410,35,10,37.83077515220524,-27.848774699122593,516.371
1411,35,11,31.723851788878065,-19.7908026767394,515.991
1412,35,12,25.176961790164516,-12.766434643717771,515.656
1413,35,13,18.335571109912944,-6.477349708339531,515.502
1414,35,14,11.306477439759314,-0.6767920256340448,515.642
1415,35,15,4.172306858753737,4.841259001159371,516.15
1416,35,16,-2.9976067425087507,10.257758241764508,517.059
1417,35,17,-10.138603884146344,15.744398829390622,518.349
1418,35,18,-17.182983517662464,21.479099081066906,519.95
1419,35,19,-24.051612992324046,27.661607025296735,521.749
1420,35,20,-30.643660786735133,34.529198311204475,523.597
1421,35,21,-36.82297732507527,42.368838214126335,525.327
1422,35,22,-42.400783008874484,51.51307839946648,526.763
1423,35,23,-47.11888644222253,62.288647796361644,527.744
1424,35,24,-50.64890579020354,74.86671436050692,528.136
1425,35,25,-52.639789820046374,89.00450243294881,527.85
1426,35,26,-52.835969928482065,103.86357214212238,526.845
1427,35,27,-51.20803190584996,118.25079189286396,525.142
1428,35,28,-47.96989386186027,131.21133539015162,522.818
1429,35,29,-43.463092575770325,142.37838049442064,520.006
1430,35,30,-38.02706112857307,151.85719408115926,516.877
1431,35,31,-31.936410690943447,159.95790771982112,513.634
1432,35,32,-25.39426767370306,167.01905290642867,510.49
1433,35,33,-18.547392351547966,173.33925917187327,507.649
1434,35,34,-11.503931378475212,179.16642140189128,505.292
1435,35,35,-4.347790213343821,-175.2920102555799,503.561
1436,35,36,2.85030474843414,-169.8536906950107,502.542
1437,35,37,10.024226390078956,-164.34538901620553,502.267
1438,35,38,17.10459685165281,-158.58745758361474,502.706
1439,35,39,24.01037231011551,-152.3779823449944,503.772
1440,36,0,27.366754589016455,-140.0307625144172,504.501
1441,36,1,33.80660527815215,-132.6781048540335,506.252
1442,36,2,39.7410902705986,-124.17895896032815,508.244
1443,36,3,44.944003946328735,-114.18865982740394,510.296
1444,36,4,49.11486237809161,-102.43156834111585,512.237
1445,36,5,51.899076295126,-88.91801857767811,513.92
1446,36,6,52.97475937241672,-74.20777869051912,515.24
1447,36,7,52.19420193897308,-59.402537702194415,516.141
1448,36,8,49.66886585186051,-45.65329860106705,516.619
1449,36,9,45.70447720851795,-33.61621375503804,516.72
1450,36,10,40.65881156295443,-23.371300537781387,516.535
1451,36,11,34.84339042811965,-14.669919572941113,516.184
1452,36,12,28.495204292740112,-7.169314892493054,515.809
1453,36,13,21.785678952152097,-0.5465194540684214,515.549
1454,36,14,14.83889845300723,5.470346317587403,515.53
1455,36,15,7.747989863317691,11.105841486663836,515.847
1456,36,16,0.5877592291424593,16.55144032134099,516.555
1457,36,17,-6.575782552676348,21.98151755112929,517.659
1458,36,18,-13.677442713893132,27.56896063184739,519.116
1459,36,19,-20.644919539996785,33.500605973146406,520.833
1460,36,20,-27.389709147269574,39.99308668493163,522.677
1461,36,21,-33.79525691884617,47.30753968219287,524.488
1462,36,22,-39.701430777182914,55.75618998736434,526.092
1463,36,23,-44.88640154596343,65.67995966267803,527.319
1464,36,24,-49.05487282661138,77.35448782227901,528.021
1465,36,25,-51.85672912227192,90.77915633404737,528.082
1466,36,26,-52.970374390969575,105.41667519711324,527.437
1467,36,27,-52.24141220651621,120.1881477301814,526.077
1468,36,28,-49.77010633083302,133.94647098290488,524.05
1469,36,29,-45.85271280407474,146.02023735987143,521.463
1470,36,30,-40.84229093462849,156.31152926913978,518.469
1471,36,31,-35.04933087687929,165.05811925609635,515.257
1472,36,32,-28.711502723376075,172.59855247714205,512.036
1473,36,33,-22.001446335580095,179.25517287996644,509.019
1474,36,34,-15.044577647031115,-174.69927277902786,506.4
1475,36,35,-7.935323169230923,-169.0388901081632,504.342
1476,36,36,-0.7498391912600387,-163.57080458319106,502.959
1477,36,37,6.444454663523104,-158.11917981411867,502.312
1478,36,38,13.580788706948281,-152.50953178840885,502.401
1479,36,39,20.585095620603937,-146.55310139815916,503.168
1480,37,0,30.63837422031754,-127.47680651804208,505.335
1481,37,1,36.84947845905492,-119.5933475365,507.229
1482,37,2,42.4510258804091,-110.39095170547178,509.274
1483,37,3,47.179955163591615,-99.54039024658447,511.29
1484,37,4,50.702744756336166,-86.87452160065867,513.118
1485,37,5,52.66544401056894,-72.65262657877726,514.63
1486,37,6,52.815592059093326,-57.73825965808326,515.745
1487,37,7,51.13341550426215,-43.33975643483282,516.431
1488,37,8,47.843870041484365,-30.404556354460496,516.712
1489,37,9,43.29564365807829,-19.280908564630437,516.656
1490,37,10,37.83077515220524,-9.848768221811438,516.371
1491,37,11,31.723851788878065,-1.790794705324361,515.991
1492,37,12,25.176961790164516,5.2335722604802095,515.656
1493,37,13,18.335571109912944,11.522657195858448,515.502
1494,37,14,11.306477439759314,17.323215839059287,515.642
1495,37,15,4.172306858753737,22.84126590535735,516.15
1496,37,16,-2.9976067425087507,28.257766426622958,517.059
1497,37,17,-10.138603884146344,33.74440616047543,518.349
1498,37,18,-17.182983517662464,39.47910470460442,519.95
1499,37,19,-24.051612992324046,45.66161435638154,521.749
1500,37,20,-30.643660786735133,52.52920564228928,523.597
1501,37,21,-36.82297732507527,60.36884554521114,525.327
1502,37,22,-42.400783008874484,69.5130823154567,526.763
1503,37,23,-47.11888644222253,80.28865512744645,527.744
1504,37,24,-50.64890579020354,92.86672169159174,528.136
1505,37,25,-52.639789820046374,107.00450976403361,527.85
1506,37,26,-52.835969928482065,121.86357947320718,526.845
1507,37,27,-51.20803190584996,136.25079922394875,525.142
1508,37,28,-47.96989386186027,149.2113427212364,522.818
1509,37,29,-43.463092575770325,160.37838782550546,520.006
1510,37,30,-38.02706112857307,169.85720141224408,516.877
1511,37,31,-31.936410690943447,177.9579150509059,513.634
1512,37,32,-25.39426767370306,-174.98093612002086,510.49
1513,37,33,-18.547392351547966,-168.66072985457626,507.649
1514,37,34,-11.503931378475212,-162.8335676245582,505.292
1515,37,35,-4.347790213343821,-157.2920029244951,503.561
1516,37,36,2.85030474843414,-151.85368336392588,502.542
1517,37,37,10.024226390078956,-146.3453816851207,502.267
1518,37,38,17.10459685165281,-140.58745025252995,502.706
1519,37,39,24.01037231011551,-134.3779750139096,503.772
1520,38,0,27.366754589016455,-122.03075518333242,504.501
1521,38,1,33.80660527815215,-114.6780975229487,506.252
1522,38,2,39.7410902705986,-106.17894479905416,508.244
1523,38,3,44.944003946328735,-96.18865249631914,510.296
1524,38,4,49.11486237809161,-84.43156101003105,512.237
1525,38,5,51.899076295126,-70.91801124659331,513.92
1526,38,6,52.97475937241672,-56.2077747745289,515.24
1527,38,7,52.19420193897308,-41.402533786204195,516.141
1528,38,8,49.66886585186051,-27.653291269982244,516.619
1529,38,9,45.70447720851795,-15.616206423953239,516.72
1530,38,10,40.65881156295443,-5.371293206696585,516.535
1531,38,11,34.84339042811965,3.330086904370043,516.184
1532,38,12,28.495204292740112,10.830692438591749,515.809
1533,38,13,21.785678952152097,17.45348803709894,515.549
1534,38,14,14.83889845300723,23.470353648672205,515.53
1535,38,15,7.747989863317691,29.105847110201346,515.847
1536,38,16,0.5877592291424593,34.55144765242579,516.555
1537,38,17,-6.575782552676348,39.9815231746668,517.659
1538,38,18,-13.677442713893132,45.5689662553849,519.116
1539,38,19,-20.644919539996785,51.50061330423121,520.833
1540,38,20,-27.389709147269574,57.993094016016435,522.677
1541,38,21,-33.79525691884617,65.30755042837227,524.488
1542,38,22,-39.701430777182914,73.75619390335456,526.092
1543,38,23,-44.88640154596343,83.67996699376283,527.319
1544,38,24,-49.05487282661138,95.35449515336381,528.021
1545,38,25,-51.85672912227192,108.77916366513217,528.082
1546,38,26,-52.970374390969575,123.41668252819804,527.437
1547,38,27,-52.24141220651621,138.1881550612662,526.077
1548,38,28,-49.77010633083302,151.94647831398967,524.05
1549,38,29,-45.85271280407474,164.02024469095625,521.463
1550,38,30,-40.84229093462849,174.31153660022457,518.469
1551,38,31,-35.04933087687929,-176.94186977035315,515.257
1552,38,32,-28.711502723376075,-169.4014502096858,512.036
1553,38,33,-22.001446335580095,-162.7448161464831,509.019
1554,38,34,-15.044577647031115,-156.69926544794305,506.4
1555,38,35,-7.935323169230923,-151.03888277707838,504.342
1556,38,36,-0.7498391912600387,-145.57079725210625,502.959
1557,38,37,6.444454663523104,-140.11917248303385,502.312
1558,38,38,13.580788706948281,-134.50952445732406,502.401
1559,38,39,20.585095620603937,-128.55309406707434,503.168
1560,39,0,30.63837422031754,-109.47680601714644,505.335
1561,39,1,36.84947845905492,-101.5933402054152,507.229
1562,39,2,42.4510258804091,-92.39094437438698,509.274
1563,39,3,47.179955163591615,-81.54038291549966,511.29
1564,39,4,50.702744756336166,-68.87451426957387,513.118
1565,39,5,52.66544401056894,-54.65261924769245,514.63
1566,39,6,52.815592059093326,-39.73825574209304,515.745
1567,39,7,51.13341550426215,-25.339749103748016,516.431
1568,39,8,47.843870041484365,-12.404550730922985,516.712
1569,39,9,43.29564365807829,-1.2809016604324568,516.656
1570,39,10,37.83077515220524,8.151239109273366,516.371
1571,39,11,31.723851788878065,16.20921198543021,515.991
1572,39,12,25.176961790164516,23.233580018451836,515.656
1573,39,13,18.335571109912944,29.522666234490544,515.502
1574,39,14,11.306477439759314,35.3232214625968,515.642
1575,39,15,4.172306858753737,40.841273236442156,516.15
1576,39,16,-2.9976067425087507,46.25777375770776,517.059
1577,39,17,-10.138603884146344,51.74441349156023,518.349
1578,39,18,-17.182983517662464,57.4791154507838,519.95
1579,39,19,-24.051612992324046,63.661618272371754,521.749
1580,39,20,-30.643660786735133,70.5292095582795,523.597
1581,39,21,-36.82297732507527,78.36885287629595,525.327
1582,39,22,-42.400783008874484,87.5130896465415,526.763
1583,39,23,-47.11888644222253,98.28866245853125,527.744
1584,39,24,-50.64890579020354,110.86672902267654,528.136
1585,39,25,-52.639789820046374,125.00451026492925,527.85
1586,39,26,-52.835969928482065,139.863586804292,526.845
1587,39,27,-51.20803190584996,154.25080655503356,525.142
1588,39,28,-47.96989386186027,167.21135005232122,522.818
1589,39,29,-43.463092575770325,178.37839515659024,520.006
1590,39,30,-38.02706112857307,-172.14278761420545,516.877
1591,39,31,-31.936410690943447,-164.04207397554362,513.634
1592,39,32,-25.39426767370306,-156.98092878893604,510.49
1593,39,33,-18.547392351547966,-150.66072252349147,507.649
1594,39,34,-11.503931378475212,-144.83356029347343,505.292
1595,39,35,-4.347790213343821,-139.2919955934103,503.561
1596,39,36,2.85030474843414,-133.8536760328411,502.542
1597,39,37,10.024226390078956,-128.34537435403593,502.267
1598,39,38,17.10459685165281,-122.58744292144513,502.706
1599,39,39,24.01037231011551,-116.3779676828248,503.772
