0,0,0,51.81646857220928,-32.43212874543005,513.878
1,0,1,52.966959296384566,-17.752102200064606,515.215
2,0,2,52.26230234009269,-2.9262368152108182,516.134
3,0,3,49.803567427576915,10.883670800888954,516.628
4,0,4,45.891258976655706,22.99597652024731,516.742
5,0,5,40.883470145134496,33.31095552555725,516.564
6,0,6,35.094563804657696,42.06915341900827,516.216
7,0,7,28.764559632848734,49.61244507422162,515.836
8,0,8,22.06721764219273,56.265616231515146,515.566
9,0,9,15.128209898323338,62.30269749548436,515.531
10,0,10,8.041678606118131,67.94992522200758,515.83
11,0,11,0.8829764402131007,73.39982878340913,516.518
12,0,12,-6.281708757961448,78.82718589036048,517.604
13,0,13,-13.38727578738348,84.40462274394451,519.044
14,0,14,-20.361879915886043,90.31809124431483,520.75
15,0,15,-27.117915429627256,96.78270136919181,522.589
16,0,16,-33.54025863637291,104.05754951455074,524.402
17,0,17,-39.47089140212748,112.45284921211524,526.015
18,0,18,-44.690880550782644,122.30956350525233,527.26
19,0,19,-48.90789057076729,133.90931475382,527.984
20,0,20,-51.77294660681796,147.26838612879956,528.072
21,0,21,-52.960675522348154,161.87463638584512,527.456
22,0,22,-52.30724839992596,176.6650968448059,526.125
23,0,23,-49.90260175544751,-169.51730387838757,524.125
24,0,24,-46.03761968528533,-157.36897915644116,521.559
25,0,25,-41.06551176198826,-147.0077187893152,518.58
26,0,26,-35.29948997032559,-138.20412404354568,515.375
27,0,27,-28.980257006837736,-130.62078357413398,512.153
28,0,28,-22.282739138810605,-123.93355026344959,509.126
29,0,29,-15.333947148955168,-117.86757729929123,506.491
30,0,30,-8.22935171394257,-112.19533058983824,504.41
31,0,31,-1.0456352608628388,-106.72287374379731,503.001
32,0,32,6.14958813997766,-101.27396739001458,502.327
33,0,33,13.28967409169129,-95.67438706314137,502.39
34,0,34,20.301004147361013,-89.73628207043481,503.133
35,0,35,27.09390389960008,-83.24206990569498,504.449
36,0,36,33.55063369372216,-75.92945081422589,506.188
37,0,37,39.50983031058572,-67.48422926401777,508.177
38,0,38,44.748199498297396,-57.56171975860594,510.232
39,0,39,48.968252367557284,-45.880023315471036,512.181
40,1,0,52.61939487518471,-16.187765191436366,514.597
41,1,1,52.84632791035838,-1.2785771549588312,515.729
42,1,2,51.236462568270134,13.163408653373496,516.432
43,1,3,48.006503675811544,26.169719540742115,516.728
44,1,4,43.502984295617786,37.367695156667544,516.682
45,1,5,38.06991032033114,46.863710574830854,516.403
46,1,6,31.98499041141516,54.97129879889232,516.021
47,1,7,25.453038036416434,62.03192147602837,515.679
48,1,8,18.62146916819134,68.34604887311164,515.512
49,1,9,11.598359597524285,74.16240574386272,515.635
50,1,10,4.4670991039919565,79.68839078242905,516.124
51,1,11,-2.7026238923040053,85.10566653016545,517.013
52,1,12,-9.846111278224303,90.58601224469776,518.284
53,1,13,-16.895926034772458,96.30677378782534,519.871
54,1,14,-23.773608925178895,102.46649109834212,521.662
55,1,15,-30.379462239449868,109.30062811769514,523.509
56,1,16,-36.57908834528704,117.09397641351724,525.244
57,1,17,-42.186236521760634,126.17775917941901,526.694
58,1,18,-46.94579578827607,136.8810754201792,527.695
59,1,19,-50.53178170631617,149.38609994134038,528.113
60,1,20,-52.592173156247625,163.47227227422445,527.854
61,1,21,-52.86456793053691,178.32477817160566,526.879
62,1,22,-51.308794271580574,-167.2461566963316,525.204
63,1,23,-48.1304647790581,-154.21554911853795,522.905
64,1,24,-43.668776892436085,-142.97451940517936,520.11
65,1,25,-38.26497027774295,-133.43174792705273,516.993
66,1,26,-32.19676042663141,-125.28120122820646,513.753
67,1,27,-25.66993069351019,-118.18355551067435,510.603
68,1,28,-18.833215277745488,-111.83809120567906,507.748
69,1,29,-11.796017588141638,-105.99495999338154,505.372
70,1,30,-4.6430439232378395,-100.44536982104364,503.616
71,1,31,2.5546358911046316,-95.00623063777404,502.571
72,1,32,9.730862081264092,-89.50424688395113,502.269
73,1,33,16.816548991333157,-83.76035832029389,502.682
74,1,34,23.731297610817958,-77.573880328609,503.728
75,1,35,30.373140899373023,-70.70651443894386,505.276
76,1,36,36.60471521505293,-62.86984225321637,507.163
77,1,37,42.23595005363457,-53.72856636997601,509.207
78,1,38,47.00688500021266,-42.95098889746486,511.23
79,1,39,50.58638565363583,-30.358572105873385,513.069
80,2,0,51.81646857220928,-14.432128244534413,513.878
81,2,1,52.966959296384566,0.2478979006246311,515.215
82,2,2,52.26230234009269,15.07376304535458,516.134
83,2,3,49.803567427576915,28.883671301784588,516.628
84,2,4,45.891258976655706,40.99597702114294,516.742
85,2,5,40.883470145134496,51.31095602645288,516.564
86,2,6,35.094563804657696,60.06915050480932,516.216
87,2,7,28.764559632848734,67.61244557511725,515.836
88,2,8,22.06721764219273,74.26561673241078,515.566
89,2,9,15.128209898323338,80.30269799637999,515.531
90,2,10,8.041678606118131,85.94992572290322,515.83
91,2,11,0.8829764402131007,91.39982928430477,516.518
92,2,12,-6.281708757961448,96.8271863912561,517.604
93,2,13,-13.38727578738348,102.40462324484014,519.044
94,2,14,-20.361879915886043,108.31809174521047,520.75
95,2,15,-27.117915429627256,114.78270870027663,522.589
96,2,16,-33.54025863637291,122.0575431852572,524.402
97,2,17,-39.47089140212748,130.4528428828217,526.015
98,2,18,-44.690880550782644,140.30957083633714,527.26
99,2,19,-48.90789057076729,151.9093220849048,527.984
100,2,20,-51.77294660681796,165.26837979950602,528.072
101,2,21,-52.960675522348154,179.87463005655158,527.456
102,2,22,-52.30724839992596,-165.33490584202195,526.125
103,2,23,-49.90260175544751,-151.51729654730275,524.125
104,2,24,-46.03761968528533,-139.36897182535634,521.559
105,2,25,-41.06551176198826,-129.00772511860873,518.58
106,2,26,-35.29948997032559,-120.20411671246089,515.375
107,2,27,-28.980257006837736,-112.62077624304916,512.153
108,2,28,-22.282739138810605,-105.93354293236479,509.126
109,2,29,-15.333947148955168,-99.86757679839559,506.491
110,2,30,-8.22935171394257,-94.19533008894261,504.41
111,2,31,-1.0456352608628388,-88.72287324290167,503.001
112,2,32,6.14958813997766,-83.27396688911894,502.327
113,2,33,13.28967409169129,-77.67438656224573,502.39
114,2,34,20.301004147361013,-71.73628156953917,503.133
115,2,35,27.09390389960008,-65.24206940479935,504.449
116,2,36,33.55063369372216,-57.92945031333026,506.188
117,2,37,39.50983031058572,-49.48422876312214,508.177
118,2,38,44.748199498297396,-39.56171925771031,510.232
119,2,39,48.968252367557284,-27.88002110702811,512.181
120,3,0,52.61939487518471,1.812234669129031,514.597
121,3,1,52.84632791035838,16.721423239215095,515.729
122,3,2,51.236462568270134,31.163407446721838,516.432
123,3,3,48.006503675811544,44.169720041637746,516.728
124,3,4,43.502984295617786,55.367695657563175,516.682
125,3,5,38.06991032033114,64.86371107572648,516.403
126,3,6,31.98499041141516,72.97129588469336,516.021
127,3,7,25.453038036416434,80.03192197692401,515.679
128,3,8,18.62146916819134,86.34604937400728,515.512
129,3,9,11.598359597524285,92.16240624475836,515.635
130,3,10,4.4670991039919565,97.68839128332468,516.124
131,3,11,-2.7026238923040053,103.10566703106109,517.013
132,3,12,-9.846111278224303,108.58601274559338,518.284
133,3,13,-16.895926034772458,114.30677428872096,519.871
134,3,14,-23.773608925178895,120.46649159923776,521.662
135,3,15,-30.379462239449868,127.30062861859078,523.509
136,3,16,-36.57908834528704,135.09398374460204,525.244
137,3,17,-42.186236521760634,144.17775285012547,526.694
138,3,18,-46.94579578827607,154.88106909088566,527.695
139,3,19,-50.53178170631617,167.38609361204684,528.113
140,3,20,-52.592173156247625,-178.52771675222507,527.854
141,3,21,-52.86456793053691,-163.67522451522223,526.879
142,3,22,-51.308794271580574,-149.24616302562515,525.204
143,3,23,-48.1304647790581,-136.21554178745316,522.905
144,3,24,-43.668776892436085,-124.97452573447289,520.11
145,3,25,-38.26497027774295,-115.43174059596791,516.993
146,3,26,-32.19676042663141,-107.28120072731083,513.753
147,3,27,-25.66993069351019,-100.18355500977871,510.603
148,3,28,-18.833215277745488,-93.83809070478343,507.748
149,3,29,-11.796017588141638,-87.9949594924859,505.372
150,3,30,-4.6430439232378395,-82.44536932014802,503.616
151,3,31,2.5546358911046316,-77.0062301368784,502.571
152,3,32,9.730862081264092,-71.5042463830555,502.269
153,3,33,16.816548991333157,-65.76035781939825,502.682
154,3,34,23.731297610817958,-59.573879827713355,503.728
155,3,35,30.373140899373023,-52.706513938048225,505.276
156,3,36,36.60471521505293,-44.86984516741532,507.163
157,3,37,42.23595005363457,-35.72856586908038,509.207
158,3,38,47.00688500021266,-24.95098668902194,511.23
159,3,39,50.58638565363583,-12.358571604977751,513.069
160,4,0,51.81646857220928,3.5678720429178092,513.878
161,4,1,52.966959296384566,18.24789880172666,515.215
162,4,2,52.26230234009269,33.07376354625021,516.134
163,4,3,49.803567427576915,46.88367180268022,516.628
164,4,4,45.891258976655706,58.99597752203858,516.742
165,4,5,40.883470145134496,69.31095652734851,516.564
166,4,6,35.094563804657696,78.06915100570495,516.216
167,4,7,28.764559632848734,85.61244607601289,515.836
168,4,8,22.06721764219273,92.26561723330641,515.566
169,4,9,15.128209898323338,98.30269849727563,515.531
170,4,10,8.041678606118131,103.94992622379885,515.83
171,4,11,0.8829764402131007,109.39982978520041,516.518
172,4,12,-6.281708757961448,114.82718689215174,517.604
173,4,13,-13.38727578738348,120.40462374573578,519.044
174,4,14,-20.361879915886043,126.3180922461061,520.75
175,4,15,-27.117915429627256,132.7827023709831,522.589
176,4,16,-33.54025863637291,140.05755051634202,524.402
177,4,17,-39.47089140212748,148.4528502139065,526.015
178,4,18,-44.690880550782644,158.3095645070436,527.26
179,4,19,-48.90789057076729,169.9093157556113,527.984
180,4,20,-51.77294660681796,-176.7316092269435,528.072
181,4,21,-52.960675522348154,-162.12537263027627,527.456
182,4,22,-52.30724839992596,-147.33489851093717,526.125
183,4,23,-49.90260175544751,-133.5173028765963,524.125
184,4,24,-46.03761968528533,-121.36897815464988,521.559
185,4,25,-41.06551176198826,-111.00771778752393,518.58
186,4,26,-35.29948997032559,-102.20412304175441,515.375
187,4,27,-28.980257006837736,-94.62077574215353,512.153
188,4,28,-22.282739138810605,-87.93354243146915,509.126
189,4,29,-15.333947148955168,-81.86757629749995,506.491
190,4,30,-8.22935171394257,-76.19532958804697,504.41
191,4,31,-1.0456352608628388,-70.72287274200603,503.001
192,4,32,6.14958813997766,-65.2739663882233,502.327
193,4,33,13.28967409169129,-59.67438606135009,502.39
194,4,34,20.301004147361013,-53.736284483738125,503.133
195,4,35,27.09390389960008,-47.242068903903714,504.449
196,4,36,33.55063369372216,-39.92944981243462,506.188
197,4,37,39.50983031058572,-31.484228262226505,508.177
198,4,38,44.748199498297396,-21.561720464361965,510.232
199,4,39,48.968252367557284,-9.880020606132478,512.181
200,5,0,52.61939487518471,19.8122358103549,514.597
201,5,1,52.84632791035838,34.72142374011073,515.729
202,5,2,51.236462568270134,49.16340794761747,516.432
203,5,3,48.006503675811544,62.16972054253338,516.728
204,5,4,43.502984295617786,73.3676995735534,516.682
205,5,5,38.06991032033114,82.86371157662212,516.403
206,5,6,31.98499041141516,90.971296385589,516.021
207,5,7,25.453038036416434,98.03192247781963,515.679
208,5,8,18.62146916819134,104.3460498749029,515.512
209,5,9,11.598359597524285,110.16240674565398,515.635
210,5,10,4.4670991039919565,115.68839178422031,516.124
211,5,11,-2.7026238923040053,121.10567436214589,517.013
212,5,12,-9.846111278224303,126.58601324648902,518.284
213,5,13,-16.895926034772458,132.3067747896166,519.871
214,5,14,-23.773608925178895,138.46649893032256,521.662
215,5,15,-30.379462239449868,145.30062228929722,523.509
216,5,16,-36.57908834528704,153.0939774153085,525.244
217,5,17,-42.186236521760634,162.1777601812103,526.694
218,5,18,-46.94579578827607,172.88107642197048,527.695
219,5,19,-50.53178170631617,-174.61390907478105,528.113
220,5,20,-52.592173156247625,-160.52772308151862,527.854
221,5,21,-52.86456793053691,-145.6752171841374,526.879
222,5,22,-51.308794271580574,-131.24615569454033,525.204
223,5,23,-48.1304647790581,-118.21554811674669,522.905
224,5,24,-43.668776892436085,-106.97451840338809,520.11
225,5,25,-38.26497027774295,-97.43174692526145,516.993
226,5,26,-32.19676042663141,-89.2812002264152,513.753
227,5,27,-25.66993069351019,-82.18355450888309,510.603
228,5,28,-18.833215277745488,-75.8380902038878,507.748
229,5,29,-11.796017588141638,-69.99495899159027,505.372
230,5,30,-4.6430439232378395,-64.44536881925238,503.616
231,5,31,2.5546358911046316,-59.00622963598276,502.571
232,5,32,9.730862081264092,-53.504245882159864,502.269
233,5,33,16.816548991333157,-47.76035390340804,502.682
234,5,34,23.731297610817958,-41.573879326817725,503.728
235,5,35,30.373140899373023,-34.706513437152594,505.276
236,5,36,36.60471521505293,-26.869842958972395,507.163
237,5,37,42.23595005363457,-17.728567075732034,509.207
238,5,38,47.00688500021266,-6.950986188126304,511.23
239,5,39,50.58638565363583,5.6414288959178815,513.069
240,6,0,51.81646857220928,21.567872757256854,513.878
241,6,1,52.966959296384566,36.247899302622294,515.215
242,6,2,52.26230234009269,51.07376404714585,516.134
243,6,3,49.803567427576915,64.88367571867043,516.628
244,6,4,45.891258976655706,76.99597802293421,516.742
245,6,5,40.883470145134496,87.31095702824415,516.564
246,6,6,35.094563804657696,96.06915150660059,516.216
247,6,7,28.764559632848734,103.61244657690852,515.836
248,6,8,22.06721764219273,110.26561773420205,515.566
249,6,9,15.128209898323338,116.30269899817127,515.531
250,6,10,8.041678606118131,121.94992672469448,515.83
251,6,11,0.8829764402131007,127.39983028609603,516.518
252,6,12,-6.281708757961448,132.82719422323655,517.604
253,6,13,-13.38727578738348,138.40461741644225,519.044
254,6,14,-20.361879915886043,144.31808591681255,520.75
255,6,15,-27.117915429627256,150.78270970206788,522.589
256,6,16,-33.54025863637291,158.05754418704848,524.402
257,6,17,-39.47089140212748,166.45284388461297,526.015
258,6,18,-44.690880550782644,176.3095718381284,527.26
259,6,19,-48.90789057076729,-172.09067327083824,527.984
260,6,20,-51.77294660681796,-158.73161555623702,528.072
261,6,21,-52.960675522348154,-144.1253652991915,527.456
262,6,22,-52.30724839992596,-129.33490484023068,526.125
263,6,23,-49.90260175544751,-115.51729554551149,524.125
264,6,24,-46.03761968528533,-103.36897765375424,521.559
265,6,25,-41.06551176198826,-93.0077172866283,518.58
266,6,26,-35.29948997032559,-84.20412254085879,515.375
267,6,27,-28.980257006837736,-76.6207752412579,512.153
268,6,28,-22.282739138810605,-69.93354193057351,509.126
269,6,29,-15.333947148955168,-63.86757579660432,506.491
270,6,30,-8.22935171394257,-58.19532908715134,504.41
271,6,31,-1.0456352608628388,-52.72287224111041,503.001
272,6,32,6.14958813997766,-47.27396588732768,502.327
273,6,33,13.28967409169129,-41.67438556045446,502.39
274,6,34,20.301004147361013,-35.73628398284249,503.133
275,6,35,27.09390389960008,-29.24206840300808,504.449
276,6,36,33.55063369372216,-21.929447603991697,506.188
277,6,37,39.50983031058572,-13.484226907557227,508.177
278,6,38,44.748199498297396,-3.5617195365795085,510.232
279,6,39,48.968252367557284,8.119979894763157,512.181
280,7,0,52.61939487518471,37.812231188608656,514.597
281,7,1,52.84632791035838,52.72142082591178,515.729
282,7,2,51.236462568270134,67.16340844851311,516.432
283,7,3,48.006503675811544,80.16972104342902,516.728
284,7,4,43.502984295617786,91.36769324425985,516.682
285,7,5,38.06991032033114,100.86370524732858,516.403
286,7,6,31.98499041141516,108.97129688648464,516.021
287,7,7,25.453038036416434,116.03192297871527,515.679
288,7,8,18.62146916819134,122.34605037579854,515.512
289,7,9,11.598359597524285,128.16240724654963,515.635
290,7,10,4.4670991039919565,133.6883854549268,516.124
291,7,11,-2.7026238923040053,139.10566803285235,517.013
292,7,12,-9.846111278224303,144.58600691719548,518.284
293,7,13,-16.895926034772458,150.30676846032307,519.871
294,7,14,-23.773608925178895,156.46649260102902,521.662
295,7,15,-30.379462239449868,163.30062962038204,523.509
296,7,16,-36.57908834528704,171.09397108601496,525.244
297,7,17,-42.186236521760634,-179.8222425056176,526.694
298,7,18,-46.94579578827607,-169.1189262648574,527.695
299,7,19,-50.53178170631617,-156.61390174369623,528.113
300,7,20,-52.592173156247625,-142.52772941081213,527.854
301,7,21,-52.86456793053691,-127.67522351343095,526.879
302,7,22,-51.308794271580574,-113.24616202383388,525.204
303,7,23,-48.1304647790581,-100.21554761585105,522.905
304,7,24,-43.668776892436085,-88.97452473268162,520.11
305,7,25,-38.26497027774295,-79.43174642436581,516.993
306,7,26,-32.19676042663141,-71.28120655570874,513.753
307,7,27,-25.66993069351019,-64.18355400798745,510.603
308,7,28,-18.833215277745488,-57.838096533181336,507.748
309,7,29,-11.796017588141638,-51.994961905789225,505.372
310,7,30,-4.6430439232378395,-46.44537173345133,503.616
311,7,31,2.5546358911046316,-41.006232550181714,502.571
312,7,32,9.730862081264092,-35.504248796358816,502.269
313,7,33,16.816548991333157,-29.76035681760699,502.682
314,7,34,23.731297610817958,-23.573883948563967,503.728
315,7,35,30.373140899373023,-16.706516351351542,505.276
316,7,36,36.60471521505293,-8.869846726944992,507.163
317,7,37,42.23595005363457,0.2714304102754109,509.207
318,7,38,47.00688500021266,11.049010897674744,511.23
319,7,39,50.58638565363583,23.641425981718932,513.069
320,8,0,51.81646857220928,39.56787325815249,513.878
321,8,1,52.966959296384566,54.247899803517925,515.215
322,8,2,52.26230234009269,69.07376454804148,516.134
323,8,3,49.803567427576915,82.88367621956607,516.628
324,8,4,45.891258976655706,94.99597852382985,516.742
325,8,5,40.883470145134496,105.31095752913978,516.564
326,8,6,35.094563804657696,114.06915200749621,516.216
327,8,7,28.764559632848734,121.61244707780415,515.836
328,8,8,22.06721764219273,128.26562506528686,515.566
329,8,9,15.128209898323338,134.3026926688777,515.531
330,8,10,8.041678606118131,139.9499340557793,515.83
331,8,11,0.8829764402131007,145.39983761718085,516.518
332,8,12,-6.281708757961448,150.827187893943,517.604
333,8,13,-13.38727578738348,156.40462474752704,519.044
334,8,14,-20.361879915886043,162.31809324789737,520.75
335,8,15,-27.117915429627256,168.78270337277436,522.589
336,8,16,-33.54025863637291,176.05755151813327,524.402
337,8,17,-39.47089140212748,-175.54714514183655,526.015
338,8,18,-44.690880550782644,-165.69043084869946,527.26
339,8,19,-48.90789057076729,-154.09067960013178,527.984
340,8,20,-51.77294660681796,-140.73160822515223,528.072
341,8,21,-52.960675522348154,-126.12537162848501,527.456
342,8,22,-52.30724839992596,-111.33490433933505,526.125
343,8,23,-49.90260175544751,-97.51730187480503,524.125
344,8,24,-46.03761968528533,-85.3689771528586,521.559
345,8,25,-41.06551176198826,-75.00771678573267,518.58
346,8,26,-35.29948997032559,-66.20412203996315,515.375
347,8,27,-28.980257006837736,-58.620774740362265,512.153
348,8,28,-22.282739138810605,-51.93354142967788,509.126
349,8,29,-15.333947148955168,-45.8675718806141,506.491
350,8,30,-8.22935171394257,-40.19532858625571,504.41
351,8,31,-1.0456352608628388,-34.72287174021477,503.001
352,8,32,6.14958813997766,-29.27396538643204,502.327
353,8,33,13.28967409169129,-23.674386767106117,502.39
354,8,34,20.301004147361013,-17.736281774399565,503.133
355,8,35,27.09390389960008,-11.242067048338802,504.449
356,8,36,33.55063369372216,-3.9294479568697094,506.188
357,8,37,39.50983031058572,4.515773593338406,508.177
358,8,38,44.748199498297396,14.438280537429302,510.232
359,8,39,48.968252367557284,26.11998039565879,512.181
360,9,0,52.61939487518471,55.81223168950429,514.597
361,9,1,52.84632791035838,70.721424741902,515.729
362,9,2,51.236462568270134,85.16340894940873,516.432
363,9,3,48.006503675811544,98.16972154432464,516.728
364,9,4,43.502984295617786,109.36769374515549,516.682
365,9,5,38.06991032033114,118.86370574822422,516.403
366,9,6,31.98499041141516,126.9712905571911,516.021
367,9,7,25.453038036416434,134.03191664942173,515.679
368,9,8,18.62146916819134,140.346044046505,515.512
369,9,9,11.598359597524285,146.1624009172561,515.635
370,9,10,4.4670991039919565,151.68839278601158,516.124
371,9,11,-2.7026238923040053,157.1056617035588,517.013
372,9,12,-9.846111278224303,162.5860142482803,518.284
373,9,13,-16.895926034772458,168.30677579140786,519.871
374,9,14,-23.773608925178895,174.46648627173548,521.662
375,9,15,-30.379462239449868,-178.69937306644582,523.509
376,9,16,-36.57908834528704,-170.90601794043457,525.244
377,9,17,-42.186236521760634,-161.8222488349111,526.694
378,9,18,-46.94579578827607,-151.11893259415095,527.695
379,9,19,-50.53178170631617,-138.61390807298977,528.113
380,9,20,-52.592173156247625,-124.52772207972734,527.854
381,9,21,-52.86456793053691,-109.67522301253531,526.879
382,9,22,-51.308794271580574,-95.24616152293824,525.204
383,9,23,-48.1304647790581,-82.21554711495543,522.905
384,9,24,-43.668776892436085,-70.97452423178599,520.11
385,9,25,-38.26497027774295,-61.43174592347018,516.993
386,9,26,-32.19676042663141,-53.281202639718515,513.753
387,9,27,-25.66993069351019,-46.183553507091816,510.603
388,9,28,-18.833215277745488,-39.838096032285705,507.748
389,9,29,-11.796017588141638,-33.99496140489359,505.372
390,9,30,-4.6430439232378395,-28.445372940102992,503.616
391,9,31,2.5546358911046316,-23.006230341738792,502.571
392,9,32,9.730862081264092,-17.50424829546318,502.269
393,9,33,16.816548991333157,-11.760358024258647,502.682
394,9,34,23.731297610817958,-5.5738825938946865,503.728
395,9,35,30.373140899373023,1.2934843629875012,505.276
396,9,36,36.60471521505293,9.13015377395064,507.163
397,9,37,42.23595005363457,18.27143051096465,509.207
398,9,38,47.00688500021266,29.049009691023084,511.23
399,9,39,50.58638565363583,41.64142648261456,513.069
400,10,0,51.81646857220928,57.56787375904812,513.878
401,10,1,52.966959296384566,72.24789688931898,515.215
402,10,2,52.26230234009269,87.07376504893712,516.134
403,10,3,49.803567427576915,100.88367672046171,516.628
404,10,4,45.891258976655706,112.99597902472547,516.742
405,10,5,40.883470145134496,123.31095119984624,516.564
406,10,6,35.094563804657696,132.06915250839185,516.216
407,10,7,28.764559632848734,139.6124407485106,515.836
408,10,8,22.06721764219273,146.2656187359933,515.566
409,10,9,15.128209898323338,152.30269999996253,515.531
410,10,10,8.041678606118131,157.94992772648575,515.83
411,10,11,0.8829764402131007,163.3998312878873,516.518
412,10,12,-6.281708757961448,168.82719522502782,517.604
413,10,13,-13.38727578738348,174.4046184182335,519.044
414,10,14,-20.361879915886043,-179.6819094389305,520.75
415,10,15,-27.117915429627256,-173.21729931405352,522.589
416,10,16,-33.54025863637291,-165.9424511686946,524.402
417,10,17,-39.47089140212748,-157.5471514711301,526.015
418,10,18,-44.690880550782644,-147.690437177993,527.26
419,10,19,-48.90789057076729,-136.090672269047,527.984
420,10,20,-51.77294660681796,-122.73161455444576,528.072
421,10,21,-52.960675522348154,-108.12536429740021,527.456
422,10,22,-52.30724839992596,-93.33490383843942,526.125
423,10,23,-49.90260175544751,-79.51730137390939,524.125
424,10,24,-46.03761968528533,-67.36897665196298,521.559
425,10,25,-41.06551176198826,-57.00771969993162,518.58
426,10,26,-35.29948997032559,-48.20412153906752,515.375
427,10,27,-28.980257006837736,-40.620774239466634,512.153
428,10,28,-22.282739138810605,-33.93354092878225,509.126
429,10,29,-15.333947148955168,-27.86757308726576,506.491
430,10,30,-8.22935171394257,-22.195328085360075,504.41
431,10,31,-1.0456352608628388,-16.722869531771845,503.001
432,10,32,6.14958813997766,-11.27396403176276,502.327
433,10,33,13.28967409169129,-5.674385412436839,502.39
434,10,34,20.301004147361013,0.26371811284626157,503.133
435,10,35,27.09390389960008,6.757933452556832,504.449
436,10,36,33.55063369372216,14.070552544025924,506.188
437,10,37,39.50983031058572,22.515774948007685,508.177
438,10,38,44.748199498297396,32.43828274587223,510.232
439,10,39,48.968252367557284,44.11997918900713,512.181
440,11,0,52.61939487518471,73.81223560549451,514.597
441,11,1,52.84632791035838,88.72142524279764,515.729
442,11,2,51.236462568270134,103.16340945030437,516.432
443,11,3,48.006503675811544,116.16971521503112,516.728
444,11,4,43.502984295617786,127.3677010762403,516.682
445,11,5,38.06991032033114,136.86371307930904,516.403
446,11,6,31.98499041141516,144.9712978882759,516.021
447,11,7,25.453038036416434,152.03192398050655,515.679
448,11,8,18.62146916819134,158.34605137758982,515.512
449,11,9,11.598359597524285,164.16240824834088,515.635
450,11,10,4.4670991039919565,169.68838645671804,516.124
451,11,11,-2.7026238923040053,175.10566903464363,517.013
452,11,12,-9.846111278224303,-179.4139884385476,518.284
453,11,13,-16.895926034772458,-173.69322689542,519.871
454,11,14,-23.773608925178895,-167.53351641509238,521.662
455,11,15,-30.379462239449868,-160.69937939573936,523.509
456,11,16,-36.57908834528704,-152.9060242697281,525.244
457,11,17,-42.186236521760634,-143.82224150382632,526.694
458,11,18,-46.94579578827607,-133.11892526306613,527.695
459,11,19,-50.53178170631617,-120.61390074190497,528.113
460,11,20,-52.592173156247625,-106.5277215788317,527.854
461,11,21,-52.86456793053691,-91.67522251163969,526.879
462,11,22,-51.308794271580574,-77.24616102204261,525.204
463,11,23,-48.1304647790581,-64.21554661405979,522.905
464,11,24,-43.668776892436085,-52.974523730890354,520.11
465,11,25,-38.26497027774295,-43.43174542257455,516.993
466,11,26,-32.19676042663141,-35.28120213882288,513.753
467,11,27,-25.66993069351019,-28.183553006196185,510.603
468,11,28,-18.833215277745488,-21.838093823842776,507.748
469,11,29,-11.796017588141638,-15.994960903997955,505.372
470,11,30,-4.6430439232378395,-10.445372439207357,503.616
471,11,31,2.5546358911046316,-5.006230267729982,502.571
472,11,32,9.730862081264092,0.49575188526733316,502.269
473,11,33,16.816548991333157,6.239642476636986,502.682
474,11,34,23.731297610817958,12.426117907000947,503.728
475,11,35,30.373140899373023,19.293484650439723,505.276
476,11,36,36.60471521505293,27.130155128619922,507.163
477,11,37,42.23595005363457,36.27143271940757,509.207
478,11,38,47.00688500021266,47.04901019191872,511.23
479,11,39,50.58638565363583,59.64143039860478,513.069
480,12,0,51.81646857220928,75.56787425994375,513.878
481,12,1,52.966959296384566,90.2478973902146,515.215
482,12,2,52.26230234009269,105.07376554983274,516.134
483,12,3,49.803567427576915,118.88367722135735,516.628
484,12,4,45.891258976655706,130.99597952562112,516.742
485,12,5,40.883470145134496,141.31095853093106,516.564
486,12,6,35.094563804657696,150.06915983947667,516.216
487,12,7,28.764559632848734,157.61244807959542,515.836
488,12,8,22.06721764219273,164.26562606707813,515.566
489,12,9,15.128209898323338,170.302693670669,515.531
490,12,10,8.041678606118131,175.94993505757054,515.83
491,12,11,0.8829764402131007,-178.60017139894057,516.518
492,12,12,-6.281708757961448,-173.17280746180006,517.604
493,12,13,-13.38727578738348,-167.59537060821603,519.044
494,12,14,-20.361879915886043,-161.68191576822403,520.75
495,12,15,-27.117915429627256,-155.2172919829687,522.589
496,12,16,-33.54025863637291,-147.9424438376098,524.402
497,12,17,-39.47089140212748,-139.5471441400453,526.015
498,12,18,-44.690880550782644,-129.6904298469082,527.26
499,12,19,-48.90789057076729,-118.09067859834052,527.984
500,12,20,-51.77294660681796,-104.73161405355013,528.072
501,12,21,-52.960675522348154,-90.12536379650459,527.456
502,12,22,-52.30724839992596,-75.33490333754379,526.125
503,12,23,-49.90260175544751,-61.51730087301377,524.125
504,12,24,-46.03761968528533,-49.36897615106734,521.559
505,12,25,-41.06551176198826,-39.00771919903599,518.58
506,12,26,-35.29948997032559,-30.204121038171888,515.375
507,12,27,-28.980257006837736,-22.620773738571,512.153
508,12,28,-22.282739138810605,-15.933540427886616,509.126
509,12,29,-15.333947148955168,-9.867571732596483,506.491
510,12,30,-8.22935171394257,-4.195327157577619,504.41
511,12,31,-1.0456352608628388,1.2771307556803753,503.001
512,12,32,6.14958813997766,6.726036469132873,502.327
513,12,33,13.28967409169129,12.325615088458793,502.39
514,12,34,20.301004147361013,18.263719227391704,503.133
515,12,35,27.09390389960008,24.75793309967882,504.449
516,12,36,33.55063369372216,32.07055219114791,506.188
517,12,37,39.50983031058572,40.51577374135603,508.177
518,12,38,44.748199498297396,50.43828324676786,510.232
519,12,39,48.968252367557284,62.119983104997345,512.181
520,13,0,52.61939487518471,91.81224293657931,514.597
521,13,1,52.84632791035838,106.72143257388244,515.729
522,13,2,51.236462568270134,121.16341678138917,516.432
523,13,3,48.006503675811544,134.1697225461159,516.728
524,13,4,43.502984295617786,145.3677084073251,516.682
525,13,5,38.06991032033114,154.86372041039382,516.403
526,13,6,31.98499041141516,162.97130521936072,516.021
527,13,7,25.453038036416434,170.03193131159134,515.679
528,13,8,18.62146916819134,176.3460587086746,515.512
529,13,9,11.598359597524285,-177.83758077810865,515.635
530,13,10,4.4670991039919565,-172.3116025697315,516.124
531,13,11,-2.7026238923040053,-166.8943199918059,517.013
532,13,12,-9.846111278224303,-161.41398110746277,518.284
533,13,13,-16.895926034772458,-155.6932195643352,519.871
534,13,14,-23.773608925178895,-149.5335090840076,521.662
535,13,15,-30.379462239449868,-142.69937206465457,523.509
536,13,16,-36.57908834528704,-134.9060169386433,525.244
537,13,17,-42.186236521760634,-125.82223417274152,526.694
538,13,18,-46.94579578827607,-115.11891793198133,527.695
539,13,19,-50.53178170631617,-102.61390024100933,528.113
540,13,20,-52.592173156247625,-88.5277142477469,527.854
541,13,21,-52.86456793053691,-73.67521518055489,526.879
542,13,22,-51.308794271580574,-59.246153690957804,525.204
543,13,23,-48.1304647790581,-46.21553928297499,522.905
544,13,24,-43.668776892436085,-34.97451639980555,520.11
545,13,25,-38.26497027774295,-25.43173979903704,516.993
546,13,26,-32.19676042663141,-17.28119651528537,513.753
547,13,27,-25.66993069351019,-10.18354567511138,510.603
548,13,28,-18.833215277745488,-3.8380873465316188,507.748
549,13,29,-11.796017588141638,2.0050468539736714,505.372
550,13,30,-4.6430439232378395,7.554634891877446,503.616
551,13,31,2.5546358911046316,12.993777490241644,502.571
552,13,32,9.730862081264092,18.495759536517255,502.269
553,13,33,16.816548991333157,24.23964980772179,502.682
554,13,34,23.731297610817958,30.426126091859395,503.728
555,13,35,30.373140899373023,37.293491981524525,505.276
556,13,36,36.60471521505293,45.13016075215743,507.163
557,13,37,42.23595005363457,54.27144005049238,509.207
558,13,38,47.00688500021266,65.04902093809811,511.23
559,13,39,50.58638565363583,77.64143772968959,513.069
560,14,0,51.81646857220928,93.56786793065022,513.878
561,14,1,52.966959296384566,108.24789106092108,515.215
562,14,2,52.26230234009269,123.07376605072838,516.134
563,14,3,49.803567427576915,136.8836708920638,516.628
564,14,4,45.891258976655706,148.99597319632758,516.742
565,14,5,40.883470145134496,159.31095220163752,516.564
566,14,6,35.094563804657696,168.06915351018313,516.216
567,14,7,28.764559632848734,175.61244175030188,515.836
568,14,8,22.06721764219273,-177.73439028012808,515.566
569,14,9,15.128209898323338,-171.69730901615887,515.531
570,14,10,8.041678606118131,-166.05008128963564,515.83
571,14,11,0.8829764402131007,-160.6001777282341,516.518
572,14,12,-6.281708757961448,-155.17281379109357,517.604
573,14,13,-13.38727578738348,-149.59537693750954,519.044
574,14,14,-20.361879915886043,-143.68192209751757,520.75
575,14,15,-27.117915429627256,-137.21729831226224,522.589
576,14,16,-33.54025863637291,-129.9424501669033,524.402
577,14,17,-39.47089140212748,-121.54715046933883,526.015
578,14,18,-44.690880550782644,-111.69043617620173,527.26
579,14,19,-48.90789057076729,-100.09068492763406,527.984
580,14,20,-51.77294660681796,-86.73162038284366,528.072
581,14,21,-52.960675522348154,-72.12537012579811,527.456
582,14,22,-52.30724839992596,-57.334909666837326,526.125
583,14,23,-49.90260175544751,-43.51730378721272,524.125
584,14,24,-46.03761968528533,-31.36898248036088,521.559
585,14,25,-41.06551176198826,-21.007725528329523,518.58
586,14,26,-35.29948997032559,-12.20412565991813,515.375
587,14,27,-28.980257006837736,-4.6207809216381825,512.153
588,14,28,-22.282739138810605,2.0664526024896133,509.126
589,14,29,-15.333947148955168,8.132421938109982,506.491
590,14,30,-8.22935171394257,13.804666940015668,504.41
591,14,31,-1.0456352608628388,19.27712463983025,503.001
592,14,32,6.14958813997766,24.72602928606569,502.327
593,14,33,13.28967409169129,30.325609612938905,502.39
594,14,34,20.301004147361013,36.26371119055087,503.133
595,14,35,27.09390389960008,42.75792677038528,504.449
596,14,36,33.55063369372216,50.07054586185438,506.188
597,14,37,39.50983031058572,58.51576741206249,508.177
598,14,38,44.748199498297396,68.43827691747433,510.232
599,14,39,48.968252367557284,80.11997677570382,512.181
600,15,0,52.61939487518471,109.81223660728577,514.597
601,15,1,52.84632791035838,124.7214262445889,515.729
602,15,2,51.236462568270134,139.16341045209563,516.432
603,15,3,48.006503675811544,152.16971621682237,516.728
604,15,4,43.502984295617786,163.36770207803156,516.682
605,15,5,38.06991032033114,172.86371408110028,516.403
606,15,6,31.98499041141516,-179.02869746746717,516.021
607,15,7,25.453038036416434,-171.96808503561485,515.679
608,15,8,18.62146916819134,-165.65394397815325,515.512
609,15,9,11.598359597524285,-159.8375871074022,515.635
610,15,10,4.4670991039919565,-154.311608899025,516.124
611,15,11,-2.7026238923040053,-148.89432632109944,517.013
612,15,12,-9.846111278224303,-143.41398743675632,518.284
613,15,13,-16.895926034772458,-137.69322589362872,519.871
614,15,14,-23.773608925178895,-131.5335154133011,521.662
615,15,15,-30.379462239449868,-124.6993783939481,523.509
616,15,16,-36.57908834528704,-116.90602326793683,525.244
617,15,17,-42.186236521760634,-107.82224050203504,526.694
618,15,18,-46.94579578827607,-97.11893109146403,527.695
619,15,19,-50.53178170631617,-84.61390657030287,528.113
620,15,20,-52.592173156247625,-70.52772057704044,527.854
621,15,21,-52.86456793053691,-55.67522150984842,526.879
622,15,22,-51.308794271580574,-41.24616002025134,525.204
623,15,23,-48.1304647790581,-28.215545612268524,522.905
624,15,24,-43.668776892436085,-16.974521021551798,520.11
625,15,25,-38.26497027774295,-7.43174527455693,516.993
626,15,26,-32.19676042663141,0.7187976890296233,513.753
627,15,27,-25.66993069351019,7.816447995595082,510.603
628,15,28,-18.833215277745488,14.161906324174845,507.748
629,15,29,-11.796017588141638,20.005040097793312,505.372
630,15,30,-4.6430439232378395,25.554628562583908,503.616
631,15,31,2.5546358911046316,30.993769453400816,502.571
632,15,32,9.730862081264092,36.495753207223714,502.269
633,15,33,16.816548991333157,42.23964518597555,502.682
634,15,34,23.731297610817958,48.42611976256586,503.728
635,15,35,30.373140899373023,55.29348565223099,505.276
636,15,36,36.60471521505293,63.130154422863896,507.163
637,15,37,42.23595005363457,72.27143372119885,509.207
638,15,38,47.00688500021266,83.04901460880457,511.23
639,15,39,50.58638565363583,95.64143140039604,513.069
640,16,0,51.81646857220928,111.56787526173503,513.878
641,16,1,52.966959296384566,126.24790522219504,515.215
642,16,2,52.26230234009269,141.0737733818132,516.134
643,16,3,49.803567427576915,154.8836782231486,516.628
644,16,4,45.891258976655706,166.99598052741237,516.742
645,16,5,40.883470145134496,177.3109595327223,516.564
646,16,6,35.094563804657696,-173.93084917664476,516.216
647,16,7,28.764559632848734,-166.38754727614764,515.836
648,16,8,22.06721764219273,-159.7343829490433,515.566
649,16,9,15.128209898323338,-153.69730168507408,515.531
650,16,10,8.041678606118131,-148.05007395855085,515.83
651,16,11,0.8829764402131007,-142.6001703971493,516.518
652,16,12,-6.281708757961448,-137.1728064600088,517.604
653,16,13,-13.38727578738348,-131.59536960642475,519.044
654,16,14,-20.361879915886043,-125.68191476643277,520.75
655,16,15,-27.117915429627256,-119.21729098117744,522.589
656,16,16,-33.54025863637291,-111.94244966600769,524.402
657,16,17,-39.47089140212748,-103.5471499684432,526.015
658,16,18,-44.690880550782644,-93.69042884511693,527.26
659,16,19,-48.90789057076729,-82.09067759654926,527.984
660,16,20,-51.77294660681796,-68.73161305175886,528.072
661,16,21,-52.960675522348154,-54.12536279471331,527.456
662,16,22,-52.30724839992596,-39.334898920657935,526.125
663,16,23,-49.90260175544751,-25.517296456127912,524.125
664,16,24,-46.03761968528533,-13.368975149276078,521.559
665,16,25,-41.06551176198826,-3.0077179838013084,518.58
666,16,26,-35.29948997032559,5.795881244279849,515.375
667,16,27,-28.980257006837736,13.379226409446622,512.153
668,16,28,-22.282739138810605,20.066460573904653,509.126
669,16,29,-15.333947148955168,26.13242841542114,506.491
670,16,30,-8.22935171394257,31.804673417326825,504.41
671,16,31,-1.0456352608628388,37.27713026336776,503.001
672,16,32,6.14958813997766,42.72603661715049,502.327
673,16,33,13.28967409169129,48.32561694402371,502.39
674,16,34,20.301004147361013,54.263718521635674,503.133
675,16,35,27.09390389960008,60.757934101470084,504.449
676,16,36,33.55063369372216,68.07055319293917,506.188
677,16,37,39.50983031058572,76.51577474314729,508.177
678,16,38,44.748199498297396,86.43828424855913,510.232
679,16,39,48.968252367557284,98.11998410678862,512.181
680,17,0,52.61939487518471,127.81222344780306,514.597
681,17,1,52.84632791035838,142.72141991529537,515.729
682,17,2,51.236462568270134,157.1634041228021,516.432
683,17,3,48.006503675811544,170.16970988752885,516.728
684,17,4,43.502984295617786,-178.63231426917463,516.682
685,17,5,38.06991032033114,-169.1363022661059,516.403
686,17,6,31.98499041141516,-161.0287037967607,516.021
687,17,7,25.453038036416434,-153.9680913649084,515.679
688,17,8,18.62146916819134,-147.6539503074468,515.512
689,17,9,11.598359597524285,-141.8375934366957,515.635
690,17,10,4.4670991039919565,-136.31161522831854,516.124
691,17,11,-2.7026238923040053,-130.89433265039298,517.013
692,17,12,-9.846111278224303,-125.41399376604986,518.284
693,17,13,-16.895926034772458,-119.69323222292228,519.871
694,17,14,-23.773608925178895,-113.53351491240548,521.662
695,17,15,-30.379462239449868,-106.69937789305246,523.509
696,17,16,-36.57908834528704,-98.90602959723036,525.244
697,17,17,-42.186236521760634,-89.82224683132858,526.694
698,17,18,-46.94579578827607,-79.11893742075758,527.695
699,17,19,-50.53178170631617,-66.61391289959641,528.113
700,17,20,-52.592173156247625,-52.527726906333974,527.854
701,17,21,-52.86456793053691,-37.675227839141954,526.879
702,17,22,-51.308794271580574,-23.246164641997584,525.204
703,17,23,-48.1304647790581,-10.215552795335707,522.905
704,17,24,-43.668776892436085,1.0254724357112552,520.11
705,17,25,-38.26497027774295,10.568248396149533,516.993
706,17,26,-32.19676042663141,18.71879082612756,513.753
707,17,27,-25.66993069351019,25.816441666301547,510.603
708,17,28,-18.833215277745488,32.16189914110766,507.748
709,17,29,-11.796017588141638,38.00503376849977,505.372
710,17,30,-4.6430439232378395,43.554623940837665,503.616
711,17,31,2.5546358911046316,48.99376312410728,502.571
712,17,32,9.730862081264092,54.49574687793018,502.269
713,17,33,16.816548991333157,60.23963885668201,502.682
714,17,34,23.731297610817958,66.42611001817774,503.728
715,17,35,30.373140899373023,73.29348273803204,505.276
716,17,36,36.60471521505293,81.13014809357036,507.163
717,17,37,42.23595005363457,90.2714273919053,509.207
718,17,38,47.00688500021266,101.04900827951103,511.23
719,17,39,50.58638565363583,113.64142507110252,513.069
720,18,0,51.81646857220928,129.56786893244148,513.878
721,18,1,52.966959296384566,144.2478988929015,515.215
722,18,2,52.26230234009269,159.07376705251966,516.134
723,18,3,49.803567427576915,172.88367189385508,516.628
724,18,4,45.891258976655706,-175.00402215941548,516.742
725,18,5,40.883470145134496,-164.68904315410555,516.564
726,18,6,35.094563804657696,-155.93085550593827,516.216
727,18,7,28.764559632848734,-148.38755360544118,515.836
728,18,8,22.06721764219273,-141.7343892783368,515.566
729,18,9,15.128209898323338,-135.6973080143676,515.531
730,18,10,8.041678606118131,-130.0500802878444,515.83
731,18,11,0.8829764402131007,-124.60017672644283,516.518
732,18,12,-6.281708757961448,-119.17281278930231,517.604
733,18,13,-13.38727578738348,-113.59538276590746,519.044
734,18,14,-20.361879915886043,-107.68191426553713,520.75
735,18,15,-27.117915429627256,-101.21729731047098,522.589
736,18,16,-33.54025863637291,-93.94245599530123,524.402
737,18,17,-39.47089140212748,-85.54715629773673,526.015
738,18,18,-44.690880550782644,-75.69043517441047,527.26
739,18,19,-48.90789057076729,-64.09068392584278,527.984
740,18,20,-51.77294660681796,-50.7316193810524,528.072
741,18,21,-52.960675522348154,-36.12536912400685,527.456
742,18,22,-52.30724839992596,-21.334905249951476,526.125
743,18,23,-49.90260175544751,-7.517302785421449,524.125
744,18,24,-46.03761968528533,4.631018948317209,521.559
745,18,25,-41.06551176198826,14.992275473461744,518.58
746,18,26,-35.29948997032559,23.795875341873135,515.375
747,18,27,-28.980257006837736,31.37922093392673,512.153
748,18,28,-22.282739138810605,38.066454244611116,509.126
749,18,29,-15.333947148955168,44.132423793674896,506.491
750,18,30,-8.22935171394257,49.80466708803329,504.41
751,18,31,-1.0456352608628388,55.277123934074226,503.001
752,18,32,6.14958813997766,60.72603028785696,502.327
753,18,33,13.28967409169129,66.32561061473017,502.39
754,18,34,20.301004147361013,72.26371560743672,503.133
755,18,35,27.09390389960008,78.75792777217654,504.449
756,18,36,33.55063369372216,86.07054686364565,506.188
757,18,37,39.50983031058572,94.51576841385376,508.177
758,18,38,44.748199498297396,104.43827791926559,510.232
759,18,39,48.968252367557284,116.11997777749508,512.181
760,19,0,52.61939487518471,145.81223077888788,514.597
761,19,1,52.84632791035838,160.72142724638016,515.729
762,19,2,51.236462568270134,175.1634114538869,516.432
763,19,3,48.006503675811544,-171.83027913892067,516.728
764,19,4,43.502984295617786,-160.63230693808984,516.682
765,19,5,38.06991032033114,-151.1362949350211,516.403
766,19,6,31.98499041141516,-143.0286964656759,516.021
767,19,7,25.453038036416434,-135.9680840338236,515.679
768,19,8,18.62146916819134,-129.65394297636198,515.512
769,19,9,11.598359597524285,-123.83758610561091,515.635
770,19,10,4.4670991039919565,-118.31160789723376,516.124
771,19,11,-2.7026238923040053,-112.89433214949734,517.013
772,19,12,-9.846111278224303,-107.41398643496504,518.284
773,19,13,-16.895926034772458,-101.69322489183746,519.871
774,19,14,-23.773608925178895,-95.53350758132068,521.662
775,19,15,-30.379462239449868,-88.69937056196765,523.509
776,19,16,-36.57908834528704,-80.90602226614556,525.244
777,19,17,-42.186236521760634,-71.82223950024378,526.694
778,19,18,-46.94579578827607,-61.11893008967277,527.695
779,19,19,-50.53178170631617,-48.613905568511605,528.113
780,19,20,-52.592173156247625,-34.527719575249165,527.854
781,19,21,-52.86456793053691,-19.67522050805715,526.879
782,19,22,-51.308794271580574,-5.246157737799605,525.204
783,19,23,-48.1304647790581,7.784454535749096,522.905
784,19,24,-43.668776892436085,19.02547998023947,520.11
785,19,25,-38.26497027774295,28.568254873460692,516.993
786,19,26,-32.19676042663141,36.71879986475965,513.753
787,19,27,-25.66993069351019,43.81644899738635,510.603
788,19,28,-18.833215277745488,50.16190647219246,507.748
789,19,29,-11.796017588141638,56.00504109958458,505.372
790,19,30,-4.6430439232378395,61.554627856827885,503.616
791,19,31,2.5546358911046316,66.99377387028667,502.571
792,19,32,9.730862081264092,72.4957507939204,502.269
793,19,33,16.816548991333157,78.23964618776681,502.682
794,19,34,23.731297610817958,84.42611734926254,503.728
795,19,35,30.373140899373023,91.29349006911684,505.276
796,19,36,36.60471521505293,99.13015542465516,507.163
797,19,37,42.23595005363457,108.27143472299011,509.207
798,19,38,47.00688500021266,119.04900878040667,511.23
799,19,39,50.58638565363583,131.64143240218732,513.069
800,20,0,51.81646857220928,147.5678762635263,513.878
801,20,1,52.966959296384566,162.24790622398632,515.215
802,20,2,52.26230234009269,177.07377438360444,516.134
803,20,3,49.803567427576915,-169.11631713259445,516.628
804,20,4,45.891258976655706,-157.0040148283307,516.742
805,20,5,40.883470145134496,-146.68903582302076,516.564
806,20,6,35.094563804657696,-137.93084817485348,516.216
807,20,7,28.764559632848734,-130.38754627435637,515.836
808,20,8,22.06721764219273,-123.73438194725202,515.566
809,20,9,15.128209898323338,-117.6973006832828,515.531
810,20,10,8.041678606118131,-112.05006612657041,515.83
811,20,11,0.8829764402131007,-106.60016256516886,516.518
812,20,12,-6.281708757961448,-101.17280545821751,517.604
813,20,13,-13.38727578738348,-95.59537543482266,519.044
814,20,14,-20.361879915886043,-89.68190693445233,520.75
815,20,15,-27.117915429627256,-83.21728997938618,522.589
816,20,16,-33.54025863637291,-75.94244866421643,524.402
817,20,17,-39.47089140212748,-67.54714896665193,526.015
818,20,18,-44.690880550782644,-57.69042784332566,527.26
819,20,19,-48.90789057076729,-46.0906731796634,527.984
820,20,20,-51.77294660681796,-32.731612049967595,528.072
821,20,21,-52.960675522348154,-18.12536350046934,527.456
822,20,22,-52.30724839992596,-3.3348983457534938,526.125
823,20,23,-49.90260175544751,10.482704545663355,524.125
824,20,24,-46.03761968528533,22.63102585251519,521.559
825,20,25,-41.06551176198826,32.99228280454655,518.58
826,20,26,-35.29948997032559,41.795880965410646,515.375
827,20,27,-28.980257006837736,49.379228265011534,512.153
828,20,28,-22.282739138810605,56.06646157569592,509.126
829,20,29,-15.333947148955168,62.13242770966511,506.491
830,20,30,-8.22935171394257,67.80467441911809,504.41
831,20,31,-1.0456352608628388,73.27713126515903,503.001
832,20,32,6.14958813997766,78.72603761894176,502.327
833,20,33,13.28967409169129,84.32561794581497,502.39
834,20,34,20.301004147361013,90.26372293852152,503.133
835,20,35,27.09390389960008,96.75793510326135,504.449
836,20,36,33.55063369372216,104.07055419473045,506.188
837,20,37,39.50983031058572,112.51577574493857,508.177
838,20,38,44.748199498297396,122.43828525035039,510.232
839,20,39,48.968252367557284,134.11998510857987,512.181
840,21,0,52.61939487518471,163.81222444959434,514.597
841,21,1,52.84632791035838,178.72142091708662,515.729
842,21,2,51.236462568270134,-166.83659123294095,516.432
843,21,3,48.006503675811544,-153.8302854682142,516.728
844,21,4,43.502984295617786,-142.63231326738338,516.682
845,21,5,38.06991032033114,-133.13630126431465,516.403
846,21,6,31.98499041141516,-125.02870279496943,516.021
847,21,7,25.453038036416434,-117.96809036311713,515.679
848,21,8,18.62146916819134,-111.6539561358447,515.512
849,21,9,11.598359597524285,-105.83759926509362,515.635
850,21,10,4.4670991039919565,-100.31161422652728,516.124
851,21,11,-2.7026238923040053,-94.89433847879089,517.013
852,21,12,-9.846111278224303,-89.41399276425858,518.284
853,21,13,-16.895926034772458,-83.693231221131,519.871
854,21,14,-23.773608925178895,-77.53351391061422,521.662
855,21,15,-30.379462239449868,-70.6993768912612,523.509
856,21,16,-36.57908834528704,-62.906028595439096,525.244
857,21,17,-42.186236521760634,-53.822249244631905,526.694
858,21,18,-46.94579578827607,-43.118933003871724,527.695
859,21,19,-50.53178170631617,-30.613911897805142,528.113
860,21,20,-52.592173156247625,-16.527725904542706,527.854
861,21,21,-52.86456793053691,-1.675226623907276,526.879
862,21,22,-51.308794271580574,12.753835506020035,525.204
863,21,23,-48.1304647790581,25.784449060229207,522.905
864,21,24,-43.668776892436085,37.02547194339864,520.11
865,21,25,-38.26497027774295,46.568250251714446,516.993
866,21,26,-32.19676042663141,54.71879353546612,513.753
867,21,27,-25.66993069351019,61.81644266809281,510.603
868,21,28,-18.833215277745488,68.16190014289893,507.748
869,21,29,-11.796017588141638,74.00503818538563,505.372
870,21,30,-4.6430439232378395,79.55462152753435,503.616
871,21,31,2.5546358911046316,84.99376754099313,502.571
872,21,32,9.730862081264092,90.49574446462687,502.269
873,21,33,16.816548991333157,96.23963985847328,502.682
874,21,34,23.731297610817958,102.426111019969,503.728
875,21,35,30.373140899373023,109.2934837398233,505.276
876,21,36,36.60471521505293,117.13014909536163,507.163
877,21,37,42.23595005363457,126.27142839369657,509.207
878,21,38,47.00688500021266,137.04900245111313,511.23
879,21,39,50.58638565363583,149.64142607289378,513.069
880,22,0,51.81646857220928,165.56786993423276,513.878
881,22,1,52.966959296384566,-179.7521101232199,515.215
882,22,2,52.26230234009269,-164.92624196360174,516.134
883,22,3,49.803567427576915,-151.116323461888,516.628
884,22,4,45.891258976655706,-139.0040211576242,516.742
885,22,5,40.883470145134496,-128.68904215231427,516.564
886,22,6,35.094563804657696,-119.930854504147,516.216
887,22,7,28.764559632848734,-112.38755943383909,515.836
888,22,8,22.06721764219273,-105.73438827654554,515.566
889,22,9,15.128209898323338,-99.69730701257635,515.531
890,22,10,8.041678606118131,-94.05007245586395,515.83
891,22,11,0.8829764402131007,-88.6001688944624,516.518
892,22,12,-6.281708757961448,-83.17281178751105,517.604
893,22,13,-13.38727578738348,-77.59538176411618,519.044
894,22,14,-20.361879915886043,-71.68191326374587,520.75
895,22,15,-27.117915429627256,-65.2172963086797,522.589
896,22,16,-33.54025863637291,-57.94245499350996,524.402
897,22,17,-39.47089140212748,-49.547155295945466,526.015
898,22,18,-44.690880550782644,-39.6904341726192,527.26
899,22,19,-48.90789057076729,-28.09068121650423,527.984
900,22,20,-51.77294660681796,-14.731618379261132,528.072
901,22,21,-52.960675522348154,-0.12536898932944351,527.456
902,22,22,-52.30724839992596,14.665095751839793,526.125
903,22,23,-49.90260175544751,28.48269821636982,524.125
904,22,24,-46.03761968528533,40.63101952322165,521.559
905,22,25,-41.06551176198826,50.99227647525301,518.58
906,22,26,-35.29948997032559,59.79587463611711,515.375
907,22,27,-28.980257006837736,67.379221935718,512.153
908,22,28,-22.282739138810605,74.06645524640238,509.126
909,22,29,-15.333947148955168,80.13242138037158,506.491
910,22,30,-8.22935171394257,85.80466808982456,504.41
911,22,31,-1.0456352608628388,91.27712493586549,503.001
912,22,32,6.14958813997766,96.72603128964822,502.327
913,22,33,13.28967409169129,102.32561161652144,502.39
914,22,34,20.301004147361013,108.263716609228,503.133
915,22,35,27.09390389960008,114.75792877396782,504.449
916,22,36,33.55063369372216,122.07054786543691,506.188
917,22,37,39.50983031058572,130.5157762458342,508.177
918,22,38,44.748199498297396,140.43827892105685,510.232
919,22,39,48.968252367557284,152.11997877928636,512.181
920,23,0,52.61939487518471,-178.1877645768552,514.597
921,23,1,52.84632791035838,-163.27858176974124,515.729
922,23,2,51.236462568270134,-148.83658390185616,516.432
923,23,3,48.006503675811544,-135.83027813712943,516.728
924,23,4,43.502984295617786,-124.63230593629856,516.682
925,23,5,38.06991032033114,-115.13629393322984,516.403
926,23,6,31.98499041141516,-107.0287022940738,516.021
927,23,7,25.453038036416434,-99.96807620184316,515.679
928,23,8,18.62146916819134,-93.65394880475989,515.512
929,23,9,11.598359597524285,-87.83759193400881,515.635
930,23,10,4.4670991039919565,-82.31160689544248,516.124
931,23,11,-2.7026238923040053,-76.89433114770608,517.013
932,23,12,-9.846111278224303,-71.41398543317378,518.284
933,23,13,-16.895926034772458,-65.6932238900462,519.871
934,23,14,-23.773608925178895,-59.53350657952941,521.662
935,23,15,-30.379462239449868,-52.699372975270975,523.509
936,23,16,-36.57908834528704,-44.906021264354294,525.244
937,23,17,-42.186236521760634,-35.8222419135471,526.694
938,23,18,-46.94579578827607,-25.11892567278692,527.695
939,23,19,-50.53178170631617,-12.613902859173045,528.113
940,23,20,-52.592173156247625,1.4722806794901582,527.854
941,23,21,-52.86456793053691,16.324780493734117,526.879
942,23,22,-51.308794271580574,30.753841983331192,525.204
943,23,23,-48.1304647790581,43.78445639131401,522.905
944,23,24,-43.668776892436085,55.025479274483445,520.11
945,23,25,-38.26497027774295,64.56825758279925,516.993
946,23,26,-32.19676042663141,72.71879745145634,513.753
947,23,27,-25.66993069351019,79.81644999917762,510.603
948,23,28,-18.833215277745488,86.16190747398373,507.748
949,23,29,-11.796017588141638,92.00504551647043,505.372
950,23,30,-4.6430439232378395,97.55462885861915,503.616
951,23,31,2.5546358911046316,102.99377487207794,502.571
952,23,32,9.730862081264092,108.49575179571167,502.269
953,23,33,16.816548991333157,114.23964718955808,502.682
954,23,34,23.731297610817958,120.42612518124298,503.728
955,23,35,30.373140899373023,127.29348424071894,505.276
956,23,36,36.60471521505293,135.13015642644643,507.163
957,23,37,42.23595005363457,144.27143572478138,509.207
958,23,38,47.00688500021266,155.04900978219794,511.23
959,23,39,50.58638565363583,167.6414334039786,513.069
960,24,0,51.81646857220928,-176.43211909221677,513.878
961,24,1,52.966959296384566,-161.75210279213508,515.215
962,24,2,52.26230234009269,-146.92623463251695,516.134
963,24,3,49.803567427576915,-133.1163161308032,516.628
964,24,4,45.891258976655706,-121.00401382653942,516.742
965,24,5,40.883470145134496,-110.68904165141865,516.564
966,24,6,35.094563804657696,-101.93084034287304,516.216
967,24,7,28.764559632848734,-94.38755210275428,515.836
968,24,8,22.06721764219273,-87.73438094546074,515.566
969,24,9,15.128209898323338,-81.69729968149154,515.531
970,24,10,8.041678606118131,-76.05006512477914,515.83
971,24,11,0.8829764402131007,-70.6001615633776,516.518
972,24,12,-6.281708757961448,-65.17280445642625,517.604
973,24,13,-13.38727578738348,-59.59537443303139,519.044
974,24,14,-20.361879915886043,-53.68190593266107,520.75
975,24,15,-27.117915429627256,-47.217292392689494,522.589
976,24,16,-33.54025863637291,-39.94244766242516,524.402
977,24,17,-39.47089140212748,-31.547147964860663,526.015
978,24,18,-44.690880550782644,-21.690428549081684,527.26
979,24,19,-48.90789057076729,-10.090673031645778,527.984
980,24,20,-51.77294660681796,3.268389378710495,528.072
981,24,21,-52.960675522348154,17.874637501321928,527.456
982,24,22,-52.30724839992596,32.665103082924595,526.125
983,24,23,-49.90260175544751,46.48270554745462,524.125
984,24,24,-46.03761968528533,58.631026854306455,521.559
985,24,25,-41.06551176198826,68.99228722143239,518.58
986,24,26,-35.29948997032559,77.79588196720191,515.375
987,24,27,-28.980257006837736,85.3792292668028,512.153
988,24,28,-22.282739138810605,92.06646257748719,509.126
989,24,29,-15.333947148955168,98.13242871145638,506.491
990,24,30,-8.22935171394257,103.80467542090936,504.41
991,24,31,-1.0456352608628388,109.27713226695029,503.001
992,24,32,6.14958813997766,114.7260454509222,502.327
993,24,33,13.28967409169129,120.32561211741707,502.39
994,24,34,20.301004147361013,126.2637239403128,503.133
995,24,35,27.09390389960008,132.7579361050526,504.449
996,24,36,33.55063369372216,140.07055519652172,506.188
997,24,37,39.50983031058572,148.515783576919,508.177
998,24,38,44.748199498297396,158.43828625214167,510.232
999,24,39,48.968252367557284,170.11998611037114,512.181
1000,25,0,52.61939487518471,-160.18777090614873,514.597
1001,25,1,52.84632791035838,-145.27858809903478,515.729
1002,25,2,51.236462568270134,-130.8365902311497,516.432
1003,25,3,48.006503675811544,-117.83028446642295,516.728
1004,25,4,43.502984295617786,-106.63230543540294,516.682
1005,25,5,38.06991032033114,-97.13629343233421,516.403
1006,25,6,31.98499041141516,-89.02870862336734,516.021
1007,25,7,25.453038036416434,-81.96808253113669,515.679
1008,25,8,18.62146916819134,-75.65395513405342,515.512
1009,25,9,11.598359597524285,-69.83759826330234,515.635
1010,25,10,4.4670991039919565,-64.31161322473602,516.124
1011,25,11,-2.7026238923040053,-58.89433747699962,517.013
1012,25,12,-9.846111278224303,-53.41399176246732,518.284
1013,25,13,-16.895926034772458,-47.69323363443432,519.871
1014,25,14,-23.773608925178895,-41.53351290882295,521.662
1015,25,15,-30.379462239449868,-34.699379304564516,523.509
1016,25,16,-36.57908834528704,-26.906025886100537,525.244
1017,25,17,-42.186236521760634,-17.822246535293345,526.694
1018,25,18,-46.94579578827607,-7.118932002080455,527.695
1019,25,19,-50.53178170631617,5.386090811533418,528.113
1020,25,20,-52.592173156247625,19.472275097248563,527.854
1021,25,21,-52.86456793053691,34.324774164440576,526.879
1022,25,22,-51.308794271580574,48.75383565403766,525.204
1023,25,23,-48.1304647790581,61.784450062020476,522.905
1024,25,24,-43.668776892436085,73.0254729451899,520.11
1025,25,25,-38.26497027774295,82.56825125350571,516.993
1026,25,26,-32.19676042663141,90.7187911221628,513.753
1027,25,27,-25.66993069351019,97.81644366988408,510.603
1028,25,28,-18.833215277745488,104.16190114469019,507.748
1029,25,29,-11.796017588141638,110.00503918717689,505.372
1030,25,30,-4.6430439232378395,115.55462935951478,503.616
1031,25,31,2.5546358911046316,120.9937685427844,502.571
1032,25,32,9.730862081264092,126.49574546641813,502.269
1033,25,33,16.816548991333157,132.23963403007536,502.682
1034,25,34,23.731297610817958,138.42611885194944,503.728
1035,25,35,30.373140899373023,145.2934779114254,505.276
1036,25,36,36.60471521505293,153.1301500971529,507.163
1037,25,37,42.23595005363457,162.27142939548784,509.207
1038,25,38,47.00688500021266,173.0490034529044,511.23
1039,25,39,50.58638565363583,-174.35858294322762,513.069
1040,26,0,51.81646857220928,-158.43211176113198,513.878
1041,26,1,52.966959296384566,-143.7520954610503,515.215
1042,26,2,52.26230234009269,-128.92622730143214,516.134
1043,26,3,49.803567427576915,-115.11630879971838,516.628
1044,26,4,45.891258976655706,-103.00400649545462,516.742
1045,26,5,40.883470145134496,-92.68903432033385,516.564
1046,26,6,35.094563804657696,-83.93083301178824,516.216
1047,26,7,28.764559632848734,-76.38754477166947,515.836
1048,26,8,22.06721764219273,-69.73437361437594,515.566
1049,26,9,15.128209898323338,-63.697292350406734,515.531
1050,26,10,8.041678606118131,-58.05005779369434,515.83
1051,26,11,0.8829764402131007,-52.60015764738737,516.518
1052,26,12,-6.281708757961448,-47.17280054043603,517.604
1053,26,13,-13.38727578738348,-41.595363686852,519.044
1054,26,14,-20.361879915886043,-35.681898601576265,520.75
1055,26,15,-27.117915429627256,-29.217285061604688,522.589
1056,26,16,-33.54025863637291,-21.94243862379306,524.402
1057,26,17,-39.47089140212748,-13.547139780002214,526.015
1058,26,18,-44.690880550782644,-3.6904203642232356,527.26
1059,26,19,-48.90789057076729,7.909334299439024,527.984
1060,26,20,-51.77294660681796,21.268396282908476,528.072
1061,26,21,-52.960675522348154,35.87464653995402,527.456
1062,26,22,-52.30724839992596,50.6651104140094,526.125
1063,26,23,-49.90260175544751,64.48270946344483,524.125
1064,26,24,-46.03761968528533,76.63103418539126,521.559
1065,26,25,-41.06551176198826,86.99229455251721,518.58
1066,26,26,-35.29948997032559,95.79588929828672,515.375
1067,26,27,-28.980257006837736,103.3792365978876,512.153
1068,26,28,-22.282739138810605,110.06646990857199,509.126
1069,26,29,-15.333947148955168,116.13243604254119,506.491
1070,26,30,-8.22935171394257,121.80468958218333,504.41
1071,26,31,-1.0456352608628388,127.27714642822427,503.001
1072,26,32,6.14958813997766,132.726052782007,502.327
1073,26,33,13.28967409169129,138.32561944850187,502.39
1074,26,34,20.301004147361013,144.2637312713976,503.133
1075,26,35,27.09390389960008,150.75794343613742,504.449
1076,26,36,33.55063369372216,158.0705625276065,506.188
1077,26,37,39.50983031058572,166.5157909080038,508.177
1078,26,38,44.748199498297396,176.43829358322645,510.232
1079,26,39,48.968252367557284,-171.88000291607838,512.181
1080,27,0,52.61939487518471,-142.18777723544227,514.597
1081,27,1,52.84632791035838,-127.2785944283283,515.729
1082,27,2,51.236462568270134,-112.8366033906324,516.432
1083,27,3,48.006503675811544,-99.8302907957165,516.728
1084,27,4,43.502984295617786,-88.63231176469647,516.682
1085,27,5,38.06991032033114,-79.13629976162774,516.403
1086,27,6,31.98499041141516,-71.02871495266088,516.021
1087,27,7,25.453038036416434,-63.96808886043023,515.679
1088,27,8,18.62146916819134,-57.65396146334696,515.512
1089,27,9,11.598359597524285,-51.8376011775013,515.635
1090,27,10,4.4670991039919565,-46.311622969124144,516.124
1091,27,11,-2.7026238923040053,-40.89434380629315,517.013
1092,27,12,-9.846111278224303,-35.41399809176085,518.284
1093,27,13,-16.895926034772458,-29.69323996372786,519.871
1094,27,14,-23.773608925178895,-23.533519238116483,521.662
1095,27,15,-30.379462239449868,-16.69938392631076,523.509
1096,27,16,-36.57908834528704,-8.90603306916772,525.244
1097,27,17,-42.186236521760634,0.17774709539247965,526.694
1098,27,18,-46.94579578827607,10.881061668626009,527.695
1099,27,19,-50.53178170631617,23.38608448223988,528.113
1100,27,20,-52.592173156247625,37.47226876795502,527.854
1101,27,21,-52.86456793053691,52.32476783514704,526.879
1102,27,22,-51.308794271580574,66.75382932474412,525.204
1103,27,23,-48.1304647790581,79.78444373272694,522.905
1104,27,24,-43.668776892436085,91.02546661589638,520.11
1105,27,25,-38.26497027774295,100.56824492421218,516.993
1106,27,26,-32.19676042663141,108.71878479286926,513.753
1107,27,27,-25.66993069351019,115.81643051040137,510.603
1108,27,28,-18.833215277745488,122.16189481539666,507.748
1109,27,29,-11.796017588141638,128.00502602769419,505.372
1110,27,30,-4.6430439232378395,133.55462303022125,503.616
1111,27,31,2.5546358911046316,138.99376221349087,502.571
1112,27,32,9.730862081264092,144.4957391371246,502.269
1113,27,33,16.816548991333157,150.23962770078182,502.682
1114,27,34,23.731297610817958,156.4261125226559,503.728
1115,27,35,30.373140899373023,163.29347158213187,505.276
1116,27,36,36.60471521505293,171.13014376785935,507.163
1117,27,37,42.23595005363457,-179.72857329134004,509.207
1118,27,38,47.00688500021266,-168.95099923392345,511.23
1119,27,39,50.58638565363583,-156.35858927252116,513.069
1120,28,0,51.81646857220928,-140.43213175080385,513.878
1121,28,1,52.966959296384566,-125.75211545072216,515.215
1122,28,2,52.26230234009269,-110.92624046091485,516.134
1123,28,3,49.803567427576915,-97.11633561957943,516.628
1124,28,4,45.891258976655706,-85.00402648512649,516.742
1125,28,5,40.883470145134496,-74.68905431000573,516.564
1126,28,6,35.094563804657696,-65.93085300146011,516.216
1127,28,7,28.764559632848734,-58.38756476134135,515.836
1128,28,8,22.06721764219273,-51.734390188953235,515.566
1129,28,9,15.128209898323338,-45.69730892498403,515.531
1130,28,10,8.041678606118131,-40.05007778336622,515.83
1131,28,11,0.8829764402131007,-34.60017763705925,516.518
1132,28,12,-6.281708757961448,-29.172820530107906,517.604
1133,28,13,-13.38727578738348,-23.595385384071168,519.044
1134,28,14,-20.361879915886043,-17.681918591248138,520.75
1135,28,15,-27.117915429627256,-11.21730419750292,522.589
1136,28,16,-33.54025863637291,-3.9424590403517605,524.402
1137,28,17,-39.47089140212748,4.452840657212732,526.015
1138,28,18,-44.690880550782644,14.309559646104887,527.26
1139,28,19,-48.90789057076729,25.9093134559935,527.984
1140,28,20,-51.77294660681796,39.2683762932366,528.072
1141,28,21,-52.960675522348154,53.874626550282144,527.456
1142,28,22,-52.30724839992596,68.66508700924294,526.125
1143,28,23,-49.90260175544751,82.48268947377296,524.125
1144,28,24,-46.03761968528533,94.63101419571939,521.559
1145,28,25,-41.06551176198826,104.99227456284532,518.58
1146,28,26,-35.29948997032559,113.79586930861484,515.375
1147,28,27,-28.980257006837736,121.37920977802656,512.153
1148,28,28,-22.282739138810605,128.06644308871094,509.126
1149,28,29,-15.333947148955168,134.1324160528693,506.491
1150,28,30,-8.22935171394257,139.80466959251146,504.41
1151,28,31,-1.0456352608628388,145.2771264385524,503.001
1152,28,32,6.14958813997766,150.72603279233513,502.327
1153,28,33,13.28967409169129,156.32559945883,502.39
1154,28,34,20.301004147361013,162.26371128172573,503.133
1155,28,35,27.09390389960008,168.75792344646555,504.449
1156,28,36,33.55063369372216,176.07054253793464,506.188
1157,28,37,39.50983031058572,-175.48423909958075,508.177
1158,28,38,44.748199498297396,-165.56172276397973,510.232
1159,28,39,48.968252367557284,-153.88002290575025,512.181
1160,29,0,52.61939487518471,-124.18776990435747,514.597
1161,29,1,52.84632791035838,-109.27858026705434,515.729
1162,29,2,51.236462568270134,-94.8365960595476,516.432
1163,29,3,48.006503675811544,-81.83028346463169,516.728
1164,29,4,43.502984295617786,-70.63230443361167,516.682
1165,29,5,38.06991032033114,-61.136292430542944,516.403
1166,29,6,31.98499041141516,-53.02870420648148,516.021
1167,29,7,25.453038036416434,-45.968081529345426,515.679
1168,29,8,18.62146916819134,-39.65395413226216,515.512
1169,29,9,11.598359597524285,-33.837593846416496,515.635
1170,29,10,4.4670991039919565,-28.311613930492047,516.124
1171,29,11,-2.7026238923040053,-22.894334767661057,517.013
1172,29,12,-9.846111278224303,-17.413989053128756,518.284
1173,29,13,-16.895926034772458,-11.693231778869409,519.871
1174,29,14,-23.773608925178895,-5.53351190703168,521.662
1175,29,15,-30.379462239449868,1.3006226577221052,523.509
1176,29,16,-36.57908834528704,9.093974261917083,525.244
1177,29,17,-42.186236521760634,18.177754466497923,526.694
1178,29,18,-46.94579578827607,28.881068999710813,527.695
1179,29,19,-50.53178170631617,41.38609010577739,528.113
1180,29,20,-52.592173156247625,55.47227609903983,527.854
1181,29,21,-52.86456793053691,70.32477516623184,526.879
1182,29,22,-51.308794271580574,84.75383665582892,525.204
1183,29,23,-48.1304647790581,97.78445106381174,522.905
1184,29,24,-43.668776892436085,109.02547394698118,520.11
1185,29,25,-38.26497027774295,118.5682454251078,516.993
1186,29,26,-32.19676042663141,126.71879212395406,513.753
1187,29,27,-25.66993069351019,133.81643784148616,510.603
1188,29,28,-18.833215277745488,140.16190214648145,507.748
1189,29,29,-11.796017588141638,146.005033358779,505.372
1190,29,30,-4.6430439232378395,151.55463036130604,503.616
1191,29,31,2.5546358911046316,156.99376954457566,502.571
1192,29,32,9.730862081264092,162.4957464682094,502.269
1193,29,33,16.816548991333157,168.23963503186664,502.682
1194,29,34,23.731297610817958,174.42611985374072,503.728
1195,29,35,30.373140899373023,-178.70651744431765,505.276
1196,29,36,36.60471521505293,-170.86984525859017,507.163
1197,29,37,42.23595005363457,-161.72856596025522,509.207
1198,29,38,47.00688500021266,-150.95099190283867,511.23
1199,29,39,50.58638565363583,-138.35858194143634,513.069
1200,30,0,51.81646857220928,-122.43212441971905,513.878
1201,30,1,52.966959296384566,-107.75210128944819,515.215
1202,30,2,52.26230234009269,-92.92623312983005,516.134
1203,30,3,49.803567427576915,-79.11632828849463,516.628
1204,30,4,45.891258976655706,-67.00401915404169,516.742
1205,30,5,40.883470145134496,-56.68904356382634,516.564
1206,30,6,35.094563804657696,-47.930849085469895,516.216
1207,30,7,28.764559632848734,-40.38755401516196,515.836
1208,30,8,22.06721764219273,-33.73438285786843,515.566
1209,30,9,15.128209898323338,-27.697303301446514,515.531
1210,30,10,8.041678606118131,-22.050070452281414,515.83
1211,30,11,0.8829764402131007,-16.600168598427153,516.518
1212,30,12,-6.281708757961448,-11.172813199023103,517.604
1213,30,13,-13.38727578738348,-5.59537762609954,519.044
1214,30,14,-20.361879915886043,0.31808857975410515,520.75
1215,30,15,-27.117915429627256,6.78270270669506,522.589
1216,30,16,-33.54025863637291,14.057547863846219,524.402
1217,30,17,-39.47089140212748,22.45284841518436,526.015
1218,30,18,-44.690880550782644,32.30956783096334,527.26
1219,30,19,-48.90789057076729,43.9093224946256,527.984
1220,30,20,-51.77294660681796,57.2683836243214,528.072
1221,30,21,-52.960675522348154,71.87463388136695,527.456
1222,30,22,-52.30724839992596,86.66509434032774,526.125
1223,30,23,-49.90260175544751,100.48269680485777,524.125
1224,30,24,-46.03761968528533,112.63102152680419,521.559
1225,30,25,-41.06551176198826,122.99228189393013,518.58
1226,30,26,-35.29948997032559,131.79587663969966,515.375
1227,30,27,-28.980257006837736,139.37921710911135,512.153
1228,30,28,-22.282739138810605,146.06645041979576,509.126
1229,30,29,-15.333947148955168,152.13242338395412,506.491
1230,30,30,-8.22935171394257,157.80467692359625,504.41
1231,30,31,-1.0456352608628388,163.2771337696372,503.001
1232,30,32,6.14958813997766,168.72604012341992,502.327
1233,30,33,13.28967409169129,174.3256067899148,502.39
1234,30,34,20.301004147361013,-179.7362777447238,503.133
1235,30,35,27.09390389960008,-173.24206557998397,504.449
1236,30,36,33.55063369372216,-165.92944648851488,506.188
1237,30,37,39.50983031058572,-157.48423176849593,508.177
1238,30,38,44.748199498297396,-147.56171543289494,510.232
1239,30,39,48.968252367557284,-135.88001557466544,512.181
1240,31,0,52.61939487518471,-106.18776257327265,514.597
1241,31,1,52.84632791035838,-91.27857293596954,515.729
1242,31,2,51.236462568270134,-76.83658872846279,516.432
1243,31,3,48.006503675811544,-63.83027613354688,516.728
1244,31,4,43.502984295617786,-52.63230051762145,516.682
1245,31,5,38.06991032033114,-43.13628509945814,516.403
1246,31,6,31.98499041141516,-35.028696875396676,516.021
1247,31,7,25.453038036416434,-27.968074198260624,515.679
1248,31,8,18.62146916819134,-21.653946801177355,515.512
1249,31,9,11.598359597524285,-15.837586515331692,515.635
1250,31,10,4.4670991039919565,-10.311607453180889,516.124
1251,31,11,-2.7026238923040053,-4.8943282903499,517.013
1252,31,12,-9.846111278224303,0.5860176376258118,518.284
1253,31,13,-16.895926034772458,6.306775552215395,519.871
1254,31,14,-23.773608925178895,12.466495424053123,521.662
1255,31,15,-30.379462239449868,19.30063073585885,523.509
1256,31,16,-36.57908834528704,27.093982446775534,525.244
1257,31,17,-42.186236521760634,36.177760090035434,526.694
1258,31,18,-46.94579578827607,46.881076330795615,527.695
1259,31,19,-50.53178170631617,59.386097436862194,528.113
1260,31,20,-52.592173156247625,73.47228343012463,527.854
1261,31,21,-52.86456793053691,88.32478249731665,526.879
1262,31,22,-51.308794271580574,102.75384398691372,525.204
1263,31,23,-48.1304647790581,115.78445156470737,522.905
1264,31,24,-43.668776892436085,127.02548127806598,520.11
1265,31,25,-38.26497027774295,136.5682527561926,516.993
1266,31,26,-32.19676042663141,144.71879945503886,513.753
1267,31,27,-25.66993069351019,151.81644517257098,510.603
1268,31,28,-18.833215277745488,158.16190947756627,507.748
1269,31,29,-11.796017588141638,164.0050406898638,505.372
1270,31,30,-4.6430439232378395,169.55463769239086,503.616
1271,31,31,2.5546358911046316,174.99377687566047,502.571
1272,31,32,9.730862081264092,-179.50424255824012,502.269
1273,31,33,16.816548991333157,-173.76035399458289,502.682
1274,31,34,23.731297610817958,-167.57388283308717,503.728
1275,31,35,30.373140899373023,-160.70651011323287,505.276
1276,31,36,36.60471521505293,-152.86983792750536,507.163
1277,31,37,42.23595005363457,-143.7285586291704,509.207
1278,31,38,47.00688500021266,-132.95098457175385,511.23
1279,31,39,50.58638565363583,-120.35857461035155,513.069
1280,32,0,51.81646857220928,-104.43212391882341,513.878
1281,32,1,52.966959296384566,-89.75209395836339,515.215
1282,32,2,52.26230234009269,-74.92622579874525,516.134
1283,32,3,49.803567427576915,-61.116320957409826,516.628
1284,32,4,45.891258976655706,-49.004015238051466,516.742
1285,32,5,40.883470145134496,-38.68903623274153,516.564
1286,32,6,35.094563804657696,-29.930841754385092,516.216
1287,32,7,28.764559632848734,-22.387546684077158,515.836
1288,32,8,22.06721764219273,-15.734375526783628,515.566
1289,32,9,15.128209898323338,-9.697295116588064,515.531
1290,32,10,8.041678606118131,-4.050063548083434,515.83
1291,32,11,0.8829764402131007,1.399838092327416,516.518
1292,32,12,-6.281708757961448,6.827194132061701,517.604
1293,32,13,-13.38727578738348,12.40462927809844,519.044
1294,32,14,-20.361879915886043,18.318096070921467,520.75
1295,32,15,-27.117915429627256,24.78270961089304,522.589
1296,32,16,-33.54025863637291,32.05755434115738,524.402
1297,32,17,-39.47089140212748,40.45285403872187,526.015
1298,32,18,-44.690880550782644,50.30957516204814,527.26
1299,32,19,-48.90789057076729,61.90932641061582,527.984
1300,32,20,-51.77294660681796,75.2683909554062,528.072
1301,32,21,-52.960675522348154,89.87464121245175,527.456
1302,32,22,-52.30724839992596,104.66510167141254,526.125
1303,32,23,-49.90260175544751,118.48270413594257,524.125
1304,32,24,-46.03761968528533,130.631028857889,521.559
1305,32,25,-41.06551176198826,140.99228922501493,518.58
1306,32,26,-35.29948997032559,149.79588397078444,515.375
1307,32,27,-28.980257006837736,157.37922444019617,512.153
1308,32,28,-22.282739138810605,164.06645775088055,509.126
1309,32,29,-15.333947148955168,170.1324307150389,506.491
1310,32,30,-8.22935171394257,175.80468425468106,504.41
1311,32,31,-1.0456352608628388,-178.72286891719068,503.001
1312,32,32,6.14958813997766,-173.27396256340793,502.327
1313,32,33,13.28967409169129,-167.6743822365347,502.39
1314,32,34,20.301004147361013,-161.736270413639,503.133
1315,32,35,27.09390389960008,-155.24205824889918,504.449
1316,32,36,33.55063369372216,-147.9294391574301,506.188
1317,32,37,39.50983031058572,-139.48422443741114,508.177
1318,32,38,44.748199498297396,-129.56170810181013,510.232
1319,32,39,48.968252367557284,-117.88000824358065,512.181
1320,33,0,52.61939487518471,-88.18775524218785,514.597
1321,33,1,52.84632791035838,-73.27856560488473,515.729
1322,33,2,51.236462568270134,-58.83658139737799,516.432
1323,33,3,48.006503675811544,-45.83026880246208,516.728
1324,33,4,43.502984295617786,-34.63229318653665,516.682
1325,33,5,38.06991032033114,-25.136277768373336,516.403
1326,33,6,31.98499041141516,-17.028689544311874,516.021
1327,33,7,25.453038036416434,-9.96806686717582,515.679
1328,33,8,18.62146916819134,-3.653938616318905,515.512
1329,33,9,11.598359597524285,2.162420388866289,515.635
1330,33,10,4.4670991039919565,7.688399877903914,516.124
1331,33,11,-2.7026238923040053,13.105679040734902,517.013
1332,33,12,-9.846111278224303,18.58602560904085,518.284
1333,33,13,-16.895926034772458,24.306782029526552,519.871
1334,33,14,-23.773608925178895,30.466502755137927,521.662
1335,33,15,-30.379462239449868,37.30063635939636,523.509
1336,33,16,-36.57908834528704,45.093988070313046,525.244
1337,33,17,-42.186236521760634,54.17776742112024,526.694
1338,33,18,-46.94579578827607,64.88108024678583,527.695
1339,33,19,-50.53178170631617,77.386104767947,528.113
1340,33,20,-52.592173156247625,91.47229076120944,527.854
1341,33,21,-52.86456793053691,106.32478982840145,526.879
1342,33,22,-51.308794271580574,120.75385131799852,525.204
1343,33,23,-48.1304647790581,133.78445889579217,522.905
1344,33,24,-43.668776892436085,145.02548860915078,520.11
1345,33,25,-38.26497027774295,154.56826008727742,516.993
1346,33,26,-32.19676042663141,162.71880678612368,513.753
1347,33,27,-25.66993069351019,169.8164525036558,510.603
1348,33,28,-18.833215277745488,176.16191680865106,507.748
1349,33,29,-11.796017588141638,-177.99494833658574,505.372
1350,33,30,-4.6430439232378395,-172.445364994437,503.616
1351,33,31,2.5546358911046316,-167.00621215078905,502.571
1352,33,32,9.730862081264092,-161.50423522715533,502.269
1353,33,33,16.816548991333157,-155.76034666349807,502.682
1354,33,34,23.731297610817958,-149.57387550200235,503.728
1355,33,35,30.373140899373023,-142.70650278214805,505.276
1356,33,36,36.60471521505293,-134.86983059642057,507.163
1357,33,37,42.23595005363457,-125.72855129808562,509.207
1358,33,38,47.00688500021266,-114.95097724066906,511.23
1359,33,39,50.58638565363583,-102.35856044907757,513.069
1360,34,0,51.81646857220928,-86.43214390849529,513.878
1361,34,1,52.966959296384566,-71.75211394803526,515.215
1362,34,2,52.26230234009269,-56.92624920351171,516.134
1363,34,3,49.803567427576915,-43.1163409470817,516.628
1364,34,4,45.891258976655706,-31.004035227723346,516.742
1365,34,5,40.883470145134496,-20.68905622241341,516.564
1366,34,6,35.094563804657696,-11.930860036509676,516.216
1367,34,7,28.764559632848734,-4.387567100635859,515.836
1368,34,8,22.06721764219273,2.2656044835444944,515.566
1369,34,9,15.128209898323338,8.302684893740059,515.531
1370,34,10,8.041678606118131,13.949916035357866,515.83
1371,34,11,0.8829764402131007,19.399818742985776,516.518
1372,34,12,-6.281708757961448,24.827174142389822,517.604
1373,34,13,-13.38727578738348,30.404610995973854,519.044
1374,34,14,-20.361879915886043,36.31807608124959,520.75
1375,34,15,-27.117915429627256,42.78268962122117,522.589
1376,34,16,-33.54025863637291,50.0575343514855,524.402
1377,34,17,-39.47089140212748,58.45283404904999,526.015
1378,34,18,-44.690880550782644,68.30955517237626,527.26
1379,34,19,-48.90789057076729,79.90930642094393,527.984
1380,34,20,-51.77294660681796,93.26837096573433,528.072
1381,34,21,-52.960675522348154,107.87462122277988,527.456
1382,34,22,-52.30724839992596,122.66508851192984,526.125
1383,34,23,-49.90260175544751,136.48268414627069,524.125
1384,34,24,-46.03761968528533,148.63100886821712,521.559
1385,34,25,-41.06551176198826,158.99226923534306,518.58
1386,34,26,-35.29948997032559,167.79586398111257,515.375
1387,34,27,-28.980257006837736,175.3792044505243,512.153
1388,34,28,-22.282739138810605,-177.93355859632567,509.126
1389,34,29,-15.333947148955168,-171.8675856321673,506.491
1390,34,30,-8.22935171394257,-166.19534575290348,504.41
1391,34,31,-1.0456352608628388,-160.72288890686255,503.001
1392,34,32,6.14958813997766,-155.2739825530798,502.327
1393,34,33,13.28967409169129,-149.6744022262066,502.39
1394,34,34,20.301004147361013,-143.73629040331087,503.133
1395,34,35,27.09390389960008,-137.24207823857105,504.449
1396,34,36,33.55063369372216,-129.92945914710197,506.188
1397,34,37,39.50983031058572,-121.48424442708301,508.177
1398,34,38,44.748199498297396,-111.56173492167117,510.232
1399,34,39,48.968252367557284,-99.8800350634417,512.181
1400,35,0,52.61939487518471,-70.18777523185973,514.597
1401,35,1,52.84632791035838,-55.27858559455661,515.729
1402,35,2,51.236462568270134,-40.83660138704987,516.432
1403,35,3,48.006503675811544,-27.830288792133956,516.728
1404,35,4,43.502984295617786,-16.632311468661232,516.682
1405,35,5,38.06991032033114,-7.136298611818859,516.403
1406,35,6,31.98499041141516,0.9712898256860135,516.021
1407,35,7,25.453038036416434,8.031913143152304,515.679
1408,35,8,18.62146916819134,14.346040540235572,515.512
1409,35,9,11.598359597524285,20.162400826081235,515.635
1410,35,10,4.4670991039919565,25.688380742005684,516.124
1411,35,11,-2.7026238923040053,31.10565819728938,517.013
1412,35,12,-9.846111278224303,36.58600391182168,518.284
1413,35,13,-16.895926034772458,42.306762039854675,519.871
1414,35,14,-23.773608925178895,48.46648276546605,521.662
1415,35,15,-30.379462239449868,55.30061636972448,523.509
1416,35,16,-36.57908834528704,63.09396808064117,525.244
1417,35,17,-42.186236521760634,72.17775084654295,526.694
1418,35,18,-46.94579578827607,82.88106025711396,527.695
1419,35,19,-50.53178170631617,95.38608477827512,528.113
1420,35,20,-52.592173156247625,109.47227077153755,527.854
1421,35,21,-52.86456793053691,124.32476983872958,526.879
1422,35,22,-51.308794271580574,138.75383132832664,525.204
1423,35,23,-48.1304647790581,151.7844389061203,522.905
1424,35,24,-43.668776892436085,163.02546861947891,520.11
1425,35,25,-38.26497027774295,172.56824009760555,516.993
1426,35,26,-32.19676042663141,-179.28120956108253,513.753
1427,35,27,-25.66993069351019,-172.18356384355042,510.603
1428,35,28,-18.833215277745488,-165.83809953855513,507.748
1429,35,29,-11.796017588141638,-159.9949683262576,505.372
1430,35,30,-4.6430439232378395,-154.4453849841089,503.616
1431,35,31,2.5546358911046316,-149.00623214046092,502.571
1432,35,32,9.730862081264092,-143.5042552168272,502.269
1433,35,33,16.816548991333157,-137.76036665316997,502.682
1434,35,34,23.731297610817958,-131.57389549167422,503.728
1435,35,35,30.373140899373023,-124.70652277181993,505.276
1436,35,36,36.60471521505293,-116.86985058609244,507.163
1437,35,37,42.23595005363457,-107.72857811794667,509.207
1438,35,38,47.00688500021266,-96.95099723034093,511.23
1439,35,39,50.58638565363583,-84.35858043874946,513.069
1440,36,0,51.81646857220928,-68.43213657741049,513.878
1441,36,1,52.966959296384566,-53.752106616950456,515.215
1442,36,2,52.26230234009269,-38.92624187242691,516.134
1443,36,3,49.803567427576915,-25.116333615996897,516.628
1444,36,4,45.891258976655706,-13.004027896638542,516.742
1445,36,5,40.883470145134496,-2.689049318215428,516.564
1446,36,6,35.094563804657696,6.069147294575128,516.216
1447,36,7,28.764559632848734,13.612440657335767,515.836
1448,36,8,22.06721764219273,20.2656118146293,515.566
1449,36,9,15.128209898323338,26.302691371051214,515.531
1450,36,10,8.041678606118131,31.949924220216317,515.83
1451,36,11,0.8829764402131007,37.39982436652328,516.518
1452,36,12,-6.281708757961448,42.827181473474624,517.604
1453,36,13,-13.38727578738348,48.40461832705866,519.044
1454,36,14,-20.361879915886043,54.318083412334396,520.75
1455,36,15,-27.117915429627256,60.78270036740055,522.589
1456,36,16,-33.54025863637291,68.0575416825703,524.402
1457,36,17,-39.47089140212748,76.4528413801348,526.015
1458,36,18,-44.690880550782644,86.30956250346107,527.26
1459,36,19,-48.90789057076729,97.90931375202874,527.984
1460,36,20,-51.77294660681796,111.26837829681914,528.072
1461,36,21,-52.960675522348154,125.8746217236755,527.456
1462,36,22,-52.30724839992596,140.66509584301465,526.125
1463,36,23,-49.90260175544751,154.4826914773555,524.125
1464,36,24,-46.03761968528533,166.6310161993019,521.559
1465,36,25,-41.06551176198826,176.99227656642785,518.58
1466,36,26,-35.29948997032559,-174.20412504533695,515.375
1467,36,27,-28.980257006837736,-166.62078457592523,512.153
1468,36,28,-22.282739138810605,-159.93355126524085,509.126
1469,36,29,-15.333947148955168,-153.8675783010825,506.491
1470,36,30,-8.22935171394257,-148.1953384218187,504.41
1471,36,31,-1.0456352608628388,-142.72288157577773,503.001
1472,36,32,6.14958813997766,-137.27397522199502,502.327
1473,36,33,13.28967409169129,-131.6743948951218,502.39
1474,36,34,20.301004147361013,-125.73628307222607,503.133
1475,36,35,27.09390389960008,-119.24207090748625,504.449
1476,36,36,33.55063369372216,-111.92945181601715,506.188
1477,36,37,39.50983031058572,-103.48423026580905,508.177
1478,36,38,44.748199498297396,-93.56172759058637,510.232
1479,36,39,48.968252367557284,-81.8800277323569,512.181
1480,37,0,52.61939487518471,-52.18776790077493,514.597
1481,37,1,52.84632791035838,-37.2785782634718,515.729
1482,37,2,51.236462568270134,-22.83659234841777,516.432
1483,37,3,48.006503675811544,-9.830281461049152,516.728
1484,37,4,43.502984295617786,1.3676950086499244,516.682
1485,37,5,38.06991032033114,10.863708719265945,516.403
1486,37,6,31.98499041141516,18.97129779710105,516.021
1487,37,7,25.453038036416434,26.031920474237108,515.679
1488,37,8,18.62146916819134,32.34604787132037,515.512
1489,37,9,11.598359597524285,38.16240815716604,515.635
1490,37,10,4.4670991039919565,43.688386365543195,516.124
1491,37,11,-2.7026238923040053,49.10566552837418,517.013
1492,37,12,-9.846111278224303,54.58601124290649,518.284
1493,37,13,-16.895926034772458,60.30677278603407,519.871
1494,37,14,-23.773608925178895,66.46649009655086,521.662
1495,37,15,-30.379462239449868,73.30062711590386,523.509
1496,37,16,-36.57908834528704,81.09397541172596,525.244
1497,37,17,-42.186236521760634,90.17775817762775,526.694
1498,37,18,-46.94579578827607,100.88106758819876,527.695
1499,37,19,-50.53178170631617,113.38609210935992,528.113
1500,37,20,-52.592173156247625,127.47227127243319,527.854
1501,37,21,-52.86456793053691,142.32477716981438,526.879
1502,37,22,-51.308794271580574,156.75383865941146,525.204
1503,37,23,-48.1304647790581,169.78444623720512,522.905
1504,37,24,-43.668776892436085,-178.9745204069706,520.11
1505,37,25,-38.26497027774295,-169.43174892884397,516.993
1506,37,26,-32.19676042663141,-161.28120222999772,513.753
1507,37,27,-25.66993069351019,-154.18355651246563,510.603
1508,37,28,-18.833215277745488,-147.83809220747034,507.748
1509,37,29,-11.796017588141638,-141.99496099517282,505.372
1510,37,30,-4.6430439232378395,-136.44537765302408,503.616
1511,37,31,2.5546358911046316,-131.00622480937614,502.571
1512,37,32,9.730862081264092,-125.5042478857424,502.269
1513,37,33,16.816548991333157,-119.76035932208515,502.682
1514,37,34,23.731297610817958,-113.57388133040025,503.728
1515,37,35,30.373140899373023,-106.70651544073513,505.276
1516,37,36,36.60471521505293,-98.86984325500764,507.163
1517,37,37,42.23595005363457,-89.72857078686187,509.207
1518,37,38,47.00688500021266,-78.95098989925613,511.23
1519,37,39,50.58638565363583,-66.35857310766465,513.069
1520,38,0,51.81646857220928,-50.4321258312311,513.878
1521,38,1,52.966959296384566,-35.752099285865654,515.215
1522,38,2,52.26230234009269,-20.9262345413421,516.134
1523,38,3,49.803567427576915,-7.116326284912095,516.628
1524,38,4,45.891258976655706,4.995979434446261,516.742
1525,38,5,40.883470145134496,15.310958439756199,516.564
1526,38,6,35.094563804657696,24.06915462565993,516.216
1527,38,7,28.764559632848734,31.61244798842057,515.836
1528,38,8,22.06721764219273,38.265619145714105,515.566
1529,38,9,15.128209898323338,44.30270040968331,515.531
1530,38,10,8.041678606118131,49.94993155130112,515.83
1531,38,11,0.8829764402131007,55.399831697608086,516.518
1532,38,12,-6.281708757961448,60.827192219654016,517.604
1533,38,13,-13.38727578738348,66.40462224304888,519.044
1534,38,14,-20.361879915886043,72.31809074341919,520.75
1535,38,15,-27.117915429627256,78.78270769848535,522.589
1536,38,16,-33.54025863637291,86.0575490136551,524.402
1537,38,17,-39.47089140212748,94.4528487112196,526.015
1538,38,18,-44.690880550782644,104.30956983454587,527.26
1539,38,19,-48.90789057076729,115.90932108311354,527.984
1540,38,20,-51.77294660681796,129.2683924580931,528.072
1541,38,21,-52.960675522348154,143.8746290547603,527.456
1542,38,22,-52.30724839992596,158.66510317409944,526.125
1543,38,23,-49.90260175544751,172.4826988084403,524.125
1544,38,24,-46.03761968528533,-175.36897282714762,521.559
1545,38,25,-41.06551176198826,-165.0077261204,518.58
1546,38,26,-35.29948997032559,-156.20411771425216,515.375
1547,38,27,-28.980257006837736,-148.62077724484044,512.153
1548,38,28,-22.282739138810605,-141.93354393415606,509.126
1549,38,29,-15.333947148955168,-135.86757096999767,506.491
1550,38,30,-8.22935171394257,-130.19533109073387,504.41
1551,38,31,-1.0456352608628388,-124.72287424469295,503.001
1552,38,32,6.14958813997766,-119.27396789091021,502.327
1553,38,33,13.28967409169129,-113.67438756403699,502.39
1554,38,34,20.301004147361013,-107.73628257133043,503.133
1555,38,35,27.09390389960008,-101.24206357640145,504.449
1556,38,36,33.55063369372216,-93.92944448493235,506.188
1557,38,37,39.50983031058572,-85.48422293472423,508.177
1558,38,38,44.748199498297396,-75.56172025950157,510.232
1559,38,39,48.968252367557284,-63.880020401272084,512.181
1560,39,0,52.61939487518471,-34.18776056969013,514.597
1561,39,1,52.84632791035838,-19.278570932387,515.729
1562,39,2,51.236462568270134,-4.83658544421979,516.432
1563,39,3,48.006503675811544,8.169725870035652,516.728
1564,39,4,43.502984295617786,19.367703193508373,516.682
1565,39,5,38.06991032033114,28.863716904124395,516.403
1566,39,6,31.98499041141516,36.971305128185854,516.021
1567,39,7,25.453038036416434,44.031927805321914,515.679
1568,39,8,18.62146916819134,50.34605520240518,515.512
1569,39,9,11.598359597524285,56.16241548825084,515.635
1570,39,10,4.4670991039919565,61.68839711172258,516.124
1571,39,11,-2.7026238923040053,67.10567285945899,517.013
1572,39,12,-9.846111278224303,72.58601857399128,518.284
1573,39,13,-16.895926034772458,78.30678011711886,519.871
1574,39,14,-23.773608925178895,84.46649742763566,521.662
1575,39,15,-30.379462239449868,91.30063444698868,523.509
1576,39,16,-36.57908834528704,99.09398274281078,525.244
1577,39,17,-42.186236521760634,108.17776550871255,526.694
1578,39,18,-46.94579578827607,118.88108174947273,527.695
1579,39,19,-50.53178170631617,131.3861062706339,528.113
1580,39,20,-52.592173156247625,145.472278603518,527.854
1581,39,21,-52.86456793053691,160.32478450089917,526.879
1582,39,22,-51.308794271580574,174.75384599049627,525.204
1583,39,23,-48.1304647790581,-172.2155427892444,522.905
1584,39,24,-43.668776892436085,-160.97451307588582,520.11
1585,39,25,-38.26497027774295,-151.43174159775918,516.993
1586,39,26,-32.19676042663141,-143.28119489891293,513.753
1587,39,27,-25.66993069351019,-136.1835491813808,510.603
1588,39,28,-18.833215277745488,-129.83808487638552,507.748
1589,39,29,-11.796017588141638,-123.994953664088,505.372
1590,39,30,-4.6430439232378395,-118.44537032193928,503.616
1591,39,31,2.5546358911046316,-113.0062243084805,502.571
1592,39,32,9.730862081264092,-107.5042405546576,502.269
1593,39,33,16.816548991333157,-101.76035199100035,502.682
1594,39,34,23.731297610817958,-95.57387399931545,503.728
1595,39,35,30.373140899373023,-88.70650810965033,505.276
1596,39,36,36.60471521505293,-80.86983592392284,507.163
1597,39,37,42.23595005363457,-71.72856345577706,509.207
1598,39,38,47.00688500021266,-60.95098256817133,511.23
1599,39,39,50.58638565363583,-48.35856577657985,513.069
