0,0,0,-16.9646121246134,79.24113633519828,519.891
1,0,1,-23.840140090336696,85.40626998572688,521.684
2,0,2,-30.442709791164187,92.24835734527379,523.532
3,0,3,-36.63750012306899,100.05271590603796,525.266
4,0,4,-42.23767126130541,109.1509035408993,526.713
5,0,5,-46.98736431956477,119.87144551874624,527.71
6,0,6,-50.56002112343958,132.39395532418263,528.121
7,0,7,-52.603835704255424,146.49259958249118,527.856
8,0,8,-52.85801436402828,161.34685400829989,526.874
9,0,9,-51.28496032647181,175.76605270473547,525.192
10,0,10,-48.09228743669232,-171.22004271771507,522.887
11,0,11,-43.61976687004666,-159.99671685468513,520.088
12,0,12,-38.20822506611849,-150.46929964181268,516.967
13,0,13,-32.13461253537346,-142.33069211363562,513.726
14,0,14,-25.604114990667945,-135.24183001937612,510.577
15,0,15,-18.764957782274966,-128.90244458274216,507.726
16,0,16,-11.726248059543604,-123.06315193675817,505.354
17,0,17,-4.5725196587365184,-117.51552202871208,503.603
18,0,18,2.6252694386326723,-112.07660141149591,502.564
19,0,19,9.800956897621349,-106.57314233681228,502.268
20,0,20,16.88538705288313,-100.82592747102925,502.687
21,0,21,23.798016606177935,-94.63398532800834,503.737
22,0,22,30.4365796963841,-87.7585803056901,505.288
23,0,23,36.66329433246955,-79.91077491161549,507.176
24,0,24,42.28748041582773,-70.75493364997008,509.22
25,0,25,47.04842621074468,-59.959956270548325,511.241
26,0,26,50.61443724055707,-47.349917590898215,513.078
27,0,27,52.63068176278816,-33.166780477462034,514.601
28,0,28,52.839265494756596,-18.256142840054867,515.729
29,0,29,51.21207879293319,-3.8243791568674035,516.429
30,0,30,47.967814069258004,9.165003106643338,516.721
31,0,31,43.453543971310644,20.345198886385578,516.673
32,0,32,38.01282018415359,29.82589931288243,516.393
33,0,33,31.922603463536266,37.9215722719368,516.011
34,0,34,25.38706523922328,44.97346596731359,515.672
35,0,35,18.553122880261608,51.28157596773807,515.508
36,0,36,11.528567870811449,57.094125008026865,515.635
37,0,37,4.396595756944969,62.61818393324725,516.13
38,0,38,-2.7731829480814105,68.03525477530856,517.024
39,0,39,-9.916090835139315,73.51708264089075,518.3
40,1,0,-20.42960807169589,91.2548721795496,520.771
41,1,1,-27.182967858829752,97.72610758792149,522.612
42,1,2,-33.60131369736366,105.01037456414586,524.424
43,1,3,-39.526130557039956,113.41837158337741,526.036
44,1,4,-44.73778345981312,123.2910753493615,527.277
45,1,5,-48.9432402148167,134.9086807124196,527.995
46,1,6,-51.79323568374748,148.28350250362521,528.077
47,1,7,-52.96328123951651,162.89738891216282,527.455
48,1,8,-52.291781436550465,177.68347805005482,526.117
49,1,9,-49.871158979603365,-168.5129928628289,524.11
50,1,10,-45.99360253117918,-156.3824949346162,521.539
51,1,11,-41.01228751288093,-146.03798219133512,518.556
52,1,12,-35.23980777735802,-137.24808880504065,515.349
53,1,13,-28.916101039963806,-129.67503460051898,512.127
54,1,14,-22.2155710585127,-122.99516423375988,509.102
55,1,15,-15.26483246474381,-116.93410900580392,506.47
56,1,16,-8.159113463612744,-111.26472414561317,504.394
57,1,17,-0.9749763135688222,-105.7933464694611,502.991
58,1,18,6.220035564850818,-100.3438185684639,502.323
59,1,19,13.359237860840578,-94.74186133575952,502.392
60,1,20,20.368911595636572,-88.79940551255167,503.14
61,1,21,27.159147574099332,-82.2985065926144,504.46
62,1,22,33.6118731698205,-74.9763662174423,506.201
63,1,23,39.56520265418701,-66.51830391159457,508.19
64,1,24,44.79514338846289,-56.57965125407941,510.245
65,1,25,49.0035063889583,-44.87990945115733,512.192
66,1,26,51.83647419628824,-31.416257634701125,513.885
67,1,27,52.96911080597312,-16.728818626538928,515.218
68,1,28,52.246295791772766,-1.9076752502791463,516.133
69,1,29,49.771588481882915,11.887850335306105,516.623
70,1,30,45.84676712440224,23.982197779789207,516.734
71,1,31,40.82986340543365,34.280391595213835,516.554
72,1,32,35.034574253177475,43.02495643108151,516.206
73,1,33,28.70018851501595,50.55799938744526,515.827
74,1,34,21.999930033584352,57.203848581948535,515.56
75,1,35,15.059040572598619,63.236063336134116,515.53
76,1,36,7.971448893524767,68.88046336434095,515.833
77,1,37,0.8123662647386263,74.32931507661033,516.527
78,1,38,-6.352057571978464,79.75729373077614,517.617
79,1,39,-13.456699537654783,85.33709382981299,519.062
80,2,0,-16.9646121246134,97.2411368360939,519.891
81,2,1,-23.840140090336696,103.40627048662252,521.684
82,2,2,-30.442709791164187,110.24835784616943,523.532
83,2,3,-36.63750012306899,118.05271640693358,525.266
84,2,4,-42.23767126130541,127.1509108719841,526.713
85,2,5,-46.98736431956477,137.87145284983106,527.71
86,2,6,-50.56002112343958,150.39396265526744,528.121
87,2,7,-52.603835704255424,164.49259325319764,527.856
88,2,8,-52.85801436402828,179.3468613393847,526.874
89,2,9,-51.28496032647181,-166.23394998209238,525.192
90,2,10,-48.09228743669232,-153.22003538663026,522.887
91,2,11,-43.61976687004666,-141.99672318397867,520.088
92,2,12,-38.20822506611849,-132.4692923107279,516.967
93,2,13,-32.13461253537346,-124.33069844292915,513.726
94,2,14,-25.604114990667945,-117.24183634866968,510.577
95,2,15,-18.764957782274966,-110.90244408184653,507.726
96,2,16,-11.726248059543604,-105.06315826605172,505.354
97,2,17,-4.5725196587365184,-99.51552152781645,503.603
98,2,18,2.6252694386326723,-94.07660091060028,502.564
99,2,19,9.800956897621349,-88.57314183591666,502.268
100,2,20,16.88538705288313,-82.82592697013361,502.687
101,2,21,23.798016606177935,-76.6339848271127,503.737
102,2,22,30.4365796963841,-69.75857980479446,505.288
103,2,23,36.66329433246955,-61.91077441071986,507.176
104,2,24,42.28748041582773,-52.75493656416903,509.22
105,2,25,47.04842621074468,-41.959952354558105,511.241
106,2,26,50.61443724055707,-29.34991709000258,513.078
107,2,27,52.63068176278816,-15.1667799765664,514.601
108,2,28,52.839265494756596,-0.2561429528090414,515.729
109,2,29,51.21207879293319,14.17562134402823,516.429
110,2,30,47.967814069258004,27.16500446131262,516.721
111,2,31,43.453543971310644,38.34519767973392,516.673
112,2,32,38.01282018415359,47.825899813778065,516.393
113,2,33,31.922603463536266,55.921572772832434,516.011
114,2,34,25.38706523922328,62.9734698833038,515.672
115,2,35,18.553122880261608,69.28157988372828,515.508
116,2,36,11.528567870811449,75.0941255089225,515.635
117,2,37,4.396595756944969,80.61818443414288,516.13
118,2,38,-2.7731829480814105,86.03525527620418,517.024
119,2,39,-9.916090835139315,91.51708314178637,518.3
120,3,0,-20.42960807169589,109.25487268044522,520.771
121,3,1,-27.182967858829752,115.72610808881713,522.612
122,3,2,-33.60131369736366,123.01036823485232,524.424
123,3,3,-39.526130557039956,131.41837208427305,526.036
124,3,4,-44.73778345981312,141.29106902006797,527.277
125,3,5,-48.9432402148167,152.9086880435044,527.995
126,3,6,-51.79323568374748,166.28350983471,528.077
127,3,7,-52.96328123951651,-179.10261377466503,527.455
128,3,8,-52.291781436550465,-164.3165109763947,526.117
129,3,9,-49.871158979603365,-150.51298553174408,524.11
130,3,10,-45.99360253117918,-138.3824876035314,521.539
131,3,11,-41.01228751288093,-128.03798852062866,518.556
132,3,12,-35.23980777735802,-119.24808147395586,515.349
133,3,13,-28.916101039963806,-111.67504092981252,512.127
134,3,14,-22.2155710585127,-104.99516373286424,509.102
135,3,15,-15.26483246474381,-98.93410167471912,506.47
136,3,16,-8.159113463612744,-93.26472364471755,504.394
137,3,17,-0.9749763135688222,-87.79334596856546,502.991
138,3,18,6.220035564850818,-82.34381806756826,502.323
139,3,19,13.359237860840578,-76.74186083486389,502.392
140,3,20,20.368911595636572,-70.79940501165603,503.14
141,3,21,27.159147574099332,-64.29850609171876,504.46
142,3,22,33.6118731698205,-56.976365716546674,506.201
143,3,23,39.56520265418701,-48.518303410698934,508.19
144,3,24,44.79514338846289,-38.57965075318378,510.245
145,3,25,49.0035063889583,-26.8799089502617,512.192
146,3,26,51.83647419628824,-13.416257987579137,513.885
147,3,27,52.96911080597312,1.2711825146869402,515.218
148,3,28,52.246295791772766,16.092325250616486,516.133
149,3,29,49.771588481882915,29.887849128654445,516.623
150,3,30,45.84676712440224,41.98219828068484,516.734
151,3,31,40.82986340543365,52.28039209610947,516.554
152,3,32,35.034574253177475,61.02496034707173,516.206
153,3,33,28.70018851501595,68.5579964732463,515.827
154,3,34,21.999930033584352,75.20384566774959,515.56
155,3,35,15.059040572598619,81.23606383702975,515.53
156,3,36,7.971448893524767,86.88046386523658,515.833
157,3,37,0.8123662647386263,92.32931557750595,516.527
158,3,38,-6.352057571978464,97.75729423167176,517.617
159,3,39,-13.456699537654783,103.33709433070862,519.062
160,4,0,-16.9646121246134,115.24113733698954,519.891
161,4,1,-23.840140090336696,121.40627098751814,521.684
162,4,2,-30.442709791164187,128.24835834706505,523.532
163,4,3,-36.63750012306899,136.0527237380184,525.266
164,4,4,-42.23767126130541,145.15090454269057,526.713
165,4,5,-46.98736431956477,155.87144652053752,527.71
166,4,6,-50.56002112343958,168.3939563259739,528.121
167,4,7,-52.603835704255424,-177.5073957732519,527.856
168,4,8,-52.85801436402828,-162.65314134744318,526.874
169,4,9,-51.28496032647181,-148.2339426510076,525.192
170,4,10,-48.09228743669232,-135.2200417159238,522.887
171,4,11,-43.61976687004666,-123.99671585289386,520.088
172,4,12,-38.20822506611849,-114.46929180983224,516.967
173,4,13,-32.13461253537346,-106.33069794203351,513.726
174,4,14,-25.604114990667945,-99.24182901758488,510.577
175,4,15,-18.764957782274966,-92.9024435809509,507.726
176,4,16,-11.726248059543604,-87.06315776515608,505.354
177,4,17,-4.5725196587365184,-81.51552102692082,503.603
178,4,18,2.6252694386326723,-76.07660040970464,502.564
179,4,19,9.800956897621349,-70.57314133502102,502.268
180,4,20,16.88538705288313,-64.82592646923798,502.687
181,4,21,23.798016606177935,-58.633984326217075,503.737
182,4,22,30.4365796963841,-51.758579303898834,505.288
183,4,23,36.66329433246955,-43.91077390982422,507.176
184,4,24,42.28748041582773,-34.7549360632734,509.22
185,4,25,47.04842621074468,-23.95995356120977,511.241
186,4,26,50.61443724055707,-11.349916589106948,513.078
187,4,27,52.63068176278816,2.833219670555588,514.601
188,4,28,52.839265494756596,17.7438581617364,515.729
189,4,29,51.21207879293319,32.17562099115022,516.429
190,4,30,47.967814069258004,45.16500496220825,516.721
191,4,31,43.453543971310644,56.34519818062955,516.673
192,4,32,38.01282018415359,65.8259003146737,516.393
193,4,33,31.922603463536266,73.92157327372807,516.011
194,4,34,25.38706523922328,80.97347038419943,515.672
195,4,35,18.553122880261608,87.28158038462392,515.508
196,4,36,11.528567870811449,93.09412600981814,515.635
197,4,37,4.396595756944969,98.61818493503851,516.13
198,4,38,-2.7731829480814105,104.03525577709982,517.024
199,4,39,-9.916090835139315,109.51708364268201,518.3
200,5,0,-20.42960807169589,127.25488001153002,520.771
201,5,1,-27.182967858829752,133.7261017595236,522.612
202,5,2,-33.60131369736366,141.01037556593712,524.424
203,5,3,-39.526130557039956,149.41837941535783,526.036
204,5,4,-44.73778345981312,159.29107635115278,527.277
205,5,5,-48.9432402148167,170.90868171421087,527.995
206,5,6,-51.79323568374748,-175.71649285211785,528.077
207,5,7,-52.96328123951651,-161.10260644358024,527.455
208,5,8,-52.291781436550465,-146.31651730568825,526.117
209,5,9,-49.871158979603365,-132.51299186103762,524.11
210,5,10,-45.99360253117918,-120.38249393282494,521.539
211,5,11,-41.01228751288093,-110.03798801973304,518.556
212,5,12,-35.23980777735802,-101.24808780324939,515.349
213,5,13,-28.916101039963806,-93.67504042891689,512.127
214,5,14,-22.2155710585127,-86.9951632319686,509.102
215,5,15,-15.26483246474381,-80.93410117382348,506.47
216,5,16,-8.159113463612744,-75.26472314382191,504.394
217,5,17,-0.9749763135688222,-69.79334546766984,502.991
218,5,18,6.220035564850818,-64.34381756667263,502.323
219,5,19,13.359237860840578,-58.741860333968255,502.392
220,5,20,20.368911595636572,-52.7994045107604,503.14
221,5,21,27.159147574099332,-46.29850559082313,504.46
222,5,22,33.6118731698205,-38.97636521565104,506.201
223,5,23,39.56520265418701,-30.518302909803303,508.19
224,5,24,44.79514338846289,-20.579650252288143,510.245
225,5,25,49.0035063889583,-8.879908449366068,512.192
226,5,26,51.83647419628824,4.583742513316496,513.885
227,5,27,52.96911080597312,19.271182375252337,515.218
228,5,28,52.246295791772766,34.09232575151212,516.133
229,5,29,49.771588481882915,47.88784962955008,516.623
230,5,30,45.84676712440224,59.98219536648589,516.734
231,5,31,40.82986340543365,70.2803925970051,516.554
232,5,32,35.034574253177475,79.02496084796736,516.206
233,5,33,28.70018851501595,86.55799697414194,515.827
234,5,34,21.999930033584352,93.20384616864521,515.56
235,5,35,15.059040572598619,99.23606433792538,515.53
236,5,36,7.971448893524767,104.88046436613222,515.833
237,5,37,0.8123662647386263,110.32931607840159,516.527
238,5,38,-6.352057571978464,115.7572947325674,517.617
239,5,39,-13.456699537654783,121.33709483160426,519.062
240,6,0,-16.9646121246134,133.24114466807436,519.891
241,6,1,-23.840140090336696,139.40626465822461,521.684
242,6,2,-30.442709791164187,146.24835201777154,523.532
243,6,3,-36.63750012306899,154.05271740872485,525.266
244,6,4,-42.23767126130541,163.15091187377536,526.713
245,6,5,-46.98736431956477,173.8714538516223,527.71
246,6,6,-50.56002112343958,-173.60603270047562,528.121
247,6,7,-52.603835704255424,-159.50740210254543,527.856
248,6,8,-52.85801436402828,-144.65313401635836,526.874
249,6,9,-51.28496032647181,-130.23394898030114,525.192
250,6,10,-48.09228743669232,-117.220034384839,522.887
251,6,11,-43.61976687004666,-105.99671535199823,520.088
252,6,12,-38.20822506611849,-96.46929130893662,516.967
253,6,13,-32.13461253537346,-88.33069744113789,513.726
254,6,14,-25.604114990667945,-81.24182851668924,510.577
255,6,15,-18.764957782274966,-74.90244308005526,507.726
256,6,16,-11.726248059543604,-69.06315726426045,505.354
257,6,17,-4.5725196587365184,-63.515520526025185,503.603
258,6,18,2.6252694386326723,-58.07659990880901,502.564
259,6,19,9.800956897621349,-52.5731374190308,502.268
260,6,20,16.88538705288313,-46.825922553247764,502.687
261,6,21,23.798016606177935,-40.633980410226854,503.737
262,6,22,30.4365796963841,-33.7585788030032,505.288
263,6,23,36.66329433246955,-25.91077340892859,507.176
264,6,24,42.28748041582773,-16.754935562377764,509.22
265,6,25,47.04842621074468,-5.959952633427311,511.241
266,6,26,50.61443724055707,6.650083911788685,513.078
267,6,27,52.63068176278816,20.83322102522487,514.601
268,6,28,52.839265494756596,35.743858662632036,515.729
269,6,29,51.21207879293319,50.17562149204585,516.429
270,6,30,47.967814069258004,63.1650020480093,516.721
271,6,31,43.453543971310644,74.34520209661977,516.673
272,6,32,38.01282018415359,83.82590081556933,516.393
273,6,33,31.922603463536266,91.92157377462371,516.011
274,6,34,25.38706523922328,98.97347088509507,515.672
275,6,35,18.553122880261608,105.28158088551956,515.508
276,6,36,11.528567870811449,111.09412651071376,515.635
277,6,37,4.396595756944969,116.61818543593415,516.13
278,6,38,-2.7731829480814105,122.03524944780628,517.024
279,6,39,-9.916090835139315,127.51707731338847,518.3
280,7,0,-20.42960807169589,145.25487368223648,520.771
281,7,1,-27.182967858829752,151.7261090906084,522.612
282,7,2,-33.60131369736366,159.01036923664358,524.424
283,7,3,-39.526130557039956,167.4183730860643,526.036
284,7,4,-44.73778345981312,177.29107002185924,527.277
285,7,5,-48.9432402148167,-171.091320972617,527.995
286,7,6,-51.79323568374748,-157.7164991814114,528.077
287,7,7,-52.96328123951651,-143.10261277287378,527.455
288,7,8,-52.291781436550465,-128.3165236349818,526.117
289,7,9,-49.871158979603365,-114.512991360142,524.11
290,7,10,-45.99360253117918,-102.3824934319293,521.539
291,7,11,-41.01228751288093,-92.0379875188374,518.556
292,7,12,-35.23980777735802,-83.24808730235377,515.349
293,7,13,-28.916101039963806,-75.67503992802125,512.127
294,7,14,-22.2155710585127,-68.99516273107298,509.102
295,7,15,-15.26483246474381,-62.93410750311702,506.47
296,7,16,-8.159113463612744,-57.26472605802086,504.394
297,7,17,-0.9749763135688222,-51.79334838186879,502.991
298,7,18,6.220035564850818,-46.343820480871585,502.323
299,7,19,13.359237860840578,-40.741863248167206,502.392
300,7,20,20.368911595636572,-34.79940742495935,503.14
301,7,21,27.159147574099332,-28.298508505022085,504.46
302,7,22,33.6118731698205,-20.976368129849995,506.201
303,7,23,39.56520265418701,-12.518305824002255,508.19
304,7,24,44.79514338846289,-2.5796533799305075,510.245
305,7,25,49.0035063889583,9.12008863643498,512.192
306,7,26,51.83647419628824,22.583740452891192,513.885
307,7,27,52.96911080597312,37.27118116860068,515.218
308,7,28,52.246295791772766,52.09232283731317,516.133
309,7,29,49.771588481882915,65.88785013044571,516.623
310,7,30,45.84676712440224,77.98219586738152,516.734
311,7,31,40.82986340543365,88.28039309790074,516.554
312,7,32,35.034574253177475,97.02495451867384,516.206
313,7,33,28.70018851501595,104.55799747503758,515.827
314,7,34,21.999930033584352,111.20384666954085,515.56
315,7,35,15.059040572598619,117.23605800863184,515.53
316,7,36,7.971448893524767,122.88045803683868,515.833
317,7,37,0.8123662647386263,128.32930974910806,516.527
318,7,38,-6.352057571978464,133.75728840327386,517.617
319,7,39,-13.456699537654783,139.33708850231073,519.062
320,8,0,-16.9646121246134,151.24113833878081,519.891
321,8,1,-23.840140090336696,157.4062719893094,521.684
322,8,2,-30.442709791164187,164.24835934885633,523.532
323,8,3,-36.63750012306899,172.05272473980966,525.266
324,8,4,-42.23767126130541,-178.8490908130525,526.713
325,8,5,-46.98736431956477,-168.12854883520555,527.71
326,8,6,-50.56002112343958,-155.60603902976916,528.121
327,8,7,-52.603835704255424,-141.5073947714606,527.856
328,8,8,-52.85801436402828,-126.6531403456519,526.874
329,8,9,-51.28496032647181,-112.2339484794055,525.192
330,8,10,-48.09228743669232,-99.22003388394336,522.887
331,8,11,-43.61976687004666,-87.9967148511026,520.088
332,8,12,-38.20822506611849,-78.46929080804098,516.967
333,8,13,-32.13461253537346,-70.33069694024225,513.726
334,8,14,-25.604114990667945,-63.2418280157936,510.577
335,8,15,-18.764957782274966,-56.902442579159626,507.726
336,8,16,-11.726248059543604,-51.063156763364816,505.354
337,8,17,-4.5725196587365184,-45.515523440224136,503.603
338,8,18,2.6252694386326723,-40.07660282300796,502.564
339,8,19,9.800956897621349,-34.57313691813517,502.268
340,8,20,16.88538705288313,-28.82592205235213,502.687
341,8,21,23.798016606177935,-22.63397990933122,503.737
342,8,22,30.4365796963841,-15.75857830210757,505.288
343,8,23,36.66329433246955,-7.910773761806604,507.176
344,8,24,42.28748041582773,1.245065045239575,509.22
345,8,25,47.04842621074468,12.0400474405815,511.241
346,8,26,50.61443724055707,24.65008441268432,513.078
347,8,27,52.63068176278816,38.833221526120504,514.601
348,8,28,52.839265494756596,53.74385916352767,515.729
349,8,29,51.21207879293319,68.17562199294149,516.429
350,8,30,47.967814069258004,81.16500254890494,516.721
351,8,31,43.453543971310644,92.34520259751541,516.673
352,8,32,38.01282018415359,101.82590131646496,516.393
353,8,33,31.922603463536266,109.92157427551933,516.011
354,8,34,25.38706523922328,116.97346455580153,515.672
355,8,35,18.553122880261608,123.28158138641518,515.508
356,8,36,11.528567870811449,129.0941270116094,515.635
357,8,37,4.396595756944969,134.61819276701894,516.13
358,8,38,-2.7731829480814105,140.0352567788911,517.024
359,8,39,-9.916090835139315,145.51708464447327,518.3
360,9,0,-20.42960807169589,163.25486735294297,520.771
361,9,1,-27.182967858829752,169.72610276131485,522.612
362,9,2,-33.60131369736366,177.0103765677284,524.424
363,9,3,-39.526130557039956,-174.58162960076356,526.036
364,9,4,-44.73778345981312,-164.70893266496861,527.277
365,9,5,-48.9432402148167,-153.0913136415322,527.995
366,9,6,-51.79323568374748,-139.71649185032658,528.077
367,9,7,-52.96328123951651,-125.10261910216731,527.455
368,9,8,-52.291781436550465,-110.31651630389699,526.117
369,9,9,-49.871158979603365,-96.51299085924636,524.11
370,9,10,-45.99360253117918,-84.38249293103367,521.539
371,9,11,-41.01228751288093,-74.03798701794177,518.556
372,9,12,-35.23980777735802,-65.24808680145813,515.349
373,9,13,-28.916101039963806,-57.67503942712562,512.127
374,9,14,-22.2155710585127,-50.995165645271925,509.102
375,9,15,-15.26483246474381,-44.9341035871268,506.47
376,9,16,-8.159113463612744,-39.264725557125224,504.394
377,9,17,-0.9749763135688222,-33.79334788097315,502.991
378,9,18,6.220035564850818,-28.343818272428656,502.323
379,9,19,13.359237860840578,-22.741862747271572,502.392
380,9,20,20.368911595636572,-16.799406924063717,503.14
381,9,21,27.159147574099332,-10.29850800412645,504.46
382,9,22,33.6118731698205,-2.9763669886241266,506.201
383,9,23,39.56520265418701,5.481694676893379,508.19
384,9,24,44.79514338846289,15.420347334408538,510.245
385,9,25,49.0035063889583,27.120089137330613,512.192
386,9,26,51.83647419628824,40.58374095378682,513.885
387,9,27,52.96911080597312,55.271181669496315,515.218
388,9,28,52.246295791772766,70.0923233382088,516.133
389,9,29,49.771588481882915,83.88785063134135,516.623
390,9,30,45.84676712440224,95.98219636827716,516.734
391,9,31,40.82986340543365,106.28039359879637,516.554
392,9,32,35.034574253177475,115.02496184975864,516.206
393,9,33,28.70018851501595,122.55799114574404,515.827
394,9,34,21.999930033584352,129.2038471704365,515.56
395,9,35,15.059040572598619,135.23606533971665,515.53
396,9,36,7.971448893524767,140.88046536792348,515.833
397,9,37,0.8123662647386263,146.32931708019285,516.527
398,9,38,-6.352057571978464,151.75729573435868,517.617
399,9,39,-13.456699537654783,157.33709583339552,519.062
400,10,0,-16.9646121246134,169.2411456698656,519.891
401,10,1,-23.840140090336696,175.4062656600159,521.684
402,10,2,-30.442709791164187,-177.75164333797153,523.532
403,10,3,-36.63750012306899,-169.9472779470182,525.266
404,10,4,-42.23767126130541,-160.84909714234604,526.713
405,10,5,-46.98736431956477,-150.12854150412076,527.71
406,10,6,-50.56002112343958,-137.60603169868435,528.121
407,10,7,-52.603835704255424,-123.50740110075415,527.856
408,10,8,-52.85801436402828,-108.65313984475627,526.874
409,10,9,-51.28496032647181,-94.23394797850986,525.192
410,10,10,-48.09228743669232,-81.22003338304772,522.887
411,10,11,-43.61976687004666,-69.99671435020696,520.088
412,10,12,-38.20822506611849,-60.46929030714535,516.967
413,10,13,-32.13461253537346,-52.33069302425203,513.726
414,10,14,-25.604114990667945,-45.24182751489797,510.577
415,10,15,-18.764957782274966,-38.902442078263995,507.726
416,10,16,-11.726248059543604,-33.063156262469185,505.354
417,10,17,-4.5725196587365184,-27.51552123178121,503.603
418,10,18,2.6252694386326723,-22.07660232211233,502.564
419,10,19,9.800956897621349,-16.573136417239535,502.268
420,10,20,16.88538705288313,-10.825922405230141,502.687
421,10,21,23.798016606177935,-4.633979835322409,503.737
422,10,22,30.4365796963841,2.2414228391182993,505.288
423,10,23,36.66329433246955,10.089226739089028,507.176
424,10,24,42.28748041582773,19.2450654394135,509.22
425,10,25,47.04842621074468,30.040049649024425,511.241
426,10,26,50.61443724055707,42.65008491357995,513.078
427,10,27,52.63068176278816,56.833222027016134,514.601
428,10,28,52.839265494756596,71.74385624932872,515.729
429,10,29,51.21207879293319,86.17562249383711,516.429
430,10,30,47.967814069258004,99.16500304980056,516.721
431,10,31,43.453543971310644,110.34520309841103,516.673
432,10,32,38.01282018415359,119.8259018173606,516.393
433,10,33,31.922603463536266,127.92157477641497,516.011
434,10,34,25.38706523922328,134.97347188688633,515.672
435,10,35,18.553122880261608,141.28157505712164,515.508
436,10,36,11.528567870811449,147.0941343426942,515.635
437,10,37,4.396595756944969,152.61818643772543,516.13
438,10,38,-2.7731829480814105,158.03525044959756,517.024
439,10,39,-9.916090835139315,163.51707831517973,518.3
440,11,0,-20.42960807169589,-178.74512167350656,520.771
441,11,1,-27.182967858829752,-172.273899925513,522.612
442,11,2,-33.60131369736366,-164.98962611909948,524.424
443,11,3,-39.526130557039956,-156.58162226967875,526.036
444,11,4,-44.73778345981312,-146.70892533388383,527.277
445,11,5,-48.9432402148167,-135.09131997082574,527.995
446,11,6,-51.79323568374748,-121.71649817962013,528.077
447,11,7,-52.96328123951651,-107.10261177108251,527.455
448,11,8,-52.291781436550465,-92.31651580300135,526.117
449,11,9,-49.871158979603365,-78.51299035835072,524.11
450,11,10,-45.99360253117918,-66.38249243013804,521.539
451,11,11,-41.01228751288093,-56.03798993214072,518.556
452,11,12,-35.23980777735802,-47.2480863005625,515.349
453,11,13,-28.916101039963806,-39.67503892622999,512.127
454,11,14,-22.2155710585127,-32.995165144376294,509.102
455,11,15,-15.26483246474381,-26.93410479377846,506.47
456,11,16,-8.159113463612744,-21.264725056229594,504.394
457,11,17,-0.9749763135688222,-15.793347380077519,502.991
458,11,18,6.220035564850818,-10.34381862530667,502.323
459,11,19,13.359237860840578,-4.741863100149583,502.392
460,11,20,20.368911595636572,1.2005938969970338,503.14
461,11,21,27.159147574099332,7.701492496769182,504.46
462,11,22,33.6118731698205,15.023632871941272,506.201
463,11,23,39.56520265418701,23.48169517778901,508.19
464,11,24,44.79514338846289,33.42034783530417,510.245
465,11,25,49.0035063889583,45.12008963822625,512.192
466,11,26,51.83647419628824,58.58374145468246,513.885
467,11,27,52.96911080597312,73.27118217039195,515.218
468,11,28,52.246295791772766,88.09232383910444,516.133
469,11,29,49.771588481882915,101.88785113223697,516.623
470,11,30,45.84676712440224,113.98219686917278,516.734
471,11,31,40.82986340543365,124.28038726950284,516.554
472,11,32,35.034574253177475,133.02495552046508,516.206
473,11,33,28.70018851501595,140.55799847682883,515.827
474,11,34,21.999930033584352,147.20384084114295,515.56
475,11,35,15.059040572598619,153.2360590104231,515.53
476,11,36,7.971448893524767,158.88045903862994,515.833
477,11,37,0.8123662647386263,164.3293107508993,516.527
478,11,38,-6.352057571978464,169.75728940506514,517.617
479,11,39,-13.456699537654783,175.33708950410198,519.062
480,12,0,-16.9646121246134,-172.75885701696225,519.891
481,12,1,-23.840140090336696,-166.59372336643364,521.684
482,12,2,-30.442709791164187,-159.75163600688674,523.532
483,12,3,-36.63750012306899,-151.94728427631173,525.266
484,12,4,-42.23767126130541,-142.84908981126125,526.713
485,12,5,-46.98736431956477,-132.12854783341427,527.71
486,12,6,-50.56002112343958,-119.60603802797789,528.121
487,12,7,-52.603835704255424,-105.50740059985851,527.856
488,12,8,-52.85801436402828,-90.65313934386063,526.874
489,12,9,-51.28496032647181,-76.23394747761422,525.192
490,12,10,-48.09228743669232,-63.22003288215209,522.887
491,12,11,-43.61976687004666,-51.99671384931133,520.088
492,12,12,-38.20822506611849,-42.4692932213443,516.967
493,12,13,-32.13461253537346,-34.3306925233564,513.726
494,12,14,-25.604114990667945,-27.241827014002336,510.577
495,12,15,-18.764957782274966,-20.902443284915655,507.726
496,12,16,-11.726248059543604,-15.063154054026258,505.354
497,12,17,-4.5725196587365184,-9.515521584659222,503.603
498,12,18,2.6252694386326723,-4.076601394329872,502.564
499,12,19,9.800956897621349,1.4268638702126872,502.268
500,12,20,16.88538705288313,7.174078095665492,502.687
501,12,21,23.798016606177935,13.366021092460047,503.737
502,12,22,30.4365796963841,20.2414226996837,505.288
503,12,23,36.66329433246955,28.089228093758308,507.176
504,12,24,42.28748041582773,37.24506594030914,509.22
505,12,25,47.04842621074468,48.040050149920056,511.241
506,12,26,50.61443724055707,60.65008541447558,513.078
507,12,27,52.63068176278816,74.83321911281718,514.601
508,12,28,52.839265494756596,89.74385675022435,515.729
509,12,29,51.21207879293319,104.17562299473275,516.429
510,12,30,47.967814069258004,117.16501038088536,516.721
511,12,31,43.453543971310644,128.3451967691175,516.673
512,12,32,38.01282018415359,137.82589548806706,516.393
513,12,33,31.922603463536266,145.92158210749977,516.011
514,12,34,25.38706523922328,152.9734655575928,515.672
515,12,35,18.553122880261608,159.28158238820646,515.508
516,12,36,11.528567870811449,165.09412801340068,515.635
517,12,37,4.396595756944969,170.61819376881022,516.13
518,12,38,-2.7731829480814105,176.03525778068234,517.024
519,12,39,-9.916090835139315,-178.4829107112698,518.3
520,13,0,-20.42960807169589,-160.74511434242177,520.771
521,13,1,-27.182967858829752,-154.27389259442822,522.612
522,13,2,-33.60131369736366,-146.98961878801467,524.424
523,13,3,-39.526130557039956,-138.58161493859396,526.036
524,13,4,-44.73778345981312,-128.708918002799,527.277
525,13,5,-48.9432402148167,-117.09131263974093,527.995
526,13,6,-51.79323568374748,-103.71649084853533,528.077
527,13,7,-52.96328123951651,-89.1026044399977,527.455
528,13,8,-52.291781436550465,-74.31650847191655,526.117
529,13,9,-49.871158979603365,-60.51298302726592,524.11
530,13,10,-45.99360253117918,-48.382481683958645,521.539
531,13,11,-41.01228751288093,-38.037982601055916,518.556
532,13,12,-35.23980777735802,-29.248078969477692,515.349
533,13,13,-28.916101039963806,-21.675033302692476,512.127
534,13,14,-22.2155710585127,-14.995157813291488,509.102
535,13,15,-15.26483246474381,-8.934097462693655,506.47
536,13,16,-8.159113463612744,-3.264717084814555,504.394
537,13,17,-0.9749763135688222,2.206659737563873,502.991
538,13,18,6.220035564850818,7.656188705778134,502.323
539,13,19,13.359237860840578,13.258144230935219,502.392
540,13,20,20.368911595636572,19.20060090791672,503.14
541,13,21,27.159147574099332,25.701499827853986,504.46
542,13,22,33.6118731698205,33.023640203026076,506.201
543,13,23,39.56520265418701,41.481702508873816,508.19
544,13,24,44.79514338846289,51.42035516638897,510.245
545,13,25,49.0035063889583,63.12010038440564,512.192
546,13,26,51.83647419628824,76.58374878576726,513.885
547,13,27,52.96911080597312,91.27118950147675,515.218
548,13,28,52.246295791772766,106.09233117018924,516.133
549,13,29,49.771588481882915,119.88785163313261,516.623
550,13,30,45.84676712440224,131.9822042002576,516.734
551,13,31,40.82986340543365,142.28039460058764,516.554
552,13,32,35.034574253177475,151.0249628515499,516.206
553,13,33,28.70018851501595,158.55800580791364,515.827
554,13,34,21.999930033584352,165.20384817222777,515.56
555,13,35,15.059040572598619,171.23606634150792,515.53
556,13,36,7.971448893524767,176.88046636971475,515.833
557,13,37,0.8123662647386263,-177.67067827555022,516.527
558,13,38,-6.352057571978464,-172.2426996213844,517.617
559,13,39,-13.456699537654783,-166.66289952234754,519.062
560,14,0,-16.9646121246134,-154.7588633462558,519.891
561,14,1,-23.840140090336696,-148.59372969572718,521.684
562,14,2,-30.442709791164187,-141.75164233618028,523.532
563,14,3,-36.63750012306899,-133.94729060560528,525.266
564,14,4,-42.23767126130541,-124.84909614055478,526.713
565,14,5,-46.98736431956477,-114.12855416270781,527.71
566,14,6,-50.56002112343958,-101.60604435727143,528.121
567,14,7,-52.603835704255424,-87.50740692915205,527.856
568,14,8,-52.85801436402828,-72.65314567315417,526.874
569,14,9,-51.28496032647181,-58.23395380690776,525.192
570,14,10,-48.09228743669232,-45.22004262654021,522.887
571,14,11,-43.61976687004666,-33.99672017860487,520.088
572,14,12,-38.20822506611849,-24.469297843090544,516.967
573,14,13,-32.13461253537346,-16.330700560197226,513.726
574,14,14,-25.604114990667945,-9.241833343295873,510.577
575,14,15,-18.764957782274966,-2.9024491873223677,507.726
576,14,16,-11.726248059543604,2.936839616680205,505.354
577,14,17,-4.5725196587365184,8.48447208604724,503.603
578,14,18,2.6252694386326723,13.923391849489768,502.564
579,14,19,9.800956897621349,19.426857754362562,502.268
580,14,20,16.88538705288313,25.1740726201456,502.687
581,14,21,23.798016606177935,31.36601476316651,503.737
582,14,22,30.4365796963841,38.24141637039016,505.288
583,14,23,36.66329433246955,46.089221764464774,507.176
584,14,24,42.28748041582773,55.2450596110156,509.22
585,14,25,47.04842621074468,66.04004040553194,511.241
586,14,26,50.61443724055707,78.65007908518204,513.078
587,14,27,52.63068176278816,92.83321278352365,514.601
588,14,28,52.839265494756596,107.74385042093081,515.729
589,14,29,51.21207879293319,122.17562349562839,516.429
590,14,30,47.967814069258004,135.16500405159184,516.721
591,14,31,43.453543971310644,146.34519043982397,516.673
592,14,32,38.01282018415359,155.82588915877352,516.393
593,14,33,31.922603463536266,163.92157577820623,516.011
594,14,34,25.38706523922328,170.97345922829928,515.672
595,14,35,18.553122880261608,177.28157605891292,515.508
596,14,36,11.528567870811449,-176.9058746734272,515.635
597,14,37,4.396595756944969,-171.381822578396,516.13
598,14,38,-2.7731829480814105,-165.9647449061455,517.024
599,14,39,-9.916090835139315,-160.4829170405633,518.3
600,15,0,-20.42960807169589,-142.7451206717153,520.771
601,15,1,-27.182967858829752,-136.27389892372173,522.612
602,15,2,-33.60131369736366,-128.9896251173082,524.424
603,15,3,-39.526130557039956,-120.58162126788748,526.036
604,15,4,-44.73778345981312,-110.70893116228173,527.277
605,15,5,-48.9432402148167,-99.09131896903448,527.995
606,15,6,-51.79323568374748,-85.71649717782886,528.077
607,15,7,-52.96328123951651,-71.10261076929123,527.455
608,15,8,-52.291781436550465,-56.31651821630467,526.117
609,15,9,-49.871158979603365,-42.51298935655946,524.11
610,15,10,-45.99360253117918,-30.382488013252186,521.539
611,15,11,-41.01228751288093,-20.037987222802162,518.556
612,15,12,-35.23980777735802,-11.248086152544875,515.349
613,15,13,-28.916101039963806,-3.67503920509919,512.127
614,15,14,-22.2155710585127,3.0048362843017977,509.102
615,15,15,-15.26483246474381,9.065896208012807,506.47
616,15,16,-8.159113463612744,14.735275945561673,504.394
617,15,17,-0.9749763135688222,20.20665362171375,502.991
618,15,18,6.220035564850818,25.656183230258243,502.323
619,15,19,13.359237860840578,31.25813875541533,502.392
620,15,20,20.368911595636572,37.20059457862318,503.14
621,15,21,27.159147574099332,43.70149349856045,504.46
622,15,22,33.6118731698205,51.023633873732535,506.201
623,15,23,39.56520265418701,59.48169276448569,508.19
624,15,24,44.79514338846289,69.42034883709543,510.245
625,15,25,49.0035063889583,81.1200940551121,512.192
626,15,26,51.83647419628824,94.58374245647373,513.885
627,15,27,52.96911080597312,109.27118317218321,515.218
628,15,28,52.246295791772766,124.0923248408957,516.133
629,15,29,49.771588481882915,137.88784530383907,516.623
630,15,30,45.84676712440224,149.98219787096406,516.734
631,15,31,40.82986340543365,160.2803882712941,516.554
632,15,32,35.034574253177475,169.02495652225636,516.206
633,15,33,28.70018851501595,176.5579994786201,515.827
634,15,34,21.999930033584352,-176.79615451460012,515.56
635,15,35,15.059040572598619,-170.76393634531996,515.53
636,15,36,7.971448893524767,-165.1195363171131,515.833
637,15,37,0.8123662647386263,-159.67068460484373,516.527
638,15,38,-6.352057571978464,-154.24270595067793,517.617
639,15,39,-13.456699537654783,-148.66290585164109,519.062
640,16,0,-16.9646121246134,-136.75885601517098,519.891
641,16,1,-23.840140090336696,-130.5937223646424,521.684
642,16,2,-30.442709791164187,-123.75163500509547,523.532
643,16,3,-36.63750012306899,-115.94728327452047,525.266
644,16,4,-42.23767126130541,-106.84908880946998,526.713
645,16,5,-46.98736431956477,-96.12854683162301,527.71
646,16,6,-50.56002112343958,-83.60603702618663,528.121
647,16,7,-52.603835704255424,-69.50739959806725,527.856
648,16,8,-52.85801436402828,-54.65313834206937,526.874
649,16,9,-51.28496032647181,-40.23394647582296,525.192
650,16,10,-48.09228743669232,-27.22003529545541,522.887
651,16,11,-43.61976687004666,-15.996714555067356,520.088
652,16,12,-38.20822506611849,-6.469290938892563,516.967
653,16,13,-32.13461253537346,1.669307197774402,513.726
654,16,14,-25.604114990667945,8.75817398778893,510.577
655,16,15,-18.764957782274966,15.097557716875613,507.726
656,16,16,-11.726248059543604,20.93684694776501,505.354
657,16,17,-4.5725196587365184,26.48448027090569,503.603
658,16,18,2.6252694386326723,31.92339918057457,502.564
659,16,19,9.800956897621349,37.42686508544737,502.268
660,16,20,16.88538705288313,43.174079951230404,502.687
661,16,21,23.798016606177935,49.36602209425131,503.737
662,16,22,30.4365796963841,56.241423701474965,505.288
663,16,23,36.66329433246955,64.08922909554957,507.176
664,16,24,42.28748041582773,73.24507035719499,509.22
665,16,25,47.04842621074468,84.04004773661674,511.241
666,16,26,50.61443724055707,96.65008641626684,513.078
667,16,27,52.63068176278816,110.83322011460845,514.601
668,16,28,52.839265494756596,125.74386458220478,515.729
669,16,29,51.21207879293319,140.1756308267132,516.429
670,16,30,47.967814069258004,153.16501138267662,516.721
671,16,31,43.453543971310644,164.34519777090875,516.673
672,16,32,38.01282018415359,173.82589648985834,516.393
673,16,33,31.922603463536266,-178.07842690862162,516.011
674,16,34,25.38706523922328,-171.02652979815025,515.672
675,16,35,18.553122880261608,-164.71842662791494,515.508
676,16,36,11.528567870811449,-158.9058673423424,515.635
677,16,37,4.396595756944969,-153.38181524731118,516.13
678,16,38,-2.7731829480814105,-147.9647375750607,517.024
679,16,39,-9.916090835139315,-142.48290970947852,518.3
680,17,0,-20.42960807169589,-124.74512700100884,520.771
681,17,1,-27.182967858829752,-118.27390525301529,522.612
682,17,2,-33.60131369736366,-110.98963827679091,524.424
683,17,3,-39.526130557039956,-102.58163442737019,526.036
684,17,4,-44.73778345981312,-92.70893749157527,527.277
685,17,5,-48.9432402148167,-81.091325298328,527.995
686,17,6,-51.79323568374748,-67.7165035071224,528.077
687,17,7,-52.96328123951651,-53.10262051367936,527.455
688,17,8,-52.291781436550465,-38.316524545598206,526.117
689,17,9,-49.871158979603365,-24.5129939783057,524.11
690,17,10,-45.99360253117918,-12.382496050093014,521.539
691,17,11,-41.01228751288093,-2.0379944058693433,518.556
692,17,12,-35.23980777735802,6.751907091274766,515.349
693,17,13,-28.916101039963806,14.32495403872045,512.127
694,17,14,-22.2155710585127,21.004829528121437,509.102
695,17,15,-15.26483246474381,27.065889878719272,506.47
696,17,16,-8.159113463612744,32.735269616268134,504.394
697,17,17,-0.9749763135688222,38.206647292420215,502.991
698,17,18,6.220035564850818,43.65617519341742,502.323
699,17,19,13.359237860840578,49.25813242612179,502.392
700,17,20,20.368911595636572,55.20058824932965,503.14
701,17,21,27.159147574099332,61.7014905843615,504.46
702,17,22,33.6118731698205,69.02363095953359,506.201
703,17,23,39.56520265418701,77.48168643519216,508.19
704,17,24,44.79514338846289,87.4203425078019,510.245
705,17,25,49.0035063889583,99.12008772581856,512.192
706,17,26,51.83647419628824,112.58373612718019,513.885
707,17,27,52.96911080597312,127.27117684288967,515.218
708,17,28,52.246295791772766,142.09231851160217,516.133
709,17,29,49.771588481882915,155.88783897454553,516.623
710,17,30,45.84676712440224,167.98219154167052,516.734
711,17,31,40.82986340543365,178.28038194200056,516.554
712,17,32,35.034574253177475,-172.9750461645715,516.206
713,17,33,28.70018851501595,-165.44200320820775,515.827
714,17,34,21.999930033584352,-158.79616084389366,515.56
715,17,35,15.059040572598619,-152.76394267461347,515.53
716,17,36,7.971448893524767,-147.11954264640664,515.833
717,17,37,0.8123662647386263,-141.67069093413727,516.527
718,17,38,-6.352057571978464,-136.24271227997147,517.617
719,17,39,-13.456699537654783,-130.6629121809346,519.062
720,18,0,-16.9646121246134,-118.75886234446453,519.891
721,18,1,-23.840140090336696,-112.59373552412508,521.684
722,18,2,-30.442709791164187,-105.75164816457817,523.532
723,18,3,-36.63750012306899,-97.94728277362485,525.266
724,18,4,-42.23767126130541,-88.8490951387635,526.713
725,18,5,-46.98736431956477,-78.12855316091655,527.71
726,18,6,-50.56002112343958,-65.60604335548015,528.121
727,18,7,-52.603835704255424,-51.507405927360786,527.856
728,18,8,-52.85801436402828,-36.65314467136291,526.874
729,18,9,-51.28496032647181,-22.233951097569204,525.192
730,18,10,-48.09228743669232,-9.2200407709753,522.887
731,18,11,-43.61976687004666,2.003279755969342,520.088
732,18,12,-38.20822506611849,11.530702304927077,516.967
733,18,13,-32.13461253537346,19.669300441594043,513.726
734,18,14,-25.604114990667945,26.758167658495395,510.577
735,18,15,-18.764957782274966,33.09755309512937,507.726
736,18,16,-11.726248059543604,38.93683891092418,505.354
737,18,17,-4.5725196587365184,44.48447223406486,503.603
738,18,18,2.6252694386326723,49.92339285128104,502.564
739,18,19,9.800956897621349,55.42685875615383,502.268
740,18,20,16.88538705288313,61.17407020684228,502.687
741,18,21,23.798016606177935,67.3660123498632,503.737
742,18,22,30.4365796963841,74.24141737218143,505.288
743,18,23,36.66329433246955,82.08922276625604,507.176
744,18,24,42.28748041582773,91.24506402790145,509.22
745,18,25,47.04842621074468,102.0400414073232,511.241
746,18,26,50.61443724055707,114.65008008697332,513.078
747,18,27,52.63068176278816,128.8332137853149,514.601
748,18,28,52.839265494756596,143.74385825291125,515.729
749,18,29,51.21207879293319,158.17562449741965,516.429
750,18,30,47.967814069258004,171.1650050533831,516.721
751,18,31,43.453543971310644,-177.6548049159191,516.673
752,18,32,38.01282018415359,-168.17410619696955,516.393
753,18,33,31.922603463536266,-160.07843323791516,516.011
754,18,34,25.38706523922328,-153.0265361274438,515.672
755,18,35,18.553122880261608,-146.71843295720848,515.508
756,18,36,11.528567870811449,-140.90587367163593,515.635
757,18,37,4.396595756944969,-135.38182157660472,516.13
758,18,38,-2.7731829480814105,-129.96474390435424,517.024
759,18,39,-9.916090835139315,-124.48291603877205,518.3
760,19,0,-20.42960807169589,-106.7451265001132,520.771
761,19,1,-27.182967858829752,-100.2738910917413,522.612
762,19,2,-33.60131369736366,-92.98963094570611,524.424
763,19,3,-39.526130557039956,-84.58162709628539,526.036
764,19,4,-44.73778345981312,-74.70893016049047,527.277
765,19,5,-48.9432402148167,-63.0913179672432,527.995
766,19,6,-51.79323568374748,-49.716496176037595,528.077
767,19,7,-52.96328123951651,-35.10261318259456,527.455
768,19,8,-52.291781436550465,-20.316517214513404,526.117
769,19,9,-49.871158979603365,-6.51298707410772,524.11
770,19,10,-45.99360253117918,5.617511280991789,521.539
771,19,11,-41.01228751288093,15.962013778989107,518.556
772,19,12,-35.23980777735802,24.751913995472744,515.349
773,19,13,-28.916101039963806,32.32496307735254,512.127
774,19,14,-22.2155710585127,39.00483685920624,509.102
775,19,15,-15.26483246474381,45.06589891735137,506.47
776,19,16,-8.159113463612744,50.73527694735294,504.394
777,19,17,-0.9749763135688222,56.20665462350502,502.991
778,19,18,6.220035564850818,61.6561859395968,502.323
779,19,19,13.359237860840578,67.25813634211201,502.392
780,19,20,20.368911595636572,73.20059899550904,503.14
781,19,21,27.159147574099332,79.7014979154463,504.46
782,19,22,33.6118731698205,87.0236382906184,506.201
783,19,23,39.56520265418701,95.48169376627696,508.19
784,19,24,44.79514338846289,105.42034983888671,510.245
785,19,25,49.0035063889583,117.12009505690337,512.192
786,19,26,51.83647419628824,130.58373662807583,513.885
787,19,27,52.96911080597312,145.2711841739745,515.218
788,19,28,52.246295791772766,160.09232584268696,516.133
789,19,29,49.771588481882915,173.88784630563035,516.623
790,19,30,45.84676712440224,-174.017797484779,516.734
791,19,31,40.82986340543365,-163.71960708444897,516.554
792,19,32,35.034574253177475,-154.9750388334867,516.206
793,19,33,28.70018851501595,-147.44199587712296,515.827
794,19,34,21.999930033584352,-140.79615351280884,515.56
795,19,35,15.059040572598619,-134.7639353435287,515.53
796,19,36,7.971448893524767,-129.11953531532185,515.833
797,19,37,0.8123662647386263,-123.67068360305248,516.527
798,19,38,-6.352057571978464,-118.24270494888667,517.617
799,19,39,-13.456699537654783,-112.66290484984981,519.062
800,20,0,-16.9646121246134,-100.75885501337972,519.891
801,20,1,-23.840140090336696,-94.59372819304028,521.684
802,20,2,-30.442709791164187,-87.75164083349337,523.532
803,20,3,-36.63750012306899,-79.94727544254005,525.266
804,20,4,-42.23767126130541,-70.8490878076787,526.713
805,20,5,-46.98736431956477,-60.12854582983175,527.71
806,20,6,-50.56002112343958,-47.60603602439535,528.121
807,20,7,-52.603835704255424,-33.50739859627598,527.856
808,20,8,-52.85801436402828,-18.653137340278104,526.874
809,20,9,-51.28496032647181,-4.233944193371225,525.192
810,20,10,-48.09228743669232,8.779966560109502,522.887
811,20,11,-43.61976687004666,20.003286446723912,520.088
812,20,12,-38.20822506611849,29.530708782238236,516.967
813,20,13,-32.13461253537346,37.66930948022614,513.726
814,20,14,-25.604114990667945,44.7581749895802,510.577
815,20,15,-18.764957782274966,51.09756042621417,507.726
816,20,16,-11.726248059543604,56.93684624200898,505.354
817,20,17,-4.5725196587365184,62.48448298024425,503.603
818,20,18,2.6252694386326723,67.92340359746042,502.564
819,20,19,9.800956897621349,73.42686267214405,502.268
820,20,20,16.88538705288313,79.17407753792709,502.687
821,20,21,23.798016606177935,85.366019680948,503.737
822,20,22,30.4365796963841,92.24142470326623,505.288
823,20,23,36.66329433246955,100.08923009734085,507.176
824,20,24,42.28748041582773,109.24507135898625,509.22
825,20,25,47.04842621074468,120.04005556859718,511.241
826,20,26,50.61443724055707,132.65008741805812,513.078
827,20,27,52.63068176278816,146.83322111639973,514.601
828,20,28,52.839265494756596,161.74386558399604,515.729
829,20,29,51.21207879293319,176.17563182850446,516.429
830,20,30,47.967814069258004,-170.83499763344477,516.721
831,20,31,43.453543971310644,-159.65479758483428,516.673
832,20,32,38.01282018415359,-150.17409886588473,516.393
833,20,33,31.922603463536266,-142.07842590683035,516.011
834,20,34,25.38706523922328,-135.026528796359,515.672
835,20,35,18.553122880261608,-128.7184256261237,515.508
836,20,36,11.528567870811449,-122.90586634055113,515.635
837,20,37,4.396595756944969,-117.38181424551992,516.13
838,20,38,-2.7731829480814105,-111.96474340345861,517.024
839,20,39,-9.916090835139315,-106.48291553787642,518.3
840,21,0,-20.42960807169589,-88.74513282940674,520.771
841,21,1,-27.182967858829752,-82.27389742103485,522.612
842,21,2,-33.60131369736366,-74.98963727499965,524.424
843,21,3,-39.526130557039956,-66.58163342557893,526.036
844,21,4,-44.73778345981312,-56.70893307468941,527.277
845,21,5,-48.9432402148167,-45.09132088144215,527.995
846,21,6,-51.79323568374748,-31.716502505331132,528.077
847,21,7,-52.96328123951651,-17.102619511888093,527.455
848,21,8,-52.291781436550465,-2.3165231169201164,526.117
849,21,9,-49.871158979603365,11.48700616971192,524.11
850,21,10,-45.99360253117918,23.617504951698255,521.539
851,21,11,-41.01228751288093,33.96200574214828,518.556
852,21,12,-35.23980777735802,42.7519093737265,515.349
853,21,13,-28.916101039963806,50.32495674805901,512.127
854,21,14,-22.2155710585127,57.0048305299127,509.102
855,21,15,-15.26483246474381,63.065889172963246,506.47
856,21,16,-8.159113463612744,68.73527403315398,504.394
857,21,17,-0.9749763135688222,74.2066448791169,502.991
858,21,18,6.220035564850818,79.65617961030327,502.323
859,21,19,13.359237860840578,85.25813001281847,502.392
860,21,20,20.368911595636572,91.2005926662155,503.14
861,21,21,27.159147574099332,97.70149158615277,504.46
862,21,22,33.6118731698205,105.02363196132485,506.201
863,21,23,39.56520265418701,113.48168743698342,508.19
864,21,24,44.79514338846289,123.42034350959317,510.245
865,21,25,49.0035063889583,135.12008872760984,512.192
866,21,26,51.83647419628824,148.58373029878229,513.885
867,21,27,52.96911080597312,163.27117784468095,515.218
868,21,28,52.246295791772766,178.09231951339342,516.133
869,21,29,49.771588481882915,-168.1121563811975,516.623
870,21,30,45.84676712440224,-156.01780381407255,516.734
871,21,31,40.82986340543365,-145.7196134137425,516.554
872,21,32,35.034574253177475,-136.97504516278022,516.206
873,21,33,28.70018851501595,-129.44200220641648,515.827
874,21,34,21.999930033584352,-122.79615984210238,515.56
875,21,35,15.059040572598619,-116.76394167282223,515.53
876,21,36,7.971448893524767,-111.11954164461538,515.833
877,21,37,0.8123662647386263,-105.67068993234601,516.527
878,21,38,-6.352057571978464,-100.2427112781802,517.617
879,21,39,-13.456699537654783,-94.66291117914334,519.062
880,22,0,-16.9646121246134,-82.75886134267326,519.891
881,22,1,-23.840140090336696,-76.59373452233382,521.684
882,22,2,-30.442709791164187,-69.75164716278691,523.532
883,22,3,-36.63750012306899,-61.94728177183357,525.266
884,22,4,-42.23767126130541,-52.84909755206683,526.713
885,22,5,-46.98736431956477,-42.1285487440307,527.71
886,22,6,-50.56002112343958,-29.606042353688892,528.121
887,22,7,-52.603835704255424,-15.507403218022228,527.856
888,22,8,-52.85801436402828,-0.6531434027673749,526.874
889,22,9,-51.28496032647181,13.766049050448416,525.192
890,22,10,-48.09228743669232,26.77995937704232,522.887
891,22,11,-43.61976687004666,38.00328182497767,520.088
892,22,12,-38.20822506611849,47.530702452944695,516.967
893,22,13,-32.13461253537346,55.6693031509326,513.726
894,22,14,-25.604114990667945,62.75816866028666,510.577
895,22,15,-18.764957782274966,69.09755409692063,507.726
896,22,16,-11.726248059543604,74.93683991271544,505.354
897,22,17,-4.5725196587365184,80.48447665095071,503.603
898,22,18,2.6252694386326723,85.92339726816688,502.564
899,22,19,9.800956897621349,91.42685634285051,502.268
900,22,20,16.88538705288313,97.17407120863355,502.687
901,22,21,23.798016606177935,103.36601335165446,503.737
902,22,22,30.4365796963841,110.24141837397269,505.288
903,22,23,36.66329433246955,118.08921693785814,507.176
904,22,24,42.28748041582773,127.24505819950355,509.22
905,22,25,47.04842621074468,138.04004923930364,511.241
906,22,26,50.61443724055707,150.65008108876458,513.078
907,22,27,52.63068176278816,164.8332147871062,514.601
908,22,28,52.839265494756596,179.74385925470253,515.729
909,22,29,51.21207879293319,-165.82438451870175,516.429
910,22,30,47.967814069258004,-152.8350039627383,516.721
911,22,31,43.453543971310644,-141.65480391412783,516.673
912,22,32,38.01282018415359,-132.17410519517827,516.393
913,22,33,31.922603463536266,-124.0784322361239,516.011
914,22,34,25.38706523922328,-117.02653512565253,515.672
915,22,35,18.553122880261608,-110.71842512522805,515.508
916,22,36,11.528567870811449,-104.90587266984467,515.635
917,22,37,4.396595756944969,-99.38181374462428,516.13
918,22,38,-2.7731829480814105,-93.96474973275215,517.024
919,22,39,-9.916090835139315,-88.48292186716995,518.3
920,23,0,-20.42960807169589,-70.74512549832194,520.771
921,23,1,-27.182967858829752,-64.27389008995004,522.612
922,23,2,-33.60131369736366,-56.98962652882025,524.424
923,23,3,-39.526130557039956,-48.58162267939954,526.036
924,23,4,-44.73778345981312,-38.70892574360461,527.277
925,23,5,-48.9432402148167,-27.091313550357352,527.995
926,23,6,-51.79323568374748,-13.716493466699035,528.077
927,23,7,-52.96328123951651,0.8973883528052392,527.455
928,23,8,-52.291781436550465,15.683483787277863,526.117
929,23,9,-49.871158979603365,29.48701264702308,524.11
930,23,10,-45.99360253117918,41.61751399033035,521.539
931,23,11,-41.01228751288093,51.96201307323308,518.556
932,23,12,-35.23980777735802,60.75191670481131,515.349
933,23,13,-28.916101039963806,68.32496407914381,512.127
934,23,14,-22.2155710585127,75.0048412760921,509.102
935,23,15,-15.26483246474381,81.06589650404806,506.47
936,23,16,-8.159113463612744,86.73528136423879,504.394
937,23,17,-0.9749763135688222,92.2066522102017,502.991
938,23,18,6.220035564850818,97.65618694138807,502.323
939,23,19,13.359237860840578,103.25813734390327,502.392
940,23,20,20.368911595636572,109.2005999973003,503.14
941,23,21,27.159147574099332,115.7014920870484,504.46
942,23,22,33.6118731698205,123.02363246222049,506.201
943,23,23,39.56520265418701,131.4817015982574,508.19
944,23,24,44.79514338846289,141.42035084067797,510.245
945,23,25,49.0035063889583,153.12009605869463,512.192
946,23,26,51.83647419628824,166.58373762986707,513.885
947,23,27,52.96911080597312,-178.72881118176858,515.218
948,23,28,52.246295791772766,-163.90766951305608,516.133
949,23,29,49.771588481882915,-150.11214905011272,516.623
950,23,30,45.84676712440224,-138.01779648298773,516.734
951,23,31,40.82986340543365,-127.71960608265769,516.554
952,23,32,35.034574253177475,-118.97503783169543,516.206
953,23,33,28.70018851501595,-111.44200170552085,515.827
954,23,34,21.999930033584352,-104.79615251101758,515.56
955,23,35,15.059040572598619,-98.76393434173742,515.53
956,23,36,7.971448893524767,-93.11953431353058,515.833
957,23,37,0.8123662647386263,-87.6706826012612,516.527
958,23,38,-6.352057571978464,-82.24270394709539,517.617
959,23,39,-13.456699537654783,-76.66290384805853,519.062
960,24,0,-16.9646121246134,-64.75885401158845,519.891
961,24,1,-23.840140090336696,-58.593727191249016,521.684
962,24,2,-30.442709791164187,-51.75163641660752,523.532
963,24,3,-36.63750012306899,-43.94727444074877,525.266
964,24,4,-42.23767126130541,-34.84909022098202,526.713
965,24,5,-46.98736431956477,-24.12854312049319,527.71
966,24,6,-50.56002112343958,-11.60603416883044,528.121
967,24,7,-52.603835704255424,2.4926038996191644,527.856
968,24,8,-52.85801436402828,17.346863661513165,526.874
969,24,9,-51.28496032647181,31.766055527759573,525.192
970,24,10,-48.09228743669232,44.77996670812712,522.887
971,24,11,-43.61976687004666,56.00328915606247,520.088
972,24,12,-38.20822506611849,65.53071319912408,516.967
973,24,13,-32.13461253537346,73.66930706692283,513.726
974,24,14,-25.604114990667945,80.75817599137146,510.577
975,24,15,-18.764957782274966,87.09756142800543,507.726
976,24,16,-11.726248059543604,92.93684724380024,505.354
977,24,17,-4.5725196587365184,98.48448398203551,503.603
978,24,18,2.6252694386326723,103.9234045992517,502.564
979,24,19,9.800956897621349,109.42686367393532,502.268
980,24,20,16.88538705288313,115.17407853971835,502.687
981,24,21,23.798016606177935,121.36602751292843,503.737
982,24,22,30.4365796963841,128.24143253524667,505.288
983,24,23,36.66329433246955,136.08922426894293,507.176
984,24,24,42.28748041582773,145.24506553058836,509.22
985,24,25,47.04842621074468,156.04005657038846,511.241
986,24,26,50.61443724055707,168.6500884198494,513.078
987,24,27,52.63068176278816,-177.16677423934334,514.601
988,24,28,52.839265494756596,-162.25614343212536,515.729
989,24,29,51.21207879293319,-147.82437718761696,516.429
990,24,30,47.967814069258004,-134.8349966316535,516.721
991,24,31,43.453543971310644,-123.65479658304302,516.673
992,24,32,38.01282018415359,-114.17409786409347,516.393
993,24,33,31.922603463536266,-106.07841807484992,516.011
994,24,34,25.38706523922328,-99.02652779456773,515.672
995,24,35,18.553122880261608,-92.71841779414324,515.508
996,24,36,11.528567870811449,-86.90586533875987,515.635
997,24,37,4.396595756944969,-81.38180641353948,516.13
998,24,38,-2.7731829480814105,-75.96474240166735,517.024
999,24,39,-9.916090835139315,-70.48291453608515,518.3
1000,25,0,-20.42960807169589,-52.74513182761548,520.771
1001,25,1,-27.182967858829752,-46.27389641924358,522.612
1002,25,2,-33.60131369736366,-38.989632858113794,524.424
1003,25,3,-39.526130557039956,-30.581629008693078,526.036
1004,25,4,-44.73778345981312,-20.708933780445438,527.277
1005,25,5,-48.9432402148167,-9.091320733424533,527.995
1006,25,6,-51.79323568374748,4.283499777120606,528.077
1007,25,7,-52.96328123951651,18.897381489903175,527.455
1008,25,8,-52.291781436550465,33.683477457984324,526.117
1009,25,9,-49.871158979603365,47.48700631772954,524.11
1010,25,10,-45.99360253117918,59.61750424594223,521.539
1011,25,11,-41.01228751288093,69.96201015903412,518.556
1012,25,12,-35.23980777735802,78.75191037551777,515.349
1013,25,13,-28.916101039963806,86.32495774985027,512.127
1014,25,14,-22.2155710585127,93.00483494679855,509.102
1015,25,15,-15.26483246474381,99.06589017475451,506.47
1016,25,16,-8.159113463612744,104.73527503494526,504.394
1017,25,17,-0.9749763135688222,110.20664588090816,502.991
1018,25,18,6.220035564850818,115.65618061209453,502.323
1019,25,19,13.359237860840578,121.25813784479891,502.392
1020,25,20,20.368911595636572,127.20059366800676,503.14
1021,25,21,27.159147574099332,133.70148575775485,504.46
1022,25,22,33.6118731698205,141.02362613292695,506.201
1023,25,23,39.56520265418701,149.48169526896385,508.19
1024,25,24,44.79514338846289,159.42034451138443,510.245
1025,25,25,49.0035063889583,171.1200897294011,512.192
1026,25,26,51.83647419628824,-175.41626505696078,513.885
1027,25,27,52.96911080597312,-160.72881751106212,515.218
1028,25,28,52.246295791772766,-145.90767584234962,516.133
1029,25,29,49.771588481882915,-132.11215537940626,516.623
1030,25,30,45.84676712440224,-120.01780281228127,516.734
1031,25,31,40.82986340543365,-109.71961241195123,516.554
1032,25,32,35.034574253177475,-100.97504416098897,516.206
1033,25,33,28.70018851501595,-93.44200803481439,515.827
1034,25,34,21.999930033584352,-86.79615884031112,515.56
1035,25,35,15.059040572598619,-80.76394067103095,515.53
1036,25,36,7.971448893524767,-75.11954064282412,515.833
1037,25,37,0.8123662647386263,-69.67068893055475,516.527
1038,25,38,-6.352057571978464,-64.24271027638893,517.617
1039,25,39,-13.456699537654783,-58.662910177352074,519.062
1040,26,0,-16.9646121246134,-46.75884668050365,519.891
1041,26,1,-23.840140090336696,-40.593719860164214,521.684
1042,26,2,-30.442709791164187,-33.751629085522715,523.532
1043,26,3,-36.63750012306899,-25.947268817211263,525.266
1044,26,4,-42.23767126130541,-16.84908288989722,526.713
1045,26,5,-46.98736431956477,-6.128535362521565,527.71
1046,26,6,-50.56002112343958,6.393973589141186,528.121
1047,26,7,-52.603835704255424,20.49261144414738,527.856
1048,26,8,-52.85801436402828,35.34687099259797,526.874
1049,26,9,-51.28496032647181,49.76606285884438,525.192
1050,26,10,-48.09228743669232,62.77997745430651,522.887
1051,26,11,-43.61976687004666,74.00329648714727,520.088
1052,26,12,-38.20822506611849,83.5307205302089,516.967
1053,26,13,-32.13461253537346,91.66931439800763,513.726
1054,26,14,-25.604114990667945,98.75818332245626,510.577
1055,26,15,-18.764957782274966,105.09756875909024,507.726
1056,26,16,-11.726248059543604,110.93685457488505,505.354
1057,26,17,-4.5725196587365184,116.48449131312032,503.603
1058,26,18,2.6252694386326723,121.9234119303365,502.564
1059,26,19,9.800956897621349,127.42687783520928,502.268
1060,26,20,16.88538705288313,133.17408587080317,502.687
1061,26,21,23.798016606177935,139.36603484401323,503.737
1062,26,22,30.4365796963841,146.24143986633146,505.288
1063,26,23,36.66329433246955,154.08923160002774,507.176
1064,26,24,42.28748041582773,163.24507286167315,509.22
1065,26,25,47.04842621074468,174.04006390147325,511.241
1066,26,26,50.61443724055707,-173.34990060660013,513.078
1067,26,27,52.63068176278816,-159.16676690825855,514.601
1068,26,28,52.839265494756596,-144.25613610104054,515.729
1069,26,29,51.21207879293319,-129.82436985653214,516.429
1070,26,30,47.967814069258004,-116.8349893005687,516.721
1071,26,31,43.453543971310644,-105.65478925195822,516.673
1072,26,32,38.01282018415359,-96.17409053300867,516.393
1073,26,33,31.922603463536266,-88.07841074376512,516.011
1074,26,34,25.38706523922328,-81.02652046348292,515.672
1075,26,35,18.553122880261608,-74.71841046305843,515.508
1076,26,36,11.528567870811449,-68.90585800767505,515.635
1077,26,37,4.396595756944969,-63.38179908245468,516.13
1078,26,38,-2.7731829480814105,-57.96473507058254,517.024
1079,26,39,-9.916090835139315,-52.48290378990576,518.3
1080,27,0,-20.42960807169589,-34.745138156909015,520.771
1081,27,1,-27.182967858829752,-28.273904456084406,522.612
1082,27,2,-33.60131369736366,-20.98963918740733,524.424
1083,27,3,-39.526130557039956,-12.581636191760259,526.036
1084,27,4,-44.73778345981312,-2.708939896295563,527.277
1085,27,5,-48.9432402148167,8.90867293728193,527.995
1086,27,6,-51.79323568374748,22.283493874713894,528.077
1087,27,7,-52.96328123951651,36.897375160609634,527.455
1088,27,8,-52.291781436550465,51.68347112869079,526.117
1089,27,9,-49.871158979603365,65.48699998843601,524.11
1090,27,10,-45.99360253117918,77.61749791664869,521.539
1091,27,11,-41.01228751288093,87.9620038297406,518.556
1092,27,12,-35.23980777735802,96.75190404622423,515.349
1093,27,13,-28.916101039963806,104.32495142055674,512.127
1094,27,14,-22.2155710585127,111.00482861750503,509.102
1095,27,15,-15.26483246474381,117.06589067565014,506.47
1096,27,16,-8.159113463612744,122.73526187546256,504.394
1097,27,17,-0.9749763135688222,128.20663955161461,502.991
1098,27,18,6.220035564850818,133.656174282801,502.323
1099,27,19,13.359237860840578,139.25813151550537,502.392
1100,27,20,20.368911595636572,145.20058733871323,503.14
1101,27,21,27.159147574099332,151.7014794284613,504.46
1102,27,22,33.6118731698205,159.0236198036334,506.201
1103,27,23,39.56520265418701,167.48168893967033,508.19
1104,27,24,44.79514338846289,177.4203381820909,510.245
1105,27,25,49.0035063889583,-170.87991295742677,512.192
1106,27,26,51.83647419628824,-157.41627138625432,513.885
1107,27,27,52.96911080597312,-142.72882384035566,515.218
1108,27,28,52.246295791772766,-127.90768217164316,516.133
1109,27,29,49.771588481882915,-114.11216170869979,516.623
1110,27,30,45.84676712440224,-102.01781597176398,516.734
1111,27,31,40.82986340543365,-91.71961874124477,516.554
1112,27,32,35.034574253177475,-82.9750504902825,516.206
1113,27,33,28.70018851501595,-75.44201436410793,515.827
1114,27,34,21.999930033584352,-68.79616516960465,515.56
1115,27,35,15.059040572598619,-62.76394700032449,515.53
1116,27,36,7.971448893524767,-57.119546972117654,515.833
1117,27,37,0.8123662647386263,-51.67069867494287,516.527
1118,27,38,-6.352057571978464,-46.24271660568247,517.617
1119,27,39,-13.456699537654783,-40.66291650664561,519.062
1120,28,0,-16.9646121246134,-28.75886667017553,519.891
1121,28,1,-23.840140090336696,-22.593738142288796,521.684
1122,28,2,-30.442709791164187,-15.751650782741883,523.532
1123,28,3,-36.63750012306899,-7.947288806883139,525.266
1124,28,4,-42.23767126130541,1.1508972271526094,526.713
1125,28,5,-46.98736431956477,11.871445074693382,527.71
1126,28,6,-50.56002112343958,24.393954026356134,528.121
1127,28,7,-52.603835704255424,38.49258974692821,527.856
1128,28,8,-52.85801436402828,53.346851002926094,526.874
1129,28,9,-51.28496032647181,67.7660428691725,525.192
1130,28,10,-48.09228743669232,80.77995746463463,522.887
1131,28,11,-43.61976687004666,92.0032764974754,520.088
1132,28,12,-38.20822506611849,101.53070054053701,516.967
1133,28,13,-32.13461253537346,109.66929440833574,513.726
1134,28,14,-25.604114990667945,116.75816333278439,510.577
1135,28,15,-18.764957782274966,123.09754876941837,507.726
1136,28,16,-11.726248059543604,128.93684141540234,505.354
1137,28,17,-4.5725196587365184,134.48447132344845,503.603
1138,28,18,2.6252694386326723,139.92339194066463,502.564
1139,28,19,9.800956897621349,145.4268578455374,502.268
1140,28,20,16.88538705288313,151.17406588113127,502.687
1141,28,21,23.798016606177935,157.36601485434136,503.737
1142,28,22,30.4365796963841,164.2414198766596,505.288
1143,28,23,36.66329433246955,172.08921161035587,507.176
1144,28,24,42.28748041582773,-178.75494348553306,509.22
1145,28,25,47.04842621074468,-167.9599661061113,511.241
1146,28,26,50.61443724055707,-155.34992059627203,513.078
1147,28,27,52.63068176278816,-141.16678689793042,514.601
1148,28,28,52.839265494756596,-126.25615609071242,515.729
1149,28,29,51.21207879293319,-111.82438301601485,516.429
1150,28,30,47.967814069258004,-98.8350024600514,516.721
1151,28,31,43.453543971310644,-87.6548092416301,516.673
1152,28,32,38.01282018415359,-78.17411052268054,516.393
1153,28,33,31.922603463536266,-70.078430733437,516.011
1154,28,34,25.38706523922328,-63.0265404531548,515.672
1155,28,35,18.553122880261608,-56.71843045273032,515.508
1156,28,36,11.528567870811449,-50.905881412441516,515.635
1157,28,37,4.396595756944969,-45.381819072126554,516.13
1158,28,38,-2.7731829480814105,-39.96475506025442,517.024
1159,28,39,-9.916090835139315,-34.48292377957764,518.3
1160,29,0,-20.42960807169589,-16.745130825824212,520.771
1161,29,1,-27.182967858829752,-10.273897124999602,522.612
1162,29,2,-33.60131369736366,-2.9896318563225264,524.424
1163,29,3,-39.526130557039956,5.418371566211367,526.036
1164,29,4,-44.73778345981312,15.291067221345829,527.277
1165,29,5,-48.9432402148167,26.90868112214038,527.995
1166,29,6,-51.79323568374748,40.2834994982514,528.077
1167,29,7,-52.96328123951651,54.897382491694444,527.455
1168,29,8,-52.291781436550465,69.68348187487018,526.117
1169,29,9,-49.871158979603365,83.48700731952081,524.11
1170,29,10,-45.99360253117918,95.61750524773349,521.539
1171,29,11,-41.01228751288093,105.9620111608254,518.556
1172,29,12,-35.23980777735802,114.75190454711986,515.349
1173,29,13,-28.916101039963806,122.32495875164155,512.127
1174,29,14,-22.2155710585127,129.00482911840066,509.102
1175,29,15,-15.26483246474381,135.06589800673495,506.47
1176,29,16,-8.159113463612744,140.73526920654734,504.394
1177,29,17,-0.9749763135688222,146.20664688269943,502.991
1178,29,18,6.220035564850818,151.6561816138858,502.323
1179,29,19,13.359237860840578,157.25813884659019,502.392
1180,29,20,20.368911595636572,163.20059466979802,503.14
1181,29,21,27.159147574099332,169.70148675954613,504.46
1182,29,22,33.6118731698205,177.02362713471823,506.201
1183,29,23,39.56520265418701,-174.51831374715755,508.19
1184,29,24,44.79514338846289,-164.57965084435864,510.245
1185,29,25,49.0035063889583,-152.87990562634195,512.192
1186,29,26,51.83647419628824,-139.4162640551695,513.885
1187,29,27,52.96911080597312,-124.72881650927086,515.218
1188,29,28,52.246295791772766,-109.90768167074754,516.133
1189,29,29,49.771588481882915,-96.11215437761498,516.623
1190,29,30,45.84676712440224,-84.01780864067918,516.734
1191,29,31,40.82986340543365,-73.71961141015997,516.554
1192,29,32,35.034574253177475,-64.9750431591977,516.206
1193,29,33,28.70018851501595,-57.442007033023124,515.827
1194,29,34,21.999930033584352,-50.79615783851985,515.56
1195,29,35,15.059040572598619,-44.7639362541451,515.53
1196,29,36,7.971448893524767,-39.11953964103285,515.833
1197,29,37,0.8123662647386263,-33.67069134385806,516.527
1198,29,38,-6.352057571978464,-28.242707567050374,517.617
1199,29,39,-13.456699537654783,-22.66290917556081,519.062
1200,30,0,-16.9646121246134,-10.758861046638017,519.891
1201,30,1,-23.840140090336696,-4.593731664977639,521.684
1202,30,2,-30.442709791164187,2.248356975229743,523.532
1203,30,3,-36.63750012306899,10.052718524201664,525.266
1204,30,4,-42.23767126130541,19.150904451515707,526.713
1205,30,5,-46.98736431956477,29.87145325955183,527.71
1206,30,6,-50.56002112343958,42.393959649893645,528.121
1207,30,7,-52.603835704255424,56.49259707801301,527.856
1208,30,8,-52.85801436402828,71.34685833401089,526.874
1209,30,9,-51.28496032647181,85.7660502002573,525.192
1210,30,10,-48.09228743669232,98.77996479571944,522.887
1211,30,11,-43.61976687004666,110.0032838285602,520.088
1212,30,12,-38.20822506611849,119.53070104143265,516.967
1213,30,13,-32.13461253537346,127.66930856960973,513.726
1214,30,14,-25.604114990667945,134.75817066386918,510.577
1215,30,15,-18.764957782274966,141.09755610050317,507.726
1216,30,16,-11.726248059543604,146.93684874648716,505.354
1217,30,17,-4.5725196587365184,152.48447865453323,503.603
1218,30,18,2.6252694386326723,157.92339927174942,502.564
1219,30,19,9.800956897621349,163.42686517662221,502.268
1220,30,20,16.88538705288313,169.1740732122161,502.687
1221,30,21,23.798016606177935,175.36602218542617,503.737
1222,30,22,30.4365796963841,-177.75858281016826,505.288
1223,30,23,36.66329433246955,-169.91077741609365,507.176
1224,30,24,42.28748041582773,-160.75493615444825,509.22
1225,30,25,47.04842621074468,-149.9599587750265,511.241
1226,30,26,50.61443724055707,-137.3499132651872,513.078
1227,30,27,52.63068176278816,-123.16677956684562,514.601
1228,30,28,52.839265494756596,-108.25614192943844,515.729
1229,30,29,51.21207879293319,-93.82437568493005,516.429
1230,30,30,47.967814069258004,-80.8349951289666,516.721
1231,30,31,43.453543971310644,-69.6548019105453,516.673
1232,30,32,38.01282018415359,-60.174103191595734,516.393
1233,30,33,31.922603463536266,-52.078426817446775,516.011
1234,30,34,25.38706523922328,-45.02653312207,515.672
1235,30,35,18.553122880261608,-38.718423121645515,515.508
1236,30,36,11.528567870811449,-32.905874081356714,515.635
1237,30,37,4.396595756944969,-27.38181344858904,516.13
1238,30,38,-2.7731829480814105,-21.96474602162232,517.024
1239,30,39,-9.916090835139315,-16.482918156040128,518.3
1240,31,0,-20.42960807169589,1.2548767187040042,520.771
1241,31,1,-27.182967858829752,7.726110206085201,522.612
1242,31,2,-33.60131369736366,15.010375474762277,524.424
1243,31,3,-39.526130557039956,23.418379324182993,526.036
1244,31,4,-44.73778345981312,33.29107625997793,527.277
1245,31,5,-48.9432402148167,44.90868845322518,527.995
1246,31,6,-51.79323568374748,58.283506829336204,528.077
1247,31,7,-52.96328123951651,72.89739323787383,527.455
1248,31,8,-52.291781436550465,87.68348920595498,526.117
1249,31,9,-49.871158979603365,101.48701465060562,524.11
1250,31,10,-45.99360253117918,113.61751257881829,521.539
1251,31,11,-41.01228751288093,123.9620184919102,518.556
1252,31,12,-35.23980777735802,132.75191187820468,515.349
1253,31,13,-28.916101039963806,140.32496608272635,512.127
1254,31,14,-22.2155710585127,147.00483644948545,509.102
1255,31,15,-15.26483246474381,153.06590533781974,506.47
1256,31,16,-8.159113463612744,158.73527653763216,504.394
1257,31,17,-0.9749763135688222,164.20665421378422,502.991
1258,31,18,6.220035564850818,169.6561889449706,502.323
1259,31,19,13.359237860840578,175.25814617767497,502.392
1260,31,20,20.368911595636572,-178.7993943566515,503.14
1261,31,21,27.159147574099332,-172.2985022669034,504.46
1262,31,22,33.6118731698205,-164.9763618917313,506.201
1263,31,23,39.56520265418701,-156.51830641607273,508.19
1264,31,24,44.79514338846289,-146.57964351327382,510.245
1265,31,25,49.0035063889583,-134.87989829525716,512.192
1266,31,26,51.83647419628824,-121.4162567240847,513.885
1267,31,27,52.96911080597312,-106.72881600837522,515.218
1268,31,28,52.246295791772766,-91.90767433966273,516.133
1269,31,29,49.771588481882915,-78.11214704653018,516.623
1270,31,30,45.84676712440224,-66.01780130959438,516.734
1271,31,31,40.82986340543365,-55.71960407907516,516.554
1272,31,32,35.034574253177475,-46.97503924320748,516.206
1273,31,33,28.70018851501595,-39.44199628684374,515.827
1274,31,34,21.999930033584352,-32.796150507435044,515.56
1275,31,35,15.059040572598619,-26.7639289230603,515.53
1276,31,36,7.971448893524767,-21.119532309948045,515.833
1277,31,37,0.8123662647386263,-15.67068401277326,516.527
1278,31,38,-6.352057571978464,-10.242701089739215,517.617
1279,31,39,-13.456699537654783,-4.662901417589182,519.062
1280,32,0,-16.9646121246134,7.241146284446786,519.891
1281,32,1,-23.840140090336696,13.406275666107163,521.684
1282,32,2,-30.442709791164187,20.248363879427725,523.532
1283,32,3,-36.63750012306899,28.052725855286468,525.266
1284,32,4,-42.23767126130541,37.15091178260051,526.713
1285,32,5,-46.98736431956477,47.87146059063664,527.71
1286,32,6,-50.56002112343958,60.39396698097845,528.121
1287,32,7,-52.603835704255424,74.49260440909782,527.856
1288,32,8,-52.85801436402828,89.34686566509569,526.874
1289,32,9,-51.28496032647181,103.7660575313421,525.192
1290,32,10,-48.09228743669232,116.77996529661507,522.887
1291,32,11,-43.61976687004666,128.00329115964502,520.088
1292,32,12,-38.20822506611849,137.53070837251744,516.967
1293,32,13,-32.13461253537346,145.66931590069453,513.726
1294,32,14,-25.604114990667945,152.758177994954,510.577
1295,32,15,-18.764957782274966,159.097563431588,507.726
1296,32,16,-11.726248059543604,164.93685607757195,505.354
1297,32,17,-4.5725196587365184,170.48448598561805,503.603
1298,32,18,2.6252694386326723,175.92340660283423,502.564
1299,32,19,9.800956897621349,-178.57313751020564,502.268
1300,32,20,16.88538705288313,-172.82591581423344,502.687
1301,32,21,23.798016606177935,-166.6339805014017,503.737
1302,32,22,30.4365796963841,-159.75857547908348,505.288
1303,32,23,36.66329433246955,-151.91077008500886,507.176
1304,32,24,42.28748041582773,-142.75492882336343,509.22
1305,32,25,47.04842621074468,-131.9599514439417,511.241
1306,32,26,50.61443724055707,-119.34990593410241,513.078
1307,32,27,52.63068176278816,-105.16677223576082,514.601
1308,32,28,52.839265494756596,-90.25613459835364,515.729
1309,32,29,51.21207879293319,-75.82436835384524,516.429
1310,32,30,47.967814069258004,-62.834987797881794,516.721
1311,32,31,43.453543971310644,-51.65479457946049,516.673
1312,32,32,38.01282018415359,-42.17409244541635,516.393
1313,32,33,31.922603463536266,-34.07841948636197,516.011
1314,32,34,25.38706523922328,-27.026524083437902,515.672
1315,32,35,18.553122880261608,-20.71841579056071,515.508
1316,32,36,11.528567870811449,-14.905865042724619,515.635
1317,32,37,4.396595756944969,-9.381806117504237,516.13
1318,32,38,-2.7731829480814105,-3.9647395443111653,517.024
1319,32,39,-9.916090835139315,1.5170893884880863,518.3
1320,33,0,-20.42960807169589,19.254883836345396,520.771
1321,33,1,-27.182967858829752,25.726117537170005,522.612
1322,33,2,-33.60131369736366,33.01038280584708,524.424
1323,33,3,-39.526130557039956,41.418386655267796,526.036
1324,33,4,-44.73778345981312,51.29108359106273,527.277
1325,33,5,-48.9432402148167,62.9086923692154,527.995
1326,33,6,-51.79323568374748,76.283514160421,528.077
1327,33,7,-52.96328123951651,90.89740056895863,527.455
1328,33,8,-52.291781436550465,105.68349653703979,526.117
1329,33,9,-49.871158979603365,119.48702881187958,524.11
1330,33,10,-45.99360253117918,131.61752674009227,521.539
1331,33,11,-41.01228751288093,141.962025822995,518.556
1332,33,12,-35.23980777735802,150.75191920928947,515.349
1333,33,13,-28.916101039963806,158.32497341381114,512.127
1334,33,14,-22.2155710585127,165.00484378057027,509.102
1335,33,15,-15.26483246474381,171.06591266890456,506.47
1336,33,16,-8.159113463612744,176.73528386871695,504.394
1337,33,17,-0.9749763135688222,-177.7933348126653,502.991
1338,33,18,6.220035564850818,-172.34380008147892,502.323
1339,33,19,13.359237860840578,-166.74185650915288,502.392
1340,33,20,20.368911595636572,-160.7993870255667,503.14
1341,33,21,27.159147574099332,-154.29849493581858,504.46
1342,33,22,33.6118731698205,-146.9763545606465,506.201
1343,33,23,39.56520265418701,-138.51829908498794,508.19
1344,33,24,44.79514338846289,-128.579636182189,510.245
1345,33,25,49.0035063889583,-116.87989096417236,512.192
1346,33,26,51.83647419628824,-103.4162493929999,513.885
1347,33,27,52.96911080597312,-88.72880867729042,515.218
1348,33,28,52.246295791772766,-73.90766700857793,516.133
1349,33,29,49.771588481882915,-60.11213971544538,516.623
1350,33,30,45.84676712440224,-48.017790563414984,516.734
1351,33,31,40.82986340543365,-37.71959674799036,516.554
1352,33,32,35.034574253177475,-28.975031912122677,516.206
1353,33,33,28.70018851501595,-21.441988955758934,515.827
1354,33,34,21.999930033584352,-14.796141468802949,515.56
1355,33,35,15.059040572598619,-8.763922445749142,515.53
1356,33,36,7.971448893524767,-3.1195254057500668,515.833
1357,33,37,0.8123662647386263,2.329323958641778,516.527
1358,33,38,-6.352057571978464,7.757306241345588,517.617
1359,33,39,-13.456699537654783,13.337105486608799,519.062
1360,34,0,-16.9646121246134,25.241126294774908,519.891
1361,34,1,-23.840140090336696,31.40625482266164,521.684
1362,34,2,-30.442709791164187,38.24834559730314,523.532
1363,34,3,-36.63750012306899,46.05270757316188,525.266
1364,34,4,-42.23767126130541,55.15089179292863,526.713
1365,34,5,-46.98736431956477,65.87143718587018,527.71
1366,34,6,-50.56002112343958,78.39394699130656,528.121
1367,34,7,-52.603835704255424,92.49258441942594,527.856
1368,34,8,-52.85801436402828,107.34684567542382,526.874
1369,34,9,-51.28496032647181,121.7660443718594,525.192
1370,34,10,-48.09228743669232,134.7799453069432,522.887
1371,34,11,-43.61976687004666,146.00327116997312,520.088
1372,34,12,-38.20822506611849,155.53068838284557,516.967
1373,34,13,-32.13461253537346,163.66929591102266,513.726
1374,34,14,-25.604114990667945,170.75815800528213,510.577
1375,34,15,-18.764957782274966,177.0975434419161,507.726
1376,34,16,-11.726248059543604,-177.0631739300126,505.354
1377,34,17,-4.5725196587365184,-171.51553036158816,503.603
1378,34,18,2.6252694386326723,-166.07660974437198,502.564
1379,34,19,9.800956897621349,-160.57315749987754,502.268
1380,34,20,16.88538705288313,-154.8259358039053,502.687
1381,34,21,23.798016606177935,-148.63400049107358,503.737
1382,34,22,30.4365796963841,-141.75859546875535,505.288
1383,34,23,36.66329433246955,-133.91079007468073,507.176
1384,34,24,42.28748041582773,-124.75494881303531,509.22
1385,34,25,47.04842621074468,-113.9599646034244,511.241
1386,34,26,50.61443724055707,-101.34993275396346,513.078
1387,34,27,52.63068176278816,-87.16679222543269,514.601
1388,34,28,52.839265494756596,-72.25615458802552,515.729
1389,34,29,51.21207879293319,-57.82438834351712,516.429
1390,34,30,47.967814069258004,-44.83500778755367,516.721
1391,34,31,43.453543971310644,-33.65481456913237,516.673
1392,34,32,38.01282018415359,-24.174114142635517,516.393
1393,34,33,31.922603463536266,-16.07843947603385,516.011
1394,34,34,25.38706523922328,-9.026544926883425,515.672
1395,34,35,18.553122880261608,-2.7184359936759965,515.508
1396,34,36,11.528567870811449,3.094114327273269,515.635
1397,34,37,4.396595756944969,8.618173892823886,516.13
1398,34,38,-2.7731829480814105,14.035240466016958,517.024
1399,34,39,-9.916090835139315,19.517069185372797,518.3
1400,35,0,-20.42960807169589,37.25486384667352,520.771
1401,35,1,-27.182967858829752,43.72609925504542,522.612
1402,35,2,-33.60131369736366,51.0103628161752,524.424
1403,35,3,-39.526130557039956,59.418363250501336,526.036
1404,35,4,-44.73778345981312,69.29106018629626,527.277
1405,35,5,-48.9432402148167,80.90867237954352,527.995
1406,35,6,-51.79323568374748,94.28349417074914,528.077
1407,35,7,-52.96328123951651,108.89738057928676,527.455
1408,35,8,-52.291781436550465,123.68346971717874,526.117
1409,35,9,-49.871158979603365,137.4870088222077,524.11
1410,35,10,-45.99360253117918,149.6175067504204,521.539
1411,35,11,-41.01228751288093,159.96200583332313,518.556
1412,35,12,-35.23980777735802,168.7518992196176,515.349
1413,35,13,-28.916101039963806,176.32495342413927,512.127
1414,35,14,-22.2155710585127,-176.99517256663594,509.102
1415,35,15,-15.26483246474381,-170.93411733867998,506.47
1416,35,16,-8.159113463612744,-165.26473247848924,504.394
1417,35,17,-0.9749763135688222,-159.79335480233718,502.991
1418,35,18,6.220035564850818,-154.3438200711508,502.323
1419,35,19,13.359237860840578,-148.74187649882475,502.392
1420,35,20,20.368911595636572,-142.79940701523856,503.14
1421,35,21,27.159147574099332,-136.29851492549048,504.46
1422,35,22,33.6118731698205,-128.97637455031838,506.201
1423,35,23,39.56520265418701,-120.51831907465981,508.19
1424,35,24,44.79514338846289,-110.57966300205007,510.245
1425,35,25,49.0035063889583,-98.87991778403341,512.192
1426,35,26,51.83647419628824,-85.41626938267179,513.885
1427,35,27,52.96911080597312,-70.72882866696229,515.218
1428,35,28,52.246295791772766,-55.90768358315522,516.133
1429,35,29,49.771588481882915,-42.11215970511726,516.623
1430,35,30,45.84676712440224,-30.017810553086864,516.734
1431,35,31,40.82986340543365,-19.719616737662232,516.554
1432,35,32,35.034574253177475,-10.975051048020907,516.206
1433,35,33,28.70018851501595,-3.4420095857610455,515.827
1434,35,34,21.999930033584352,3.203838328081762,515.56
1435,35,35,15.059040572598619,9.236057564578982,515.53
1436,35,36,7.971448893524767,14.88045503146488,515.833
1437,35,37,0.8123662647386263,20.329303328639668,516.527
1438,35,38,-6.352057571978464,25.757287105447357,517.617
1439,35,39,-13.456699537654783,31.337085496936922,519.062
1440,36,0,-16.9646121246134,43.241135333407,519.891
1441,36,1,-23.840140090336696,49.40626215374645,521.684
1442,36,2,-30.442709791164187,56.248352928387945,523.532
1443,36,3,-36.63750012306899,64.05271490424668,525.266
1444,36,4,-42.23767126130541,73.15090253910802,526.713
1445,36,5,-46.98736431956477,83.87144451695498,527.71
1446,36,6,-50.56002112343958,96.39395432239138,528.121
1447,36,7,-52.603835704255424,110.49259175051074,527.856
1448,36,8,-52.85801436402828,125.34685300650862,526.874
1449,36,9,-51.28496032647181,139.7660517029442,525.192
1450,36,10,-48.09228743669232,152.779952638028,522.887
1451,36,11,-43.61976687004666,164.00327850105793,520.088
1452,36,12,-38.20822506611849,173.53069571393038,516.967
1453,36,13,-32.13461253537346,-178.33070677580523,513.726
1454,36,14,-25.604114990667945,-171.2418310211674,510.577
1455,36,15,-18.764957782274966,-164.90244558453344,507.726
1456,36,16,-11.726248059543604,-159.06316659892778,505.354
1457,36,17,-4.5725196587365184,-153.51552303050335,503.603
1458,36,18,2.6252694386326723,-148.0766024132872,502.564
1459,36,19,9.800956897621349,-142.57315016879272,502.268
1460,36,20,16.88538705288313,-136.82592847282052,502.687
1461,36,21,23.798016606177935,-130.63399315998876,503.737
1462,36,22,30.4365796963841,-123.75858813767054,505.288
1463,36,23,36.66329433246955,-115.91078274359593,507.176
1464,36,24,42.28748041582773,-106.75494148195051,509.22
1465,36,25,47.04842621074468,-95.9599572723396,511.241
1466,36,26,50.61443724055707,-83.34992542287866,513.078
1467,36,27,52.63068176278816,-69.16678489434788,514.601
1468,36,28,52.839265494756596,-54.25614725694072,515.729
1469,36,29,51.21207879293319,-39.8243844275269,516.429
1470,36,30,47.967814069258004,-26.83500216401616,516.721
1471,36,31,43.453543971310644,-15.654805530500273,516.673
1472,36,32,38.01282018415359,-6.174105957777067,516.393
1473,36,33,31.922603463536266,1.921568495381187,516.011
1474,36,34,25.38706523922328,8.973462404201378,515.672
1475,36,35,18.553122880261608,15.281571550852219,515.508
1476,36,36,11.528567870811449,21.09412229868831,515.635
1477,36,37,4.396595756944969,26.61818122390869,516.13
1478,36,38,-2.7731829480814105,32.03524694332812,517.024
1479,36,39,-9.916090835139315,37.51707822400489,518.3
1480,37,0,-20.42960807169589,55.254871177758325,520.771
1481,37,1,-27.182967858829752,61.72610658613022,522.612
1482,37,2,-33.60131369736366,69.01036673216542,524.424
1483,37,3,-39.526130557039956,77.41837058158615,526.036
1484,37,4,-44.73778345981312,87.29106751738107,527.277
1485,37,5,-48.9432402148167,98.90867971062833,527.995
1486,37,6,-51.79323568374748,112.28350150183394,528.077
1487,37,7,-52.96328123951651,126.89738791037156,527.455
1488,37,8,-52.291781436550465,141.68347704826354,526.117
1489,37,9,-49.871158979603365,155.4870161532925,524.11
1490,37,10,-45.99360253117918,167.6175140815052,521.539
1491,37,11,-41.01228751288093,177.96201316440792,518.556
1492,37,12,-35.23980777735802,-173.24808980683193,515.349
1493,37,13,-28.916101039963806,-165.67503560231026,512.127
1494,37,14,-22.2155710585127,-158.99516523555113,509.102
1495,37,15,-15.26483246474381,-152.9341100075952,506.47
1496,37,16,-8.159113463612744,-147.26472514740445,504.394
1497,37,17,-0.9749763135688222,-141.79334747125236,502.991
1498,37,18,6.220035564850818,-136.343812740066,502.323
1499,37,19,13.359237860840578,-130.74186916773996,502.392
1500,37,20,20.368911595636572,-124.79939968415376,503.14
1501,37,21,27.159147574099332,-118.29850759440566,504.46
1502,37,22,33.6118731698205,-110.97636721923358,506.201
1503,37,23,39.56520265418701,-102.51830491338583,508.19
1504,37,24,44.79514338846289,-92.57965567096527,510.245
1505,37,25,49.0035063889583,-80.87991045294861,512.192
1506,37,26,51.83647419628824,-67.41626205158698,513.885
1507,37,27,52.96911080597312,-52.7288179207829,515.218
1508,37,28,52.246295791772766,-37.90767625207042,516.133
1509,37,29,49.771588481882915,-24.11215066648516,516.623
1510,37,30,45.84676712440224,-12.017804075775707,516.734
1511,37,31,40.82986340543365,-1.7196092998557244,516.554
1512,37,32,35.034574253177475,7.024955856177073,516.206
1513,37,33,28.70018851501595,14.557998385653992,515.827
1514,37,34,21.999930033584352,21.20384587260998,515.56
1515,37,35,15.059040572598619,27.23606574943743,515.53
1516,37,36,7.971448893524767,32.880462362549686,515.833
1517,37,37,0.8123662647386263,38.32931065972447,516.527
1518,37,38,-6.352057571978464,43.757292728984865,517.617
1519,37,39,-13.456699537654783,49.337092828021724,519.062
1520,38,0,-16.9646121246134,61.24114266449181,519.891
1521,38,1,-23.840140090336696,67.40626948483124,521.684
1522,38,2,-30.442709791164187,74.24835684437816,523.532
1523,38,3,-36.63750012306899,82.05272223533149,525.266
1524,38,4,-42.23767126130541,91.15090987019282,526.713
1525,38,5,-46.98736431956477,101.87145184803978,527.71
1526,38,6,-50.56002112343958,114.39396165347618,528.121
1527,38,7,-52.603835704255424,128.49260591178472,527.856
1528,38,8,-52.85801436402828,143.34686033759343,526.874
1529,38,9,-51.28496032647181,157.766059034029,525.192
1530,38,10,-48.09228743669232,170.7799599691128,522.887
1531,38,11,-43.61976687004666,-177.9967105253916,520.088
1532,38,12,-38.20822506611849,-168.46929331251914,516.967
1533,38,13,-32.13461253537346,-160.3306994447204,513.726
1534,38,14,-25.604114990667945,-153.2418236900826,510.577
1535,38,15,-18.764957782274966,-146.90243825344862,507.726
1536,38,16,-11.726248059543604,-141.063159267843,505.354
1537,38,17,-4.5725196587365184,-135.51551569941856,503.603
1538,38,18,2.6252694386326723,-130.07659508220237,502.564
1539,38,19,9.800956897621349,-124.57314283770792,502.268
1540,38,20,16.88538705288313,-118.8259211417357,502.687
1541,38,21,23.798016606177935,-112.6339789987148,503.737
1542,38,22,30.4365796963841,-105.75857397639656,505.288
1543,38,23,36.66329433246955,-97.91077541251113,507.176
1544,38,24,42.28748041582773,-88.75493415086571,509.22
1545,38,25,47.04842621074468,-77.95994994125479,511.241
1546,38,26,50.61443724055707,-65.34991809179385,513.078
1547,38,27,52.63068176278816,-51.16677756326308,514.601
1548,38,28,52.839265494756596,-36.25613992585591,515.729
1549,38,29,51.21207879293319,-21.8243770964421,516.429
1550,38,30,47.967814069258004,-8.83499397915771,516.721
1551,38,31,43.453543971310644,2.345201160254296,516.673
1552,38,32,38.01282018415359,11.825901373307737,516.393
1553,38,33,31.922603463536266,19.921575186135755,516.011
1554,38,34,25.38706523922328,26.97347058905983,515.672
1555,38,35,18.553122880261608,33.28157888193702,515.508
1556,38,36,11.528567870811449,39.094127922225816,515.635
1557,38,37,4.396595756944969,44.618190262540786,516.13
1558,38,38,-2.7731829480814105,50.03525427441292,517.024
1559,38,39,-9.916090835139315,55.5170855550897,518.3
1560,39,0,-20.42960807169589,73.25487850884312,520.771
1561,39,1,-27.182967858829752,79.72611391721503,522.612
1562,39,2,-33.60131369736366,87.01037406325023,524.424
1563,39,3,-39.526130557039956,95.41837791267095,526.036
1564,39,4,-44.73778345981312,105.29107484846587,527.277
1565,39,5,-48.9432402148167,116.90868704171314,527.995
1566,39,6,-51.79323568374748,130.28350883291873,528.077
1567,39,7,-52.96328123951651,144.89739524145637,527.455
1568,39,8,-52.291781436550465,159.68348437934836,526.117
1569,39,9,-49.871158979603365,173.48702348437732,524.11
1570,39,10,-45.99360253117918,-174.38248860532266,521.539
1571,39,11,-41.01228751288093,-164.0379758620416,518.556
1572,39,12,-35.23980777735802,-155.24808247574714,515.349
1573,39,13,-28.916101039963806,-147.67502827122544,512.127
1574,39,14,-22.2155710585127,-140.99515790446634,509.102
1575,39,15,-15.26483246474381,-134.93410267651038,506.47
1576,39,16,-8.159113463612744,-129.26471781631963,504.394
1577,39,17,-0.9749763135688222,-123.79334014016756,502.991
1578,39,18,6.220035564850818,-118.3438054089812,502.323
1579,39,19,13.359237860840578,-112.74185500646598,502.392
1580,39,20,20.368911595636572,-106.79939918325813,503.14
1581,39,21,27.159147574099332,-100.29850026332086,504.46
1582,39,22,33.6118731698205,-92.97635988814878,506.201
1583,39,23,39.56520265418701,-84.51829758230103,508.19
1584,39,24,44.79514338846289,-74.57964833988046,510.245
1585,39,25,49.0035063889583,-62.8799031218638,512.192
1586,39,26,51.83647419628824,-49.416251305407584,513.885
1587,39,27,52.96911080597312,-34.7288105896981,515.218
1588,39,28,52.246295791772766,-19.90766892098561,516.133
1589,39,29,49.771588481882915,-6.1121437622871815,516.623
1590,39,30,45.84676712440224,5.982203255309097,516.734
1591,39,31,40.82986340543365,16.280397924507373,516.554
1592,39,32,35.034574253177475,25.024962760375054,516.206
1593,39,33,28.70018851501595,32.5580057167388,515.827
1594,39,34,21.999930033584352,39.203851496147486,515.56
1595,39,35,15.059040572598619,45.23607308052223,515.53
1596,39,36,7.971448893524767,50.88046969363449,515.833
1597,39,37,0.8123662647386263,56.32931799080927,516.527
1598,39,38,-6.352057571978464,61.757300060069674,517.617
1599,39,39,-13.456699537654783,67.33710015910653,519.062
