0,0,0,3.73207854174479,-122.15496900357826,502.469
1,0,1,10.898412056665133,-116.62602649310132,502.284
2,0,2,17.962075875529138,-110.82425207622822,502.806
3,0,3,24.839931228212116,-104.54385215326649,503.941
4,0,4,31.425229088175936,-97.5390150461765,505.554
5,0,5,37.573266775212005,-89.51267533738692,507.477
6,0,6,43.08355945416022,-80.12472375717697,509.528
7,0,7,47.68378065262302,-69.05490639574307,511.529
8,0,8,51.033790365028345,-56.172814451262184,513.324
9,0,9,52.78426198137048,-41.80799430590366,514.791
10,0,10,52.705441598348536,-26.891240234094752,515.854
11,0,11,50.810255348966756,-12.632190690675754,516.489
12,0,12,47.34685766615005,0.08775518426092958,516.723
13,0,13,42.66899770739172,10.991326535039402,516.633
14,0,14,37.11224608170907,20.23642300121125,516.329
15,0,15,30.941866845897888,28.149979211330987,515.946
16,0,16,24.352001296926623,35.069288689634064,515.626
17,0,17,17.482482190125644,41.286191758976784,515.503
18,0,18,10.436430867810165,47.04171213479056,515.684
19,0,19,3.2943229666587985,52.5379243787648,516.24
20,0,20,-3.8755133680887037,57.95380676791052,517.197
21,0,21,-11.008456649477793,63.460988295691806,518.529
22,0,22,-18.035882899700294,69.23921905049588,520.161
23,0,23,-24.876611051602374,75.49200451864326,521.975
24,0,24,-31.426298012781043,82.46223305720878,523.818
25,0,25,-37.54330615041774,90.44319981934196,525.52
26,0,26,-43.03117531832081,99.77100475372077,526.909
27,0,27,-47.62251385576801,110.76381856245195,527.824
28,0,28,-50.98226341792977,123.55741174585698,528.137
29,0,29,-52.76342990440194,137.84029352683746,527.763
30,0,30,-52.73226033612459,152.70682863277383,526.67
31,0,31,-50.891510694427815,166.95988980783804,524.886
32,0,32,-47.47856761900999,179.7084242332885,522.495
33,0,33,-42.84065060651789,-169.34357118665912,519.634
34,0,34,-37.31116851109652,-160.0520550473406,516.48
35,0,35,-31.155576634838418,-152.09644194740648,513.238
36,0,36,-24.569131303094036,-145.14109639104242,510.12
37,0,37,-17.692954469399588,-138.89368628177183,507.33
38,0,38,-10.631509608242192,-133.11199945124775,505.044
39,0,39,-3.4665931441312137,-127.59256456409545,503.396
40,1,0,7.323491045080459,-110.4128834428967,502.285
41,1,1,14.447861585287537,-104.7713452639521,502.461
42,1,2,21.430200049251493,-98.7581286809429,503.304
43,1,3,28.177107015166985,-92.1492991117411,504.698
44,1,4,34.564903125090716,-84.67412834821488,506.488
45,1,5,40.42334420641283,-76.01073006534904,508.498
46,1,6,45.517425647907984,-65.8155594082703,510.545
47,1,7,49.5379003896201,-53.83383324546425,512.461
48,1,8,52.127949104023955,-40.13061937405901,514.105
49,1,9,52.979147768958455,-25.342243830342362,515.376
50,1,10,51.97367903633546,-10.610709120898564,516.224
51,1,11,49.25317712387895,2.9510724502500425,516.652
52,1,12,45.137380262110135,14.763443645698807,516.713
53,1,13,39.982100325651665,24.80221150852072,516.499
54,1,14,34.09012984569396,33.33779133880623,516.138
55,1,15,27.68957835749523,40.714405887703755,515.769
56,1,16,20.945072203072996,47.249394281788554,515.532
57,1,17,13.976098711767463,53.20826646466653,515.55
58,1,18,6.872934201385983,58.81068815023447,515.912
59,1,19,-0.2911636272003711,64.24518963505764,516.669
60,1,20,-7.450693073088192,69.68512112027098,517.82
61,1,21,-14.540029865494981,75.30424944854877,519.314
62,1,22,-21.48541700604917,81.29220799200725,521.054
63,1,23,-28.195620242912305,87.8703495212682,522.903
64,1,24,-34.54965472776866,95.3060281310134,524.698
65,1,25,-40.38081261845116,103.91714814597196,526.264
66,1,26,-45.45855966254623,114.04367540189207,527.435
67,1,27,-49.47892170613704,125.9412707095965,528.062
68,1,28,-52.08922193142998,139.55621463126306,528.039
69,1,29,-52.980561618116646,154.27564112285572,527.306
70,1,30,-52.02760337983271,168.9790030095205,525.861
71,1,31,-49.36068430141495,-177.44569184429,523.759
72,1,32,-45.29058823538269,-165.59458963426584,521.113
73,1,33,-40.1689777164378,-155.5091596265817,518.081
74,1,34,-34.297941766286186,-146.92892572704994,514.857
75,1,35,-27.906341240994756,-139.51323908100534,511.65
76,1,36,-21.16005411474644,-132.94511060906765,508.672
77,1,37,-14.17988508961761,-126.95806731095796,506.114
78,1,38,-7.0574513349270545,-121.33112524626966,504.134
79,1,39,0.13265127832557294,-115.87435051456308,502.84
80,2,0,3.73207854174479,-104.15496850268264,502.469
81,2,1,10.898412056665133,-98.62603282239486,502.284
82,2,2,17.962075875529138,-92.8242515753326,502.806
83,2,3,24.839931228212116,-86.54385165237085,503.941
84,2,4,31.425229088175936,-79.53901454528086,505.554
85,2,5,37.573266775212005,-71.5126748364913,507.477
86,2,6,43.08355945416022,-62.124723256281335,509.528
87,2,7,47.68378065262302,-51.054909309942026,511.529
88,2,8,51.033790365028345,-38.17281395036655,513.324
89,2,9,52.78426198137048,-23.80799380500803,514.791
90,2,10,52.705441598348536,-8.891238879425472,515.854
91,2,11,50.810255348966756,5.367810237106702,516.489
92,2,12,47.34685766615005,18.087756478899248,516.723
93,2,13,42.66899770739172,28.991328743482327,516.633
94,2,14,37.11224608170907,38.23642350210688,516.329
95,2,15,30.941866845897888,46.14997971222662,515.946
96,2,16,24.352001296926623,53.069289190529695,515.626
97,2,17,17.482482190125644,59.28619225987242,515.503
98,2,18,10.436430867810165,65.0417126356862,515.684
99,2,19,3.2943229666587985,70.53792487966044,516.24
100,2,20,-3.8755133680887037,75.95380726880616,517.197
101,2,21,-11.008456649477793,81.46098879658743,518.529
102,2,22,-18.035882899700294,87.2392195513915,520.161
103,2,23,-24.876611051602374,93.49200501953888,521.975
104,2,24,-31.426298012781043,100.4622335581044,523.818
105,2,25,-37.54330615041774,108.4432003202376,525.52
106,2,26,-43.03117531832081,117.77101208480558,526.909
107,2,27,-47.62251385576801,128.7638190633476,527.824
108,2,28,-50.98226341792977,141.55741907694178,528.137
109,2,29,-52.76342990440194,155.84028719754392,527.763
110,2,30,-52.73226033612459,170.7068223034803,526.67
111,2,31,-50.891510694427815,-175.0400992186115,524.886
112,2,32,-47.47856761900999,-162.2915784535394,522.495
113,2,33,-42.84065060651789,-151.34357751595266,519.634
114,2,34,-37.31116851109652,-142.05204771625577,516.48
115,2,35,-31.155576634838418,-134.0964346163217,513.238
116,2,36,-24.569131303094036,-127.14108905995761,510.12
117,2,37,-17.692954469399588,-120.89367895068703,507.33
118,2,38,-10.631509608242192,-115.11199212016294,505.044
119,2,39,-3.4665931441312137,-109.59256406319982,503.396
120,3,0,7.323491045080459,-92.41288294200106,502.285
121,3,1,14.447861585287537,-86.77134476305646,502.461
122,3,2,21.430200049251493,-80.75812818004728,503.304
123,3,3,28.177107015166985,-74.14929861084546,504.698
124,3,4,34.564903125090716,-66.67412784731924,506.488
125,3,5,40.42334420641283,-58.010729564453406,508.498
126,3,6,45.517425647907984,-47.81555549228008,510.545
127,3,7,49.5379003896201,-35.83383274456861,512.461
128,3,8,52.127949104023955,-22.130620580710666,514.105
129,3,9,52.979147768958455,-7.342242475673083,515.376
130,3,10,51.97367903633546,7.389291379997069,516.224
131,3,11,49.25317712387895,20.95107252425885,516.652
132,3,12,45.137380262110135,32.76344414659444,516.713
133,3,13,39.982100325651665,42.80221030186906,516.499
134,3,14,34.09012984569396,51.33779183970186,516.138
135,3,15,27.68957835749523,58.71440980369397,515.769
136,3,16,20.945072203072996,65.2493913675896,515.532
137,3,17,13.976098711767463,71.20826696556216,515.55
138,3,18,6.872934201385983,76.8106886511301,515.912
139,3,19,-0.2911636272003711,82.24519013595328,516.669
140,3,20,-7.450693073088192,87.68512162116662,517.82
141,3,21,-14.540029865494981,93.30424994944441,519.314
142,3,22,-21.48541700604917,99.29220849290289,521.054
143,3,23,-28.195620242912305,105.87035002216382,522.903
144,3,24,-34.54965472776866,113.30602863190903,524.698
145,3,25,-40.38081261845116,121.91715547705677,526.264
146,3,26,-45.45855966254623,132.0436759027877,527.435
147,3,27,-49.47892170613704,143.9412780406813,528.062
148,3,28,-52.08922193142998,157.55622196234788,528.039
149,3,29,-52.980561618116646,172.27564845394053,527.306
150,3,30,-52.02760337983271,-173.02098601692902,525.861
151,3,31,-49.36068430141495,-159.4456981735835,523.759
152,3,32,-45.29058823538269,-147.59458230318103,521.113
153,3,33,-40.1689777164378,-137.5091522954969,518.081
154,3,34,-34.297941766286186,-128.92893205634348,514.857
155,3,35,-27.906341240994756,-121.5132454102989,511.65
156,3,36,-21.16005411474644,-114.94511693836118,508.672
157,3,37,-14.17988508961761,-108.95806681006232,506.114
158,3,38,-7.0574513349270545,-103.3311315755632,504.134
159,3,39,0.13265127832557294,-97.87434318347827,502.84
160,4,0,3.73207854174479,-86.154968001787,502.469
161,4,1,10.898412056665133,-80.62603232149922,502.284
162,4,2,17.962075875529138,-74.82425107443696,502.806
163,4,3,24.839931228212116,-68.54385115147521,503.941
164,4,4,31.425229088175936,-61.53901404438523,505.554
165,4,5,37.573266775212005,-53.51267433559566,507.477
166,4,6,43.08355945416022,-44.124722755385704,509.528
167,4,7,47.68378065262302,-33.054908809046395,511.529
168,4,8,51.033790365028345,-20.17281344947092,513.324
169,4,9,52.78426198137048,-5.807994157886044,514.791
170,4,10,52.705441598348536,9.10876162147016,515.854
171,4,11,50.810255348966756,23.367810311115512,516.489
172,4,12,47.34685766615005,36.08775527224759,516.723
173,4,13,42.66899770739172,46.99132924437796,516.633
174,4,14,37.11224608170907,56.23642400300252,516.329
175,4,15,30.941866845897888,64.14998362821684,515.946
176,4,16,24.352001296926623,71.06928627633074,515.626
177,4,17,17.482482190125644,77.28619276076805,515.503
178,4,18,10.436430867810165,83.04171313658183,515.684
179,4,19,3.2943229666587985,88.53792538055606,516.24
180,4,20,-3.8755133680887037,93.95380776970178,517.197
181,4,21,-11.008456649477793,99.46098929748307,518.529
182,4,22,-18.035882899700294,105.23922005228714,520.161
183,4,23,-24.876611051602374,111.49200552043452,521.975
184,4,24,-31.426298012781043,118.46224088918922,523.818
185,4,25,-37.54330615041774,126.44319399094405,525.52
186,4,26,-43.03117531832081,135.77100575551205,526.909
187,4,27,-47.62251385576801,146.76381273405406,527.824
188,4,28,-50.98226341792977,159.55741274764824,528.137
189,4,29,-52.76342990440194,173.8402945286287,527.763
190,4,30,-52.73226033612459,-171.29318038334756,526.67
191,4,31,-50.891510694427815,-157.04010554790503,524.886
192,4,32,-47.47856761900999,-144.2915847828329,522.495
193,4,33,-42.84065060651789,-133.34357018486784,519.634
194,4,34,-37.31116851109652,-124.05205404554931,516.48
195,4,35,-31.155576634838418,-116.09644094561521,513.238
196,4,36,-24.569131303094036,-109.14108855906198,510.12
197,4,37,-17.692954469399588,-102.8936784497914,507.33
198,4,38,-10.631509608242192,-97.11199844945648,505.044
199,4,39,-3.4665931441312137,-91.59256356230419,503.396
200,5,0,7.323491045080459,-74.41288244110542,502.285
201,5,1,14.447861585287537,-68.77134426216082,502.461
202,5,2,21.430200049251493,-62.75812767915164,503.304
203,5,3,28.177107015166985,-56.14929469485525,504.698
204,5,4,34.564903125090716,-48.67413076151819,506.488
205,5,5,40.42334420641283,-40.010729063557775,508.498
206,5,6,45.517425647907984,-29.815554991384445,510.545
207,5,7,49.5379003896201,-17.83383224367298,512.461
208,5,8,52.127949104023955,-4.13061965292821,514.105
209,5,9,52.979147768958455,10.65775802522255,515.376
210,5,10,51.97367903633546,25.389291880892703,516.224
211,5,11,49.25317712387895,38.951073025154486,516.652
212,5,12,45.137380262110135,50.763444647490076,516.713
213,5,13,39.982100325651665,60.80221421785928,516.499
214,5,14,34.09012984569396,69.33779234059749,516.138
215,5,15,27.68957835749523,76.7144103045896,515.769
216,5,16,20.945072203072996,83.24939186848523,515.532
217,5,17,13.976098711767463,89.2082674664578,515.55
218,5,18,6.872934201385983,94.81068915202573,515.912
219,5,19,-0.2911636272003711,100.24519063684892,516.669
220,5,20,-7.450693073088192,105.68512212206225,517.82
221,5,21,-14.540029865494981,111.30425045034004,519.314
222,5,22,-21.48541700604917,117.29220216360935,521.054
223,5,23,-28.195620242912305,123.87034369287029,522.903
224,5,24,-34.54965472776866,131.30602913280467,524.698
225,5,25,-40.38081261845116,139.9171491477632,526.264
226,5,26,-45.45855966254623,150.04366957349416,527.435
227,5,27,-49.47892170613704,161.94127171138777,528.062
228,5,28,-52.08922193142998,175.55621563305434,528.039
229,5,29,-52.980561618116646,-169.72435423288732,527.306
230,5,30,-52.02760337983271,-155.02099234622253,525.861
231,5,31,-49.36068430141495,-141.44569084249872,523.759
232,5,32,-45.29058823538269,-129.59458863247457,521.113
233,5,33,-40.1689777164378,-119.50915862479043,518.081
234,5,34,-34.297941766286186,-110.92893155544783,514.857
235,5,35,-27.906341240994756,-103.51323807921409,511.65
236,5,36,-21.16005411474644,-96.94510960727638,508.672
237,5,37,-14.17988508961761,-90.95806630916668,506.114
238,5,38,-7.0574513349270545,-85.33113107466757,504.134
239,5,39,0.13265127832557294,-79.87434268258265,502.84
240,6,0,3.73207854174479,-68.15496750089136,502.469
241,6,1,10.898412056665133,-62.62603182060359,502.284
242,6,2,17.962075875529138,-56.82424715844674,502.806
243,6,3,24.839931228212116,-50.543847235484996,503.941
244,6,4,31.425229088175936,-43.5390135434896,505.554
245,6,5,37.573266775212005,-35.512673834700024,507.477
246,6,6,43.08355945416022,-26.12472225449007,509.528
247,6,7,47.68378065262302,-15.054908308150761,511.529
248,6,8,51.033790365028345,-2.172813588905521,513.324
249,6,9,52.78426198137048,12.19200634300959,514.791
250,6,10,52.705441598348536,27.108761268592147,515.854
251,6,11,50.810255348966756,41.367812519558434,516.489
252,6,12,47.34685766615005,54.08775577314322,516.723
253,6,13,42.66899770739172,64.991326330179,516.633
254,6,14,37.11224608170907,74.23642450389815,516.329
255,6,15,30.941866845897888,82.14998412911247,515.946
256,6,16,24.352001296926623,89.06928677722638,515.626
257,6,17,17.482482190125644,95.28619326166368,515.503
258,6,18,10.436430867810165,101.04171363747746,515.684
259,6,19,3.2943229666587985,106.5379258814517,516.24
260,6,20,-3.8755133680887037,111.95380827059742,517.197
261,6,21,-11.008456649477793,117.4609897983787,518.529
262,6,22,-18.035882899700294,123.23922055318278,520.161
263,6,23,-24.876611051602374,129.49201285151932,521.975
264,6,24,-31.426298012781043,136.46223455989568,523.818
265,6,25,-37.54330615041774,144.44320132202884,525.52
266,6,26,-43.03117531832081,153.77101308659684,526.909
267,6,27,-47.62251385576801,164.76382006513884,527.824
268,6,28,-50.98226341792977,177.55742007873306,528.137
269,6,29,-52.76342990440194,-168.15970815819915,527.763
270,6,30,-52.73226033612459,-153.29317305226274,526.67
271,6,31,-50.891510694427815,-139.04009821682024,524.886
272,6,32,-47.47856761900999,-126.29157745174811,522.495
273,6,33,-42.84065060651789,-115.34357651416138,519.634
274,6,34,-37.31116851109652,-106.05205354465367,516.48
275,6,35,-31.155576634838418,-98.09643361453041,513.238
276,6,36,-24.569131303094036,-91.14108805816635,510.12
277,6,37,-17.692954469399588,-84.89367794889577,507.33
278,6,38,-10.631509608242192,-79.11199794856084,505.044
279,6,39,-3.4665931441312137,-73.59256306140855,503.396
280,7,0,7.323491045080459,-56.41288194020979,502.285
281,7,1,14.447861585287537,-50.771350591454365,502.461
282,7,2,21.430200049251493,-44.75813059335059,503.304
283,7,3,28.177107015166985,-38.1492976090542,504.698
284,7,4,34.564903125090716,-30.674133675717144,506.488
285,7,5,40.42334420641283,-22.010730270209432,508.498
286,7,6,45.517425647907984,-11.81555961313069,510.545
287,7,7,49.5379003896201,0.16616436188039418,512.461
288,7,8,52.127949104023955,13.86937785975966,514.105
289,7,9,52.979147768958455,28.657755964797246,515.376
290,7,10,51.97367903633546,43.389288966693755,516.224
291,7,11,49.25317712387895,56.951070110955534,516.652
292,7,12,45.137380262110135,68.76344173329112,516.713
293,7,13,39.982100325651665,78.80220788856575,516.499
294,7,14,34.09012984569396,87.33778601130396,516.138
295,7,15,27.68957835749523,94.71440397529607,515.769
296,7,16,20.945072203072996,101.24939236938087,515.532
297,7,17,13.976098711767463,107.20826796735344,515.55
298,7,18,6.872934201385983,112.81068965292137,515.912
299,7,19,-0.2911636272003711,118.24519113774454,516.669
300,7,20,-7.450693073088192,123.68512262295788,517.82
301,7,21,-14.540029865494981,129.30425095123567,519.314
302,7,22,-21.48541700604917,135.29220949469416,521.054
303,7,23,-28.195620242912305,141.8703510239551,522.903
304,7,24,-34.54965472776866,149.30602280351113,524.698
305,7,25,-40.38081261845116,157.9171428184697,526.264
306,7,26,-45.45855966254623,168.04367690457897,527.435
307,7,27,-49.47892170613704,179.94127904247256,528.062
308,7,28,-52.08922193142998,-166.44378705377352,528.039
309,7,29,-52.980561618116646,-151.72436056218086,527.306
310,7,30,-52.02760337983271,-137.02099867551607,525.861
311,7,31,-49.36068430141495,-123.44569717179226,523.759
312,7,32,-45.29058823538269,-111.59458813157894,521.113
313,7,33,-40.1689777164378,-101.50915812389479,518.081
314,7,34,-34.297941766286186,-92.92893105455221,514.857
315,7,35,-27.906341240994756,-85.51324440850762,511.65
316,7,36,-21.16005411474644,-78.94511593656992,508.672
317,7,37,-14.17988508961761,-72.95807263846022,506.114
318,7,38,-7.0574513349270545,-67.33113057377194,504.134
319,7,39,0.13265127832557294,-61.87434901187618,502.84
320,8,0,3.73207854174479,-50.15496358490115,502.469
321,8,1,10.898412056665133,-44.62602790461337,502.284
322,8,2,17.962075875529138,-38.82424665755111,502.806
323,8,3,24.839931228212116,-32.54384673458936,503.941
324,8,4,31.425229088175936,-25.539013042593968,505.554
325,8,5,37.573266775212005,-17.512673333804393,507.477
326,8,6,43.08355945416022,-8.124721753594438,509.528
327,8,7,47.68378065262302,2.9450924061882846,511.529
328,8,8,51.033790365028345,15.827187552320346,513.324
329,8,9,52.78426198137048,30.192007697678868,514.791
330,8,10,52.705441598348536,45.108761769487785,515.854
331,8,11,50.810255348966756,59.36781302045407,516.489
332,8,12,47.34685766615005,72.08775627403885,516.723
333,8,13,42.66899770739172,82.99132683107464,516.633
334,8,14,37.11224608170907,92.23642500479379,516.329
335,8,15,30.941866845897888,100.1499846300081,515.946
336,8,16,24.352001296926623,107.06928727812202,515.626
337,8,17,17.482482190125644,113.28619376255932,515.503
338,8,18,10.436430867810165,119.0417141383731,515.684
339,8,19,3.2943229666587985,124.53792638234734,516.24
340,8,20,-3.8755133680887037,129.95381560168224,517.197
341,8,21,-11.008456649477793,135.4609971294635,518.529
342,8,22,-18.035882899700294,141.23921422388923,520.161
343,8,23,-24.876611051602374,147.49200652222578,521.975
344,8,24,-31.426298012781043,154.46224189098047,523.818
345,8,25,-37.54330615041774,162.44319499273533,525.52
346,8,26,-43.03117531832081,171.7710067573033,526.909
347,8,27,-47.62251385576801,-177.236182621689,527.824
348,8,28,-50.98226341792977,-164.44258260809482,528.137
349,8,29,-52.76342990440194,-150.15970082711434,527.763
350,8,30,-52.73226033612459,-135.29317938155629,526.67
351,8,31,-50.891510694427815,-121.04010454611377,524.886
352,8,32,-47.47856761900999,-108.29157695085247,522.495
353,8,33,-42.84065060651789,-97.34356918307658,519.634
354,8,34,-37.31116851109652,-88.05205304375804,516.48
355,8,35,-31.155576634838418,-80.09643311363477,513.238
356,8,36,-24.569131303094036,-73.14108755727071,510.12
357,8,37,-17.692954469399588,-66.89367744800013,507.33
358,8,38,-10.631509608242192,-61.11199744766521,505.044
359,8,39,-3.4665931441312137,-55.592562560512924,503.396
360,9,0,7.323491045080459,-38.41288143931416,502.285
361,9,1,14.447861585287537,-32.77135009055873,502.461
362,9,2,21.430200049251493,-26.758128384907668,503.304
363,9,3,28.177107015166985,-20.149297108158567,504.698
364,9,4,34.564903125090716,-12.674131467274218,506.488
365,9,5,40.42334420641283,-4.010730196200623,508.498
366,9,6,45.517425647907984,6.1844413146517665,510.545
367,9,7,49.5379003896201,18.166165343023703,512.461
368,9,8,52.127949104023955,31.86937921442894,514.105
369,9,9,52.979147768958455,46.65775646569288,515.376
370,9,10,51.97367903633546,61.389289467589386,516.224
371,9,11,49.25317712387895,74.95107402694575,516.652
372,9,12,45.137380262110135,86.76344223418675,516.713
373,9,13,39.982100325651665,96.80220838946137,516.499
374,9,14,34.09012984569396,105.33778651219959,516.138
375,9,15,27.68957835749523,112.7144044761917,515.769
376,9,16,20.945072203072996,119.2493928702765,515.532
377,9,17,13.976098711767463,125.20826846824906,515.55
378,9,18,6.872934201385983,130.810690153817,515.912
379,9,19,-0.2911636272003711,136.245184808451,516.669
380,9,20,-7.450693073088192,141.68511629366435,517.82
381,9,21,-14.540029865494981,147.30424462194213,519.314
382,9,22,-21.48541700604917,153.29220316540062,521.054
383,9,23,-28.195620242912305,159.87034469466155,522.903
384,9,24,-34.54965472776866,167.30603013459594,524.698
385,9,25,-40.38081261845116,175.9171501495545,526.264
386,9,26,-45.45855966254623,-173.95632578224888,527.435
387,9,27,-49.47892170613704,-162.0587236443553,528.062
388,9,28,-52.08922193142998,-148.44377972268873,528.039
389,9,29,-52.980561618116646,-133.72435323109607,527.306
390,9,30,-52.02760337983271,-119.02099134443128,525.861
391,9,31,-49.36068430141495,-105.44569667089662,523.759
392,9,32,-45.29058823538269,-93.59458763068331,521.113
393,9,33,-40.1689777164378,-83.50915762299915,518.081
394,9,34,-34.297941766286186,-74.92893055365657,514.857
395,9,35,-27.906341240994756,-67.513243907612,511.65
396,9,36,-21.16005411474644,-60.94511543567429,508.672
397,9,37,-14.17988508961761,-54.95807213756459,506.114
398,9,38,-7.0574513349270545,-49.331130072876306,504.134
399,9,39,0.13265127832557294,-43.874345095885964,502.84
400,10,0,3.73207854174479,-32.154963084005516,502.469
401,10,1,10.898412056665133,-26.626029111265034,502.284
402,10,2,17.962075875529138,-20.82424615665547,502.806
403,10,3,24.839931228212116,-14.543846233693726,503.941
404,10,4,31.425229088175936,-7.539011687924688,505.554
405,10,5,37.573266775212005,0.4873269536478282,507.477
406,10,6,43.08355945416022,9.875278747301195,509.528
407,10,7,47.68378065262302,20.945092693640508,511.529
408,10,8,51.033790365028345,33.82718805321598,513.324
409,10,9,52.78426198137048,48.192008198574506,514.791
410,10,10,52.705441598348536,63.108762270383416,515.854
411,10,11,50.810255348966756,77.3678135213497,516.489
412,10,12,47.34685766615005,90.08775677493449,516.723
413,10,13,42.66899770739172,100.99132733197028,516.633
414,10,14,37.11224608170907,110.23642550568941,516.329
415,10,15,30.941866845897888,118.14997830071457,515.946
416,10,16,24.352001296926623,125.06928777901764,515.626
417,10,17,17.482482190125644,131.28619426345495,515.503
418,10,18,10.436430867810165,137.04170780907955,515.684
419,10,19,3.2943229666587985,142.5379200530538,516.24
420,10,20,-3.8755133680887037,147.9538092723887,517.197
421,10,21,-11.008456649477793,153.46099080016998,518.529
422,10,22,-18.035882899700294,159.23922155497402,520.161
423,10,23,-24.876611051602374,165.4920138533106,521.975
424,10,24,-31.426298012781043,172.46223556168695,523.818
425,10,25,-37.54330615041774,-179.5567940337142,525.52
426,10,26,-43.03117531832081,-170.22899592952456,526.909
427,10,27,-47.62251385576801,-159.23617529060422,527.824
428,10,28,-50.98226341792977,-146.44258893738834,528.137
429,10,29,-52.76342990440194,-132.15970715640788,527.763
430,10,30,-52.73226033612459,-117.29317205047148,526.67
431,10,31,-50.891510694427815,-103.04010404521813,524.886
432,10,32,-47.47856761900999,-90.29157644995684,522.495
433,10,33,-42.84065060651789,-79.34356868218096,519.634
434,10,34,-37.31116851109652,-70.05205254286241,516.48
435,10,35,-31.155576634838418,-62.09643261273914,513.238
436,10,36,-24.569131303094036,-55.14109047146967,510.12
437,10,37,-17.692954469399588,-48.893676947104495,507.33
438,10,38,-10.631509608242192,-43.11199694676957,505.044
439,10,39,-3.4665931441312137,-37.59256205961729,503.396
440,11,0,7.323491045080459,-20.412880938418528,502.285
441,11,1,14.447861585287537,-14.771349589663096,502.461
442,11,2,21.430200049251493,-8.758128737785679,503.304
443,11,3,28.177107015166985,-2.1492966072629325,504.698
444,11,4,34.564903125090716,5.325869033621415,506.488
445,11,5,40.42334420641283,13.989270731581833,508.498
446,11,6,45.517425647907984,24.184441388660577,510.545
447,11,7,49.5379003896201,36.16616584391934,512.461
448,11,8,52.127949104023955,49.86937971532458,514.105
449,11,9,52.979147768958455,64.65775355149393,515.376
450,11,10,51.97367903633546,79.38928996848502,516.224
451,11,11,49.25317712387895,92.95107452784139,516.652
452,11,12,45.137380262110135,104.76344273508239,516.713
453,11,13,39.982100325651665,114.80221572054617,516.499
454,11,14,34.09012984569396,123.33779384328439,516.138
455,11,15,27.68957835749523,130.7144118072765,515.769
456,11,16,20.945072203072996,137.24938654098295,515.532
457,11,17,13.976098711767463,143.20826213895552,515.55
458,11,18,6.872934201385983,148.81068382452347,515.912
459,11,19,-0.2911636272003711,154.24519213953582,516.669
460,11,20,-7.450693073088192,159.68512362474914,517.82
461,11,21,-14.540029865494981,165.30425195302695,519.314
462,11,22,-21.48541700604917,171.2922104964854,521.054
463,11,23,-28.195620242912305,177.87035202574637,522.903
464,11,24,-34.54965472776866,-174.69397255223194,524.698
465,11,25,-40.38081261845116,-166.08285253727337,526.264
466,11,26,-45.45855966254623,-155.95633211154242,527.435
467,11,27,-49.47892170613704,-144.05872997364884,528.062
468,11,28,-52.08922193142998,-130.44378605198227,528.039
469,11,29,-52.980561618116646,-115.7243595603896,527.306
470,11,30,-52.02760337983271,-101.02099084353564,525.861
471,11,31,-49.36068430141495,-87.44569617000099,523.759
472,11,32,-45.29058823538269,-75.59458712978767,521.113
473,11,33,-40.1689777164378,-65.50915712210353,518.081
474,11,34,-34.297941766286186,-56.92893346785552,514.857
475,11,35,-27.906341240994756,-49.513243406716356,511.65
476,11,36,-21.16005411474644,-42.94511493477865,508.672
477,11,37,-14.17988508961761,-36.958071636668954,506.114
478,11,38,-7.0574513349270545,-31.33112957198067,504.134
479,11,39,0.13265127832557294,-25.87434459499033,502.84
480,12,0,3.73207854174479,-14.154964290657173,502.469
481,12,1,10.898412056665133,-8.626027756595755,502.284
482,12,2,17.962075875529138,-2.824246296090072,502.806
483,12,3,24.839931228212116,3.4561536268716724,503.941
484,12,4,31.425229088175936,10.460988812970946,505.554
485,12,5,37.573266775212005,18.48732766798687,507.477
486,12,6,43.08355945416022,27.87527924819683,509.528
487,12,7,47.68378065262302,38.94509319453614,511.529
488,12,8,51.033790365028345,51.827188554111615,513.324
489,12,9,52.78426198137048,66.19200528437555,514.791
490,12,10,52.705441598348536,81.10876277127905,515.854
491,12,11,50.810255348966756,95.36781402224534,516.489
492,12,12,47.34685766615005,108.08775727583013,516.723
493,12,13,42.66899770739172,118.99133466305508,516.633
494,12,14,37.11224608170907,128.23641917639588,516.329
495,12,15,30.941866845897888,136.14998563179938,515.946
496,12,16,24.352001296926623,143.06929511010244,515.626
497,12,17,17.482482190125644,149.28620159453976,515.503
498,12,18,10.436430867810165,155.04171514016437,515.684
499,12,19,3.2943229666587985,160.5379273841386,516.24
500,12,20,-3.8755133680887037,165.95381660347348,517.197
501,12,21,-11.008456649477793,171.46099813125477,518.529
502,12,22,-18.035882899700294,177.2392152256805,520.161
503,12,23,-24.876611051602374,-176.5079888335173,521.975
504,12,24,-31.426298012781043,-169.53776712514093,523.818
505,12,25,-37.54330615041774,-161.55680036300774,525.52
506,12,26,-43.03117531832081,-152.22898859843974,526.909
507,12,27,-47.62251385576801,-141.23618161989774,527.824
508,12,28,-50.98226341792977,-128.44258160630355,528.137
509,12,29,-52.76342990440194,-114.15970665551225,527.763
510,12,30,-52.73226033612459,-99.29317154957586,526.67
511,12,31,-50.891510694427815,-85.04010354432249,524.886
512,12,32,-47.47856761900999,-72.29157594906121,522.495
513,12,33,-42.84065060651789,-61.34356818128532,519.634
514,12,34,-37.31116851109652,-52.052048626872185,516.48
515,12,35,-31.155576634838418,-44.096435526938095,513.238
516,12,36,-24.569131303094036,-37.14108997057403,510.12
517,12,37,-17.692954469399588,-30.893676446208865,507.33
518,12,38,-10.631509608242192,-25.11199644587394,505.044
519,12,39,-3.4665931441312137,-19.592561558721656,503.396
520,13,0,7.323491045080459,-2.412874247663959,502.285
521,13,1,14.447861585287537,3.2286585951953537,502.461
522,13,2,21.430200049251493,9.241878593299125,503.304
523,13,3,28.177107015166985,15.850710723821871,504.698
524,13,4,34.564903125090716,23.325876364706218,506.488
525,13,5,40.42334420641283,31.989276355119344,508.498
526,13,6,45.517425647907984,42.184450427292674,510.545
527,13,7,49.5379003896201,54.16617317500414,512.461
528,13,8,52.127949104023955,67.86938363131479,514.105
529,13,9,52.979147768958455,82.65776088257873,515.376
530,13,10,51.97367903633546,97.38929729956982,516.224
531,13,11,49.25317712387895,110.95108185892619,516.652
532,13,12,45.137380262110135,122.76345689635636,516.713
533,13,13,39.982100325651665,132.802223051631,516.499
534,13,14,34.09012984569396,141.3378011743692,516.138
535,13,15,27.68957835749523,148.7144191383613,515.769
536,13,16,20.945072203072996,155.24939387206777,515.532
537,13,17,13.976098711767463,161.20826947004034,515.55
538,13,18,6.872934201385983,166.81069115560828,515.912
539,13,19,-0.2911636272003711,172.2451994706206,516.669
540,13,20,-7.450693073088192,177.68513095583396,517.82
541,13,21,-14.540029865494981,-176.69575073380093,519.314
542,13,22,-21.48541700604917,-170.70779219034245,521.054
543,13,23,-28.195620242912305,-164.1296506610815,522.903
544,13,24,-34.54965472776866,-156.69396522114712,524.698
545,13,25,-40.38081261845116,-148.08284520618858,526.264
546,13,26,-45.45855966254623,-137.95632478045763,527.435
547,13,27,-49.47892170613704,-126.05872264256404,528.062
548,13,28,-52.08922193142998,-112.44377189070829,528.039
549,13,29,-52.980561618116646,-97.72434539911562,527.306
550,13,30,-52.02760337983271,-83.02098351245084,525.861
551,13,31,-49.36068430141495,-69.44568883891618,523.759
552,13,32,-45.29058823538269,-57.594579798702874,521.113
553,13,33,-40.1689777164378,-47.50914979101872,518.081
554,13,34,-34.297941766286186,-38.92892613677072,514.857
555,13,35,-27.906341240994756,-31.51323607563155,511.65
556,13,36,-21.16005411474644,-24.94510760369385,508.672
557,13,37,-14.17988508961761,-18.95806259803686,506.114
558,13,38,-7.0574513349270545,-13.331123094669513,504.134
559,13,39,0.13265127832557294,-7.874337263905526,502.84
560,14,0,3.73207854174479,3.8450293800492905,502.469
561,14,1,10.898412056665133,9.373965914110709,502.284
562,14,2,17.962075875529138,15.175748014946626,502.806
563,14,3,24.839931228212116,21.45614793790837,503.941
564,14,4,31.425229088175936,28.460981629903763,505.554
565,14,5,37.573266775212005,36.487321338693334,507.477
566,14,6,43.08355945416022,45.87527291890329,509.528
567,14,7,47.68378065262302,56.9450868652426,511.529
568,14,8,51.033790365028345,69.82718222481807,513.324
569,14,9,52.78426198137048,84.19199895508201,514.791
570,14,10,52.705441598348536,99.1087564419855,515.854
571,14,11,50.810255348966756,113.3678076929518,516.489
572,14,12,47.34685766615005,126.08775094653659,516.723
573,14,13,42.66899770739172,136.99132833376154,516.633
574,14,14,37.11224608170907,146.23641284710234,516.329
575,14,15,30.941866845897888,154.14997930250584,515.946
576,14,16,24.352001296926623,161.0692887808089,515.626
577,14,17,17.482482190125644,167.28619526524622,515.503
578,14,18,10.436430867810165,173.04170881087083,515.684
579,14,19,3.2943229666587985,178.53792105484507,516.24
580,14,20,-3.8755133680887037,-176.0461997437327,517.197
581,14,21,-11.008456649477793,-170.53901821595144,518.529
582,14,22,-18.035882899700294,-164.76078746114737,520.161
583,14,23,-24.876611051602374,-158.5079951628108,521.975
584,14,24,-31.426298012781043,-151.53777345443447,523.818
585,14,25,-37.54330615041774,-143.55680669230128,525.52
586,14,26,-43.03117531832081,-134.22899492773328,526.909
587,14,27,-47.62251385576801,-123.23618794919129,527.824
588,14,28,-50.98226341792977,-110.44258793559707,528.137
589,14,29,-52.76342990440194,-96.1597129848058,527.763
590,14,30,-52.73226033612459,-81.29317787886939,526.67
591,14,31,-50.891510694427815,-67.04010987361603,524.886
592,14,32,-47.47856761900999,-54.291582278354745,522.495
593,14,33,-42.84065060651789,-43.343574510578854,519.634
594,14,34,-37.31116851109652,-34.052054956165726,516.48
595,14,35,-31.155576634838418,-26.096441856231632,513.238
596,14,36,-24.569131303094036,-19.14109629986757,510.12
597,14,37,-17.692954469399588,-12.893684483049693,507.33
598,14,38,-10.631509608242192,-7.112001921393831,505.044
599,14,39,-3.4665931441312137,-1.592567888015193,503.396
600,15,0,7.323491045080459,15.587120063372739,502.285
601,15,1,14.447861585287537,21.22865141212817,502.461
602,15,2,21.430200049251493,27.241873117779235,503.304
603,15,3,28.177107015166985,33.850704394528336,504.698
604,15,4,34.564903125090716,41.325868327865386,506.488
605,15,5,40.42334420641283,49.98927002582581,508.498
606,15,6,45.517425647907984,60.18444409799913,510.545
607,15,7,49.5379003896201,72.1661668457106,512.461
608,15,8,52.127949104023955,85.86937730202125,514.105
609,15,9,52.979147768958455,100.65775455328519,515.376
610,15,10,51.97367903633546,115.38928414008711,516.224
611,15,11,49.25317712387895,128.95107552963265,516.652
612,15,12,45.137380262110135,140.76345056706282,516.713
613,15,13,39.982100325651665,150.80221672233745,516.499
614,15,14,34.09012984569396,159.33779484507565,516.138
615,15,15,27.68957835749523,166.71441280906777,515.769
616,15,16,20.945072203072996,173.24938754277423,515.532
617,15,17,13.976098711767463,179.2082631407468,515.55
618,15,18,6.872934201385983,-175.1893115312196,515.912
619,15,19,-0.2911636272003711,-169.75481687658558,516.669
620,15,20,-7.450693073088192,-164.3148717309939,517.82
621,15,21,-14.540029865494981,-158.69575706309448,519.314
622,15,22,-21.48541700604917,-152.707798519636,521.054
623,15,23,-28.195620242912305,-146.12965699037505,522.903
624,15,24,-34.54965472776866,-138.69397155044066,524.698
625,15,25,-40.38081261845116,-130.0828515354821,526.264
626,15,26,-45.45855966254623,-119.95633110975116,527.435
627,15,27,-49.47892170613704,-108.0587221416684,528.062
628,15,28,-52.08922193142998,-94.44377822000182,528.039
629,15,29,-52.980561618116646,-79.72435172840916,527.306
630,15,30,-52.02760337983271,-65.02098984174438,525.861
631,15,31,-49.36068430141495,-51.445695168209724,523.759
632,15,32,-45.29058823538269,-39.59458954309099,521.113
633,15,33,-40.1689777164378,-29.50915612031226,518.081
634,15,34,-34.297941766286186,-20.928932466064257,514.857
635,15,35,-27.906341240994756,-13.513241551151442,511.65
636,15,36,-21.16005411474644,-6.945113506100562,508.672
637,15,37,-14.17988508961761,-0.9580695676606308,506.114
638,15,38,-7.0574513349270545,4.66887057603695,504.134
639,15,39,0.13265127832557294,10.125656406800939,502.84
640,16,0,3.73207854174479,21.845036711134092,502.469
641,16,1,10.898412056665133,27.373972391421866,502.284
642,16,2,17.962075875529138,33.17575534603143,502.806
643,16,3,24.839931228212116,39.45615526899317,503.941
644,16,4,31.425229088175936,46.460988960988566,505.554
645,16,5,37.573266775212005,54.48732866977814,507.477
646,16,6,43.08355945416022,63.875280249988094,509.528
647,16,7,47.68378065262302,74.94509761142199,511.529
648,16,8,51.033790365028345,87.82718955590288,513.324
649,16,9,52.78426198137048,102.19200628616682,514.791
650,16,10,52.705441598348536,117.10877060325949,515.854
651,16,11,50.810255348966756,131.36781502403662,516.489
652,16,12,47.34685766615005,144.0877582776214,516.723
653,16,13,42.66899770739172,154.99133566484633,516.633
654,16,14,37.11224608170907,164.23642017818713,516.329
655,16,15,30.941866845897888,172.14998663359063,515.946
656,16,16,24.352001296926623,179.06929611189372,515.626
657,16,17,17.482482190125644,-174.71380742158163,515.503
658,16,18,10.436430867810165,-168.9582802155787,515.684
659,16,19,3.2943229666587985,-163.46206797160445,516.24
660,16,20,-3.8755133680887037,-158.0461924126479,517.197
661,16,21,-11.008456649477793,-152.53901088486663,518.529
662,16,22,-18.035882899700294,-146.76078013006256,520.161
663,16,23,-24.876611051602374,-140.507987831726,521.975
664,16,24,-31.426298012781043,-133.53776612334966,523.818
665,16,25,-37.54330615041774,-125.55679936121648,525.52
666,16,26,-43.03117531832081,-116.22898759664848,526.909
667,16,27,-47.62251385576801,-105.23618061810647,527.824
668,16,28,-50.98226341792977,-92.44258060451227,528.137
669,16,29,-52.76342990440194,-78.15970565372098,527.763
670,16,30,-52.73226033612459,-63.29317054778459,526.67
671,16,31,-50.891510694427815,-49.04009912743665,524.886
672,16,32,-47.47856761900999,-36.29157494726994,522.495
673,16,33,-42.84065060651789,-25.343567179494052,519.634
674,16,34,-37.31116851109652,-16.052049332628215,516.48
675,16,35,-31.155576634838418,-8.09643452514683,513.238
676,16,36,-24.569131303094036,-1.1410884351742363,510.12
677,16,37,-17.692954469399588,5.10632284803511,507.33
678,16,38,-10.631509608242192,10.888005409690972,505.044
679,16,39,-3.4665931441312137,16.40743944306961,503.396
680,17,0,7.323491045080459,33.5871137340792,502.285
681,17,1,14.447861585287537,39.22864508283463,502.461
682,17,2,21.430200049251493,45.2418650809384,503.304
683,17,3,28.177107015166985,51.850698065234795,504.698
684,17,4,34.564903125090716,59.32586199857185,506.488
685,17,5,40.42334420641283,67.98926711162686,508.498
686,17,6,45.517425647907984,78.18443776870559,510.545
687,17,7,49.5379003896201,90.16616051641707,512.461
688,17,8,52.127949104023955,103.86937097272772,514.105
689,17,9,52.979147768958455,118.65774822399166,515.376
690,17,10,51.97367903633546,133.38927781079357,516.224
691,17,11,49.25317712387895,146.9510692003391,516.652
692,17,12,45.137380262110135,158.76344423776928,516.713
693,17,13,39.982100325651665,168.8022103930439,516.499
694,17,14,34.09012984569396,177.33778851578214,516.138
695,17,15,27.68957835749523,-175.28560353813845,515.769
696,17,16,20.945072203072996,-168.75061514405363,515.532
697,17,17,13.976098711767463,-162.79173954608106,515.55
698,17,18,6.872934201385983,-157.18931786051314,515.912
699,17,19,-0.2911636272003711,-151.75482320587912,516.669
700,17,20,-7.450693073088192,-146.31487806028744,517.82
701,17,21,-14.540029865494981,-140.695763392388,519.314
702,17,22,-21.48541700604917,-134.70780484892953,521.054
703,17,23,-28.195620242912305,-128.12966331966857,522.903
704,17,24,-34.54965472776866,-120.69397787973419,524.698
705,17,25,-40.38081261845116,-112.08285786477565,526.264
706,17,26,-45.45855966254623,-101.95633060885552,527.435
707,17,27,-49.47892170613704,-90.05872847096194,528.062
708,17,28,-52.08922193142998,-76.44378454929536,528.039
709,17,29,-52.980561618116646,-61.7243580577027,527.306
710,17,30,-52.02760337983271,-47.020996171037915,525.861
711,17,31,-49.36068430141495,-33.44570149750326,523.759
712,17,32,-45.29058823538269,-21.594594164837236,521.113
713,17,33,-40.1689777164378,-11.509163303379442,518.081
714,17,34,-34.297941766286186,-2.9289381550275584,514.857
715,17,35,-27.906341240994756,4.486752119555022,511.65
716,17,36,-21.16005411474644,11.054879737719078,508.672
717,17,37,-14.17988508961761,17.041924743376068,506.114
718,17,38,-7.0574513349270545,22.66886510051706,504.134
719,17,39,0.13265127832557294,28.1256500775074,502.84
720,18,0,3.73207854174479,39.84503208938785,502.469
721,18,1,10.898412056665133,45.37396776967562,502.284
722,18,2,17.962075875529138,51.175749016737896,502.806
723,18,3,24.839931228212116,57.456145524605056,503.941
724,18,4,31.425229088175936,64.46098263169503,505.554
725,18,5,37.573266775212005,72.48732234048461,507.477
726,18,6,43.08355945416022,81.87527392069455,509.528
727,18,7,47.68378065262302,92.94509128212846,511.529
728,18,8,51.033790365028345,105.82718322660935,513.324
729,18,9,52.78426198137048,120.19199995687327,514.791
730,18,10,52.705441598348536,135.10876427396596,515.854
731,18,11,50.810255348966756,149.36780869474308,516.489
732,18,12,47.34685766615005,162.08775194832785,516.723
733,18,13,42.66899770739172,172.99132933555282,516.633
734,18,14,37.11224608170907,-177.76358250864072,516.329
735,18,15,30.941866845897888,-169.85001605323723,515.946
736,18,16,24.352001296926623,-162.9307202353125,515.626
737,18,17,17.482482190125644,-156.71381375087518,515.503
738,18,18,10.436430867810165,-150.95828654487224,515.684
739,18,19,3.2943229666587985,-145.462074300898,516.24
740,18,20,-3.8755133680887037,-140.04619874194145,517.197
741,18,21,-11.008456649477793,-134.53901721416017,518.529
742,18,22,-18.035882899700294,-128.7607864593561,520.161
743,18,23,-24.876611051602374,-122.50799416101954,521.975
744,18,24,-31.426298012781043,-115.5377724526432,523.818
745,18,25,-37.54330615041774,-107.55680569051002,525.52
746,18,26,-43.03117531832081,-98.22899392594202,526.909
747,18,27,-47.62251385576801,-87.23618694740001,527.824
748,18,28,-50.98226341792977,-74.44258693380581,528.137
749,18,29,-52.76342990440194,-60.15971198301452,527.763
750,18,30,-52.73226033612459,-45.293176877078125,526.67
751,18,31,-50.891510694427815,-31.04010545673018,524.886
752,18,32,-47.47856761900999,-18.291581276563477,522.495
753,18,33,-42.84065060651789,-7.3435743625612355,519.634
754,18,34,-37.31116851109652,1.947944764965072,516.48
755,18,35,-31.155576634838418,9.903559145559633,513.238
756,18,36,-24.569131303094036,16.8589047019237,510.12
757,18,37,-17.692954469399588,23.106316518741572,507.33
758,18,38,-10.631509608242192,28.88799822662379,505.044
759,18,39,-3.4665931441312137,34.40743311377607,503.396
760,19,0,7.323491045080459,51.587121065164006,502.285
761,19,1,14.447861585287537,57.228652413919434,502.461
762,19,2,21.430200049251493,63.241875827117795,503.304
763,19,3,28.177107015166985,69.8507053963196,504.698
764,19,4,34.564903125090716,77.32586932965665,506.488
765,19,5,40.42334420641283,85.98927444271166,508.498
766,19,6,45.517425647907984,96.18444509979041,510.545
767,19,7,49.5379003896201,108.16616784750187,512.461
768,19,8,52.127949104023955,121.86938513400169,514.105
769,19,9,52.979147768958455,136.65775555507645,515.376
770,19,10,51.97367903633546,151.3892851418784,516.224
771,19,11,49.25317712387895,164.95107653142392,516.652
772,19,12,45.137380262110135,176.7634515688541,516.713
773,19,13,39.982100325651665,-173.19779229378395,516.499
774,19,14,34.09012984569396,-164.66221417104575,516.138
775,19,15,27.68957835749523,-157.28559620705363,515.769
776,19,16,20.945072203072996,-150.75060781296884,515.532
777,19,17,13.976098711767463,-144.79173221499627,515.55
778,19,18,6.872934201385983,-139.18931052942833,515.912
779,19,19,-0.2911636272003711,-133.75481587479433,516.669
780,19,20,-7.450693073088192,-128.31487072920265,517.82
781,19,21,-14.540029865494981,-122.6957560613032,519.314
782,19,22,-21.48541700604917,-116.70779751784471,521.054
783,19,23,-28.195620242912305,-110.1296491583946,522.903
784,19,24,-34.54965472776866,-102.69397054864939,524.698
785,19,25,-40.38081261845116,-94.08285053369084,526.264
786,19,26,-45.45855966254623,-83.95632327777072,527.435
787,19,27,-49.47892170613704,-72.05872113987714,528.062
788,19,28,-52.08922193142998,-58.443777218210556,528.039
789,19,29,-52.980561618116646,-43.72435414171248,527.306
790,19,30,-52.02760337983271,-29.02098883995311,525.861
791,19,31,-49.36068430141495,-15.445694166418455,523.759
792,19,32,-45.29058823538269,-3.5945876875260794,521.113
793,19,33,-40.1689777164378,6.490843600818538,518.081
794,19,34,-34.297941766286186,15.07106853572701,514.857
795,19,35,-27.906341240994756,22.486758596866178,511.65
796,19,36,-21.16005411474644,29.054887068803882,508.672
797,19,37,-14.17988508961761,35.041930366913576,506.114
798,19,38,-7.0574513349270545,40.66887243160186,504.134
799,19,39,0.13265127832557294,46.125657408592204,502.84
800,20,0,3.73207854174479,57.84503600537807,502.469
801,20,1,10.898412056665133,63.37397168566584,502.284
802,20,2,17.962075875529138,69.17575293272812,502.806
803,20,3,24.839931228212116,75.45615285568985,503.941
804,20,4,31.425229088175936,82.46098996277983,505.554
805,20,5,37.573266775212005,90.48732967156941,507.477
806,20,6,43.08355945416022,99.87528125177936,509.528
807,20,7,47.68378065262302,110.94509861321326,511.529
808,20,8,51.033790365028345,123.82719055769415,513.324
809,20,9,52.78426198137048,138.1920072879581,514.791
810,20,10,52.705441598348536,153.10877160505075,515.854
811,20,11,50.810255348966756,167.36781602582786,516.489
812,20,12,47.34685766615005,-179.91223707812168,516.723
813,20,13,42.66899770739172,-169.00867335127506,516.633
814,20,14,37.11224608170907,-159.7635751775559,516.329
815,20,15,30.941866845897888,-151.8500087221524,515.946
816,20,16,24.352001296926623,-144.93071290422768,515.626
817,20,17,17.482482190125644,-138.7138064197904,515.503
818,20,18,10.436430867810165,-132.95827921378742,515.684
819,20,19,3.2943229666587985,-127.4620669698132,516.24
820,20,20,-3.8755133680887037,-122.04619141085664,517.197
821,20,21,-11.008456649477793,-116.53900988307537,518.529
822,20,22,-18.035882899700294,-110.7607791282713,520.161
823,20,23,-24.876611051602374,-104.50798682993474,521.975
824,20,24,-31.426298012781043,-97.53775829136922,523.818
825,20,25,-37.54330615041774,-89.55679835942522,525.52
826,20,26,-43.03117531832081,-80.22898659485722,526.909
827,20,27,-47.62251385576801,-69.23617961631521,527.824
828,20,28,-50.98226341792977,-56.44258301781559,528.137
829,20,29,-52.76342990440194,-42.159704651929715,527.763
830,20,30,-52.73226033612459,-27.293169545993322,526.67
831,20,31,-50.891510694427815,-13.040098979419025,524.886
832,20,32,-47.47856761900999,-0.2915746391697619,522.495
833,20,33,-42.84065060651789,10.656432968523568,519.634
834,20,34,-37.31116851109652,19.947951669163054,516.48
835,20,35,-31.155576634838418,27.903566476644436,513.238
836,20,36,-24.569131303094036,34.8589120330085,510.12
837,20,37,-17.692954469399588,41.10632555737367,507.33
838,20,38,-10.631509608242192,46.888005557708595,505.044
839,20,39,-3.4665931441312137,52.407440444860875,503.396
840,21,0,7.323491045080459,69.58711473587047,502.285
841,21,1,14.447861585287537,75.22864608462591,502.461
842,21,2,21.430200049251493,81.24186949782425,503.304
843,21,3,28.177107015166985,87.85069906702607,504.698
844,21,4,34.564903125090716,95.32586300036311,506.488
845,21,5,40.42334420641283,103.98926811341812,508.498
846,21,6,45.517425647907984,114.18443877049687,510.545
847,21,7,49.5379003896201,126.16616151820834,512.461
848,21,8,52.127949104023955,139.86937880470816,514.105
849,21,9,52.979147768958455,154.65774922578294,515.376
850,21,10,51.97367903633546,169.38927881258485,516.224
851,21,11,49.25317712387895,-177.04892615540393,516.652
852,21,12,45.137380262110135,-165.23656477835212,516.713
853,21,13,39.982100325651665,-155.1977986230775,516.499
854,21,14,34.09012984569396,-146.6622205003393,516.138
855,21,15,27.68957835749523,-139.28560253634717,515.769
856,21,16,20.945072203072996,-132.75061414226238,515.532
857,21,17,13.976098711767463,-126.7917385442898,515.55
858,21,18,6.872934201385983,-121.18931685872187,515.912
859,21,19,-0.2911636272003711,-115.75482220408786,516.669
860,21,20,-7.450693073088192,-110.31488388868536,517.82
861,21,21,-14.540029865494981,-104.69575556040756,519.314
862,21,22,-21.48541700604917,-98.70779701694909,521.054
863,21,23,-28.195620242912305,-92.12965548768814,522.903
864,21,24,-34.54965472776866,-84.69397687794293,524.698
865,21,25,-40.38081261845116,-76.08285686298437,526.264
866,21,26,-45.45855966254623,-65.95632960706426,527.435
867,21,27,-49.47892170613704,-54.05872746917067,528.062
868,21,28,-52.08922193142998,-40.44378696259868,528.039
869,21,29,-52.980561618116646,-25.72436047100602,527.306
870,21,30,-52.02760337983271,-11.020996876793937,525.861
871,21,31,-49.36068430141495,2.554298863957774,523.759
872,21,32,-45.29058823538269,14.40540683695403,521.113
873,21,33,-40.1689777164378,24.490836844638178,518.081
874,21,34,-34.297941766286186,33.071062206433474,514.857
875,21,35,-27.906341240994756,40.48675226757264,511.65
876,21,36,-21.16005411474644,47.054880739510345,508.672
877,21,37,-14.17988508961761,53.04192403762004,506.114
878,21,38,-7.0574513349270545,58.66886610230833,504.134
879,21,39,0.13265127832557294,64.12564766420408,502.84
880,22,0,3.73207854174479,75.84502967608454,502.469
881,22,1,10.898412056665133,81.37396535637231,502.284
882,22,2,17.962075875529138,87.17574660343458,502.806
883,22,3,24.839931228212116,93.45614652639632,503.941
884,22,4,31.425229088175936,100.4609836334863,505.554
885,22,5,37.573266775212005,108.48732334227587,507.477
886,22,6,43.08355945416022,117.87526809229665,509.528
887,22,7,47.68378065262302,128.94509228391973,511.529
888,22,8,51.033790365028345,141.8271842284006,513.324
889,22,9,52.78426198137048,156.19200095866455,514.791
890,22,10,52.705441598348536,171.1087652757572,515.854
891,22,11,50.810255348966756,-174.632186661,516.489
892,22,12,47.34685766615005,-161.91224340741522,516.723
893,22,13,42.66899770739172,-151.0086796805686,516.633
894,22,14,37.11224608170907,-141.76358150684945,516.329
895,22,15,30.941866845897888,-133.85001505144595,515.946
896,22,16,24.352001296926623,-126.93071923352122,515.626
897,22,17,17.482482190125644,-120.71381274908391,515.503
898,22,18,10.436430867810165,-114.95828554308098,515.684
899,22,19,3.2943229666587985,-109.4620801292959,516.24
900,22,20,-3.8755133680887037,-104.04619090996101,517.197
901,22,21,-11.008456649477793,-98.53900938217973,518.529
902,22,22,-18.035882899700294,-92.76078545756484,520.161
903,22,23,-24.876611051602374,-86.50799315922828,521.975
904,22,24,-31.426298012781043,-79.53776462066276,523.818
905,22,25,-37.54330615041774,-71.55680468871874,525.52
906,22,26,-43.03117531832081,-62.22899292415075,526.909
907,22,27,-47.62251385576801,-51.23618594560875,527.824
908,22,28,-50.98226341792977,-38.442589347109134,528.137
909,22,29,-52.76342990440194,-24.15970927367596,527.763
910,22,30,-52.73226033612459,-9.29317587528686,526.67
911,22,31,-50.891510694427815,4.959895118174261,524.886
912,22,32,-47.47856761900999,17.708419725227788,522.495
913,22,33,-42.84065060651789,28.656427493003676,519.634
914,22,34,-37.31116851109652,37.94794704741681,516.48
915,22,35,-31.155576634838418,45.9035601473509,513.238
916,22,36,-24.569131303094036,52.85890570371497,510.12
917,22,37,-17.692954469399588,59.10631922808013,507.33
918,22,38,-10.631509608242192,64.88799922841505,505.044
919,22,39,-3.4665931441312137,70.40743411556734,503.396
920,23,0,7.323491045080459,87.58712206695527,502.285
921,23,1,14.447861585287537,93.22865341571071,502.461
922,23,2,21.430200049251493,99.24187682890906,503.304
923,23,3,28.177107015166985,105.85070639811087,504.698
924,23,4,34.564903125090716,113.32587033144792,506.488
925,23,5,40.42334420641283,121.98926861431376,508.498
926,23,6,45.517425647907984,132.18444610158167,510.545
927,23,7,49.5379003896201,144.16616884929314,512.461
928,23,8,52.127949104023955,157.86938613579295,514.105
929,23,9,52.979147768958455,172.65775655686772,515.376
930,23,10,51.97367903633546,-172.61071021386468,516.224
931,23,11,49.25317712387895,-159.04891882431914,516.652
932,23,12,45.137380262110135,-147.2365574472673,516.713
933,23,13,39.982100325651665,-137.1977912919927,516.499
934,23,14,34.09012984569396,-128.66221316925447,516.138
935,23,15,27.68957835749523,-121.28559520526237,515.769
936,23,16,20.945072203072996,-114.75060681117756,515.532
937,23,17,13.976098711767463,-108.791731213205,515.55
938,23,18,6.872934201385983,-103.18930952763706,515.912
939,23,19,-0.2911636272003711,-97.75480804281388,516.669
940,23,20,-7.450693073088192,-92.31487655760054,517.82
941,23,21,-14.540029865494981,-86.69574822932276,519.314
942,23,22,-21.48541700604917,-80.70778968586428,521.054
943,23,23,-28.195620242912305,-74.12964815660334,522.903
944,23,24,-34.54965472776866,-66.69396954685813,524.698
945,23,25,-40.38081261845116,-58.08284953189957,526.264
946,23,26,-45.45855966254623,-47.95632227597946,527.435
947,23,27,-49.47892170613704,-36.05872013808587,528.062
948,23,28,-52.08922193142998,-22.443777923966582,528.039
949,23,29,-52.980561618116646,-7.724352286147569,527.306
950,23,30,-52.02760337983271,6.97901088117769,525.861
951,23,31,-49.36068430141495,20.554306835372813,523.759
952,23,32,-45.29058823538269,32.40541246049154,521.113
953,23,33,-40.1689777164378,42.490845883270275,518.081
954,23,34,-34.297941766286186,51.07106953751828,514.857
955,23,35,-27.906341240994756,58.48675959865744,511.65
956,23,36,-21.16005411474644,65.05488807059515,508.672
957,23,37,-14.17988508961761,71.04193136870485,506.114
958,23,38,-7.0574513349270545,76.66887343339313,504.134
959,23,39,0.13265127832557294,82.12565499528888,502.84
960,24,0,3.73207854174479,93.84503700716934,502.469
961,24,1,10.898412056665133,99.37397268745711,502.284
962,24,2,17.962075875529138,105.17575393451938,502.806
963,24,3,24.839931228212116,111.45615385748113,503.941
964,24,4,31.425229088175936,118.46099779476027,505.554
965,24,5,37.573266775212005,126.48733067336067,507.477
966,24,6,43.08355945416022,135.87527542338145,509.528
967,24,7,47.68378065262302,146.94509961500452,511.529
968,24,8,51.033790365028345,159.8271915594854,513.324
969,24,9,52.78426198137048,174.19200828974934,514.791
970,24,10,52.705441598348536,-170.89123741107065,515.854
971,24,11,50.810255348966756,-156.6321793299152,516.489
972,24,12,47.34685766615005,-143.9122360763304,516.723
973,24,13,42.66899770739172,-133.0086723494838,516.633
974,24,14,37.11224608170907,-123.76357417576465,516.329
975,24,15,30.941866845897888,-115.85000772036115,515.946
976,24,16,24.352001296926623,-108.93070507224725,515.626
977,24,17,17.482482190125644,-102.71379858780995,515.503
978,24,18,10.436430867810165,-96.95828504218534,515.684
979,24,19,3.2943229666587985,-91.4620727982111,516.24
980,24,20,-3.8755133680887037,-86.04618357887621,517.197
981,24,21,-11.008456649477793,-80.53900205109493,518.529
982,24,22,-18.035882899700294,-74.76077812648003,520.161
983,24,23,-24.876611051602374,-68.50798582814348,521.975
984,24,24,-31.426298012781043,-61.537757289577954,523.818
985,24,25,-37.54330615041774,-53.55679735763394,525.52
986,24,26,-43.03117531832081,-44.22898900816053,526.909
987,24,27,-47.62251385576801,-33.23617861452395,527.824
988,24,28,-50.98226341792977,-20.442580308477037,528.137
989,24,29,-52.76342990440194,-6.15970236947798,527.763
990,24,30,-52.73226033612459,8.706831455797944,526.67
991,24,31,-50.891510694427815,22.959902876145886,524.886
992,24,32,-47.47856761900999,35.708427056312594,522.495
993,24,33,-42.84065060651789,46.65643482408848,519.634
994,24,34,-37.31116851109652,55.94795437850161,516.48
995,24,35,-31.155576634838418,63.903570893530286,513.238
996,24,36,-24.569131303094036,70.85891644989435,510.12
997,24,37,-17.692954469399588,77.10632655916494,507.33
998,24,38,-10.631509608242192,82.88800655949986,505.044
999,24,39,-3.4665931441312137,88.40744144665214,503.396
1000,25,0,7.323491045080459,105.58711573766173,502.285
1001,25,1,14.447861585287537,111.22864708641717,502.461
1002,25,2,21.430200049251493,117.24186366942635,503.304
1003,25,3,28.177107015166985,123.85070006881733,504.698
1004,25,4,34.564903125090716,131.3258640021544,506.488
1005,25,5,40.42334420641283,139.98926228502023,508.498
1006,25,6,45.517425647907984,150.18443977228813,510.545
1007,25,7,49.5379003896201,162.1661625199996,512.461
1008,25,8,52.127949104023955,175.8693798064994,514.105
1009,25,9,52.979147768958455,-169.34224612996013,515.376
1010,25,10,51.97367903633546,-154.61071654315822,516.224
1011,25,11,49.25317712387895,-141.0489251536127,516.652
1012,25,12,45.137380262110135,-129.23656377656084,516.713
1013,25,13,39.982100325651665,-119.19779762128623,516.499
1014,25,14,34.09012984569396,-110.66221266835883,516.138
1015,25,15,27.68957835749523,-103.28559470436673,515.769
1016,25,16,20.945072203072996,-96.7506131404711,515.532
1017,25,17,13.976098711767463,-90.79173754249854,515.55
1018,25,18,6.872934201385983,-85.18931585693059,515.912
1019,25,19,-0.2911636272003711,-79.75481437210742,516.669
1020,25,20,-7.450693073088192,-74.31488288689408,517.82
1021,25,21,-14.540029865494981,-68.6957545586163,519.314
1022,25,22,-21.48541700604917,-62.70779601515782,521.054
1023,25,23,-28.195620242912305,-56.12965448589688,522.903
1024,25,24,-34.54965472776866,-48.69397246105708,524.698
1025,25,25,-40.38081261845116,-40.08285244609852,526.264
1026,25,26,-45.45855966254623,-29.956328605272994,527.435
1027,25,27,-49.47892170613704,-18.058728174926696,528.062
1028,25,28,-52.08922193142998,-4.443784253260119,528.039
1029,25,29,-52.980561618116646,10.275641384558895,527.306
1030,25,30,-52.02760337983271,24.97900412499733,525.861
1031,25,31,-49.36068430141495,38.55430050607927,523.759
1032,25,32,-45.29058823538269,50.405406131198006,521.113
1033,25,33,-40.1689777164378,60.490839553976734,518.081
1034,25,34,-34.297941766286186,69.07106662331933,514.857
1035,25,35,-27.906341240994756,76.48675326936392,511.65
1036,25,36,-21.16005411474644,83.05488174130161,508.672
1037,25,37,-14.17988508961761,89.04192503941131,506.114
1038,25,38,-7.0574513349270545,94.66886710409959,504.134
1039,25,39,0.13265127832557294,100.12564866599536,502.84
1040,26,0,3.73207854174479,111.84504433825414,502.469
1041,26,1,10.898412056665133,117.37398684873108,502.284
1042,26,2,17.962075875529138,123.17576809579334,502.806
1043,26,3,24.839931228212116,129.4561680187551,503.941
1044,26,4,31.425229088175936,136.46100512584508,505.554
1045,26,5,37.573266775212005,144.4873380044455,507.477
1046,26,6,43.08355945416022,153.87528275446627,509.528
1047,26,7,47.68378065262302,164.94510694608934,511.529
1048,26,8,51.033790365028345,177.82719889057023,513.324
1049,26,9,52.78426198137048,-167.80798073670016,514.791
1050,26,10,52.705441598348536,-152.89123007998583,515.854
1051,26,11,50.810255348966756,-138.6321719988304,516.489
1052,26,12,47.34685766615005,-125.9122287452456,516.723
1053,26,13,42.66899770739172,-115.00866501839899,516.633
1054,26,14,37.11224608170907,-105.76356684467984,516.329
1055,26,15,30.941866845897888,-97.85000721946552,515.946
1056,26,16,24.352001296926623,-90.93069774116245,515.626
1057,26,17,17.482482190125644,-84.71379125672514,515.503
1058,26,18,10.436430867810165,-78.95827771110054,515.684
1059,26,19,3.2943229666587985,-73.4620654671263,516.24
1060,26,20,-3.8755133680887037,-68.04617624779141,517.197
1061,26,21,-11.008456649477793,-62.53899472001012,518.529
1062,26,22,-18.035882899700294,-56.760770795395224,520.161
1063,26,23,-24.876611051602374,-50.50797849705867,521.975
1064,26,24,-31.426298012781043,-43.537753373587734,523.818
1065,26,25,-37.54330615041774,-35.55679002654914,525.52
1066,26,26,-43.03117531832081,-26.22898167707573,526.909
1067,26,27,-47.62251385576801,-15.236171283439143,527.824
1068,26,28,-50.98226341792977,-2.4425729773922322,528.137
1069,26,29,-52.76342990440194,11.84030453472,527.763
1070,26,30,-52.73226033612459,26.70683878688275,526.67
1071,26,31,-50.891510694427815,40.95991020723069,524.886
1072,26,32,-47.47856761900999,53.708434387397396,522.495
1073,26,33,-42.84065060651789,64.65644215517328,519.634
1074,26,34,-37.31116851109652,73.94795829449183,516.48
1075,26,35,-31.155576634838418,81.90357822461509,513.238
1076,26,36,-24.569131303094036,88.85892378097915,510.12
1077,26,37,-17.692954469399588,95.10633389024974,507.33
1078,26,38,-10.631509608242192,100.88801389058466,505.044
1079,26,39,-3.4665931441312137,106.40744877773695,503.396
1080,27,0,7.323491045080459,123.58710940836819,502.285
1081,27,1,14.447861585287537,129.22864075712363,502.461
1082,27,2,21.430200049251493,135.2418573401328,503.304
1083,27,3,28.177107015166985,141.8506937395238,504.698
1084,27,4,34.564903125090716,149.32585767286085,506.488
1085,27,5,40.42334420641283,157.9892559557267,508.498
1086,27,6,45.517425647907984,168.1844334429946,510.545
1087,27,7,49.5379003896201,-179.83384016682825,512.461
1088,27,8,52.127949104023955,-166.13063654070677,514.105
1089,27,9,52.979147768958455,-151.34225245925367,515.376
1090,27,10,51.97367903633546,-136.61072287245176,516.224
1091,27,11,49.25317712387895,-123.04893148290621,516.652
1092,27,12,45.137380262110135,-111.23656327566522,516.713
1093,27,13,39.982100325651665,-101.19779712039059,516.499
1094,27,14,34.09012984569396,-92.66221899765237,516.138
1095,27,15,27.68957835749523,-85.28560103366027,515.769
1096,27,16,20.945072203072996,-78.75061946976463,515.532
1097,27,17,13.976098711767463,-72.79174387179206,515.55
1098,27,18,6.872934201385983,-67.18932218622413,515.912
1099,27,19,-0.2911636272003711,-61.75482070140096,516.669
1100,27,20,-7.450693073088192,-56.31488921618762,517.82
1101,27,21,-14.540029865494981,-50.695760887909834,519.314
1102,27,22,-21.48541700604917,-44.70780575954594,521.054
1103,27,23,-28.195620242912305,-38.12966081519041,522.903
1104,27,24,-34.54965472776866,-30.693978790350616,524.698
1105,27,25,-40.38081261845116,-22.082860482939353,526.264
1106,27,26,-45.45855966254623,-11.956335788340176,527.435
1107,27,27,-49.47892170613704,-0.05873438415831315,528.062
1108,27,28,-52.08922193142998,13.556209417446345,528.039
1109,27,29,-52.980561618116646,28.275634201491712,527.306
1110,27,30,-52.02760337983271,42.97899950325109,525.861
1111,27,31,-49.36068430141495,56.55429417678574,523.759
1112,27,32,-45.29058823538269,68.40540321699905,521.113
1113,27,33,-40.1689777164378,78.4908332246832,518.081
1114,27,34,-34.297941766286186,87.07106029402578,514.857
1115,27,35,-27.906341240994756,94.48674694007038,511.65
1116,27,36,-21.16005411474644,101.05487541200807,508.672
1117,27,37,-14.17988508961761,107.04191871011777,506.114
1118,27,38,-7.0574513349270545,112.66886077480606,504.134
1119,27,39,0.13265127832557294,118.12564916689098,502.84
1120,28,0,3.73207854174479,129.84502434858226,502.469
1121,28,1,10.898412056665133,135.3739668590592,502.284
1122,28,2,17.962075875529138,141.17574810612146,502.806
1123,28,3,24.839931228212116,147.4561480290832,503.941
1124,28,4,31.425229088175936,154.4609851361732,505.554
1125,28,5,37.573266775212005,162.4873180147736,507.477
1126,28,6,43.08355945416022,171.8752627647944,509.528
1127,28,7,47.68378065262302,-177.05490940111687,511.529
1128,28,8,51.033790365028345,-164.17281745663598,513.324
1129,28,9,52.78426198137048,-149.80800072637206,514.791
1130,28,10,52.705441598348536,-134.89125006965773,515.854
1131,28,11,50.810255348966756,-120.63219198850226,516.489
1132,28,12,47.34685766615005,-107.91224873491748,516.723
1133,28,13,42.66899770739172,-97.00867817788169,516.633
1134,28,14,37.11224608170907,-87.76358683435173,516.329
1135,28,15,30.941866845897888,-79.8500272091374,515.946
1136,28,16,24.352001296926623,-72.93071773083432,515.626
1137,28,17,17.482482190125644,-66.71381124639701,515.503
1138,28,18,10.436430867810165,-60.95829770077241,515.684
1139,28,19,3.2943229666587985,-55.46208204170358,516.24
1140,28,20,-3.8755133680887037,-50.04619623746328,517.197
1141,28,21,-11.008456649477793,-44.539014709682,518.529
1142,28,22,-18.035882899700294,-38.7607907850671,520.161
1143,28,23,-24.876611051602374,-32.50799848673055,521.975
1144,28,24,-31.426298012781043,-25.53777336325961,523.818
1145,28,25,-37.54330615041774,-17.556808308673723,525.52
1146,28,26,-43.03117531832081,-8.229000812973961,526.909
1147,28,27,-47.62251385576801,2.763808940332391,527.824
1148,28,28,-50.98226341792977,15.557407032935892,528.137
1149,28,29,-52.76342990440194,29.84028369127448,527.763
1150,28,30,-52.73226033612459,44.70681879721087,526.67
1151,28,31,-50.891510694427815,58.95988680246423,524.886
1152,28,32,-47.47856761900999,71.70841439772552,522.495
1153,28,33,-42.84065060651789,82.65642216550141,519.634
1154,28,34,-37.31116851109652,91.94793830481996,516.48
1155,28,35,-31.155576634838418,99.90355823494322,513.238
1156,28,36,-24.569131303094036,106.85890379130728,510.12
1157,28,37,-17.692954469399588,113.10631390057786,507.33
1158,28,38,-10.631509608242192,118.88799390091279,505.044
1159,28,39,-3.4665931441312137,124.40742878806508,503.396
1160,29,0,7.323491045080459,141.587116739453,502.285
1161,29,1,14.447861585287537,147.22864808820844,502.461
1162,29,2,21.430200049251493,153.24186467121763,503.304
1163,29,3,28.177107015166985,159.8507010706086,504.698
1164,29,4,34.564903125090716,167.32586500394567,506.488
1165,29,5,40.42334420641283,175.98926328681148,508.498
1166,29,6,45.517425647907984,-173.81555558345494,510.545
1167,29,7,49.5379003896201,-161.83383283574346,512.461
1168,29,8,52.127949104023955,-148.130629209622,514.105
1169,29,9,52.979147768958455,-133.34224512816888,515.376
1170,29,10,51.97367903633546,-118.61071554136694,516.224
1171,29,11,49.25317712387895,-105.04893098201057,516.652
1172,29,12,45.137380262110135,-93.2365559445804,516.713
1173,29,13,39.982100325651665,-83.19778978930579,516.499
1174,29,14,34.09012984569396,-74.66221166656757,516.138
1175,29,15,27.68957835749523,-67.28559370257547,515.769
1176,29,16,20.945072203072996,-60.750612138679834,515.532
1177,29,17,13.976098711767463,-54.79173654070727,515.55
1178,29,18,6.872934201385983,-49.18931144004475,515.912
1179,29,19,-0.2911636272003711,-43.75481337031616,516.669
1180,29,20,-7.450693073088192,-38.31488188510282,517.82
1181,29,21,-14.540029865494981,-32.695753556825025,519.314
1182,29,22,-21.48541700604917,-26.70779672091384,521.054
1183,29,23,-28.195620242912305,-20.12965348410561,522.903
1184,29,24,-34.54965472776866,-12.69397231303946,524.698
1185,29,25,-40.38081261845116,-4.082852724967727,526.264
1186,29,26,-45.45855966254623,6.043671115857803,527.435
1187,29,27,-49.47892170613704,17.941272826864573,528.062
1188,29,28,-52.08922193142998,31.556215040983854,528.039
1189,29,29,-52.980561618116646,46.275641532576515,527.306
1190,29,30,-52.02760337983271,60.97900683433589,525.861
1191,29,31,-49.36068430141495,74.55430150787055,523.759
1192,29,32,-45.29058823538269,86.40541054808385,521.113
1193,29,33,-40.1689777164378,96.490840555768,518.081
1194,29,34,-34.297941766286186,105.07106762511059,514.857
1195,29,35,-27.906341240994756,112.48675427115518,511.65
1196,29,36,-21.16005411474644,119.05488274309288,508.672
1197,29,37,-14.17988508961761,125.04192604120257,506.114
1198,29,38,-7.0574513349270545,130.66886810589085,504.134
1199,29,39,0.13265127832557294,136.1256564979758,502.84
1200,30,0,3.73207854174479,147.84503167966707,502.469
1201,30,1,10.898412056665133,153.373974190144,502.284
1202,30,2,17.962075875529138,159.17575543720628,502.806
1203,30,3,24.839931228212116,165.45615536016803,503.941
1204,30,4,31.425229088175936,172.460992467258,505.554
1205,30,5,37.573266775212005,-179.51267101167593,507.477
1206,30,6,43.08355945416022,-170.12472626165513,509.528
1207,30,7,47.68378065262302,-159.05490207003209,511.529
1208,30,8,51.033790365028345,-146.1728101255512,513.324
1209,30,9,52.78426198137048,-131.80799339528724,514.791
1210,30,10,52.705441598348536,-116.89124273857291,515.854
1211,30,11,50.810255348966756,-102.63219148760663,516.489
1212,30,12,47.34685766615005,-89.91224140383267,516.723
1213,30,13,42.66899770739172,-79.00867084679689,516.633
1214,30,14,37.11224608170907,-69.76357950326693,516.329
1215,30,15,30.941866845897888,-61.85001987805259,515.946
1216,30,16,24.352001296926623,-54.930710399749515,515.626
1217,30,17,17.482482190125644,-48.713807330406794,515.503
1218,30,18,10.436430867810165,-42.95828695459302,515.684
1219,30,19,3.2943229666587985,-37.46207471061878,516.24
1220,30,20,-3.8755133680887037,-32.046188906378475,517.197
1221,30,21,-11.008456649477793,-26.539007378597194,518.529
1222,30,22,-18.035882899700294,-20.760781746435004,520.161
1223,30,23,-24.876611051602374,-14.507992863193037,521.975
1224,30,24,-31.426298012781043,-7.537766032174807,523.818
1225,30,25,-37.54330615041774,0.44319846212212455,525.52
1226,30,26,-43.03117531832081,9.771006518110843,526.909
1227,30,27,-47.62251385576801,20.763816057973784,527.824
1228,30,28,-50.98226341792977,33.5574126564734,528.137
1229,30,29,-52.76342990440194,47.84029102235928,527.763
1230,30,30,-52.73226033612459,62.706826128295674,526.67
1231,30,31,-50.891510694427815,76.95989413354903,524.886
1232,30,32,-47.47856761900999,89.70842172881032,522.495
1233,30,33,-42.84065060651789,100.65642949658621,519.634
1234,30,34,-37.31116851109652,109.94794563590476,516.48
1235,30,35,-31.155576634838418,117.90355873583884,513.238
1236,30,36,-24.569131303094036,124.85890429220291,510.12
1237,30,37,-17.692954469399588,131.1063144014735,507.33
1238,30,38,-10.631509608242192,136.88800123199758,505.044
1239,30,39,-3.4665931441312137,142.40743611914988,503.396
1240,31,0,7.323491045080459,159.5871240705378,502.285
1241,31,1,14.447861585287537,165.22865541929323,502.461
1242,31,2,21.430200049251493,171.24187200230242,503.304
1243,31,3,28.177107015166985,177.8507084016934,504.698
1244,31,4,34.564903125090716,-174.67412402250386,506.488
1245,31,5,40.42334420641283,-166.01072573963805,508.498
1246,31,6,45.517425647907984,-155.81554825237012,510.545
1247,31,7,49.5379003896201,-143.83382550465865,512.461
1248,31,8,52.127949104023955,-130.13062187853717,514.105
1249,31,9,52.979147768958455,-115.34223779708407,515.376
1250,31,10,51.97367903633546,-100.61070821028214,516.224
1251,31,11,49.25317712387895,-87.04892365092577,516.652
1252,31,12,45.137380262110135,-75.2365486134956,516.713
1253,31,13,39.982100325651665,-65.19778245822098,516.499
1254,31,14,34.09012984569396,-56.66220433548277,516.138
1255,31,15,27.68957835749523,-49.28558978658524,515.769
1256,31,16,20.945072203072996,-42.75060139250044,515.532
1257,31,17,13.976098711767463,-36.79172920962247,515.55
1258,31,18,6.872934201385983,-31.18930410895994,515.912
1259,31,19,-0.2911636272003711,-25.75480603923135,516.669
1260,31,20,-7.450693073088192,-20.314874554018015,517.82
1261,31,21,-14.540029865494981,-14.695746225740224,519.314
1262,31,22,-21.48541700604917,-8.707790243602686,521.054
1263,31,23,-28.195620242912305,-2.1296463664642173,522.903
1264,31,24,-34.54965472776866,5.306035018045344,524.698
1265,31,25,-40.38081261845116,13.917154179230254,526.264
1266,31,26,-45.45855966254623,24.043678020055783,527.435
1267,31,27,-49.47892170613704,35.94128186549667,528.062
1268,31,28,-52.08922193142998,49.55622237206866,528.039
1269,31,29,-52.980561618116646,64.2756522787559,527.306
1270,31,30,-52.02760337983271,78.9790141654207,525.861
1271,31,31,-49.36068430141495,92.55430883895535,523.759
1272,31,32,-45.29058823538269,104.40541787916867,521.113
1273,31,33,-40.1689777164378,114.4908478868528,518.081
1274,31,34,-34.297941766286186,123.07107495619539,514.857
1275,31,35,-27.906341240994756,130.48676160223997,511.65
1276,31,36,-21.16005411474644,137.05489007417768,508.672
1277,31,37,-14.17988508961761,143.0419333722874,506.114
1278,31,38,-7.0574513349270545,148.66887543697567,504.134
1279,31,39,0.13265127832557294,154.12566382906058,502.84
1280,32,0,3.73207854174479,165.84503901075186,502.469
1281,32,1,10.898412056665133,171.3739815212288,502.284
1282,32,2,17.962075875529138,177.1757627682911,502.806
1283,32,3,24.839931228212116,-176.54384732665983,503.941
1284,32,4,31.425229088175936,-169.53901021956986,505.554
1285,32,5,37.573266775212005,-161.51266368059112,507.477
1286,32,6,43.08355945416022,-152.12471893057034,509.528
1287,32,7,47.68378065262302,-141.05489473894727,511.529
1288,32,8,51.033790365028345,-128.17280279446638,513.324
1289,32,9,52.78426198137048,-113.80798606420244,514.791
1290,32,10,52.705441598348536,-98.89122857729895,515.854
1291,32,11,50.810255348966756,-84.63218415652183,516.489
1292,32,12,47.34685766615005,-71.91223407274786,516.723
1293,32,13,42.66899770739172,-61.00866351571209,516.633
1294,32,14,37.11224608170907,-51.76356875708753,516.329
1295,32,15,30.941866845897888,-43.85001254696779,515.946
1296,32,16,24.352001296926623,-36.93070306866471,515.626
1297,32,17,17.482482190125644,-30.713799999321992,515.503
1298,32,18,10.436430867810165,-24.95827962350822,515.684
1299,32,19,3.2943229666587985,-19.46206908708127,516.24
1300,32,20,-3.8755133680887037,-14.046183282840964,517.197
1301,32,21,-11.008456649477793,-8.539000901286038,518.529
1302,32,22,-18.035882899700294,-2.7607748422370246,520.161
1303,32,23,-24.876611051602374,3.4920151082220015,521.975
1304,32,24,-31.426298012781043,10.462241298909996,523.818
1305,32,25,-37.54330615041774,18.443206353495885,525.52
1306,32,26,-43.03117531832081,27.771012995421998,526.909
1307,32,27,-47.62251385576801,38.76382338905859,527.824
1308,32,28,-50.98226341792977,51.557419987558205,528.137
1309,32,29,-52.76342990440194,65.84029835344408,527.763
1310,32,30,-52.73226033612459,80.70683345938048,526.67
1311,32,31,-50.891510694427815,94.95990146463383,524.886
1312,32,32,-47.47856761900999,107.70842905989512,522.495
1313,32,33,-42.84065060651789,118.65643682767102,519.634
1314,32,34,-37.31116851109652,127.94795296698956,516.48
1315,32,35,-31.155576634838418,135.90356606692364,513.238
1316,32,36,-24.569131303094036,142.85891162328772,510.12
1317,32,37,-17.692954469399588,149.1063217325583,507.33
1318,32,38,-10.631509608242192,154.8880085630824,505.044
1319,32,39,-3.4665931441312137,160.40744345023467,503.396
1320,33,0,7.323491045080459,177.5871314016226,502.285
1321,33,1,14.447861585287537,-176.7713336071563,502.461
1322,33,2,21.430200049251493,-170.7581170241471,503.304
1323,33,3,28.177107015166985,-164.14928062475613,504.698
1324,33,4,34.564903125090716,-156.67411669141907,506.488
1325,33,5,40.42334420641283,-148.01071840855323,508.498
1326,33,6,45.517425647907984,-137.81554092128533,510.545
1327,33,7,49.5379003896201,-125.83381817357386,512.461
1328,33,8,52.127949104023955,-112.1306077172632,514.105
1329,33,9,52.979147768958455,-97.34223046599926,515.376
1330,33,10,51.97367903633546,-82.61070087919734,516.224
1331,33,11,49.25317712387895,-69.04891631984097,516.652
1332,33,12,45.137380262110135,-57.23654469750539,516.713
1333,33,13,39.982100325651665,-47.197778542230765,516.499
1334,33,14,34.09012984569396,-38.66219700439797,516.138
1335,33,15,27.68957835749523,-31.28558245550044,515.769
1336,33,16,20.945072203072996,-24.750595768962935,515.532
1337,33,17,13.976098711767463,-18.79172187853766,515.55
1338,33,18,6.872934201385983,-13.189297631648783,515.912
1339,33,19,-0.2911636272003711,-7.754799561920193,516.669
1340,33,20,-7.450693073088192,-2.3148670094898,517.82
1341,33,21,-14.540029865494981,3.304260891901167,519.314
1342,33,22,-21.48541700604917,9.292217087482118,521.054
1343,33,23,-28.195620242912305,15.870361178063998,522.903
1344,33,24,-34.54965472776866,23.306043202903794,524.698
1345,33,25,-40.38081261845116,31.91716321786235,526.264
1346,33,26,-45.45855966254623,42.04368705868788,527.435
1347,33,27,-49.47892170613704,53.94128919658147,528.062
1348,33,28,-52.08922193142998,67.55623311824804,528.039
1349,33,29,-52.980561618116646,82.2756596098407,527.306
1350,33,30,-52.02760337983271,96.9790214965055,525.861
1351,33,31,-49.36068430141495,110.55431617004015,523.759
1352,33,32,-45.29058823538269,122.40541838006429,521.113
1353,33,33,-40.1689777164378,132.49084838774843,518.081
1354,33,34,-34.297941766286186,141.0710822872802,514.857
1355,33,35,-27.906341240994756,148.48676893332478,511.65
1356,33,36,-21.16005411474644,155.0548974052625,508.672
1357,33,37,-14.17988508961761,161.04194070337218,506.114
1358,33,38,-7.0574513349270545,166.66888276806046,504.134
1359,33,39,0.13265127832557294,172.1256711601454,502.84
1360,34,0,3.73207854174479,-176.15497733645432,502.469
1361,34,1,10.898412056665133,-170.62604848635573,502.284
1362,34,2,17.962075875529138,-164.82426723929348,502.806
1363,34,3,24.839931228212116,-158.54386731633173,503.941
1364,34,4,31.425229088175936,-151.53903020924173,505.554
1365,34,5,37.573266775212005,-143.512683670263,507.477
1366,34,6,43.08355945416022,-134.1247389202422,509.528
1367,34,7,47.68378065262302,-123.05491472861914,511.529
1368,34,8,51.033790365028345,-110.17282961432743,513.324
1369,34,9,52.78426198137048,-95.80800605387432,514.791
1370,34,10,52.705441598348536,-80.89124856697082,515.854
1371,34,11,50.810255348966756,-66.6322041461937,516.489
1372,34,12,47.34685766615005,-53.91225747751433,516.723
1373,34,13,42.66899770739172,-43.008683505383964,516.633
1374,34,14,37.11224608170907,-33.76358874675941,516.329
1375,34,15,30.941866845897888,-25.850032536639667,515.946
1376,34,16,24.352001296926623,-18.930724765883884,515.626
1377,34,17,17.482482190125644,-12.713819135220223,515.503
1378,34,18,10.436430867810165,-6.958300040066918,515.684
1379,34,19,3.2943229666587985,-1.4620884364229123,516.24
1380,34,20,-3.8755133680887037,3.953797154373982,517.197
1381,34,21,-11.008456649477793,9.460979109042086,518.529
1382,34,22,-18.035882899700294,15.239205594977921,520.161
1383,34,23,-24.876611051602374,21.49199447821989,521.975
1384,34,24,-31.426298012781043,28.46222130923812,523.818
1385,34,25,-37.54330615041774,36.44318465627671,525.52
1386,34,26,-43.03117531832081,45.77099300575012,526.909
1387,34,27,-47.62251385576801,56.76380339938671,527.824
1388,34,28,-50.98226341792977,69.55740341298092,528.137
1389,34,29,-52.76342990440194,83.84027836377221,527.763
1390,34,30,-52.73226033612459,98.7068134697086,526.67
1391,34,31,-50.891510694427815,112.95988147496196,524.886
1392,34,32,-47.47856761900999,125.70840224003408,522.495
1393,34,33,-42.84065060651789,136.65641683799913,519.634
1394,34,34,-37.31116851109652,145.9479329773177,516.48
1395,34,35,-31.155576634838418,153.90354607725178,513.238
1396,34,36,-24.569131303094036,160.85889163361583,510.12
1397,34,37,-17.692954469399588,167.10630174288642,507.33
1398,34,38,-10.631509608242192,172.88798857341052,505.044
1399,34,39,-3.4665931441312137,178.4074234605628,503.396
1400,35,0,7.323491045080459,-164.41288494558358,502.285
1401,35,1,14.447861585287537,-158.77135359682816,502.461
1402,35,2,21.430200049251493,-152.75813701381898,503.304
1403,35,3,28.177107015166985,-146.149300614428,504.698
1404,35,4,34.564903125090716,-138.67413668109094,506.488
1405,35,5,40.42334420641283,-130.0107383982251,508.498
1406,35,6,45.517425647907984,-119.8155609109572,510.545
1407,35,7,49.5379003896201,-107.8338449934349,512.461
1408,35,8,52.127949104023955,-94.13062770693507,514.105
1409,35,9,52.979147768958455,-79.34225045567113,515.376
1410,35,10,51.97367903633546,-64.61072086886922,516.224
1411,35,11,49.25317712387895,-51.048936309512854,516.652
1412,35,12,45.137380262110135,-39.236564687177264,516.713
1413,35,13,39.982100325651665,-29.19779853190264,516.499
1414,35,14,34.09012984569396,-20.662218701617135,516.138
1415,35,15,27.68957835749523,-13.285602445172318,515.769
1416,35,16,20.945072203072996,-6.750615331747987,515.532
1417,35,17,13.976098711767463,-0.7917417081269794,515.55
1418,35,18,6.872934201385983,4.810682378679339,515.912
1419,35,19,-0.2911636272003711,10.24518044840793,516.669
1420,35,20,-7.450693073088192,15.685112787394912,517.82
1421,35,21,-14.540029865494981,21.304241115672703,519.314
1422,35,22,-21.48541700604917,27.292197951583887,521.054
1423,35,23,-28.195620242912305,33.87034118839212,522.903
1424,35,24,-34.54965472776866,41.30602321323192,524.698
1425,35,25,-40.38081261845116,49.917143228190476,526.264
1426,35,26,-45.45855966254623,60.043667069016,527.435
1427,35,27,-49.47892170613704,71.9412692069096,528.062
1428,35,28,-52.08922193142998,85.55621312857618,528.039
1429,35,29,-52.980561618116646,100.27563962016883,527.306
1430,35,30,-52.02760337983271,114.97899467664445,525.861
1431,35,31,-49.36068430141495,128.55429618036828,523.759
1432,35,32,-45.29058823538269,140.4053983903924,521.113
1433,35,33,-40.1689777164378,150.49082839807656,518.081
1434,35,34,-34.297941766286186,159.07106229760834,514.857
1435,35,35,-27.906341240994756,166.4867489436529,511.65
1436,35,36,-21.16005411474644,173.0548774155906,508.672
1437,35,37,-14.17988508961761,179.0419207137003,506.114
1438,35,38,-7.0574513349270545,-175.33113357914573,504.134
1439,35,39,0.13265127832557294,-169.87435884743914,502.84
1440,36,0,3.73207854174479,-158.15497000536953,502.469
1441,36,1,10.898412056665133,-152.62604115527094,502.284
1442,36,2,17.962075875529138,-146.82425990820866,502.806
1443,36,3,24.839931228212116,-140.5438599852469,503.941
1444,36,4,31.425229088175936,-133.53902287815694,505.554
1445,36,5,37.573266775212005,-125.5126763391782,507.477
1446,36,6,43.08355945416022,-116.1247315891574,509.528
1447,36,7,47.68378065262302,-105.05491422772351,511.529
1448,36,8,51.033790365028345,-92.17282228324262,513.324
1449,36,9,52.78426198137048,-77.80799872278952,514.791
1450,36,10,52.705441598348536,-62.89124123588602,515.854
1451,36,11,50.810255348966756,-48.632193400014316,516.489
1452,36,12,47.34685766615005,-35.91225014642953,516.723
1453,36,13,42.66899770739172,-25.00867788184645,516.633
1454,36,14,37.11224608170907,-15.763581415674603,516.329
1455,36,15,30.941866845897888,-7.850025205554865,515.946
1456,36,16,24.352001296926623,-0.9307172213556685,515.626
1457,36,17,17.482482190125644,5.2861886227514026,515.503
1458,36,18,10.436430867810165,11.041707717904709,515.684
1459,36,19,3.2943229666587985,16.537918254331657,516.24
1460,36,20,-3.8755133680887037,21.95380405857196,517.197
1461,36,21,-11.008456649477793,27.460987293900537,518.529
1462,36,22,-18.035882899700294,33.239211218515436,520.161
1463,36,23,-24.876611051602374,39.49200351685199,521.975
1464,36,24,-31.426298012781043,46.46222864032292,523.818
1465,36,25,-37.54330615041774,54.443191987361516,525.52
1466,36,26,-43.03117531832081,63.77100375192951,526.909
1467,36,27,-47.62251385576801,74.76381073047152,527.824
1468,36,28,-50.98226341792977,87.55741074406572,528.137
1469,36,29,-52.76342990440194,101.84028569485702,527.763
1470,36,30,-52.73226033612459,116.70681397060423,526.67
1471,36,31,-50.891510694427815,130.95988880604676,524.886
1472,36,32,-47.47856761900999,143.7084095711189,522.495
1473,36,33,-42.84065060651789,154.65642416908395,519.634
1474,36,34,-37.31116851109652,163.94794030840248,516.48
1475,36,35,-31.155576634838418,171.9035534083366,513.238
1476,36,36,-24.569131303094036,178.85889896470064,510.12
1477,36,37,-17.692954469399588,-174.8936872835631,507.33
1478,36,38,-10.631509608242192,-169.112000453039,505.044
1479,36,39,-3.4665931441312137,-163.59256556588673,503.396
1480,37,0,7.323491045080459,-146.4128776144988,502.285
1481,37,1,14.447861585287537,-140.77134626574335,502.461
1482,37,2,21.430200049251493,-134.75812968273416,503.304
1483,37,3,28.177107015166985,-128.14929328334318,504.698
1484,37,4,34.564903125090716,-120.67412935000614,506.488
1485,37,5,40.42334420641283,-112.01073106714031,508.498
1486,37,6,45.517425647907984,-101.81556041006156,510.545
1487,37,7,49.5379003896201,-89.83383766235009,512.461
1488,37,8,52.127949104023955,-76.13062037585027,514.105
1489,37,9,52.979147768958455,-61.34224312458634,515.376
1490,37,10,51.97367903633546,-46.61071012268983,516.224
1491,37,11,49.25317712387895,-33.048928978428044,516.652
1492,37,12,45.137380262110135,-21.23655735609246,516.713
1493,37,13,39.982100325651665,-11.197790347044194,516.499
1494,37,14,34.09012984569396,-2.662210516758686,516.138
1495,37,15,27.68957835749523,4.714405312799309,515.769
1496,37,16,20.945072203072996,11.249391572449994,515.532
1497,37,17,13.976098711767463,17.208265462875264,515.55
1498,37,18,6.872934201385983,22.81069056353779,515.912
1499,37,19,-0.2911636272003711,28.24518863326638,516.669
1500,37,20,-7.450693073088192,33.685120118479716,517.82
1501,37,21,-14.540029865494981,39.304248446757505,519.314
1502,37,22,-21.48541700604917,45.2922035751214,521.054
1503,37,23,-28.195620242912305,51.87034851947693,522.903
1504,37,24,-34.54965472776866,59.30602712922214,524.698
1505,37,25,-40.38081261845116,67.91714714418069,526.264
1506,37,26,-45.45855966254623,78.04367440010081,527.435
1507,37,27,-49.47892170613704,89.9412765379944,528.062
1508,37,28,-52.08922193142998,103.55622045966098,528.039
1509,37,29,-52.980561618116646,118.27564012106447,527.306
1510,37,30,-52.02760337983271,132.97900200772926,525.861
1511,37,31,-49.36068430141495,146.55430351145307,523.759
1512,37,32,-45.29058823538269,158.40540572147722,521.113
1513,37,33,-40.1689777164378,168.49083572916138,518.081
1514,37,34,-34.297941766286186,177.07106962869312,514.857
1515,37,35,-27.906341240994756,-175.5132400827966,511.65
1516,37,36,-21.16005411474644,-168.9451116108589,508.672
1517,37,37,-14.17988508961761,-162.95806831274922,506.114
1518,37,38,-7.0574513349270545,-157.33112624806094,504.134
1519,37,39,0.13265127832557294,-151.87435151635435,502.84
1520,38,0,3.73207854174479,-140.15496267428472,502.469
1521,38,1,10.898412056665133,-134.62603382418612,502.284
1522,38,2,17.962075875529138,-128.82425257712384,502.806
1523,38,3,24.839931228212116,-122.54385265416211,503.941
1524,38,4,31.425229088175936,-115.53901554707214,505.554
1525,38,5,37.573266775212005,-107.51267583828256,507.477
1526,38,6,43.08355945416022,-98.1247242580726,509.528
1527,38,7,47.68378065262302,-87.05490689663871,511.529
1528,38,8,51.033790365028345,-74.17281495215782,513.324
1529,38,9,52.78426198137048,-59.80799139170471,514.791
1530,38,10,52.705441598348536,-44.8912373198958,515.854
1531,38,11,50.810255348966756,-30.63218606892951,516.489
1532,38,12,47.34685766615005,-17.912242815344726,516.723
1533,38,13,42.66899770739172,-7.0086705507616465,516.633
1534,38,14,37.11224608170907,2.236425488523377,516.329
1535,38,15,30.941866845897888,10.149982125529938,515.946
1536,38,16,24.352001296926623,17.069289896285724,515.626
1537,38,17,17.482482190125644,23.28619638072303,515.503
1538,38,18,10.436430867810165,29.041715048989513,515.684
1539,38,19,3.2943229666587985,34.53792729296375,516.24
1540,38,20,-3.8755133680887037,39.953813097204055,517.197
1541,38,21,-11.008456649477793,45.46099462498534,518.529
1542,38,22,-18.035882899700294,51.23921854960024,520.161
1543,38,23,-24.876611051602374,57.49201084793679,521.975
1544,38,24,-31.426298012781043,64.46223938650232,523.818
1545,38,25,-37.54330615041774,72.44319931844632,525.52
1546,38,26,-43.03117531832081,81.77101108301432,526.909
1547,38,27,-47.62251385576801,92.76381806155632,527.824
1548,38,28,-50.98226341792977,105.55741807515052,528.137
1549,38,29,-52.76342990440194,119.84029985613098,527.763
1550,38,30,-52.73226033612459,134.70682130168905,526.67
1551,38,31,-50.891510694427815,148.95989613713158,524.886
1552,38,32,-47.47856761900999,161.70841690220368,522.495
1553,38,33,-42.84065060651789,172.65643150016874,519.634
1554,38,34,-37.31116851109652,-178.05204871804705,516.48
1555,38,35,-31.155576634838418,-170.09643561811293,513.238
1556,38,36,-24.569131303094036,-163.14109006174888,510.12
1557,38,37,-17.692954469399588,-156.8936799524783,507.33
1558,38,38,-10.631509608242192,-151.1119931219542,505.044
1559,38,39,-3.4665931441312137,-145.5925582348019,503.396
1560,39,0,7.323491045080459,-128.41287028341398,502.285
1561,39,1,14.447861585287537,-122.77133893465856,502.461
1562,39,2,21.430200049251493,-116.75812235164938,503.304
1563,39,3,28.177107015166985,-110.14929278244756,504.698
1564,39,4,34.564903125090716,-102.67412201892134,506.488
1565,39,5,40.42334420641283,-94.01072373605551,508.498
1566,39,6,45.517425647907984,-83.81555307897676,510.545
1567,39,7,49.5379003896201,-71.83383033126529,512.461
1568,39,8,52.127949104023955,-58.13061304476547,514.105
1569,39,9,52.979147768958455,-43.34223579350154,515.376
1570,39,10,51.97367903633546,-28.61070279160503,516.224
1571,39,11,49.25317712387895,-15.048921647343244,516.652
1572,39,12,45.137380262110135,-3.236549598120834,516.713
1573,39,13,39.982100325651665,6.80221698404061,516.499
1574,39,14,34.09012984569396,15.337795960552471,516.138
1575,39,15,27.68957835749523,22.71441221699729,515.769
1576,39,16,20.945072203072996,29.249400611082088,515.532
1577,39,17,13.976098711767463,35.20827279396007,515.55
1578,39,18,6.872934201385983,40.81069789462259,515.912
1579,39,19,-0.2911636272003711,46.24519596435118,516.669
1580,39,20,-7.450693073088192,51.68512744956452,517.82
1581,39,21,-14.540029865494981,57.30425577784231,519.314
1582,39,22,-21.48541700604917,63.29221432130079,521.054
1583,39,23,-28.195620242912305,69.87035585056172,522.903
1584,39,24,-34.54965472776866,77.30603446030693,524.698
1585,39,25,-40.38081261845116,85.91715447526549,526.264
1586,39,26,-45.45855966254623,96.04368173118561,527.435
1587,39,27,-49.47892170613704,107.9412838690792,528.062
1588,39,28,-52.08922193142998,121.5562209605566,528.039
1589,39,29,-52.980561618116646,136.27564745214926,527.306
1590,39,30,-52.02760337983271,150.97900933881405,525.861
1591,39,31,-49.36068430141495,164.5543108425379,523.759
1592,39,32,-45.29058823538269,176.405413052562,521.113
1593,39,33,-40.1689777164378,-173.50915329728815,518.081
1594,39,34,-34.297941766286186,-164.9289193977564,514.857
1595,39,35,-27.906341240994756,-157.51323275171183,511.65
1596,39,36,-21.16005411474644,-150.9451042797741,508.672
1597,39,37,-14.17988508961761,-144.9580609816644,506.114
1598,39,38,-7.0574513349270545,-139.33111891697612,504.134
1599,39,39,0.13265127832557294,-133.87434418526954,502.84
