0,0,0,46.77413605896073,18.431924588534315,516.744
1,0,1,41.95842580727861,29.0944919207062,516.615
2,0,2,36.30439179724747,38.13802096673451,516.291
3,0,3,30.067004990583882,45.897317354449505,515.906
4,0,4,23.431915051570666,52.70517180587632,515.604
5,0,5,16.532978320014443,58.84621196410771,515.513
6,0,6,9.469521114372833,64.55528022337623,515.74
7,0,7,2.3198045959294844,70.03037352243679,516.348
8,0,8,-4.848822581891514,75.44857134571114,517.356
9,0,9,-11.971647364912053,80.98168710177096,518.732
10,0,10,-18.978863939154134,86.8117658225646,520.393
11,0,11,-25.786829381154956,93.1467935985081,522.218
12,0,12,-32.28705894255356,100.23605867392861,524.05
13,0,13,-38.331540716488476,108.37985031568572,525.718
14,0,14,-43.714921650468696,117.91713715190883,527.05
15,0,15,-48.159687743422005,129.15387750646866,527.889
16,0,16,-51.3242304991048,142.1814388198925,528.111
17,0,17,-52.86839283647211,156.60895668673714,527.64
18,0,18,-52.58501511799745,171.4617221313068,526.45
19,0,19,-50.512506912478386,-174.45006649697078,524.578
20,0,20,-46.9118736537632,-161.94161322084625,522.114
21,0,21,-42.13436806520355,-151.23367977220715,519.203
22,0,22,-36.5057799249253,-142.14405036437583,516.027
23,0,23,-30.28150025127896,-134.34348255860104,512.791
24,0,24,-23.648324472780644,-127.5003979914353,509.709
25,0,25,-16.74143910857782,-121.32954064238223,506.98
26,0,26,-9.661461382881239,-115.59479087183446,504.776
27,0,27,-2.4880362106117184,-110.09677545791934,503.226
28,0,28,4.71014028654946,-104.65694642554355,502.402
29,0,29,11.866827866814452,-99.10193991319385,502.32
30,0,30,18.910495453109597,-93.24789405860263,502.934
31,0,31,25.755499303432106,-86.88448684665772,504.145
32,0,32,32.29085652773209,-79.75938376866216,505.813
33,0,33,38.36538430382589,-71.56844333106444,507.765
34,0,34,43.76958706949089,-61.968769546962434,509.821
35,0,35,48.220899898763655,-50.652976582948874,511.804
36,0,36,51.37283071014402,-37.536547678234015,513.562
37,0,37,52.88356268661871,-23.0300762396786,514.977
38,0,38,52.550935889133676,-8.133029824946112,515.982
39,0,39,50.42400473630795,5.9553785411175175,516.559
40,1,0,44.49001834767091,32.98360504920605,516.712
41,1,1,39.2184715160659,42.798716660108596,516.469
42,1,2,33.245576954821885,51.15648788327846,516.097
43,1,3,26.789813632467354,58.401115856654656,515.736
44,1,4,20.008588381067135,64.84331613086484,515.525
45,1,5,13.016563001312807,70.74168991316942,515.582
46,1,6,5.9010798178763855,76.31070514350684,515.994
47,1,7,-1.266161792038452,81.73590391068045,516.803
48,1,8,-8.420106944629978,87.18980996293563,518.002
49,1,9,-15.494495868038197,92.84740591661894,519.534
50,1,10,-22.41379510105752,98.90171291767491,521.295
51,1,11,-29.0835362972775,105.57960252957473,523.144
52,1,12,-35.37753512687674,113.15542979089942,524.916
53,1,13,-41.12142369053398,121.95291834755095,526.436
54,1,14,-46.074878367207745,132.30931561998784,527.539
55,1,15,-49.924581304196614,144.45393837940412,528.083
56,1,16,-52.3166911364535,158.26921174942717,527.965
57,1,17,-52.959046522231105,173.0590028498493,527.134
58,1,18,-51.75997266248952,-172.33356845810223,525.595
59,1,19,-48.8816728896382,-158.971737686698,523.412
60,1,20,-44.64842409490185,-147.36794296614167,520.704
61,1,21,-39.40873668068036,-137.5060104084787,517.636
62,1,22,-33.45499738496365,-129.10420837082435,514.403
63,1,23,-27.006581638608758,-121.82132792300148,511.218
64,1,24,-20.222178641697187,-115.34674572193627,508.288
65,1,25,-13.217743661994595,-109.420784805574,505.803
66,1,26,-6.081996587951214,-103.82765900746645,503.913
67,1,27,1.1120682420513215,-98.38035774813868,502.721
68,1,28,8.297921690567621,-92.9049024490521,502.27
69,1,29,15.40769440897109,-87.22463026732436,502.545
70,1,30,22.364018389933758,-81.14447783044905,503.473
71,1,31,29.07018669254471,-74.43491663136788,504.932
72,1,32,35.39722997734847,-66.8181082350231,506.765
73,1,33,41.167144976838046,-57.96626503295663,508.792
74,1,34,46.13493963567425,-47.53899771769168,510.832
75,1,35,49.982111987575635,-35.308779027596806,512.72
76,1,36,52.35104357288408,-21.406413915466924,514.318
77,1,37,52.950976653726734,-6.552395984958223,515.533
78,1,38,51.69859999770237,8.07692835865092,516.323
79,1,39,48.76741748520222,21.420557529690726,516.696
80,2,0,46.77413605896073,36.431925089429946,516.744
81,2,1,41.95842580727861,47.094492421601835,516.615
82,2,2,36.30439179724747,56.13802146763014,516.291
83,2,3,30.067004990583882,63.897321270439726,515.906
84,2,4,23.431915051570666,70.70516889167736,515.604
85,2,5,16.532978320014443,76.84621246500335,515.513
86,2,6,9.469521114372833,82.55528072427185,515.74
87,2,7,2.3198045959294844,88.03037402333241,516.348
88,2,8,-4.848822581891514,93.44857184660677,517.356
89,2,9,-11.971647364912053,98.9816876026666,518.732
90,2,10,-18.978863939154134,104.81176632346023,520.393
91,2,11,-25.786829381154956,111.14679409940373,522.218
92,2,12,-32.28705894255356,118.23605234463507,524.05
93,2,13,-38.331540716488476,126.37985081658135,525.718
94,2,14,-43.714921650468696,135.9171308226153,527.05
95,2,15,-48.159687743422005,147.15388483755348,527.889
96,2,16,-51.3242304991048,160.1814461509773,528.111
97,2,17,-52.86839283647211,174.6089503574436,527.64
98,2,18,-52.58501511799745,-170.53828055552108,526.45
99,2,19,-50.512506912478386,-156.45007282626432,524.578
100,2,20,-46.9118736537632,-143.94160588976146,522.114
101,2,21,-42.13436806520355,-133.23367244112234,519.203
102,2,22,-36.5057799249253,-124.14405669366938,516.027
103,2,23,-30.28150025127896,-116.34347522751624,512.791
104,2,24,-23.648324472780644,-109.50039749053967,509.709
105,2,25,-16.74143910857782,-103.32954014148659,506.98
106,2,26,-9.661461382881239,-97.59478354074966,504.776
107,2,27,-2.4880362106117184,-92.0967749570237,503.226
108,2,28,4.71014028654946,-86.65694592464791,502.402
109,2,29,11.866827866814452,-81.10193941229821,502.32
110,2,30,18.910495453109597,-75.247893557707,502.934
111,2,31,25.755499303432106,-68.88448634576208,504.145
112,2,32,32.29085652773209,-61.75938326776652,505.813
113,2,33,38.36538430382589,-53.56844283016881,507.765
114,2,34,43.76958706949089,-43.968772461161386,509.821
115,2,35,48.220899898763655,-32.652976082053236,511.804
116,2,36,51.37283071014402,-19.53654717733838,513.562
117,2,37,52.88356268661871,-5.030076165669788,514.977
118,2,38,52.550935889133676,9.86697067594952,515.982
119,2,39,50.42400473630795,23.955379042013153,516.559
120,3,0,44.49001834767091,50.98360555010168,516.712
121,3,1,39.2184715160659,60.798717161004234,516.469
122,3,2,33.245576954821885,69.1564849690795,516.097
123,3,3,26.789813632467354,76.4011163575503,515.736
124,3,4,20.008588381067135,82.84331663176047,515.525
125,3,5,13.016563001312807,88.74169041406506,515.582
126,3,6,5.9010798178763855,94.31070564440246,515.994
127,3,7,-1.266161792038452,99.73590441157609,516.803
128,3,8,-8.420106944629978,105.18981046383126,518.002
129,3,9,-15.494495868038197,110.84740641751456,519.534
130,3,10,-22.41379510105752,116.90170658838137,521.295
131,3,11,-29.0835362972775,123.57959620028119,523.144
132,3,12,-35.37753512687674,131.1554234616059,524.916
133,3,13,-41.12142369053398,139.95292567863575,526.436
134,3,14,-46.074878367207745,150.30932295107266,527.539
135,3,15,-49.924581304196614,162.4539457104889,528.083
136,3,16,-52.3166911364535,176.26920542013363,527.965
137,3,17,-52.959046522231105,-168.94099983697856,527.134
138,3,18,-51.75997266248952,-154.33356112701745,525.595
139,3,19,-48.8816728896382,-140.97174401599153,523.412
140,3,20,-44.64842409490185,-129.3679492954352,520.704
141,3,21,-39.40873668068036,-119.50600307739388,517.636
142,3,22,-33.45499738496365,-111.10420103973954,514.403
143,3,23,-27.006581638608758,-103.82132742210585,511.218
144,3,24,-20.222178641697187,-97.34674522104065,508.288
145,3,25,-13.217743661994595,-91.42078430467836,505.803
146,3,26,-6.081996587951214,-85.82765850657081,503.913
147,3,27,1.1120682420513215,-80.38035724724304,502.721
148,3,28,8.297921690567621,-74.90490194815646,502.27
149,3,29,15.40769440897109,-69.22462976642872,502.545
150,3,30,22.364018389933758,-63.14447732955341,503.473
151,3,31,29.07018669254471,-56.43491613047225,504.932
152,3,32,35.39722997734847,-48.81810773412747,506.765
153,3,33,41.167144976838046,-39.96626453206099,508.792
154,3,34,46.13493963567425,-29.538997216796044,510.832
155,3,35,49.982111987575635,-17.308780234248466,512.72
156,3,36,52.35104357288408,-3.406414054901524,514.318
157,3,37,52.950976653726734,11.44760451593741,515.533
158,3,38,51.69859999770237,26.0769297133202,516.323
159,3,39,48.76741748520222,39.420556323039065,516.696
160,4,0,46.77413605896073,54.431925590325584,516.744
161,4,1,41.95842580727861,65.09448950740288,516.615
162,4,2,36.30439179724747,74.13802196852578,516.291
163,4,3,30.067004990583882,81.89732177133536,515.906
164,4,4,23.431915051570666,88.705169392573,515.604
165,4,5,16.532978320014443,94.84621296589897,515.513
166,4,6,9.469521114372833,100.55528122516749,515.74
167,4,7,2.3198045959294844,106.03037452422805,516.348
168,4,8,-4.848822581891514,111.4485723475024,517.356
169,4,9,-11.971647364912053,116.98168810356223,518.732
170,4,10,-18.978863939154134,122.81177365454504,520.393
171,4,11,-25.786829381154956,129.1467877701102,522.218
172,4,12,-32.28705894255356,136.23605967571987,524.05
173,4,13,-38.331540716488476,144.37985814766617,525.718
174,4,14,-43.714921650468696,153.9171381537001,527.05
175,4,15,-48.159687743422005,165.15387850825994,527.889
176,4,16,-51.3242304991048,178.18143982168377,528.111
177,4,17,-52.86839283647211,-167.39103866900592,527.64
178,4,18,-52.58501511799745,-152.5382868848146,526.45
179,4,19,-50.512506912478386,-138.4500654951795,524.578
180,4,20,-46.9118736537632,-125.94161221905499,522.114
181,4,21,-42.13436806520355,-115.23367877041588,519.203
182,4,22,-36.5057799249253,-106.14404936258458,516.027
183,4,23,-30.28150025127896,-98.34348155680978,512.791
184,4,24,-23.648324472780644,-91.50039698964403,509.709
185,4,25,-16.74143910857782,-85.32953964059095,506.98
186,4,26,-9.661461382881239,-79.59478303985402,504.776
187,4,27,-2.4880362106117184,-74.09677445612807,503.226
188,4,28,4.71014028654946,-68.65694542375228,502.402
189,4,29,11.866827866814452,-63.10193891140257,502.32
190,4,30,18.910495453109597,-57.247893056811364,502.934
191,4,31,25.755499303432106,-50.884485844866454,504.145
192,4,32,32.29085652773209,-43.75938276687089,505.813
193,4,33,38.36538430382589,-35.56844232927318,507.765
194,4,34,43.76958706949089,-25.968770252718464,509.821
195,4,35,48.220899898763655,-14.652977288704898,511.804
196,4,36,51.37283071014402,-1.5365464629993368,513.562
197,4,37,52.88356268661871,12.969923908339021,514.977
198,4,38,52.550935889133676,27.8669720306188,515.982
199,4,39,50.42400473630795,41.95537954290879,516.559
200,5,0,44.49001834767091,68.98360605099731,516.712
201,5,1,39.2184715160659,78.79871766189987,516.469
202,5,2,33.245576954821885,87.15648546997514,516.097
203,5,3,26.789813632467354,94.40111685844592,515.736
204,5,4,20.008588381067135,100.8433171326561,515.525
205,5,5,13.016563001312807,106.74169091496069,515.582
206,5,6,5.9010798178763855,112.3107061452981,515.994
207,5,7,-1.266161792038452,117.73590491247171,516.803
208,5,8,-8.420106944629978,123.1898109647269,518.002
209,5,9,-15.494495868038197,128.8474069184102,519.534
210,5,10,-22.41379510105752,134.90171391946618,521.295
211,5,11,-29.0835362972775,141.579603531366,523.144
212,5,12,-35.37753512687674,149.15543079269068,524.916
213,5,13,-41.12142369053398,157.9529193493422,526.436
214,5,14,-46.074878367207745,168.30931662177912,527.539
215,5,15,-49.924581304196614,-179.54605697633895,528.083
216,5,16,-52.3166911364535,-165.7307836063159,527.965
217,5,17,-52.959046522231105,-150.94099250589377,527.134
218,5,18,-51.75997266248952,-136.333567456311,525.595
219,5,19,-48.8816728896382,-122.97173668490673,523.412
220,5,20,-44.64842409490185,-111.36794879453957,520.704
221,5,21,-39.40873668068036,-101.50600940668741,517.636
222,5,22,-33.45499738496365,-93.1042005388439,514.403
223,5,23,-27.006581638608758,-85.82132692121021,511.218
224,5,24,-20.222178641697187,-79.34674472014501,508.288
225,5,25,-13.217743661994595,-73.42078380378274,505.803
226,5,26,-6.081996587951214,-67.82765800567519,503.913
227,5,27,1.1120682420513215,-62.3803567463474,502.721
228,5,28,8.297921690567621,-56.90490144726083,502.27
229,5,29,15.40769440897109,-51.22462926553309,502.545
230,5,30,22.364018389933758,-45.14447682865778,503.473
231,5,31,29.07018669254471,-38.43491562957662,504.932
232,5,32,35.39722997734847,-30.818107233231842,506.765
233,5,33,41.167144976838046,-21.96626573871265,508.792
234,5,34,46.13493963567425,-11.538995008353119,510.832
235,5,35,49.982111987575635,0.6912208536165497,512.72
236,5,36,52.35104357288408,14.593587086324344,514.318
237,5,37,52.950976653726734,29.44760587060669,515.533
238,5,38,51.69859999770237,44.07692850666854,516.323
239,5,39,48.76741748520222,57.420560239029285,516.696
240,6,0,46.77413605896073,72.4319295063158,516.744
241,6,1,41.95842580727861,83.09449000829852,516.615
242,6,2,36.30439179724747,92.13802246942141,516.291
243,6,3,30.067004990583882,99.897322272231,515.906
244,6,4,23.431915051570666,106.70516989346864,515.604
245,6,5,16.532978320014443,112.84621346679461,515.513
246,6,6,9.469521114372833,118.55528172606313,515.74
247,6,7,2.3198045959294844,124.03037502512369,516.348
248,6,8,-4.848822581891514,129.44857284839804,517.356
249,6,9,-11.971647364912053,134.98169543464704,518.732
250,6,10,-18.978863939154134,140.8117673252515,520.393
251,6,11,-25.786829381154956,147.146795101195,522.218
252,6,12,-32.28705894255356,154.23605334642633,524.05
253,6,13,-38.331540716488476,162.37985181837263,525.718
254,6,14,-43.714921650468696,171.91713182440657,527.05
255,6,15,-48.159687743422005,-176.84612417856792,527.889
256,6,16,-51.3242304991048,-163.81856286514412,528.111
257,6,17,-52.86839283647211,-149.39104499829946,527.64
258,6,18,-52.58501511799745,-134.5382795537298,526.45
259,6,19,-50.512506912478386,-120.45007182447304,524.578
260,6,20,-46.9118736537632,-107.94161171815936,522.114
261,6,21,-42.13436806520355,-97.23367826952025,519.203
262,6,22,-36.5057799249253,-88.14404886168894,516.027
263,6,23,-30.28150025127896,-80.34348105591414,512.791
264,6,24,-23.648324472780644,-73.50039648874841,509.709
265,6,25,-16.74143910857782,-67.32953913969533,506.98
266,6,26,-9.661461382881239,-61.59478253895839,504.776
267,6,27,-2.4880362106117184,-56.09677054013785,503.226
268,6,28,4.71014028654946,-50.65694492285665,502.402
269,6,29,11.866827866814452,-45.10193841050694,502.32
270,6,30,18.910495453109597,-39.24789255591573,502.934
271,6,31,25.755499303432106,-32.88448534397082,504.145
272,6,32,32.29085652773209,-25.759380558427967,505.813
273,6,33,38.36538430382589,-17.568441828377548,507.765
274,6,34,43.76958706949089,-7.968770605596475,509.821
275,6,35,48.220899898763655,3.347024065964382,511.804
276,6,36,51.37283071014402,16.463453824452884,513.562
277,6,37,52.88356268661871,30.969925263008303,514.977
278,6,38,52.550935889133676,45.866970823967144,515.982
279,6,39,50.42400473630795,59.95538004380442,516.559
280,7,0,44.49001834767091,86.98360655189295,516.712
281,7,1,39.2184715160659,96.79871133260633,516.469
282,7,2,33.245576954821885,105.15648597087078,516.097
283,7,3,26.789813632467354,112.40111735934155,515.736
284,7,4,20.008588381067135,118.84331080336257,515.525
285,7,5,13.016563001312807,124.74168458566716,515.582
286,7,6,5.9010798178763855,130.31070664619372,515.994
287,7,7,-1.266161792038452,135.73589858317817,516.803
288,7,8,-8.420106944629978,141.18980463543335,518.002
289,7,9,-15.494495868038197,146.84740058911666,519.534
290,7,10,-22.41379510105752,152.90170759017263,521.295
291,7,11,-29.0835362972775,159.57959720207245,523.144
292,7,12,-35.37753512687674,167.15542446339717,524.916
293,7,13,-41.12142369053398,175.95291302004867,526.436
294,7,14,-46.074878367207745,-173.69068606504877,527.539
295,7,15,-49.924581304196614,-161.5460633056325,528.083
296,7,16,-52.3166911364535,-147.73078993560944,527.965
297,7,17,-52.959046522231105,-132.94099883518732,527.134
298,7,18,-51.75997266248952,-118.33356012522617,525.595
299,7,19,-48.8816728896382,-104.97174301420027,523.412
300,7,20,-44.64842409490185,-93.36794829364395,520.704
301,7,21,-39.40873668068036,-83.50600890579179,517.636
302,7,22,-33.45499738496365,-75.10420686813744,514.403
303,7,23,-27.006581638608758,-67.82132642031458,511.218
304,7,24,-20.222178641697187,-61.34674421924937,508.288
305,7,25,-13.217743661994595,-55.420786717981684,505.803
306,7,26,-6.081996587951214,-49.827660919874134,503.913
307,7,27,1.1120682420513215,-44.380359660546354,502.721
308,7,28,8.297921690567621,-38.904904361459785,502.27
309,7,29,15.40769440897109,-33.22463217973204,502.545
310,7,30,22.364018389933758,-27.144481450404022,503.473
311,7,31,29.07018669254471,-20.434916836228282,504.932
312,7,32,35.39722997734847,-12.818109293657148,506.765
313,7,33,41.167144976838046,-3.966268226024779,508.792
314,7,34,46.13493963567425,6.461001650561106,510.832
315,7,35,49.982111987575635,18.691217352448216,512.72
316,7,36,52.35104357288408,32.59358417212539,514.318
317,7,37,52.950976653726734,47.447602956407735,515.533
318,7,38,51.69859999770237,62.076925592469586,516.323
319,7,39,48.76741748520222,75.42055390973574,516.696
320,8,0,46.77413605896073,90.43193000721143,516.744
321,8,1,41.95842580727861,101.09449050919415,516.615
322,8,2,36.30439179724747,110.13802297031704,516.291
323,8,3,30.067004990583882,117.89731594293745,515.906
324,8,4,23.431915051570666,124.70517039436426,515.604
325,8,5,16.532978320014443,130.84620713750107,515.513
326,8,6,9.469521114372833,136.5552753967696,515.74
327,8,7,2.3198045959294844,142.0303823562085,516.348
328,8,8,-4.848822581891514,147.44858017948283,517.356
329,8,9,-11.971647364912053,152.9816891053535,518.732
330,8,10,-18.978863939154134,158.8117746563363,520.393
331,8,11,-25.786829381154956,165.14678877190147,522.218
332,8,12,-32.28705894255356,172.23606067751115,524.05
333,8,13,-38.331540716488476,-179.62015086845526,525.718
334,8,14,-43.714921650468696,-170.08285720204296,527.05
335,8,15,-48.159687743422005,-158.84611684748313,527.889
336,8,16,-51.3242304991048,-145.8185555340593,528.111
337,8,17,-52.86839283647211,-131.39103766721465,527.64
338,8,18,-52.58501511799745,-116.53828588302333,526.45
339,8,19,-50.512506912478386,-102.4500713235774,524.578
340,8,20,-46.9118736537632,-89.94161121726373,522.114
341,8,21,-42.13436806520355,-79.23367776862462,519.203
342,8,22,-36.5057799249253,-70.1440483607933,516.027
343,8,23,-30.28150025127896,-62.34348055501851,512.791
344,8,24,-23.648324472780644,-55.50039940294736,509.709
345,8,25,-16.74143910857782,-49.32954205389428,506.98
346,8,26,-9.661461382881239,-43.59478545315734,504.776
347,8,27,-2.4880362106117184,-38.096770039242216,503.226
348,8,28,4.71014028654946,-32.656944421961015,502.402
349,8,29,11.866827866814452,-27.101937909611305,502.32
350,8,30,18.910495453109597,-21.247890347472804,502.934
351,8,31,25.755499303432106,-14.884484843075187,504.145
352,8,32,32.29085652773209,-7.759380057532333,505.813
353,8,33,38.36538430382589,0.43155936620917323,507.765
354,8,34,43.76958706949089,10.031229895299157,509.821
355,8,35,48.220899898763655,21.34702371308637,511.804
356,8,36,51.37283071014402,34.463454325348515,513.562
357,8,37,52.88356268661871,48.96992576390394,514.977
358,8,38,52.550935889133676,63.866974739957364,515.982
359,8,39,50.42400473630795,77.95538054470005,516.559
360,9,0,44.49001834767091,104.98360705278859,516.712
361,9,1,39.2184715160659,114.79871866369113,516.469
362,9,2,33.245576954821885,123.15647964157723,516.097
363,9,3,26.789813632467354,130.401111030048,515.736
364,9,4,20.008588381067135,136.84331813444737,515.525
365,9,5,13.016563001312807,142.74169191675196,515.582
366,9,6,5.9010798178763855,148.31070031690018,515.994
367,9,7,-1.266161792038452,153.735905914263,516.803
368,9,8,-8.420106944629978,159.18981196651816,518.002
369,9,9,-15.494495868038197,164.84740792020148,519.534
370,9,10,-22.41379510105752,170.90171492125745,521.295
371,9,11,-29.0835362972775,177.57960453315727,523.144
372,9,12,-35.37753512687674,-174.84457822343072,524.916
373,9,13,-41.12142369053398,-166.04707600640086,526.436
374,9,14,-46.074878367207745,-155.69067873396395,527.539
375,9,15,-49.924581304196614,-143.54605597454767,528.083
376,9,16,-52.3166911364535,-129.73079626490298,527.965
377,9,17,-52.959046522231105,-114.94100516448084,527.134
378,9,18,-51.75997266248952,-100.33356645451971,525.595
379,9,19,-48.8816728896382,-86.97174251330463,523.412
380,9,20,-44.64842409490185,-75.36794779274831,520.704
381,9,21,-39.40873668068036,-65.50600840489615,517.636
382,9,22,-33.45499738496365,-57.10420636724181,514.403
383,9,23,-27.006581638608758,-49.821329334513536,511.218
384,9,24,-20.222178641697187,-43.34674371835374,508.288
385,9,25,-13.217743661994595,-37.420786217086054,505.803
386,9,26,-6.081996587951214,-31.827660418978503,503.913
387,9,27,1.1120682420513215,-26.380359159650723,502.721
388,9,28,8.297921690567621,-20.90490215301686,502.27
389,9,29,15.40769440897109,-15.2246333863837,502.545
390,9,30,22.364018389933758,-9.144480095734743,503.473
391,9,31,29.07018669254471,-2.434916975662883,504.932
392,9,32,35.39722997734847,5.181891634125308,506.765
393,9,33,41.167144976838046,14.033731847984031,508.792
394,9,34,46.13493963567425,24.461002578343564,510.832
395,9,35,49.982111987575635,36.69121956089114,512.72
396,9,36,52.35104357288408,50.59358467302103,514.318
397,9,37,52.950976653726734,65.44760345730337,515.533
398,9,38,51.69859999770237,80.07692609336522,516.323
399,9,39,48.76741748520222,93.42055441063138,516.696
400,10,0,46.77413605896073,108.43193050810707,516.744
401,10,1,41.95842580727861,119.09449784027895,516.615
402,10,2,36.30439179724747,128.13802347121268,516.291
403,10,3,30.067004990583882,135.89732327402226,515.906
404,10,4,23.431915051570666,142.70517772544906,515.604
405,10,5,16.532978320014443,148.84621446858588,515.513
406,10,6,9.469521114372833,154.5552827278544,515.74
407,10,7,2.3198045959294844,160.03037602691495,516.348
408,10,8,-4.848822581891514,165.44857385018932,517.356
409,10,9,-11.971647364912053,170.98169643643828,518.732
410,10,10,-18.978863939154134,176.81176832704276,520.393
411,10,11,-25.786829381154956,-176.85320025454806,522.218
412,10,12,-32.28705894255356,-169.76394200931674,524.05
413,10,13,-38.331540716488476,-161.62014353737044,525.718
414,10,14,-43.714921650468696,-152.0828635313365,527.05
415,10,15,-48.159687743422005,-140.84612317677667,527.889
416,10,16,-51.3242304991048,-127.81856186335284,528.111
417,10,17,-52.86839283647211,-113.39104399650819,527.64
418,10,18,-52.58501511799745,-98.53827855193853,526.45
419,10,19,-50.512506912478386,-84.45007082268178,524.578
420,10,20,-46.9118736537632,-71.94161071636809,522.114
421,10,21,-42.13436806520355,-61.233677267728986,519.203
422,10,22,-36.5057799249253,-52.144047859897675,516.027
423,10,23,-30.28150025127896,-44.34348005412287,512.791
424,10,24,-23.648324472780644,-37.50039890205172,509.709
425,10,25,-16.74143910857782,-31.32954155299864,506.98
426,10,26,-9.661461382881239,-25.59478495226171,504.776
427,10,27,-2.4880362106117184,-20.096771245893876,503.226
428,10,28,4.71014028654946,-14.656943921065382,502.402
429,10,29,11.866827866814452,-9.101938262489318,502.32
430,10,30,18.910495453109597,-3.2478907003508173,502.934
431,10,31,25.755499303432106,3.1155165115940924,504.145
432,10,32,32.29085652773209,10.2406204433633,505.813
433,10,33,38.36538430382589,18.43155917341372,507.765
434,10,34,43.76958706949089,28.03123124996844,509.821
435,10,35,48.220899898763655,39.347025921529294,511.804
436,10,36,51.37283071014402,52.46345482624415,513.562
437,10,37,52.88356268661871,66.96992284970499,514.977
438,10,38,52.550935889133676,81.866975240853,515.982
439,10,39,50.42400473630795,95.95538104559569,516.559
440,11,0,44.49001834767091,122.98360755368421,516.712
441,11,1,39.2184715160659,132.7987123343976,516.469
442,11,2,33.245576954821885,141.15648697266204,516.097
443,11,3,26.789813632467354,148.40111836113283,515.736
444,11,4,20.008588381067135,154.84331180515383,515.525
445,11,5,13.016563001312807,160.74168558745842,515.582
446,11,6,5.9010798178763855,166.310707647985,515.994
447,11,7,-1.266161792038452,171.73589958496945,516.803
448,11,8,-8.420106944629978,177.18980563722462,518.002
449,11,9,-15.494495868038197,-177.1525947666264,519.534
450,11,10,-22.41379510105752,-171.0982877655704,521.295
451,11,11,-29.0835362972775,-164.42039815367062,523.144
452,11,12,-35.37753512687674,-156.8445708923459,524.916
453,11,13,-41.12142369053398,-148.04708233569437,526.436
454,11,14,-46.074878367207745,-137.6906850632575,527.539
455,11,15,-49.924581304196614,-125.54606230384121,528.083
456,11,16,-52.3166911364535,-111.73078893381816,527.965
457,11,17,-52.959046522231105,-96.94099783339604,527.134
458,11,18,-51.75997266248952,-82.33356595362407,525.595
459,11,19,-48.8816728896382,-68.971742012409,523.412
460,11,20,-44.64842409490185,-57.36794729185268,520.704
461,11,21,-39.40873668068036,-47.50600790400052,517.636
462,11,22,-33.45499738496365,-39.10420586634617,514.403
463,11,23,-27.006581638608758,-31.8213288336179,511.218
464,11,24,-20.222178641697187,-25.3467449250054,508.288
465,11,25,-13.217743661994595,-19.42078571619042,505.803
466,11,26,-6.081996587951214,-13.827659918082869,503.913
467,11,27,1.1120682420513215,-8.38035865875509,502.721
468,11,28,8.297921690567621,-2.904902079008049,502.27
469,11,29,15.40769440897109,2.7753675413987566,502.545
470,11,30,22.364018389933758,8.85552040516089,503.473
471,11,31,29.07018669254471,15.565084165562986,504.932
472,11,32,35.39722997734847,23.181892561907766,506.765
473,11,33,41.167144976838046,32.03373405642696,508.792
474,11,34,46.13493963567425,42.46100137169191,510.832
475,11,35,49.982111987575635,54.69122006178677,512.72
476,11,36,52.35104357288408,68.59358175882207,514.318
477,11,37,52.950976653726734,83.44760395819901,515.533
478,11,38,51.69859999770237,98.07692659426085,516.323
479,11,39,48.76741748520222,111.42055491152702,516.696
480,12,0,46.77413605896073,126.43192417881353,516.744
481,12,1,41.95842580727861,137.09449151098542,516.615
482,12,2,36.30439179724747,146.13801714191914,516.291
483,12,3,30.067004990583882,153.89731694472871,515.906
484,12,4,23.431915051570666,160.70517139615552,515.604
485,12,5,16.532978320014443,166.84620813929234,515.513
486,12,6,9.469521114372833,172.55527639856086,515.74
487,12,7,2.3198045959294844,178.03038335799977,516.348
488,12,8,-4.848822581891514,-176.55142883663856,517.356
489,12,9,-11.971647364912053,-171.01830625038957,518.732
490,12,10,-18.978863939154134,-165.1882343597851,520.393
491,12,11,-25.786829381154956,-158.8532065838416,522.218
492,12,12,-32.28705894255356,-151.76393467823192,524.05
493,12,13,-38.331540716488476,-143.62014986666398,525.718
494,12,14,-43.714921650468696,-134.08285620025168,527.05
495,12,15,-48.159687743422005,-122.84611584569186,527.889
496,12,16,-51.3242304991048,-109.81855453226804,528.111
497,12,17,-52.86839283647211,-95.39104349561255,527.64
498,12,18,-52.58501511799745,-80.53827805104291,526.45
499,12,19,-50.512506912478386,-66.45007032178614,524.578
500,12,20,-46.9118736537632,-53.94161021547246,522.114
501,12,21,-42.13436806520355,-43.233673351738766,519.203
502,12,22,-36.5057799249253,-34.144047359002045,516.027
503,12,23,-30.28150025127896,-26.343477845679946,512.791
504,12,24,-23.648324472780644,-19.50039840115609,509.709
505,12,25,-16.74143910857782,-13.329540198329363,506.98
506,12,26,-9.661461382881239,-7.594784451366073,504.776
507,12,27,-2.4880362106117184,-2.0967701046680074,503.226
508,12,28,4.71014028654946,3.343057220160486,502.402
509,12,29,11.866827866814452,8.898062238406315,502.32
510,12,30,18.910495453109597,14.752110654318463,502.934
511,12,31,25.755499303432106,21.11551615871608,504.145
512,12,32,32.29085652773209,28.240620944258932,505.813
513,12,33,38.36538430382589,36.431559674309355,507.765
514,12,34,43.76958706949089,46.03123004331678,509.821
515,12,35,48.220899898763655,57.34702642242493,511.804
516,12,36,51.37283071014402,70.46345532713978,513.562
517,12,37,52.88356268661871,84.96992335060061,514.977
518,12,38,52.550935889133676,99.86697574174863,515.982
519,12,39,50.42400473630795,113.95538154649132,516.559
520,13,0,44.49001834767091,140.98361488476903,516.712
521,13,1,39.2184715160659,150.7987196654824,516.469
522,13,2,33.245576954821885,159.15649430374685,516.097
523,13,3,26.789813632467354,166.40112569221762,515.736
524,13,4,20.008588381067135,172.84331913623862,515.525
525,13,5,13.016563001312807,178.74169291854324,515.582
526,13,6,5.9010798178763855,-175.68929503884286,515.994
527,13,7,-1.266161792038452,-170.26408944148008,516.803
528,13,8,-8.420106944629978,-164.8101833892249,518.002
529,13,9,-15.494495868038197,-159.1525874355416,519.534
530,13,10,-22.41379510105752,-153.09828043448562,521.295
531,13,11,-29.0835362972775,-146.4203908225858,523.144
532,13,12,-35.37753512687674,-138.8445635612611,524.916
533,13,13,-41.12142369053398,-130.04707500460958,526.436
534,13,14,-46.074878367207745,-119.69067773217269,527.539
535,13,15,-49.924581304196614,-107.54605497275641,528.083
536,13,16,-52.3166911364535,-93.73078160273336,527.965
537,13,17,-52.959046522231105,-78.94099050231124,527.134
538,13,18,-51.75997266248952,-64.33355862253927,525.595
539,13,19,-48.8816728896382,-50.9717346813242,523.412
540,13,20,-44.64842409490185,-39.36794337586246,520.704
541,13,21,-39.40873668068036,-29.506000572915713,517.636
542,13,22,-33.45499738496365,-21.104196827714077,514.403
543,13,23,-27.006581638608758,-13.821320648759452,511.218
544,13,24,-20.222178641697187,-7.346737593920598,508.288
545,13,25,-13.217743661994595,-1.4207791321575578,505.803
546,13,26,-6.081996587951214,4.172347839888757,503.913
547,13,27,1.1120682420513215,9.619648672329713,502.721
548,13,28,8.297921690567621,15.095105678963577,502.27
549,13,29,15.40769440897109,20.775374445596736,502.545
550,13,30,22.364018389933758,26.85552688247205,503.473
551,13,31,29.07018669254471,33.5650897891005,504.932
552,13,32,35.39722997734847,41.18189818544528,506.765
553,13,33,41.167144976838046,50.03374138751176,508.792
554,13,34,46.13493963567425,60.46101211787129,510.832
555,13,35,49.982111987575635,72.691223977777,512.72
556,13,36,52.35104357288408,86.59358908990687,514.318
557,13,37,52.950976653726734,101.44761128928381,515.533
558,13,38,51.69859999770237,116.07693392534566,516.323
559,13,39,48.76741748520222,129.420569072801,516.696
560,14,0,46.77413605896073,144.43191784952,516.744
561,14,1,41.95842580727861,155.09448518169188,516.615
562,14,2,36.30439179724747,164.1380108126256,516.291
563,14,3,30.067004990583882,171.89731061543517,515.906
564,14,4,23.431915051570666,178.705165066862,515.604
565,14,5,16.532978320014443,-175.15379454753554,515.513
566,14,6,9.469521114372833,-169.44472628826702,515.74
567,14,7,2.3198045959294844,-163.96963298920645,516.348
568,14,8,-4.848822581891514,-158.5514351659321,517.356
569,14,9,-11.971647364912053,-153.0183125796831,518.732
570,14,10,-18.978863939154134,-147.18824068907864,520.393
571,14,11,-25.786829381154956,-140.85321291313514,522.218
572,14,12,-32.28705894255356,-133.76394100752546,524.05
573,14,13,-38.331540716488476,-125.62015619595752,525.718
574,14,14,-43.714921650468696,-116.08286252954522,527.05
575,14,15,-48.159687743422005,-104.8461221749854,527.889
576,14,16,-51.3242304991048,-91.81856086156156,528.111
577,14,17,-52.86839283647211,-77.39104982490609,527.64
578,14,18,-52.58501511799745,-62.53828438033644,526.45
579,14,19,-50.512506912478386,-48.45007665107968,524.578
580,14,20,-46.9118736537632,-35.941616544766,522.114
581,14,21,-42.13436806520355,-25.233679681032303,519.203
582,14,22,-36.5057799249253,-16.14405368829558,516.027
583,14,23,-30.28150025127896,-8.343484174973483,512.791
584,14,24,-23.648324472780644,-1.5004040901193914,509.709
585,14,25,-16.74143910857782,4.670453899263923,506.98
586,14,26,-9.661461382881239,10.40520921934039,504.776
587,14,27,-2.4880362106117184,15.90322292570822,503.226
588,14,28,4.71014028654946,21.343050250536713,502.402
589,14,29,11.866827866814452,26.898056762886426,502.32
590,14,30,18.910495453109597,32.75210261747763,502.934
591,14,31,25.755499303432106,39.11550982942254,504.145
592,14,32,32.29085652773209,46.240612907418104,505.813
593,14,33,38.36538430382589,54.431553345015814,507.765
594,14,34,43.76958706949089,64.03122712911782,509.821
595,14,35,48.220899898763655,75.34702009313139,511.804
596,14,36,51.37283071014402,88.46344899784624,513.562
597,14,37,52.88356268661871,102.96991702130708,514.977
598,14,38,52.550935889133676,117.86696258226593,515.982
599,14,39,50.42400473630795,131.95537521719777,516.559
600,15,0,44.49001834767091,158.98360855547548,516.712
601,15,1,39.2184715160659,168.79871333618885,516.469
602,15,2,33.245576954821885,177.1564879744533,516.097
603,15,3,26.789813632467354,-175.59887699461024,515.736
604,15,4,20.008588381067135,-169.15668355058924,515.525
605,15,5,13.016563001312807,-163.25830976828465,515.582
606,15,6,5.9010798178763855,-157.6893013681364,515.994
607,15,7,-1.266161792038452,-152.26409577077362,516.803
608,15,8,-8.420106944629978,-146.81018971851844,518.002
609,15,9,-15.494495868038197,-141.15259376483513,519.534
610,15,10,-22.41379510105752,-135.09828676377916,521.295
611,15,11,-29.0835362972775,-128.42039715187934,523.144
612,15,12,-35.37753512687674,-120.84456989055464,524.916
613,15,13,-41.12142369053398,-112.04708133390312,526.436
614,15,14,-46.074878367207745,-101.69068406146623,527.539
615,15,15,-49.924581304196614,-89.54606130204995,528.083
616,15,16,-52.3166911364535,-75.7307879320269,527.965
617,15,17,-52.959046522231105,-60.94099683160477,527.134
618,15,18,-51.75997266248952,-46.33356153673822,525.595
619,15,19,-48.8816728896382,-32.971741010617734,523.412
620,15,20,-44.64842409490185,-21.367949705155997,520.704
621,15,21,-39.40873668068036,-11.50600690220925,517.636
622,15,22,-33.45499738496365,-3.1042031570076127,514.403
623,15,23,-27.006581638608758,4.178673448833836,511.218
624,15,24,-20.222178641697187,10.653256076785866,508.288
625,15,25,-13.217743661994595,16.579215285600846,505.803
626,15,26,-6.081996587951214,22.172341083708396,503.913
627,15,27,1.1120682420513215,27.619642343036176,502.721
628,15,28,8.297921690567621,33.095097642122745,502.27
629,15,29,15.40769440897109,38.77536982385049,502.545
630,15,30,22.364018389933758,44.855522260725806,503.473
631,15,31,29.07018669254471,51.56508345980696,504.932
632,15,32,35.39722997734847,59.181895271246326,506.765
633,15,33,41.167144976838046,68.03373164312364,508.792
634,15,34,46.13493963567425,78.46100578857775,510.832
635,15,35,49.982111987575635,90.69121764848346,512.72
636,15,36,52.35104357288408,104.59358276061334,514.318
637,15,37,52.950976653726734,119.44760495999027,515.533
638,15,38,51.69859999770237,134.07692759605212,516.323
639,15,39,48.76741748520222,147.42056274350745,516.696
640,16,0,46.77413605896073,162.4319251806048,516.744
641,16,1,41.95842580727861,173.09449251277667,516.615
642,16,2,36.30439179724747,-177.86197821382393,516.291
643,16,3,30.067004990583882,-170.10267841101432,515.906
644,16,4,23.431915051570666,-163.29482395958752,515.604
645,16,5,16.532978320014443,-157.15378721645072,515.513
646,16,6,9.469521114372833,-151.4447189571822,515.74
647,16,7,2.3198045959294844,-145.96962565812166,516.348
648,16,8,-4.848822581891514,-140.5514278348473,517.356
649,16,9,-11.971647364912053,-135.0183052485983,518.732
650,16,10,-18.978863939154134,-129.18823335799382,520.393
651,16,11,-25.786829381154956,-122.85320558205034,522.218
652,16,12,-32.28705894255356,-115.76393367644066,524.05
653,16,13,-38.331540716488476,-107.62014203468354,525.718
654,16,14,-43.714921650468696,-98.0828620286496,527.05
655,16,15,-48.159687743422005,-86.8461148439006,527.889
656,16,16,-51.3242304991048,-73.81855353047676,528.111
657,16,17,-52.86839283647211,-59.39104249382128,527.64
658,16,18,-52.58501511799745,-44.53827704925164,526.45
659,16,19,-50.512506912478386,-30.450069319994874,524.578
660,16,20,-46.9118736537632,-17.941609213681193,522.114
661,16,21,-42.13436806520355,-7.233672349947499,519.203
662,16,22,-36.5057799249253,1.85595300245899,516.027
663,16,23,-30.28150025127896,9.65652315611132,512.791
664,16,24,-23.648324472780644,16.49960260063518,509.709
665,16,25,-16.74143910857782,22.67046165723555,506.98
666,16,26,-9.661461382881239,28.405216550425195,504.776
667,16,27,-2.4880362106117184,33.903231964340314,503.226
668,16,28,4.71014028654946,39.343057581621515,502.402
669,16,29,11.866827866814452,44.89806409397123,502.32
670,16,30,18.910495453109597,50.752109948562435,502.934
671,16,31,25.755499303432106,57.115517160507345,504.145
672,16,32,32.29085652773209,64.24062023850291,505.813
673,16,33,38.36538430382589,72.43156067610062,507.765
674,16,34,43.76958706949089,82.03123446020263,509.821
675,16,35,48.220899898763655,93.3470274242162,511.804
676,16,36,51.37283071014402,106.46345632893104,513.562
677,16,37,52.88356268661871,120.96993118258105,514.977
678,16,38,52.550935889133676,135.86696991335072,515.982
679,16,39,50.42400473630795,149.95538254828259,516.559
680,17,0,44.49001834767091,176.98360222618194,516.712
681,17,1,39.2184715160659,-173.201289350639,516.469
682,17,2,33.245576954821885,-164.84351471237457,516.097
683,17,3,26.789813632467354,-157.59888332390378,515.736
684,17,4,20.008588381067135,-151.15668987988278,515.525
685,17,5,13.016563001312807,-145.2583160975782,515.582
686,17,6,5.9010798178763855,-139.68930769742994,515.994
687,17,7,-1.266161792038452,-134.26410210006716,516.803
688,17,8,-8.420106944629978,-128.81019604781196,518.002
689,17,9,-15.494495868038197,-123.15260009412867,519.534
690,17,10,-22.41379510105752,-117.09829309307268,521.295
691,17,11,-29.0835362972775,-110.42040348117288,523.144
692,17,12,-35.37753512687674,-102.84457621984818,524.916
693,17,13,-41.12142369053398,-94.04708766319665,526.436
694,17,14,-46.074878367207745,-83.69069039075976,527.539
695,17,15,-49.924581304196614,-71.54606763134349,528.083
696,17,16,-52.3166911364535,-57.73079426132043,527.965
697,17,17,-52.959046522231105,-42.941003160898305,527.134
698,17,18,-51.75997266248952,-28.33356957357905,525.595
699,17,19,-48.8816728896382,-14.971745632363978,523.412
700,17,20,-44.64842409490185,-3.367955394119298,520.704
701,17,21,-39.40873668068036,6.49398634161039,517.636
702,17,22,-33.45499738496365,14.89579051369885,514.403
703,17,23,-27.006581638608758,22.17866754642712,511.218
704,17,24,-20.222178641697187,28.653251455039623,508.288
705,17,25,-13.217743661994595,34.57920895630731,505.803
706,17,26,-6.081996587951214,40.17233475441486,503.913
707,17,27,1.1120682420513215,45.61963601374264,502.721
708,17,28,8.297921690567621,51.09509131282921,502.27
709,17,29,15.40769440897109,56.775363494556956,502.545
710,17,30,22.364018389933758,62.85551251633768,503.473
711,17,31,29.07018669254471,69.56508054560801,504.932
712,17,32,35.39722997734847,77.18188894195279,506.765
713,17,33,41.167144976838046,86.0337253138301,508.792
714,17,34,46.13493963567425,96.46099945928422,510.832
715,17,35,49.982111987575635,108.69121131918992,512.72
716,17,36,52.35104357288408,122.5935764313198,514.318
717,17,37,52.950976653726734,137.44759863069675,515.533
718,17,38,51.69859999770237,152.07692126675857,516.323
719,17,39,48.76741748520222,165.4205564142139,516.696
720,18,0,46.77413605896073,-179.56807750622306,516.744
721,18,1,41.95842580727861,-168.9055101740512,516.615
722,18,2,36.30439179724747,-159.86198454311747,516.291
723,18,3,30.067004990583882,-152.10268474030786,515.906
724,18,4,23.431915051570666,-145.29483028888106,515.604
725,18,5,16.532978320014443,-139.15379354574426,515.513
726,18,6,9.469521114372833,-133.44472528647574,515.74
727,18,7,2.3198045959294844,-127.96963198741518,516.348
728,18,8,-4.848822581891514,-122.55143416414083,517.356
729,18,9,-11.971647364912053,-117.01831157789184,518.732
730,18,10,-18.978863939154134,-111.1882328570982,520.393
731,18,11,-25.786829381154956,-104.85321191134386,522.218
732,18,12,-32.28705894255356,-97.76394683592336,524.05
733,18,13,-38.331540716488476,-89.62014836397708,525.718
734,18,14,-43.714921650468696,-80.08286835794313,527.05
735,18,15,-48.159687743422005,-68.84612117319412,527.889
736,18,16,-51.3242304991048,-55.81856327486489,528.111
737,18,17,-52.86839283647211,-41.39104882311482,527.64
738,18,18,-52.58501511799745,-26.538283378545174,526.45
739,18,19,-50.512506912478386,-12.450074795514766,524.578
740,18,20,-46.9118736537632,0.05838461043772106,522.114
741,18,21,-42.13436806520355,10.766321320758964,519.203
742,18,22,-36.5057799249253,19.855947313495687,516.027
743,18,23,-30.28150025127896,27.656516826817782,512.791
744,18,24,-23.648324472780644,34.49959627134164,509.709
745,18,25,-16.74143910857782,40.670453620394724,506.98
746,18,26,-9.661461382881239,46.405210221131654,504.776
747,18,27,-2.4880362106117184,51.90322563504678,503.226
748,18,28,4.71014028654946,57.34305125232798,502.402
749,18,29,11.866827866814452,62.898057764677695,502.32
750,18,30,18.910495453109597,68.7521036192689,502.934
751,18,31,25.755499303432106,75.11551083121381,504.145
752,18,32,32.29085652773209,82.24061390920937,505.813
753,18,33,38.36538430382589,90.43155434680708,507.765
754,18,34,43.76958706949089,100.0312281309091,509.821
755,18,35,48.220899898763655,111.34702109492265,511.804
756,18,36,51.37283071014402,124.46344999963752,513.562
757,18,37,52.88356268661871,138.96992485328752,514.977
758,18,38,52.550935889133676,153.86696358405717,515.982
759,18,39,50.42400473630795,167.95537621898904,516.559
760,19,0,44.49001834767091,-165.01638680026758,516.712
761,19,1,39.2184715160659,-155.20128201955418,516.469
762,19,2,33.245576954821885,-146.84350738128975,516.097
763,19,3,26.789813632467354,-139.59887599281896,515.736
764,19,4,20.008588381067135,-133.15668254879796,515.525
765,19,5,13.016563001312807,-127.25830876649337,515.582
766,19,6,5.9010798178763855,-121.68930036634514,515.994
767,19,7,-1.266161792038452,-116.26409476898235,516.803
768,19,8,-8.420106944629978,-110.81018871672717,518.002
769,19,9,-15.494495868038197,-105.15259276304387,519.534
770,19,10,-22.41379510105752,-99.09828576198788,521.295
771,19,11,-29.0835362972775,-92.42039615008808,523.144
772,19,12,-35.37753512687674,-84.84456888876338,524.916
773,19,13,-41.12142369053398,-76.04708033211185,526.436
774,19,14,-46.074878367207745,-65.69068305967495,527.539
775,19,15,-49.924581304196614,-53.54606030025868,528.083
776,19,16,-52.3166911364535,-39.73079034533021,527.965
777,19,17,-52.959046522231105,-24.940995829813502,527.134
778,19,18,-51.75997266248952,-10.33356224249425,525.595
779,19,19,-48.8816728896382,3.028261058390591,523.412
780,19,20,-44.64842409490185,14.632051296635272,520.704
781,19,21,-39.40873668068036,24.493994099582018,517.636
782,19,22,-33.45499738496365,32.89579613723636,514.403
783,19,23,-27.006581638608758,40.17867316996463,511.218
784,19,24,-20.222178641697187,46.653258786124425,508.288
785,19,25,-13.217743661994595,52.579216287392114,505.803
786,19,26,-6.081996587951214,58.17234550059425,503.913
787,19,27,1.1120682420513215,63.619639929732855,502.721
788,19,28,8.297921690567621,69.0951020590086,502.27
789,19,29,15.40769440897109,74.77536741054718,502.545
790,19,30,22.364018389933758,80.85551984742249,503.473
791,19,31,29.07018669254471,87.56508787669281,504.932
792,19,32,35.39722997734847,95.1818962730376,506.765
793,19,33,41.167144976838046,104.0337326449149,508.792
794,19,34,46.13493963567425,114.46100679036903,510.832
795,19,35,49.982111987575635,126.6912254804639,512.72
796,19,36,52.35104357288408,140.59358376240462,514.318
797,19,37,52.950976653726734,155.44760596178153,515.533
798,19,38,51.69859999770237,170.0769285978434,516.323
799,19,39,48.76741748520222,-176.57944627261395,516.696
800,20,0,46.77413605896073,-161.56807017513827,516.744
801,20,1,41.95842580727861,-150.90550284296637,516.615
802,20,2,36.30439179724747,-141.86197721203266,516.291
803,20,3,30.067004990583882,-134.10267740922308,515.906
804,20,4,23.431915051570666,-127.29482295779626,515.604
805,20,5,16.532978320014443,-121.15378621465946,515.513
806,20,6,9.469521114372833,-115.44471795539094,515.74
807,20,7,2.3198045959294844,-109.9696178261412,516.348
808,20,8,-4.848822581891514,-104.55142000286685,517.356
809,20,9,-11.971647364912053,-99.01830424680703,518.732
810,20,10,-18.978863939154134,-93.1882255260134,520.393
811,20,11,-25.786829381154956,-86.85320458025906,522.218
812,20,12,-32.28705894255356,-79.76393950483856,524.05
813,20,13,-38.331540716488476,-71.62014103289228,525.718
814,20,14,-43.714921650468696,-62.08286102685833,527.05
815,20,15,-48.159687743422005,-50.846113842109325,527.889
816,20,16,-51.3242304991048,-37.81855594378008,528.111
817,20,17,-52.86839283647211,-23.391041492030016,527.64
818,20,18,-52.58501511799745,-8.53827604746037,526.45
819,20,19,-50.512506912478386,5.549932108683214,524.578
820,20,20,-46.9118736537632,18.05839178811007,522.114
821,20,21,-42.13436806520355,28.766328651843768,519.203
822,20,22,-36.5057799249253,37.85595464458049,516.027
823,20,23,-30.28150025127896,45.6565224503553,512.791
824,20,24,-23.648324472780644,52.49960360242645,509.709
825,20,25,-16.74143910857782,58.67046436657411,506.98
826,20,26,-9.661461382881239,64.40522096731104,504.776
827,20,27,-2.4880362106117184,69.903229551037,503.226
828,20,28,4.71014028654946,75.34305858341278,502.402
829,20,29,11.866827866814452,80.89806509576249,502.32
830,20,30,18.910495453109597,86.75211095035371,502.934
831,20,31,25.755499303432106,93.11551816229861,504.145
832,20,32,32.29085652773209,100.24062124029417,505.813
833,20,33,38.36538430382589,108.43156167789189,507.765
834,20,34,43.76958706949089,118.03122863180472,509.821
835,20,35,48.220899898763655,129.3470215958183,511.804
836,20,36,51.37283071014402,142.46345733072232,513.562
837,20,37,52.88356268661871,156.9699321843723,514.977
838,20,38,52.550935889133676,171.866970915142,515.982
839,20,39,50.42400473630795,-174.04461280746048,516.559
840,21,0,44.49001834767091,-147.01639312956112,516.712
841,21,1,39.2184715160659,-137.20128834884773,516.469
842,21,2,33.245576954821885,-128.8435137105833,516.097
843,21,3,26.789813632467354,-121.5988823221125,515.736
844,21,4,20.008588381067135,-115.1566888780915,515.525
845,21,5,13.016563001312807,-109.25832192597608,515.582
846,21,6,5.9010798178763855,-103.6892998654495,515.994
847,21,7,-1.266161792038452,-98.26410109827589,516.803
848,21,8,-8.420106944629978,-92.81019504602071,518.002
849,21,9,-15.494495868038197,-87.1525990923374,519.534
850,21,10,-22.41379510105752,-81.09829209128142,521.295
851,21,11,-29.0835362972775,-74.42040247938161,523.144
852,21,12,-35.37753512687674,-66.8445752180569,524.916
853,21,13,-41.12142369053398,-58.04708666140539,526.436
854,21,14,-46.074878367207745,-47.690689388968494,527.539
855,21,15,-49.924581304196614,-35.54606662955222,528.083
856,21,16,-52.3166911364535,-21.730796674623754,527.965
857,21,17,-52.959046522231105,-6.941002585993861,527.134
858,21,18,-51.75997266248952,7.666431428212214,525.595
859,21,19,-48.8816728896382,21.02825536942729,523.412
860,21,20,-44.64842409490185,32.632044967341734,520.704
861,21,21,-39.40873668068036,42.49398777028848,517.636
862,21,22,-33.45499738496365,50.895789807942826,514.403
863,21,23,-27.006581638608758,58.17867025576568,511.218
864,21,24,-20.222178641697187,64.65325245683088,508.288
865,21,25,-13.217743661994595,70.57920654300399,505.803
866,21,26,-6.081996587951214,76.1723391713007,503.913
867,21,27,1.1120682420513215,81.61963360043933,502.721
868,21,28,8.297921690567621,87.09509572971507,502.27
869,21,29,15.40769440897109,92.77536108125364,502.545
870,21,30,22.364018389933758,98.85551351812894,503.473
871,21,31,29.07018669254471,105.56508154739927,504.932
872,21,32,35.39722997734847,113.18188994374405,506.765
873,21,33,41.167144976838046,122.03373314581054,508.792
874,21,34,46.13493963567425,132.46100046107549,510.832
875,21,35,49.982111987575635,144.69121915117034,512.72
876,21,36,52.35104357288408,158.59357743311108,514.318
877,21,37,52.950976653726734,173.447599632488,515.533
878,21,38,51.69859999770237,-171.92307408898446,516.323
879,21,39,48.76741748520222,-158.5794526019075,516.696
880,22,0,46.77413605896073,-143.5680765044318,516.744
881,22,1,41.95842580727861,-132.9055091722599,516.615
882,22,2,36.30439179724747,-123.8619835413262,516.291
883,22,3,30.067004990583882,-116.1026837385166,515.906
884,22,4,23.431915051570666,-109.2948292870898,515.604
885,22,5,16.532978320014443,-103.15379254395299,515.513
886,22,6,9.469521114372833,-97.44472428468447,515.74
887,22,7,2.3198045959294844,-91.96962415543474,516.348
888,22,8,-4.848822581891514,-86.55142633216039,517.356
889,22,9,-11.971647364912053,-81.01831057610057,518.732
890,22,10,-18.978863939154134,-75.18823185530694,520.393
891,22,11,-25.786829381154956,-68.8532109095526,522.218
892,22,12,-32.28705894255356,-61.763945834132095,524.05
893,22,13,-38.331540716488476,-53.62014736218581,525.718
894,22,14,-43.714921650468696,-44.082867356151866,527.05
895,22,15,-48.159687743422005,-32.84612017140286,527.889
896,22,16,-51.3242304991048,-19.81856056552633,528.111
897,22,17,-52.86839283647211,-5.391047394436731,527.64
898,22,18,-52.58501511799745,9.461717623246093,526.45
899,22,19,-50.512506912478386,23.549925352502854,524.578
900,22,20,-46.9118736537632,36.05838545881654,522.114
901,22,21,-42.13436806520355,46.76632232255023,519.203
902,22,22,-36.5057799249253,55.85594831528695,516.027
903,22,23,-30.28150025127896,63.656516121061756,512.791
904,22,24,-23.648324472780644,70.49960068822749,509.709
905,22,25,-16.74143910857782,76.67045803728057,506.98
906,22,26,-9.661461382881239,82.40521463801751,504.776
907,22,27,-2.4880362106117184,87.90322322174346,503.226
908,22,28,4.71014028654946,93.34305225411924,502.402
909,22,29,11.866827866814452,98.89805876646896,502.32
910,22,30,18.910495453109597,104.75210462106017,502.934
911,22,31,25.755499303432106,111.11551183300507,504.145
912,22,32,32.29085652773209,118.24061491100063,505.813
913,22,33,38.36538430382589,126.43155534859835,507.765
914,22,34,43.76958706949089,136.0312223025112,509.821
915,22,35,48.220899898763655,147.34701526652475,511.804
916,22,36,51.37283071014402,160.46345100142878,513.562
917,22,37,52.88356268661871,174.96992585507877,514.977
918,22,38,52.550935889133676,-170.13303177168586,515.982
919,22,39,50.42400473630795,-156.04461913675402,516.559
920,23,0,44.49001834767091,-129.0163857984763,516.712
921,23,1,39.2184715160659,-119.20128101776294,516.469
922,23,2,33.245576954821885,-110.84351320968766,516.097
923,23,3,26.789813632467354,-103.59888182121688,515.736
924,23,4,20.008588381067135,-97.1566815470067,515.525
925,23,5,13.016563001312807,-91.25831459489127,515.582
926,23,6,5.9010798178763855,-85.6892925343647,515.994
927,23,7,-1.266161792038452,-80.26409376719108,516.803
928,23,8,-8.420106944629978,-74.81018771493589,518.002
929,23,9,-15.494495868038197,-69.1525917612526,519.534
930,23,10,-22.41379510105752,-63.09828476019661,521.295
931,23,11,-29.0835362972775,-56.420398563391394,523.144
932,23,12,-35.37753512687674,-48.84456788697211,524.916
933,23,13,-41.12142369053398,-40.047079330320585,526.436
934,23,14,-46.074878367207745,-29.690682057883688,527.539
935,23,15,-49.924581304196614,-17.546059298467416,528.083
936,23,16,-52.3166911364535,-3.7307884897653034,527.965
937,23,17,-52.959046522231105,11.059005171977766,527.134
938,23,18,-51.75997266248952,25.66643875929702,525.595
939,23,19,-48.8816728896382,39.0282609929648,523.412
940,23,20,-44.64842409490185,50.63205229842654,520.704
941,23,21,-39.40873668068036,60.49399510137329,517.636
942,23,22,-33.45499738496365,68.89579713902762,514.403
943,23,23,-27.006581638608758,76.17867758685048,511.218
944,23,24,-20.222178641697187,82.65325978791569,508.288
945,23,25,-13.217743661994595,88.5792138740888,505.803
946,23,26,-6.081996587951214,94.17234650238552,503.913
947,23,27,1.1120682420513215,99.61964093152413,502.721
948,23,28,8.297921690567621,105.09510306079987,502.27
949,23,29,15.40769440897109,110.77536841233844,502.545
950,23,30,22.364018389933758,116.85552084921375,503.473
951,23,31,29.07018669254471,123.56508887848408,504.932
952,23,32,35.39722997734847,131.18189727482886,506.765
953,23,33,41.167144976838046,140.03374047689533,508.792
954,23,34,46.13493963567425,150.4610077921603,510.832
955,23,35,49.982111987575635,162.69122648225516,512.72
956,23,36,52.35104357288408,176.59358476419587,514.318
957,23,37,52.950976653726734,-168.55238939396153,515.533
958,23,38,51.69859999770237,-153.92306675789968,516.323
959,23,39,48.76741748520222,-140.57944527082267,516.696
960,24,0,46.77413605896073,-125.568069173347,516.744
961,24,1,41.95842580727861,-114.90550184117511,516.615
962,24,2,36.30439179724747,-105.8619762102414,516.291
963,24,3,30.067004990583882,-98.1026764074318,515.906
964,24,4,23.431915051570666,-91.294821956005,515.604
965,24,5,16.532978320014443,-85.15378521286819,515.513
966,24,6,9.469521114372833,-79.44471695359967,515.74
967,24,7,2.3198045959294844,-73.96961682434994,516.348
968,24,8,-4.848822581891514,-68.55141900107559,517.356
969,24,9,-11.971647364912053,-63.018303245015765,518.732
970,24,10,-18.978863939154134,-57.18822452422213,520.393
971,24,11,-25.786829381154956,-50.85320016337321,522.218
972,24,12,-32.28705894255356,-43.7639350879527,524.05
973,24,13,-38.331540716488476,-35.62014003110101,525.718
974,24,14,-43.714921650468696,-26.082858317519772,527.05
975,24,15,-48.159687743422005,-14.846112840318055,527.889
976,24,16,-51.3242304991048,-1.8185536613283506,528.111
977,24,17,-52.86839283647211,12.608960363534896,527.64
978,24,18,-52.58501511799745,27.461724954330897,526.45
979,24,19,-50.512506912478386,41.549932683587656,524.578
980,24,20,-46.9118736537632,54.05839278990134,522.114
981,24,21,-42.13436806520355,64.76632623854044,519.203
982,24,22,-36.5057799249253,73.85595564637175,516.027
983,24,23,-30.28150025127896,81.65652345214656,512.791
984,24,24,-23.648324472780644,88.49960801931229,509.709
985,24,25,-16.74143910857782,94.67046536836537,506.98
986,24,26,-9.661461382881239,100.40522196910231,504.776
987,24,27,-2.4880362106117184,105.90323055282826,503.226
988,24,28,4.71014028654946,111.34305958520405,502.402
989,24,29,11.866827866814452,116.89805926736459,502.32
990,24,30,18.910495453109597,122.75211878233414,502.934
991,24,31,25.755499303432106,129.11551916408987,504.145
992,24,32,32.29085652773209,136.24062224208544,505.813
993,24,33,38.36538430382589,144.43156267968314,507.765
994,24,34,43.76958706949089,154.03122963359598,509.821
995,24,35,48.220899898763655,165.34702259760957,511.804
996,24,36,51.37283071014402,178.4634583325136,513.562
997,24,37,52.88356268661871,-167.03007683174908,514.977
998,24,38,52.550935889133676,-152.13302444060108,515.982
999,24,39,50.42400473630795,-138.0446118056692,516.559
1000,25,0,44.49001834767091,-111.01639895795903,516.712
1001,25,1,39.2184715160659,-101.20128734705646,516.469
1002,25,2,33.245576954821885,-92.8435195389812,516.097
1003,25,3,26.789813632467354,-85.5988881505104,515.736
1004,25,4,20.008588381067135,-79.15668787630024,515.525
1005,25,5,13.016563001312807,-73.25832092418482,515.582
1006,25,6,5.9010798178763855,-67.68929886365824,515.994
1007,25,7,-1.266161792038452,-62.26410009648462,516.803
1008,25,8,-8.420106944629978,-56.81019404422943,518.002
1009,25,9,-15.494495868038197,-51.152598090546135,519.534
1010,25,10,-22.41379510105752,-45.098291089490154,521.295
1011,25,11,-29.0835362972775,-38.42040489268493,523.144
1012,25,12,-35.37753512687674,-30.84457421626564,524.916
1013,25,13,-41.12142369053398,-22.04708565961412,526.436
1014,25,14,-46.074878367207745,-11.690688387177225,527.539
1015,25,15,-49.924581304196614,0.4539347457650177,528.083
1016,25,16,-52.3166911364535,14.26920518094116,527.965
1017,25,17,-52.959046522231105,29.05899884268423,527.134
1018,25,18,-51.75997266248952,43.66643413755077,525.595
1019,25,19,-48.8816728896382,57.02825466367126,523.412
1020,25,20,-44.64842409490185,68.63204938422759,520.704
1021,25,21,-39.40873668068036,78.49398877207975,517.636
1022,25,22,-33.45499738496365,86.8957908097341,514.403
1023,25,23,-27.006581638608758,94.17867125755694,511.218
1024,25,24,-20.222178641697187,100.65325345862216,508.288
1025,25,25,-13.217743661994595,106.57920754479525,505.803
1026,25,26,-6.081996587951214,112.17234017309198,503.913
1027,25,27,1.1120682420513215,117.61964143241975,502.721
1028,25,28,8.297921690567621,123.09508990131717,502.27
1029,25,29,15.40769440897109,128.7753620830449,502.545
1030,25,30,22.364018389933758,134.8555145199202,503.473
1031,25,31,29.07018669254471,141.56508254919055,504.932
1032,25,32,35.39722997734847,149.18189094553532,506.765
1033,25,33,41.167144976838046,158.03373414760182,508.792
1034,25,34,46.13493963567425,168.46100146286676,510.832
1035,25,35,49.982111987575635,-179.30878986495105,512.72
1036,25,36,52.35104357288408,-165.406417922632,514.318
1037,25,37,52.950976653726734,-150.55239572325505,515.533
1038,25,38,51.69859999770237,-135.92307308719322,516.323
1039,25,39,48.76741748520222,-122.57945160011622,516.696
1040,26,0,46.77413605896073,-107.5680618422622,516.744
1041,26,1,41.95842580727861,-96.9054945100903,516.615
1042,26,2,36.30439179724747,-87.86196887915659,516.291
1043,26,3,30.067004990583882,-80.102669076347,515.906
1044,26,4,23.431915051570666,-73.29481462492019,515.604
1045,26,5,16.532978320014443,-67.15377788178338,515.513
1046,26,6,9.469521114372833,-61.44470962251487,515.74
1047,26,7,2.3198045959294844,-55.96961290835972,516.348
1048,26,8,-4.848822581891514,-50.55141508508537,517.356
1049,26,9,-11.971647364912053,-45.01829591393096,518.732
1050,26,10,-18.978863939154134,-39.188217193137326,520.393
1051,26,11,-25.786829381154956,-32.85319283228841,522.218
1052,26,12,-32.28705894255356,-25.763929464415195,524.05
1053,26,13,-38.331540716488476,-17.620134407563498,525.718
1054,26,14,-43.714921650468696,-8.082850986434966,527.05
1055,26,15,-48.159687743422005,3.1538936369931014,527.889
1056,26,16,-51.3242304991048,16.181454096643275,528.111
1057,26,17,-52.86839283647211,30.60896684084605,527.64
1058,26,18,-52.58501511799745,45.4617322854157,526.45
1059,26,19,-50.512506912478386,59.54994001467246,524.578
1060,26,20,-46.9118736537632,72.05840012098614,522.114
1061,26,21,-42.13436806520355,82.76633356962525,519.203
1062,26,22,-36.5057799249253,91.85596297745656,516.027
1063,26,23,-30.28150025127896,99.65653078323136,512.791
1064,26,24,-23.648324472780644,106.4996153503971,509.709
1065,26,25,-16.74143910857782,112.67047269945017,506.98
1066,26,26,-9.661461382881239,118.40522246999795,504.776
1067,26,27,-2.4880362106117184,123.90323788391306,503.226
1068,26,28,4.71014028654946,129.343073746478,502.402
1069,26,29,11.866827866814452,134.8980665984494,502.32
1070,26,30,18.910495453109597,140.75212611341894,502.934
1071,26,31,25.755499303432106,147.1155264951747,504.145
1072,26,32,32.29085652773209,154.24062957317025,505.813
1073,26,33,38.36538430382589,162.43157001076796,507.765
1074,26,34,43.76958706949089,172.0312369646808,509.821
1075,26,35,48.220899898763655,-176.65296642883996,511.804
1076,26,36,51.37283071014402,-163.53653069393593,513.562
1077,26,37,52.88356268661871,-149.03006950066427,514.977
1078,26,38,52.550935889133676,-134.13301710951626,515.982
1079,26,39,50.42400473630795,-120.0446044745844,516.559
1080,27,0,44.49001834767091,-93.01640528725255,516.712
1081,27,1,39.2184715160659,-83.20129367635,516.469
1082,27,2,33.245576954821885,-74.84352586827474,516.097
1083,27,3,26.789813632467354,-67.59889447980395,515.736
1084,27,4,20.008588381067135,-61.15669420559377,515.525
1085,27,5,13.016563001312807,-55.25832383838377,515.582
1086,27,6,5.9010798178763855,-49.68930519295177,515.994
1087,27,7,-1.266161792038452,-44.26410642577815,516.803
1088,27,8,-8.420106944629978,-38.810200373522974,518.002
1089,27,9,-15.494495868038197,-33.15260441983967,519.534
1090,27,10,-22.41379510105752,-27.098299126330982,521.295
1091,27,11,-29.0835362972775,-20.420409514431174,523.144
1092,27,12,-35.37753512687674,-12.844581399332824,524.916
1093,27,13,-41.12142369053398,-4.047091988907655,526.436
1094,27,14,-46.074878367207745,6.3093052835292385,527.539
1095,27,15,-49.924581304196614,18.45392804294551,528.083
1096,27,16,-52.3166911364535,32.269197997873974,527.965
1097,27,17,-52.959046522231105,47.05899251339069,527.134
1098,27,18,-51.75997266248952,61.66642439316265,525.595
1099,27,19,-48.8816728896382,75.02824833437772,523.412
1100,27,20,-44.64842409490185,86.63204305493404,520.704
1101,27,21,-39.40873668068036,96.4939824427862,517.636
1102,27,22,-33.45499738496365,104.89578448044055,514.403
1103,27,23,-27.006581638608758,112.17866492826342,511.218
1104,27,24,-20.222178641697187,118.65324029913945,508.288
1105,27,25,-13.217743661994595,124.57920804569089,505.803
1106,27,26,-6.081996587951214,130.17232701360928,503.913
1107,27,27,1.1120682420513215,135.61963510312623,502.721
1108,27,28,8.297921690567621,141.0950835720236,502.27
1109,27,29,15.40769440897109,146.77535575375137,502.545
1110,27,30,22.364018389933758,152.85550819062667,503.473
1111,27,31,29.07018669254471,159.565076219897,504.932
1112,27,32,35.39722997734847,167.18188461624177,506.765
1113,27,33,41.167144976838046,176.03372781830828,508.792
1114,27,34,46.13493963567425,-173.53900122396112,510.832
1115,27,35,49.982111987575635,-161.3087961942446,512.72
1116,27,36,52.35104357288408,-147.40642425192553,514.318
1117,27,37,52.950976653726734,-132.5524020525486,515.533
1118,27,38,51.69859999770237,-117.92307941648674,516.323
1119,27,39,48.76741748520222,-104.57945109922059,516.696
1120,28,0,46.77413605896073,-89.56808183193407,516.744
1121,28,1,41.95842580727861,-78.90551449976219,516.615
1122,28,2,36.30439179724747,-69.86198886882846,516.291
1123,28,3,30.067004990583882,-62.102689066018876,515.906
1124,28,4,23.431915051570666,-55.29483802968665,515.604
1125,28,5,16.532978320014443,-49.15379445636068,515.513
1126,28,6,9.469521114372833,-43.44472961218675,515.74
1127,28,7,2.3198045959294844,-37.9696328980316,516.348
1128,28,8,-4.848822581891514,-32.551435074757244,517.356
1129,28,9,-11.971647364912053,-27.01831590360284,518.732
1130,28,10,-18.978863939154134,-21.188238890356498,520.393
1131,28,11,-25.786829381154956,-14.853212821960284,522.218
1132,28,12,-32.28705894255356,-7.763948600313426,524.05
1133,28,13,-38.331540716488476,0.37984568280590597,525.718
1134,28,14,-43.714921650468696,9.917129023893157,527.05
1135,28,15,-48.159687743422005,21.153874501094872,527.889
1136,28,16,-51.3242304991048,34.181432399424104,528.111
1137,28,17,-52.86839283647211,48.608946851174174,527.64
1138,28,18,-52.58501511799745,63.46171229574382,526.45
1139,28,19,-50.512506912478386,77.54992002500059,524.578
1140,28,20,-46.9118736537632,90.05838013131427,522.114
1141,28,21,-42.13436806520355,100.76631357995338,519.203
1142,28,22,-36.5057799249253,109.85594298778469,516.027
1143,28,23,-30.28150025127896,117.65651079355949,512.791
1144,28,24,-23.648324472780644,124.49959536072522,509.709
1145,28,25,-16.74143910857782,130.6704527097783,506.98
1146,28,26,-9.661461382881239,136.40520248032607,504.776
1147,28,27,-2.4880362106117184,141.90321789424118,503.226
1148,28,28,4.71014028654946,147.34305375680614,502.402
1149,28,29,11.866827866814452,152.89804660877752,502.32
1150,28,30,18.910495453109597,158.75210612374707,502.934
1151,28,31,25.755499303432106,165.1155065055028,504.145
1152,28,32,32.29085652773209,172.24060958349835,505.813
1153,28,33,38.36538430382589,-179.56844633643826,507.765
1154,28,34,43.76958706949089,-169.9687793825254,509.821
1155,28,35,48.220899898763655,-158.65298641851183,511.804
1156,28,36,51.37283071014402,-145.53655068360783,513.562
1157,28,37,52.88356268661871,-131.03008949033617,514.977
1158,28,38,52.550935889133676,-116.13303709918814,515.982
1159,28,39,50.42400473630795,-102.04463129444545,516.559
1160,29,0,44.49001834767091,-75.01639795616775,516.712
1161,29,1,39.2184715160659,-65.2012863452652,516.469
1162,29,2,33.245576954821885,-56.84351512209534,516.097
1163,29,3,26.789813632467354,-49.59888373362456,515.736
1164,29,4,20.008588381067135,-43.15668345941438,515.525
1165,29,5,13.016563001312807,-37.258316507298964,515.582
1166,29,6,5.9010798178763855,-31.68929786186697,515.994
1167,29,7,-1.266161792038452,-26.26409738714606,516.803
1168,29,8,-8.420106944629978,-20.810194749985463,518.002
1169,29,9,-15.494495868038197,-15.152597088754868,519.534
1170,29,10,-22.41379510105752,-9.098291795246178,521.295
1171,29,11,-29.0835362972775,-2.4204026102331944,523.144
1172,29,12,-35.37753512687674,5.155426358638802,524.916
1173,29,13,-41.12142369053398,13.952915342177148,526.436
1174,29,14,-46.074878367207745,24.309312614614043,527.539
1175,29,15,-49.924581304196614,36.453935374030316,528.083
1176,29,16,-52.3166911364535,50.26920532895878,527.965
1177,29,17,-52.959046522231105,65.0589998444755,527.134
1178,29,18,-51.75997266248952,79.66643172424746,525.595
1179,29,19,-48.8816728896382,93.02825566546252,523.412
1180,29,20,-44.64842409490185,104.63205038601885,520.704
1181,29,21,-39.40873668068036,114.49398977387101,517.636
1182,29,22,-33.45499738496365,122.89579864171453,514.403
1183,29,23,-27.006581638608758,130.17866542915905,511.218
1184,29,24,-20.222178641697187,136.65324763022426,508.288
1185,29,25,-13.217743661994595,142.5792153767757,505.803
1186,29,26,-6.081996587951214,148.17233434469406,503.913
1187,29,27,1.1120682420513215,153.61964243421102,502.721
1188,29,28,8.297921690567621,159.09509090310843,502.27
1189,29,29,15.40769440897109,164.77536308483616,502.545
1190,29,30,22.364018389933758,170.85551552171148,503.473
1191,29,31,29.07018669254471,177.5650835509818,504.932
1192,29,32,35.39722997734847,-174.81810441020775,506.765
1193,29,33,41.167144976838046,-165.9662748685196,508.792
1194,29,34,46.13493963567425,-155.5389938928763,510.832
1195,29,35,49.982111987575635,-143.30878886315978,512.72
1196,29,36,52.35104357288408,-129.4064169208407,514.318
1197,29,37,52.950976653726734,-114.55240155165296,515.533
1198,29,38,51.69859999770237,-99.92307208540194,516.323
1199,29,39,48.76741748520222,-86.57944376813577,516.696
1200,30,0,46.77413605896073,-71.56807450084926,516.744
1201,30,1,41.95842580727861,-60.90550716867738,516.615
1202,30,2,36.30439179724747,-51.86197812264908,516.291
1203,30,3,30.067004990583882,-44.10268173493407,515.906
1204,30,4,23.431915051570666,-37.29483069860185,515.604
1205,30,5,16.532978320014443,-31.153787125275876,515.513
1206,30,6,9.469521114372833,-25.444720573554648,515.74
1207,30,7,2.3198045959294844,-19.969625566946796,516.348
1208,30,8,-4.848822581891514,-14.551426036125148,517.356
1209,30,9,-11.971647364912053,-9.018309426291681,518.732
1210,30,10,-18.978863939154134,-3.1882307054980483,520.393
1211,30,11,-25.786829381154956,3.146793868794285,522.218
1212,30,12,-32.28705894255356,10.236058730771378,524.05
1213,30,13,-38.331540716488476,18.37985293384943,525.718
1214,30,14,-43.714921650468696,27.91713635497796,527.05
1215,30,15,-48.159687743422005,39.15388183217967,527.889
1216,30,16,-51.3242304991048,52.18143973050891,528.111
1217,30,17,-52.86839283647211,66.60895418225898,527.64
1218,30,18,-52.58501511799745,81.46171962682862,526.45
1219,30,19,-50.512506912478386,95.54992735608539,524.578
1220,30,20,-46.9118736537632,108.05838746239907,522.114
1221,30,21,-42.13436806520355,118.76632091103818,519.203
1222,30,22,-36.5057799249253,127.85595031886949,516.027
1223,30,23,-30.28150025127896,135.6565181246443,512.791
1224,30,24,-23.648324472780644,142.49960269181003,509.709
1225,30,25,-16.74143910857782,148.6704600408631,506.98
1226,30,26,-9.661461382881239,154.40520981141088,504.776
1227,30,27,-2.4880362106117184,159.903225225326,503.226
1228,30,28,4.71014028654946,165.34306108789096,502.402
1229,30,29,11.866827866814452,170.8980539398623,502.32
1230,30,30,18.910495453109597,176.75211345483186,502.934
1231,30,31,25.755499303432106,-176.8844825209467,504.145
1232,30,32,32.29085652773209,-169.75937944295114,505.813
1233,30,33,38.36538430382589,-161.56843900535344,507.765
1234,30,34,43.76958706949089,-151.9687720514406,509.821
1235,30,35,48.220899898763655,-140.65297908742704,511.804
1236,30,36,51.37283071014402,-127.53654335252301,513.562
1237,30,37,52.88356268661871,-113.03007532906219,514.977
1238,30,38,52.550935889133676,-98.13302976810334,515.982
1239,30,39,50.42400473630795,-84.04462396336065,516.559
1240,31,0,44.49001834767091,-57.01639062508295,516.712
1241,31,1,39.2184715160659,-47.2012790141804,516.469
1242,31,2,33.245576954821885,-38.84350779101054,516.097
1243,31,3,26.789813632467354,-31.598876402539755,515.736
1244,31,4,20.008588381067135,-25.15667783587687,515.525
1245,31,5,13.016563001312807,-19.25830917621416,515.582
1246,31,6,5.9010798178763855,-13.68929223832946,515.994
1247,31,7,-1.266161792038452,-8.264090909834902,516.803
1248,31,8,-8.420106944629978,-2.810187205457247,518.002
1249,31,9,-15.494495868038197,2.8474098154431124,519.534
1250,31,10,-22.41379510105752,8.901715535838626,521.295
1251,31,11,-29.0835362972775,15.579605147738432,523.144
1252,31,12,-35.37753512687674,23.15543411661043,524.916
1253,31,13,-41.12142369053398,31.952922673261952,526.436
1254,31,14,-46.074878367207745,42.309319945698846,527.539
1255,31,15,-49.924581304196614,54.45394270511512,528.083
1256,31,16,-52.3166911364535,68.26921607513817,527.965
1257,31,17,-52.959046522231105,83.0590071755603,527.134
1258,31,18,-51.75997266248952,97.66643905533226,525.595
1259,31,19,-48.8816728896382,111.02826299654734,523.412
1260,31,20,-44.64842409490185,122.63205771710366,520.704
1261,31,21,-39.40873668068036,132.49399027476665,517.636
1262,31,22,-33.45499738496365,140.89580597279934,514.403
1263,31,23,-27.006581638608758,148.17867276024384,511.218
1264,31,24,-20.222178641697187,154.65325496130905,508.288
1265,31,25,-13.217743661994595,160.5792227078605,505.803
1266,31,26,-6.081996587951214,166.17234167577888,503.913
1267,31,27,1.1120682420513215,171.61964976529583,502.721
1268,31,28,8.297921690567621,177.09509823419324,502.27
1269,31,29,15.40769440897109,-177.22462594161334,502.545
1270,31,30,22.364018389933758,-171.14447350473804,503.473
1271,31,31,29.07018669254471,-164.43490547546773,504.932
1272,31,32,35.39722997734847,-156.81809707912294,506.765
1273,31,33,41.167144976838046,-147.9662675374348,508.792
1274,31,34,46.13493963567425,-137.53898656179152,510.832
1275,31,35,49.982111987575635,-125.30878153207497,512.72
1276,31,36,52.35104357288408,-111.40640958975592,514.318
1277,31,37,52.950976653726734,-96.55239422056816,515.533
1278,31,38,51.69859999770237,-81.92306475431714,516.323
1279,31,39,48.76741748520222,-68.57943643705097,516.696
1280,32,0,46.77413605896073,-53.56806716976446,516.744
1281,32,1,41.95842580727861,-42.90549983759258,516.615
1282,32,2,36.30439179724747,-33.86197079156427,516.291
1283,32,3,30.067004990583882,-26.102672696301976,515.906
1284,32,4,23.431915051570666,-19.294821659969752,515.604
1285,32,5,16.532978320014443,-13.153781501738363,515.513
1286,32,6,9.469521114372833,-7.444714096243492,515.74
1287,32,7,2.3198045959294844,-1.9696178089751688,516.348
1288,32,8,-4.848822581891514,3.4485806546294206,517.356
1289,32,9,-11.971647364912053,8.981697904793121,518.732
1290,32,10,-18.978863939154134,14.811775771813108,520.393
1291,32,11,-25.786829381154956,21.146801840209324,522.218
1292,32,12,-32.28705894255356,28.236065208082536,524.05
1293,32,13,-38.331540716488476,36.37986197248153,525.718
1294,32,14,-43.714921650468696,45.917141978515474,527.05
1295,32,15,-48.159687743422005,57.15388916326448,527.889
1296,32,16,-51.3242304991048,70.1814504766883,528.111
1297,32,17,-52.86839283647211,84.60896151334379,527.64
1298,32,18,-52.58501511799745,99.46172695791343,526.45
1299,32,19,-50.512506912478386,113.5499346871702,524.578
1300,32,20,-46.9118736537632,126.05839479348387,522.114
1301,32,21,-42.13436806520355,136.766328242123,519.203
1302,32,22,-36.5057799249253,145.8559576499543,516.027
1303,32,23,-30.28150025127896,153.65652545572908,512.791
1304,32,24,-23.648324472780644,160.49961002289484,509.709
1305,32,25,-16.74143910857782,166.67046737194792,506.98
1306,32,26,-9.661461382881239,172.40521714249567,504.776
1307,32,27,-2.4880362106117184,177.9032325564108,503.226
1308,32,28,4.71014028654946,-176.65694159893692,502.402
1309,32,29,11.866827866814452,-171.1019350865872,502.32
1310,32,30,18.910495453109597,-165.247889231996,502.934
1311,32,31,25.755499303432106,-158.88447518986192,504.145
1312,32,32,32.29085652773209,-151.75937211186636,505.813
1313,32,33,38.36538430382589,-143.56843167426865,507.765
1314,32,34,43.76958706949089,-133.9687647203558,509.821
1315,32,35,48.220899898763655,-122.65297175634224,511.804
1316,32,36,51.37283071014402,-109.53654285162737,513.562
1317,32,37,52.88356268661871,-95.03006799797738,514.977
1318,32,38,52.550935889133676,-80.13302243701854,515.982
1319,32,39,50.42400473630795,-66.04461663227585,516.559
1320,33,0,44.49001834767091,-39.016383293998146,516.712
1321,33,1,39.2184715160659,-29.201271683095595,516.469
1322,33,2,33.245576954821885,-20.843500459925735,516.097
1323,33,3,26.789813632467354,-13.598870779002244,515.736
1324,33,4,20.008588381067135,-7.156669651018421,515.525
1325,33,5,13.016563001312807,-1.2583019518510599,515.582
1326,33,6,5.9010798178763855,4.3107155196421685,515.994
1327,33,7,-1.266161792038452,9.735916421249902,516.803
1328,33,8,-8.420106944629978,15.189819912184145,518.002
1329,33,9,-15.494495868038197,20.847417573414738,519.534
1330,33,10,-22.41379510105752,26.90172286692343,521.295
1331,33,11,-29.0835362972775,33.579610771275945,523.144
1332,33,12,-35.37753512687674,41.15544144769523,524.916
1333,33,13,-41.12142369053398,49.952930004346754,526.436
1334,33,14,-46.074878367207745,60.30932727678365,527.539
1335,33,15,-49.924581304196614,72.45395003619993,528.083
1336,33,16,-52.3166911364535,86.26922340622298,527.965
1337,33,17,-52.959046522231105,101.0590145066451,527.134
1338,33,18,-51.75997266248952,115.66645321660623,525.595
1339,33,19,-48.8816728896382,129.02827032763213,523.412
1340,33,20,-44.64842409490185,140.63206504818845,520.704
1341,33,21,-39.40873668068036,150.49399760585146,517.636
1342,33,22,-33.45499738496365,158.89581330388413,514.403
1343,33,23,-27.006581638608758,166.17868009132866,511.218
1344,33,24,-20.222178641697187,172.65326229239386,508.288
1345,33,25,-13.217743661994595,178.5792300389453,505.803
1346,33,26,-6.081996587951214,-175.82764735067065,503.913
1347,33,27,1.1120682420513215,-170.38035292153202,502.721
1348,33,28,8.297921690567621,-164.90489079225628,502.27
1349,33,29,15.40769440897109,-159.22461861052855,502.545
1350,33,30,22.364018389933758,-153.14446617365323,503.473
1351,33,31,29.07018669254471,-146.4348981443829,504.932
1352,33,32,35.39722997734847,-138.81808974803812,506.765
1353,33,33,41.167144976838046,-129.96626020635,508.792
1354,33,34,46.13493963567425,-119.5389792307067,510.832
1355,33,35,49.982111987575635,-107.308767370801,512.72
1356,33,36,52.35104357288408,-93.40640225867112,514.318
1357,33,37,52.950976653726734,-78.55238688948336,515.533
1358,33,38,51.69859999770237,-63.923057423232336,516.323
1359,33,39,48.76741748520222,-50.57943252106076,516.696
1360,34,0,46.77413605896073,-35.56808715943634,516.744
1361,34,1,41.95842580727861,-24.905521534811747,516.615
1362,34,2,36.30439179724747,-15.861990781236146,516.291
1363,34,3,30.067004990583882,-8.102692685973855,515.906
1364,34,4,23.431915051570666,-1.2948418630850413,515.604
1365,34,5,16.532978320014443,4.846198935476583,515.513
1366,34,6,9.469521114372833,10.55526591408463,515.74
1367,34,7,2.3198045959294844,16.030361774466133,516.348
1368,34,8,-4.848822581891514,21.44856130528778,517.356
1369,34,9,-11.971647364912053,26.98167876889489,518.732
1370,34,10,-18.978863939154134,32.811757489688524,520.393
1371,34,11,-25.786829381154956,39.146781850537444,522.218
1372,34,12,-32.28705894255356,46.23604692595795,524.05
1373,34,13,-38.331540716488476,54.37984198280965,525.718
1374,34,14,-43.714921650468696,63.9171219888436,527.05
1375,34,15,-48.159687743422005,75.1538691735926,527.889
1376,34,16,-51.3242304991048,88.18143048701643,528.111
1377,34,17,-52.86839283647211,102.6089415236719,527.64
1378,34,18,-52.58501511799745,117.46170013805238,526.45
1379,34,19,-50.512506912478386,131.54992152768747,524.578
1380,34,20,-46.9118736537632,144.058374803812,522.114
1381,34,21,-42.13436806520355,154.7663082524511,519.203
1382,34,22,-36.5057799249253,163.85593766028242,516.027
1383,34,23,-30.28150025127896,171.6565054660572,512.791
1384,34,24,-23.648324472780644,178.49959003322294,509.709
1385,34,25,-16.74143910857782,-175.3295489752583,506.98
1386,34,26,-9.661461382881239,-169.59479920471054,504.776
1387,34,27,-2.4880362106117184,-164.0967837907954,503.226
1388,34,28,4.71014028654946,-158.6569615886088,502.402
1389,34,29,11.866827866814452,-153.1019550762591,502.32
1390,34,30,18.910495453109597,-147.24790922166787,502.934
1391,34,31,25.755499303432106,-140.8844951795338,504.145
1392,34,32,32.29085652773209,-133.75939210153823,505.813
1393,34,33,38.36538430382589,-125.56845166394052,507.765
1394,34,34,43.76958706949089,-115.96878471002768,509.821
1395,34,35,48.220899898763655,-104.65299174601411,511.804
1396,34,36,51.37283071014402,-91.53656284129926,513.562
1397,34,37,52.88356268661871,-77.03008798764925,514.977
1398,34,38,52.550935889133676,-62.133042426690416,515.982
1399,34,39,50.42400473630795,-48.044633206853135,516.559
1400,35,0,44.49001834767091,-21.016403283670023,516.712
1401,35,1,39.2184715160659,-11.201291672767471,516.469
1402,35,2,33.245576954821885,-2.8435210899278482,516.097
1403,35,3,26.789813632467354,4.401109658212702,515.736
1404,35,4,20.008588381067135,10.8433103593097,515.525
1405,35,5,13.016563001312807,16.74167816519877,515.582
1406,35,6,5.9010798178763855,22.310695103083468,515.994
1407,35,7,-1.266161792038452,27.735897285351673,516.803
1408,35,8,-8.420106944629978,33.18980163005956,518.002
1409,35,9,-15.494495868038197,38.84739758374286,519.534
1410,35,10,-22.41379510105752,44.90170458479884,521.295
1411,35,11,-29.0835362972775,51.57959078160407,523.144
1412,35,12,-35.37753512687674,59.155421458023355,524.916
1413,35,13,-41.12142369053398,67.95291001467488,526.436
1414,35,14,-46.074878367207745,78.30930728711178,527.539
1415,35,15,-49.924581304196614,90.45393004652804,528.083
1416,35,16,-52.3166911364535,104.2692034165511,527.965
1417,35,17,-52.959046522231105,119.05899451697323,527.134
1418,35,18,-51.75997266248952,133.66643322693434,525.595
1419,35,19,-48.8816728896382,147.02825033796026,523.412
1420,35,20,-44.64842409490185,158.63204505851658,520.704
1421,35,21,-39.40873668068036,168.49397761617956,517.636
1422,35,22,-33.45499738496365,176.89579331421226,514.403
1423,35,23,-27.006581638608758,-175.82133625587755,511.218
1424,35,24,-20.222178641697187,-169.34675405481235,508.288
1425,35,25,-13.217743661994595,-163.42079996863924,505.803
1426,35,26,-6.081996587951214,-157.82766734034251,503.913
1427,35,27,1.1120682420513215,-152.38037291120392,502.721
1428,35,28,8.297921690567621,-146.90491078192818,502.27
1429,35,29,15.40769440897109,-141.22463860020042,502.545
1430,35,30,22.364018389933758,-135.14448616332513,503.473
1431,35,31,29.07018669254471,-128.43491813405478,504.932
1432,35,32,35.39722997734847,-120.81810973771,506.765
1433,35,33,41.167144976838046,-111.96627336583269,508.792
1434,35,34,46.13493963567425,-101.53900605056775,510.832
1435,35,35,49.982111987575635,-89.30878736047288,512.72
1436,35,36,52.35104357288408,-75.40642224834299,514.318
1437,35,37,52.950976653726734,-60.552406879155235,515.533
1438,35,38,51.69859999770237,-45.923080827998795,516.323
1439,35,39,48.76741748520222,-32.57945251073264,516.696
1440,36,0,46.77413605896073,-17.568079828351536,516.744
1441,36,1,41.95842580727861,-6.9055133499532975,516.615
1442,36,2,36.30439179724747,2.1380159095184217,516.291
1443,36,3,30.067004990583882,9.89731464511095,515.906
1444,36,4,23.431915051570666,16.705165681443173,515.604
1445,36,5,16.532978320014443,22.846205839674564,515.513
1446,36,6,9.469521114372833,28.55527409894308,515.74
1447,36,7,2.3198045959294844,34.03036910555093,516.348
1448,36,8,-4.848822581891514,39.44856692882529,517.356
1449,36,9,-11.971647364912053,44.9816860999797,518.732
1450,36,10,-18.978863939154134,50.81176482077333,520.393
1451,36,11,-25.786829381154956,57.146789181622246,522.218
1452,36,12,-32.28705894255356,64.23605084194817,524.05
1453,36,13,-38.331540716488476,72.37984931389445,525.718
1454,36,14,-43.714921650468696,81.91712931992839,527.05
1455,36,15,-48.159687743422005,93.1538765046774,527.889
1456,36,16,-51.3242304991048,106.18143781810123,528.111
1457,36,17,-52.86839283647211,120.60895568494588,527.64
1458,36,18,-52.58501511799745,135.4617074691372,526.45
1459,36,19,-50.512506912478386,149.5499288587723,524.578
1460,36,20,-46.9118736537632,162.0583821348968,522.114
1461,36,21,-42.13436806520355,172.7663155835359,519.203
1462,36,22,-36.5057799249253,-178.1440513661671,516.027
1463,36,23,-30.28150025127896,-170.34348356039231,512.791
1464,36,24,-23.648324472780644,-163.50039899322658,509.709
1465,36,25,-16.74143910857782,-157.3295416441735,506.98
1466,36,26,-9.661461382881239,-151.59479187362572,504.776
1467,36,27,-2.4880362106117184,-146.0967764597106,503.226
1468,36,28,4.71014028654946,-140.65695425752398,502.402
1469,36,29,11.866827866814452,-135.10194774517427,502.32
1470,36,30,18.910495453109597,-129.24790189058308,502.934
1471,36,31,25.755499303432106,-122.88448784844898,504.145
1472,36,32,32.29085652773209,-115.75938477045342,505.813
1473,36,33,38.36538430382589,-107.56844433285572,507.765
1474,36,34,43.76958706949089,-97.96877737894287,509.821
1475,36,35,48.220899898763655,-86.6529844149293,511.804
1476,36,36,51.37283071014402,-73.53655551021446,513.562
1477,36,37,52.88356268661871,-59.03008065656445,514.977
1478,36,38,52.550935889133676,-44.13303509560561,515.982
1479,36,39,50.42400473630795,-30.044625875768332,516.559
1480,37,0,44.49001834767091,-3.016395525698398,516.712
1481,37,1,39.2184715160659,6.798715231430509,516.469
1482,37,2,33.245576954821885,15.15648688148719,516.097
1483,37,3,26.789813632467354,22.40111656241068,515.736
1484,37,4,20.008588381067135,28.843318544168152,515.525
1485,37,5,13.016563001312807,34.74168549628357,515.582
1486,37,6,5.9010798178763855,40.31070414171556,515.994
1487,37,7,-1.266161792038452,45.73590290888918,516.803
1488,37,8,-8.420106944629978,51.189808961144365,518.002
1489,37,9,-15.494495868038197,56.84740491482766,519.534
1490,37,10,-22.41379510105752,62.901711915883645,521.295
1491,37,11,-29.0835362972775,69.57960152778345,523.144
1492,37,12,-35.37753512687674,77.15542878910816,524.916
1493,37,13,-41.12142369053398,85.95291734575969,526.436
1494,37,14,-46.074878367207745,96.30931461819658,527.539
1495,37,15,-49.924581304196614,108.45393737761285,528.083
1496,37,16,-52.3166911364535,122.2692107476359,527.965
1497,37,17,-52.959046522231105,137.05900184805802,527.134
1498,37,18,-51.75997266248952,151.66644055801916,525.595
1499,37,19,-48.8816728896382,165.02825766904508,523.412
1500,37,20,-44.64842409490185,176.6320523896014,520.704
1501,37,21,-39.40873668068036,-173.50601141026996,517.636
1502,37,22,-33.45499738496365,-165.1042093726156,514.403
1503,37,23,-27.006581638608758,-157.82132892479274,511.218
1504,37,24,-20.222178641697187,-151.34674672372753,508.288
1505,37,25,-13.217743661994595,-145.42079263755443,505.803
1506,37,26,-6.081996587951214,-139.82766000925773,503.913
1507,37,27,1.1120682420513215,-134.3803655801191,502.721
1508,37,28,8.297921690567621,-128.90490345084336,502.27
1509,37,29,15.40769440897109,-123.22463126911562,502.545
1510,37,30,22.364018389933758,-117.14447883224031,503.473
1511,37,31,29.07018669254471,-110.43491763315916,504.932
1512,37,32,35.39722997734847,-102.81810923681438,506.765
1513,37,33,41.167144976838046,-93.96626603474789,508.792
1514,37,34,46.13493963567425,-83.53899871948295,510.832
1515,37,35,49.982111987575635,-71.30878002938807,512.72
1516,37,36,52.35104357288408,-57.40641491725819,514.318
1517,37,37,52.950976653726734,-42.552396132975844,515.533
1518,37,38,51.69859999770237,-27.923073496913993,516.323
1519,37,39,48.76741748520222,-14.57944347210054,516.696
1520,38,0,46.77413605896073,0.4319280897026481,516.744
1521,38,1,41.95842580727861,11.094493981131505,516.615
1522,38,2,36.30439179724747,20.13802388093346,516.291
1523,38,3,30.067004990583882,27.89732197619575,515.906
1524,38,4,23.431915051570666,34.70517130498069,515.604
1525,38,5,16.532978320014443,40.84621487830666,515.513
1526,38,6,9.469521114372833,46.55527972248059,515.74
1527,38,7,2.3198045959294844,52.03037643663574,516.348
1528,38,8,-4.848822581891514,57.44857767500468,517.356
1529,38,9,-11.971647364912053,62.9816934310645,518.732
1530,38,10,-18.978863939154134,68.81177215185814,520.393
1531,38,11,-25.786829381154956,75.14679309761247,522.218
1532,38,12,-32.28705894255356,82.23605817303297,524.05
1533,38,13,-38.331540716488476,90.37985664497926,525.718
1534,38,14,-43.714921650468696,99.9171366510132,527.05
1535,38,15,-48.159687743422005,111.1538838357622,527.889
1536,38,16,-51.3242304991048,124.18144514918603,528.111
1537,38,17,-52.86839283647211,138.60896301603069,527.64
1538,38,18,-52.58501511799745,153.46171480022198,526.45
1539,38,19,-50.512506912478386,167.54993618985708,524.578
1540,38,20,-46.9118736537632,-179.94160689155274,522.114
1541,38,21,-42.13436806520355,-169.2336734429136,519.203
1542,38,22,-36.5057799249253,-160.14404403508232,516.027
1543,38,23,-30.28150025127896,-152.3434762293075,512.791
1544,38,24,-23.648324472780644,-145.50039166214177,509.709
1545,38,25,-16.74143910857782,-139.3295343130887,506.98
1546,38,26,-9.661461382881239,-133.59478454254094,504.776
1547,38,27,-2.4880362106117184,-128.0967691286258,503.226
1548,38,28,4.71014028654946,-122.65694692643918,502.402
1549,38,29,11.866827866814452,-117.10194041408947,502.32
1550,38,30,18.910495453109597,-111.2478877293091,502.934
1551,38,31,25.755499303432106,-104.88448051736418,504.145
1552,38,32,32.29085652773209,-97.75937743936862,505.813
1553,38,33,38.36538430382589,-89.56843700177092,507.765
1554,38,34,43.76958706949089,-79.96877004785807,509.821
1555,38,35,48.220899898763655,-68.6529770838445,511.804
1556,38,36,51.37283071014402,-55.536544764035064,513.562
1557,38,37,52.88356268661871,-41.03007332547965,514.977
1558,38,38,52.550935889133676,-26.133026056973513,515.982
1559,38,39,50.42400473630795,-12.04461854468353,516.559
1560,39,0,44.49001834767091,14.983611378499582,516.712
1561,39,1,39.2184715160659,24.798722989402137,516.469
1562,39,2,33.245576954821885,33.15649421257199,516.097
1563,39,3,26.789813632467354,40.40112560104278,515.736
1564,39,4,20.008588381067135,46.84332587525295,515.525
1565,39,5,13.016563001312807,52.741692827368375,515.582
1566,39,6,5.9010798178763855,58.31071147280037,515.994
1567,39,7,-1.266161792038452,63.73591023997398,516.803
1568,39,8,-8.420106944629978,69.18981629222917,518.002
1569,39,9,-15.494495868038197,74.84741224591247,519.534
1570,39,10,-22.41379510105752,80.90171924696845,521.295
1571,39,11,-29.0835362972775,87.57960885886826,523.144
1572,39,12,-35.37753512687674,95.15543612019296,524.916
1573,39,13,-41.12142369053398,103.95292467684449,526.436
1574,39,14,-46.074878367207745,114.30932194928138,527.539
1575,39,15,-49.924581304196614,126.45394470869765,528.083
1576,39,16,-52.3166911364535,140.2692180787207,527.965
1577,39,17,-52.959046522231105,155.05900917914283,527.134
1578,39,18,-51.75997266248952,169.66644788910395,525.595
1579,39,19,-48.8816728896382,-176.97173135740445,523.412
1580,39,20,-44.64842409490185,-165.36793663684813,520.704
1581,39,21,-39.40873668068036,-155.50600407918515,517.636
1582,39,22,-33.45499738496365,-147.1042020415308,514.403
1583,39,23,-27.006581638608758,-139.82132159370795,511.218
1584,39,24,-20.222178641697187,-133.34673939264275,508.288
1585,39,25,-13.217743661994595,-127.42078530646964,505.803
1586,39,26,-6.081996587951214,-121.82765267817291,503.913
1587,39,27,1.1120682420513215,-116.3803582490343,502.721
1588,39,28,8.297921690567621,-110.90489611975856,502.27
1589,39,29,15.40769440897109,-105.22462393803082,502.545
1590,39,30,22.364018389933758,-99.14447150115551,503.473
1591,39,31,29.07018669254471,-92.43491030207436,504.932
1592,39,32,35.39722997734847,-84.81810190572958,506.765
1593,39,33,41.167144976838046,-75.96625870366309,508.792
1594,39,34,46.13493963567425,-65.53899138839814,510.832
1595,39,35,49.982111987575635,-53.30877269830327,512.72
1596,39,36,52.35104357288408,-39.40640758617339,514.318
1597,39,37,52.950976653726734,-24.552390509438332,515.533
1598,39,38,51.69859999770237,-9.923065312055543,516.323
1599,39,39,48.76741748520222,3.42056343209744,516.696
