0,0,0,52.9209648025137,-37.03786190655305,515.584
1,0,1,51.535201382188156,-22.472881360020008,516.342
2,0,2,48.49166908803047,-9.252127292148728,516.687
3,0,3,44.12880720850937,2.1753085289432796,516.681
4,0,4,38.796041391373535,11.870756079360856,516.427
5,0,5,32.78061865726244,20.134229710849517,516.052
6,0,6,26.295885087543297,27.309270009414334,515.701
7,0,7,19.495465297028048,33.702844459375896,515.509
8,0,8,12.491505015472772,39.5698505979172,515.593
9,0,9,5.369840937724311,45.12207039308555,516.037
10,0,10,-1.7986265844248384,50.54353987697234,516.88
11,0,11,-8.949000081688977,56.00642079779692,518.109
12,0,12,-16.014626726165716,61.68650514932249,519.666
13,0,13,-22.91893540150415,67.77878800216374,521.442
14,0,14,-29.565566652667396,74.51323841058043,523.294
15,0,15,-35.82540429113281,82.16809779079135,525.056
16,0,16,-41.51975349273996,91.0700131096632,526.553
17,0,17,-46.40284014548966,101.55378657993165,527.621
18,0,18,-50.15651745293732,113.83250644332279,528.12
19,0,19,-52.42710114438676,127.75161234910837,527.951
20,0,20,-52.93275370902114,142.570308810098,527.066
21,0,21,-51.60067899066648,157.11654902509582,525.476
22,0,22,-48.60967768141537,170.35771767462262,523.249
23,0,23,-44.29021140878594,-178.17324359467975,520.507
24,0,24,-38.9884478202928,-168.43100327203206,517.417
25,0,25,-32.99136755919776,-160.12389497703077,514.178
26,0,26,-26.513223414480397,-152.91105128895722,511.002
27,0,27,-19.708968472746182,-146.48549618575436,508.096
28,0,28,-12.692027416673298,-140.59120685657345,505.647
29,0,29,-5.549565839788972,-135.01505407855336,503.803
30,0,30,1.646142504482598,-129.57158455534997,502.661
31,0,31,8.828754601350903,-124.08712023674815,502.261
32,0,32,15.92998872951821,-118.38421280811099,502.584
33,0,33,22.871407530164618,-112.26575667037024,503.553
34,0,34,29.554382217901498,-105.49909508982778,505.043
35,0,35,35.846960368153375,-97.80241446132888,506.894
36,0,36,41.566734948945886,-88.84499019507233,508.926
37,0,37,46.46320194227965,-78.28898747433098,510.959
38,0,38,50.21299287208957,-65.92383839718251,512.828
39,0,39,52.458888844784,-51.918255466315394,514.399
40,1,0,52.45242748582917,-20.640490162320035,516.017
41,1,1,50.20116981463628,-6.65160192133172,516.564
42,1,2,46.45232828112099,5.690701880590353,516.723
43,1,3,41.563907250629505,16.22342902418759,516.577
44,1,4,35.85871170862038,25.159648968165826,516.246
45,1,5,29.58613918244747,32.837387774549,515.865
46,1,6,22.927348487014314,39.586639202897096,515.577
47,1,7,16.01309505624434,45.688091584699094,515.51
48,1,8,8.940721038641277,51.37334297433178,515.767
49,1,9,1.7873533571997324,56.83829344247487,516.408
50,1,10,-5.380106285160017,62.25907990744466,517.449
51,1,11,-12.496856468687476,67.80776166462293,518.852
52,1,12,-19.49236439114486,73.66774978379206,520.535
53,1,13,-26.281577548779413,80.04959167630683,522.369
54,1,14,-32.753622334567964,87.20616143580864,524.197
55,1,15,-38.75687708667268,95.44149127282226,525.849
56,1,16,-44.08102662017055,105.09562898536596,527.15
57,1,17,-48.443021065667054,116.46637765144145,527.949
58,1,18,-51.49821932292712,129.61869920024472,528.123
59,1,19,-52.91127276408145,144.11727835521418,527.599
60,1,20,-52.4905262810195,158.9526268174003,526.357
61,1,21,-50.293674481660354,172.94414638876637,524.436
62,1,22,-46.5934741403193,-174.6801345889735,521.932
63,1,23,-41.742421074776956,-164.10167420624114,518.993
64,1,24,-36.06183128925281,-155.11963393821586,515.803
65,1,25,-29.80156676396426,-147.4010557232379,512.569
66,1,26,-23.144007210128997,-140.61703863201444,509.503
67,1,27,-16.221168231572314,-134.4860969084709,506.804
68,1,28,-9.131734962743499,-128.77541672455826,504.642
69,1,29,-1.954176245365651,-123.28767391515484,503.14
70,1,30,5.243216487588268,-117.84529722221863,502.368
71,1,31,12.394103102813805,-112.27464274648042,502.336
72,1,32,19.426229376958922,-106.39045526708196,502.995
73,1,33,26.252492895746208,-99.97979680645889,504.243
74,1,34,32.759468976497494,-92.78670602546502,505.934
75,1,35,38.79233259865422,-84.50322335480281,507.899
76,1,36,44.13652873736607,-74.7854077886271,509.953
77,1,37,48.50389854173938,-63.33439756961479,511.923
78,1,38,51.54500270364712,-50.09298303327787,513.657
79,1,39,52.92322218003439,-35.51706906143093,515.044
80,2,0,52.9209648025137,-19.03786140565741,515.584
81,2,1,51.535201382188156,-4.47288043223755,516.342
82,2,2,48.49166908803047,8.747873208746904,516.687
83,2,3,44.12880720850937,20.17530988361256,516.681
84,2,4,38.796041391373535,29.87075658025649,516.427
85,2,5,32.78061865726244,38.13423021174515,516.052
86,2,6,26.295885087543297,45.30926880276267,515.701
87,2,7,19.495465297028048,51.702844960271534,515.509
88,2,8,12.491505015472772,57.56985451390742,515.593
89,2,9,5.369840937724311,63.1220674788866,516.037
90,2,10,-1.7986265844248384,68.54353696277339,516.88
91,2,11,-8.949000081688977,74.00641788359798,518.109
92,2,12,-16.014626726165716,79.68650565021812,519.666
93,2,13,-22.91893540150415,85.77878850305937,521.442
94,2,14,-29.565566652667396,92.51323891147607,523.294
95,2,15,-35.82540429113281,100.16809829168697,525.056
96,2,16,-41.51975349273996,109.07001361055883,526.553
97,2,17,-46.40284014548966,119.55378708082729,527.621
98,2,18,-50.15651745293732,131.83250011402924,528.12
99,2,19,-52.42710114438676,145.7516196801932,527.951
100,2,20,-52.93275370902114,160.57031614118281,527.066
101,2,21,-51.60067899066648,175.11654269580228,525.476
102,2,22,-48.60967768141537,-171.64228501220526,523.249
103,2,23,-44.29021140878594,-160.1732499239733,520.507
104,2,24,-38.9884478202928,-150.43099594094724,517.417
105,2,25,-32.99136755919776,-142.12388764594596,514.178
106,2,26,-26.513223414480397,-134.9110439578724,511.002
107,2,27,-19.708968472746182,-128.48548885466957,508.096
108,2,28,-12.692027416673298,-122.59119952548863,505.647
109,2,29,-5.549565839788972,-117.01504674746857,503.803
110,2,30,1.646142504482598,-111.57157722426517,502.661
111,2,31,8.828754601350903,-106.08712656604169,502.261
112,2,32,15.92998872951821,-100.38421230721535,502.584
113,2,33,22.871407530164618,-94.26575616947461,503.553
114,2,34,29.554382217901498,-87.49909458893215,505.043
115,2,35,35.846960368153375,-79.80241396043324,506.894
116,2,36,41.566734948945886,-70.8449896941767,508.926
117,2,37,46.46320194227965,-60.28898697343535,510.959
118,2,38,50.21299287208957,-47.92383789628688,512.828
119,2,39,52.458888844784,-33.91825496541976,514.399
120,3,0,52.45242748582917,-2.640489447980988,516.017
121,3,1,50.20116981463628,11.348398579563913,516.564
122,3,2,46.45232828112099,23.690702381485988,516.723
123,3,3,41.563907250629505,34.22343123263052,516.577
124,3,4,35.85871170862038,43.159651176608754,516.246
125,3,5,29.58613918244747,50.83738827544463,515.865
126,3,6,22.927348487014314,57.586636288698145,515.577
127,3,7,16.01309505624434,63.688092085594725,515.51
128,3,8,8.940721038641277,69.37334347522741,515.767
129,3,9,1.7873533571997324,74.8382939433705,516.408
130,3,10,-5.380106285160017,80.2590804083403,517.449
131,3,11,-12.496856468687476,85.80776216551857,518.852
132,3,12,-19.49236439114486,91.66775028468768,520.535
133,3,13,-26.281577548779413,98.04959217720247,522.369
134,3,14,-32.753622334567964,105.20616193670428,524.197
135,3,15,-38.75687708667268,113.4414917737179,525.849
136,3,16,-44.08102662017055,123.09562265607242,527.15
137,3,17,-48.443021065667054,134.46638498252625,527.949
138,3,18,-51.49821932292712,147.61870653132954,528.123
139,3,19,-52.91127276408145,162.117285686299,527.599
140,3,20,-52.4905262810195,176.95263414848512,526.357
141,3,21,-50.293674481660354,-169.0558562980615,524.436
142,3,22,-46.5934741403193,-156.68012725788867,521.932
143,3,23,-41.742421074776956,-146.10168053553468,518.993
144,3,24,-36.06183128925281,-137.1196402675094,515.803
145,3,25,-29.80156676396426,-129.40106205253144,512.569
146,3,26,-23.144007210128997,-122.61703130092963,509.503
147,3,27,-16.221168231572314,-116.48610323776444,506.804
148,3,28,-9.131734962743499,-110.77540939347347,504.642
149,3,29,-1.954176245365651,-105.2876734142592,503.14
150,3,30,5.243216487588268,-99.84529672132301,502.368
151,3,31,12.394103102813805,-94.2746422455848,502.336
152,3,32,19.426229376958922,-88.39045476618632,502.995
153,3,33,26.252492895746208,-81.97979630556327,504.243
154,3,34,32.759468976497494,-74.7867055245694,505.934
155,3,35,38.79233259865422,-66.50322285390718,507.899
156,3,36,44.13652873736607,-56.78540387263688,509.953
157,3,37,48.50389854173938,-45.33440048381374,511.923
158,3,38,51.54500270364712,-32.09298253238223,513.657
159,3,39,52.92322218003439,-17.517068560535296,515.044
160,4,0,52.9209648025137,-1.037861651813718,515.584
161,4,1,51.535201382188156,13.527120495544906,516.342
162,4,2,48.49166908803047,26.747874563416186,516.687
163,4,3,44.12880720850937,38.175310384508194,516.681
164,4,4,38.796041391373535,47.87075708115212,516.427
165,4,5,32.78061865726244,56.134230712640786,516.052
166,4,6,26.295885087543297,63.30926930365831,515.701
167,4,7,19.495465297028048,69.70284546116717,515.509
168,4,8,12.491505015472772,75.56985501480305,515.593
169,4,9,5.369840937724311,81.12206797978223,516.037
170,4,10,-1.7986265844248384,86.54353746366903,516.88
171,4,11,-8.949000081688977,92.0064183844936,518.109
172,4,12,-16.014626726165716,97.68650615111376,519.666
173,4,13,-22.91893540150415,103.77878900395501,521.442
174,4,14,-29.565566652667396,110.51323941237169,523.294
175,4,15,-35.82540429113281,118.16809196239345,525.056
176,4,16,-41.51975349273996,127.07001411145446,526.553
177,4,17,-46.40284014548966,137.55378075153376,527.621
178,4,18,-50.15651745293732,149.83250744511406,528.12
179,4,19,-52.42710114438676,163.75161335089965,527.951
180,4,20,-52.93275370902114,178.57030981188927,527.066
181,4,21,-51.60067899066648,-166.88345999102557,525.476
182,4,22,-48.60967768141537,-153.64229134149878,523.249
183,4,23,-44.29021140878594,-142.17324259288847,520.507
184,4,24,-38.9884478202928,-132.43100227024078,517.417
185,4,25,-32.99136755919776,-124.1238939752395,514.178
186,4,26,-26.513223414480397,-116.91105028716595,511.002
187,4,27,-19.708968472746182,-110.4854951839631,508.096
188,4,28,-12.692027416673298,-104.59120585478217,505.647
189,4,29,-5.549565839788972,-99.0150530767621,503.803
190,4,30,1.646142504482598,-93.57157672336953,502.661
191,4,31,8.828754601350903,-88.08712606514605,502.261
192,4,32,15.92998872951821,-82.38421180631973,502.584
193,4,33,22.871407530164618,-76.26575566857898,503.553
194,4,34,29.554382217901498,-69.49909408803651,505.043
195,4,35,35.846960368153375,-61.802413459537604,506.894
196,4,36,41.566734948945886,-52.84498577818648,508.926
197,4,37,46.46320194227965,-42.2889898876343,510.959
198,4,38,50.21299287208957,-29.923837395391242,512.828
199,4,39,52.458888844784,-15.91825617207142,514.399
200,5,0,52.45242748582917,15.359510839471234,516.017
201,5,1,50.20116981463628,29.34840078800684,516.564
202,5,2,46.45232828112099,41.69070288238162,516.723
203,5,3,41.563907250629505,52.22343173352615,516.577
204,5,4,35.85871170862038,61.159651677504385,516.246
205,5,5,29.58613918244747,68.83739219143484,515.865
206,5,6,22.927348487014314,75.58663678959378,515.577
207,5,7,16.01309505624434,81.68809258649036,515.51
208,5,8,8.940721038641277,87.37334397612304,515.767
209,5,9,1.7873533571997324,92.83829444426614,516.408
210,5,10,-5.380106285160017,98.25908090923592,517.449
211,5,11,-12.496856468687476,103.8077626664142,518.852
212,5,12,-19.49236439114486,109.66775078558332,520.535
213,5,13,-26.281577548779413,116.04958584790893,522.369
214,5,14,-32.753622334567964,123.20616243759991,524.197
215,5,15,-38.75687708667268,131.44149910480272,525.849
216,5,16,-44.08102662017055,141.09562998715722,527.15
217,5,17,-48.443021065667054,152.4663786532327,527.949
218,5,18,-51.49821932292712,165.618700202036,528.123
219,5,19,-52.91127276408145,-179.88271700052888,527.599
220,5,20,-52.4905262810195,-165.04736853834277,526.357
221,5,21,-50.293674481660354,-151.0558489669767,524.436
222,5,22,-46.5934741403193,-138.6801335871822,521.932
223,5,23,-41.742421074776956,-128.10167320444987,518.993
224,5,24,-36.06183128925281,-119.1196329364246,515.803
225,5,25,-29.80156676396426,-111.40105472144663,512.569
226,5,26,-23.144007210128997,-104.617030800034,509.503
227,5,27,-16.221168231572314,-98.48609590667964,506.804
228,5,28,-9.131734962743499,-92.77540889257783,504.642
229,5,29,-1.954176245365651,-87.28767291336358,503.14
230,5,30,5.243216487588268,-81.84529622042737,502.368
231,5,31,12.394103102813805,-76.27464174468916,502.336
232,5,32,19.426229376958922,-70.39045426529069,502.995
233,5,33,26.252492895746208,-63.97979580466763,504.243
234,5,34,32.759468976497494,-56.78670843876835,505.934
235,5,35,38.79233259865422,-48.50321893791696,507.899
236,5,36,44.13652873736607,-38.78540337174124,509.953
237,5,37,48.50389854173938,-27.334398275370813,511.923
238,5,38,51.54500270364712,-14.092982885260247,513.657
239,5,39,52.92322218003439,0.48293210044289525,515.044
240,6,0,52.9209648025137,16.962139596133856,515.584
241,6,1,51.535201382188156,31.527121850214186,516.342
242,6,2,48.49166908803047,44.74787506431182,516.687
243,6,3,44.12880720850937,56.175310885403825,516.681
244,6,4,38.796041391373535,65.87075416695318,516.427
245,6,5,32.78061865726244,74.13423121353642,516.052
246,6,6,26.295885087543297,81.30926980455395,515.701
247,6,7,19.495465297028048,87.7028459620628,515.509
248,6,8,12.491505015472772,93.56985551569869,515.593
249,6,9,5.369840937724311,99.12206848067787,516.037
250,6,10,-1.7986265844248384,104.54353796456466,516.88
251,6,11,-8.949000081688977,110.00641888538924,518.109
252,6,12,-16.014626726165716,115.68650665200938,519.666
253,6,13,-22.91893540150415,121.77878950485065,521.442
254,6,14,-29.565566652667396,128.5132467434565,523.294
255,6,15,-35.82540429113281,136.16809929347824,525.056
256,6,16,-41.51975349273996,145.07000778216093,526.553
257,6,17,-46.40284014548966,155.55378808261855,527.621
258,6,18,-50.15651745293732,167.83250111582052,528.12
259,6,19,-52.42710114438676,-178.24837567554988,527.951
260,6,20,-52.93275370902114,-163.42967921456025,527.066
261,6,21,-51.60067899066648,-148.8834526599408,525.476
262,6,22,-48.60967768141537,-135.642284010414,523.249
263,6,23,-44.29021140878594,-124.17324892218201,520.507
264,6,24,-38.9884478202928,-114.43099493915598,517.417
265,6,25,-32.99136755919776,-106.12389347434387,514.178
266,6,26,-26.513223414480397,-98.91104978627033,511.002
267,6,27,-19.708968472746182,-92.48549468306747,508.096
268,6,28,-12.692027416673298,-86.59120535388654,505.647
269,6,29,-5.549565839788972,-81.01505257586648,503.803
270,6,30,1.646142504482598,-75.57157622247391,502.661
271,6,31,8.828754601350903,-70.08712556425043,502.261
272,6,32,15.92998872951821,-64.38421130542409,502.584
273,6,33,22.871407530164618,-58.265755167683345,503.553
274,6,34,29.554382217901498,-51.499090172046294,505.043
275,6,35,35.846960368153375,-43.80241295864197,506.894
276,6,36,41.566734948945886,-34.844985277290846,508.926
277,6,37,46.46320194227965,-24.288987679191376,510.959
278,6,38,50.21299287208957,-11.923836040721964,512.828
279,6,39,52.458888844784,2.08174518259786,514.399
280,7,0,52.45242748582917,33.35950792527228,516.017
281,7,1,50.20116981463628,47.34839787380789,516.564
282,7,2,46.45232828112099,59.69070338327725,516.723
283,7,3,41.563907250629505,70.2234288193272,516.577
284,7,4,35.85871170862038,79.15964534821084,516.246
285,7,5,29.58613918244747,86.83738586214132,515.865
286,7,6,22.927348487014314,93.5866372904894,515.577
287,7,7,16.01309505624434,99.688093087386,515.51
288,7,8,8.940721038641277,105.37334447701868,515.767
289,7,9,1.7873533571997324,110.8382881149726,516.408
290,7,10,-5.380106285160017,116.25908141013156,517.449
291,7,11,-12.496856468687476,121.80776316730984,518.852
292,7,12,-19.49236439114486,127.66775128647896,520.535
293,7,13,-26.281577548779413,134.04959317899372,522.369
294,7,14,-32.753622334567964,141.20615610830637,524.197
295,7,15,-38.75687708667268,149.44149277550918,525.849
296,7,16,-44.08102662017055,159.09562365786368,527.15
297,7,17,-48.443021065667054,170.46638598431753,527.949
298,7,18,-51.49821932292712,-176.3813024847919,528.123
299,7,19,-52.91127276408145,-161.8827233298224,527.599
300,7,20,-52.4905262810195,-147.0473748676363,526.357
301,7,21,-50.293674481660354,-133.05585529627024,524.436
302,7,22,-46.5934741403193,-120.68013991647575,521.932
303,7,23,-41.742421074776956,-110.10167953374341,518.993
304,7,24,-36.06183128925281,-101.11963926571813,515.803
305,7,25,-29.80156676396426,-93.40106105074017,512.569
306,7,26,-23.144007210128997,-86.61703712932753,509.503
307,7,27,-16.221168231572314,-80.48610223597318,506.804
308,7,28,-9.131734962743499,-74.77541522187137,504.642
309,7,29,-1.954176245365651,-69.2876792426571,503.14
310,7,30,5.243216487588268,-63.84529571953174,502.368
311,7,31,12.394103102813805,-58.2746480739827,502.336
312,7,32,19.426229376958922,-52.390453764395055,502.995
313,7,33,26.252492895746208,-45.979795303772,504.243
314,7,34,32.759468976497494,-38.7867113529673,505.934
315,7,35,38.79233259865422,-30.503221852115914,507.899
316,7,36,44.13652873736607,-20.785406285940194,509.953
317,7,37,48.50389854173938,-9.334401189569764,511.923
318,7,38,51.54500270364712,3.9070142005408024,513.657
319,7,39,52.92322218003439,18.482929026161386,515.044
320,8,0,52.9209648025137,34.96214009702949,515.584
321,8,1,51.535201382188156,49.52712235110982,516.342
322,8,2,48.49166908803047,62.74787556520745,516.687
323,8,3,44.12880720850937,74.17530797120487,516.681
324,8,4,38.796041391373535,83.8707546678488,516.427
325,8,5,32.78061865726244,92.13423171443205,516.052
326,8,6,26.295885087543297,99.30927030544957,515.701
327,8,7,19.495465297028048,105.70284646295843,515.509
328,8,8,12.491505015472772,111.56985601659433,515.593
329,8,9,5.369840937724311,117.12207581176267,516.037
330,8,10,-1.7986265844248384,122.54353846546029,516.88
331,8,11,-8.949000081688977,128.00641938628488,518.109
332,8,12,-16.014626726165716,133.6865139830942,519.666
333,8,13,-22.91893540150415,139.77879683593545,521.442
334,8,14,-29.565566652667396,146.51324041416296,523.294
335,8,15,-35.82540429113281,154.16809296418472,525.056
336,8,16,-41.51975349273996,163.07001511324572,526.553
337,8,17,-46.40284014548966,173.553781753325,527.621
338,8,18,-50.15651745293732,-174.167487910629,528.12
339,8,19,-52.42710114438676,-160.24838200484342,527.951
340,8,20,-52.93275370902114,-145.4296855438538,527.066
341,8,21,-51.60067899066648,-130.88345898923433,525.476
342,8,22,-48.60967768141537,-117.64229033970751,523.249
343,8,23,-44.29021140878594,-106.17324842128637,520.507
344,8,24,-38.9884478202928,-96.43099443826036,517.417
345,8,25,-32.99136755919776,-88.12389297344824,514.178
346,8,26,-26.513223414480397,-80.91104928537469,511.002
347,8,27,-19.708968472746182,-74.48549418217183,508.096
348,8,28,-12.692027416673298,-68.59120485299091,505.647
349,8,29,-5.549565839788972,-63.01505207497084,503.803
350,8,30,1.646142504482598,-57.57157572157827,502.661
351,8,31,8.828754601350903,-52.0871216482602,502.261
352,8,32,15.92998872951821,-46.38420738943387,502.584
353,8,33,22.871407530164618,-40.265758081882296,503.553
354,8,34,29.554382217901498,-33.499089671150664,505.043
355,8,35,35.846960368153375,-25.802410750199048,506.894
356,8,36,41.566734948945886,-16.84498477639521,508.926
357,8,37,46.46320194227965,-6.288987605182566,510.959
358,8,38,50.21299287208957,6.076164460173669,512.828
359,8,39,52.458888844784,20.08174482971985,514.399
360,9,0,52.45242748582917,51.35950842616791,516.017
361,9,1,50.20116981463628,65.34839495960894,516.564
362,9,2,46.45232828112099,77.69070388417289,516.723
363,9,3,41.563907250629505,88.22342932022283,516.577
364,9,4,35.85871170862038,97.15964584910648,516.246
365,9,5,29.58613918244747,104.83738636303694,515.865
366,9,6,22.927348487014314,111.58663779138504,515.577
367,9,7,16.01309505624434,117.68809358828163,515.51
368,9,8,8.940721038641277,123.37333814772514,515.767
369,9,9,1.7873533571997324,128.8382954460574,516.408
370,9,10,-5.380106285160017,134.25907508083802,517.449
371,9,11,-12.496856468687476,139.8077568380163,518.852
372,9,12,-19.49236439114486,145.66774495718542,520.535
373,9,13,-26.281577548779413,152.0495868497002,522.369
374,9,14,-32.753622334567964,159.20616343939116,524.197
375,9,15,-38.75687708667268,167.44148644621563,525.849
376,9,16,-44.08102662017055,177.0956309889485,527.15
377,9,17,-48.443021065667054,-171.53361670251036,527.949
378,9,18,-51.49821932292712,-158.38129515370707,528.123
379,9,19,-52.91127276408145,-143.8827159987376,527.599
380,9,20,-52.4905262810195,-129.0473675365515,526.357
381,9,21,-50.293674481660354,-115.05584796518544,524.436
382,9,22,-46.5934741403193,-102.68013258539095,521.932
383,9,23,-41.742421074776956,-92.10167903284777,518.993
384,9,24,-36.06183128925281,-83.1196387648225,515.803
385,9,25,-29.80156676396426,-75.40106054984453,512.569
386,9,26,-23.144007210128997,-68.6170366284319,509.503
387,9,27,-16.221168231572314,-62.48610173507754,506.804
388,9,28,-9.131734962743499,-56.77541472097573,504.642
389,9,29,-1.954176245365651,-51.287678741761475,503.14
390,9,30,5.243216487588268,-45.8452952186361,502.368
391,9,31,12.394103102813805,-40.27464415799248,502.336
392,9,32,19.426229376958922,-34.390453263499424,502.995
393,9,33,26.252492895746208,-27.979796510423657,504.243
394,9,34,32.759468976497494,-20.786710852071664,505.934
395,9,35,38.79233259865422,-12.503222204993929,507.899
396,9,36,44.13652873736607,-2.7854064253747945,509.953
397,9,37,48.50389854173938,8.66559931132587,511.923
398,9,38,51.54500270364712,21.907015555210084,513.657
399,9,39,52.92322218003439,36.48292952705702,515.044
400,10,0,52.9209648025137,52.96214059792512,515.584
401,10,1,51.535201382188156,67.52712285200545,516.342
402,10,2,48.49166908803047,80.74787606610309,516.687
403,10,3,44.12880720850937,92.17530847210051,516.681
404,10,4,38.796041391373535,101.87075516874444,516.427
405,10,5,32.78061865726244,110.13423221532769,516.052
406,10,6,26.295885087543297,117.30927763653438,515.701
407,10,7,19.495465297028048,123.70284013366489,515.509
408,10,8,12.491505015472772,129.56984968730077,515.593
409,10,9,5.369840937724311,135.12206948246913,516.037
410,10,10,-1.7986265844248384,140.5435457965451,516.88
411,10,11,-8.949000081688977,146.00642671736966,518.109
412,10,12,-16.014626726165716,151.68650765380065,519.666
413,10,13,-22.91893540150415,157.7787905066419,521.442
414,10,14,-29.565566652667396,164.51324774524775,523.294
415,10,15,-35.82540429113281,172.1681002952695,525.056
416,10,16,-41.51975349273996,-178.92998757358214,526.553
417,10,17,-46.40284014548966,-168.44620727312451,527.621
418,10,18,-50.15651745293732,-156.16749423992255,528.12
419,10,19,-52.42710114438676,-142.2483746737586,527.951
420,10,20,-52.93275370902114,-127.42967821276899,527.066
421,10,21,-51.60067899066648,-112.88345165814951,525.476
422,10,22,-48.60967768141537,-99.64228300862271,523.249
423,10,23,-44.29021140878594,-88.17324792039075,520.507
424,10,24,-38.9884478202928,-78.43099393736472,517.417
425,10,25,-32.99136755919776,-70.1238924725526,514.178
426,10,26,-26.513223414480397,-62.91104878447906,511.002
427,10,27,-19.708968472746182,-56.485490266181614,508.096
428,10,28,-12.692027416673298,-50.59120093700069,505.647
429,10,29,-5.549565839788972,-45.01504815898062,503.803
430,10,30,1.646142504482598,-39.57157522068263,502.661
431,10,31,8.828754601350903,-34.08712114736457,502.261
432,10,32,15.92998872951821,-28.384208596085525,502.584
433,10,33,22.871407530164618,-22.265757580986662,503.553
434,10,34,29.554382217901498,-15.49908917025503,505.043
435,10,35,35.846960368153375,-7.80241110307706,506.894
436,10,36,41.566734948945886,1.1550150841701865,508.926
437,10,37,46.46320194227965,11.711013322599891,510.959
438,10,38,50.21299287208957,24.076164107295657,512.828
439,10,39,52.458888844784,38.081747038162774,514.399
440,11,0,52.45242748582917,69.35951234215814,516.017
441,11,1,50.20116981463628,83.34839546050456,516.564
442,11,2,46.45232828112099,95.69070438506851,516.723
443,11,3,41.563907250629505,106.22342982111846,516.577
444,11,4,35.85871170862038,115.15965318019128,516.246
445,11,5,29.58613918244747,122.83738686393258,515.865
446,11,6,22.927348487014314,129.58663829228067,515.577
447,11,7,16.01309505624434,135.68808725898808,515.51
448,11,8,8.940721038641277,141.37334547880994,515.767
449,11,9,1.7873533571997324,146.83828911676386,516.408
450,11,10,-5.380106285160017,152.25908241192283,517.449
451,11,11,-12.496856468687476,157.8077641691011,518.852
452,11,12,-19.49236439114486,163.66775228827024,520.535
453,11,13,-26.281577548779413,170.049594180785,522.369
454,11,14,-32.753622334567964,177.20615711009765,524.197
455,11,15,-38.75687708667268,-174.5585025802339,525.849
456,11,16,-44.08102662017055,-164.90437169787938,527.15
457,11,17,-48.443021065667054,-153.5336230318039,527.949
458,11,18,-51.49821932292712,-140.3813014830006,528.123
459,11,19,-52.91127276408145,-125.88272232803115,527.599
460,11,20,-52.4905262810195,-111.04737386584503,526.357
461,11,21,-50.293674481660354,-97.05585429447896,524.436
462,11,22,-46.5934741403193,-84.68013208449531,521.932
463,11,23,-41.742421074776956,-74.10167853195213,518.993
464,11,24,-36.06183128925281,-65.11963826392687,515.803
465,11,25,-29.80156676396426,-57.4010600489489,512.569
466,11,26,-23.144007210128997,-50.61703271244168,509.503
467,11,27,-16.221168231572314,-44.48609781908733,506.804
468,11,28,-9.131734962743499,-38.7754142200801,504.642
469,11,29,-1.954176245365651,-33.287678240865844,503.14
470,11,30,5.243216487588268,-27.845296425287767,502.368
471,11,31,12.394103102813805,-22.27464536464414,502.336
472,11,32,19.426229376958922,-16.39045276260379,502.995
473,11,33,26.252492895746208,-9.979795155754378,504.243
474,11,34,32.759468976497494,-2.786709710845798,505.934
475,11,35,38.79233259865422,5.496777869014882,507.899
476,11,36,44.13652873736607,15.214594715851073,509.953
477,11,37,48.50389854173938,26.665599812221505,511.923
478,11,38,51.54500270364712,39.90701605610572,513.657
479,11,39,52.92322218003439,54.482930027952655,515.044
480,12,0,52.9209648025137,70.96214109882075,515.584
481,12,1,51.535201382188156,85.52712335290109,516.342
482,12,2,48.49166908803047,98.74787656699871,516.687
483,12,3,44.12880720850937,110.17530897299613,516.681
484,12,4,38.796041391373535,119.87076249982924,516.427
485,12,5,32.78061865726244,128.1342395464125,516.052
486,12,6,26.295885087543297,135.30927130724083,515.701
487,12,7,19.495465297028048,141.7028474647497,515.509
488,12,8,12.491505015472772,147.5698570183856,515.593
489,12,9,5.369840937724311,153.12207681355395,516.037
490,12,10,-1.7986265844248384,158.54353946725155,516.88
491,12,11,-8.949000081688977,164.00642038807612,518.109
492,12,12,-16.014626726165716,169.68651498488546,519.666
493,12,13,-22.91893540150415,175.7787978377267,521.442
494,12,14,-29.565566652667396,-177.4867549415801,523.294
495,12,15,-35.82540429113281,-169.83190239155834,525.056
496,12,16,-41.51975349273996,-160.92998024249732,526.553
497,12,17,-46.40284014548966,-150.44621360241806,527.621
498,12,18,-50.15651745293732,-138.16748690883773,528.12
499,12,19,-52.42710114438676,-124.24838100305216,527.951
500,12,20,-52.93275370902114,-109.42968454206253,527.066
501,12,21,-51.60067899066648,-94.88345115725389,525.476
502,12,22,-48.60967768141537,-81.64228250772709,523.249
503,12,23,-44.29021140878594,-70.17324741949511,520.507
504,12,24,-38.9884478202928,-60.43099343646909,517.417
505,12,25,-32.99136755919776,-52.123888556562385,514.178
506,12,26,-26.513223414480397,-44.91104486848884,511.002
507,12,27,-19.708968472746182,-38.48548976528598,508.096
508,12,28,-12.692027416673298,-32.591200436105055,505.647
509,12,29,-5.549565839788972,-27.01504936563228,503.803
510,12,30,1.646142504482598,-21.571576427334293,502.661
511,12,31,8.828754601350903,-16.08712235401623,502.261
512,12,32,15.92998872951821,-10.384208095189893,502.584
513,12,33,22.871407530164618,-4.265756653204205,503.553
514,12,34,29.554382217901498,2.5009113306406037,505.043
515,12,35,35.846960368153375,10.197589397818573,506.894
516,12,36,41.566734948945886,19.155016225396054,508.926
517,12,37,46.46320194227965,29.711012115948233,510.959
518,12,38,50.21299287208957,42.07616460819129,512.828
519,12,39,52.458888844784,56.081747539058405,514.399
520,13,0,52.45242748582917,87.35951967324294,516.017
521,13,1,50.20116981463628,101.34840279158938,516.564
522,13,2,46.45232828112099,113.69071171615333,516.723
523,13,3,41.563907250629505,124.22343715220326,516.577
524,13,4,35.85871170862038,133.1596605112761,516.246
525,13,5,29.58613918244747,140.8373941950174,515.865
526,13,6,22.927348487014314,147.58664562336548,515.577
527,13,7,16.01309505624434,153.6880945900729,515.51
528,13,8,8.940721038641277,159.37335280989475,515.767
529,13,9,1.7873533571997324,164.83829644784868,516.408
530,13,10,-5.380106285160017,170.25908974300762,517.449
531,13,11,-12.496856468687476,175.8077715001859,518.852
532,13,12,-19.49236439114486,-178.33225039855765,520.535
533,13,13,-26.281577548779413,-171.95040850604286,522.369
534,13,14,-32.753622334567964,-164.79383191635188,524.197
535,13,15,-38.75687708667268,-156.5584952491491,525.849
536,13,16,-44.08102662017055,-146.90436436679457,527.15
537,13,17,-48.443021065667054,-135.53361570071908,527.949
538,13,18,-51.49821932292712,-122.38129415191581,528.123
539,13,19,-52.91127276408145,-107.88270816675717,527.599
540,13,20,-52.4905262810195,-93.04736653476023,526.357
541,13,21,-50.293674481660354,-79.05584696339416,524.436
542,13,22,-46.5934741403193,-66.68012475341051,521.932
543,13,23,-41.742421074776956,-56.10167461596192,518.993
544,13,24,-36.06183128925281,-47.119630932842064,515.803
545,13,25,-29.80156676396426,-39.4010527178641,512.569
546,13,26,-23.144007210128997,-32.617025381356875,509.503
547,13,27,-16.221168231572314,-26.48609048800252,506.804
548,13,28,-9.131734962743499,-20.775406888995295,504.642
549,13,29,-1.954176245365651,-15.28767090978104,503.14
550,13,30,5.243216487588268,-9.845288240429316,502.368
551,13,31,12.394103102813805,-4.274638033559338,502.336
552,13,32,19.426229376958922,1.6095541415941916,502.995
553,13,33,26.252492895746208,8.020212175330427,504.243
554,13,34,32.759468976497494,15.21329697990877,505.934
555,13,35,38.79233259865422,23.496784773212863,507.899
556,13,36,44.13652873736607,33.21460204693588,509.953
557,13,37,48.50389854173938,44.66560543575901,511.923
558,13,38,51.54500270364712,57.90701997209593,513.657
559,13,39,52.92322218003439,72.48293735903745,515.044
560,14,0,52.9209648025137,88.96213476952722,515.584
561,14,1,51.535201382188156,103.52711702360754,516.342
562,14,2,48.49166908803047,116.74786340751601,516.687
563,14,3,44.12880720850937,128.1753026437026,516.681
564,14,4,38.796041391373535,137.8707561705357,516.427
565,14,5,32.78061865726244,146.13423321711895,516.052
566,14,6,26.295885087543297,153.3092649779473,515.701
567,14,7,19.495465297028048,159.70284113545617,515.509
568,14,8,12.491505015472772,165.56985068909205,515.593
569,14,9,5.369840937724311,171.1220704842604,516.037
570,14,10,-1.7986265844248384,176.543533137958,516.88
571,14,11,-8.949000081688977,-177.99358229875173,518.109
572,14,12,-16.014626726165716,-172.31350136232075,519.666
573,14,13,-22.91893540150415,-166.22121850947948,521.442
574,14,14,-29.565566652667396,-159.48676127087364,523.294
575,14,15,-35.82540429113281,-151.83190872085189,525.056
576,14,16,-41.51975349273996,-142.92998657179086,526.553
577,14,17,-46.40284014548966,-132.44621993171157,527.621
578,14,18,-50.15651745293732,-120.16749323813127,528.12
579,14,19,-52.42710114438676,-106.24838733234569,527.951
580,14,20,-52.93275370902114,-91.42969087135607,527.066
581,14,21,-51.60067899066648,-76.88345748654741,525.476
582,14,22,-48.60967768141537,-63.64228883702062,523.249
583,14,23,-44.29021140878594,-52.173250333694064,520.507
584,14,24,-38.9884478202928,-42.43099976576262,517.417
585,14,25,-32.99136755919776,-34.12389488585592,514.178
586,14,26,-26.513223414480397,-26.911051197782374,511.002
587,14,27,-19.708968472746182,-20.48549780212681,508.096
588,14,28,-12.692027416673298,-14.591208472945887,505.647
589,14,29,-5.549565839788972,-9.015054841152171,503.803
590,14,30,1.646142504482598,-3.5715825431844186,502.661
591,14,31,8.828754601350903,1.9128721704638798,502.261
592,14,32,15.92998872951821,7.61578557551657,502.584
593,14,33,22.871407530164618,13.734236590615435,503.553
594,14,34,29.554382217901498,20.500905001347068,505.043
595,14,35,35.846960368153375,28.197583922298683,506.894
596,14,36,41.566734948945886,37.15500989610252,508.926
597,14,37,46.46320194227965,47.711005786654695,510.959
598,14,38,50.21299287208957,60.07615827889775,512.828
599,14,39,52.458888844784,74.08174120976487,514.399
600,15,0,52.45242748582917,105.3595133439494,516.017
601,15,1,50.20116981463628,119.348403292485,516.564
602,15,2,46.45232828112099,131.69070538685978,516.723
603,15,3,41.563907250629505,142.22343082290973,516.577
604,15,4,35.85871170862038,151.15965418198255,516.246
605,15,5,29.58613918244747,158.83738786572385,515.865
606,15,6,22.927348487014314,165.58663929407194,515.577
607,15,7,16.01309505624434,171.68808826077935,515.51
608,15,8,8.940721038641277,177.3733464806012,515.767
609,15,9,1.7873533571997324,-177.1617062389792,516.408
610,15,10,-5.380106285160017,-171.74092660419856,517.449
611,15,11,-12.496856468687476,-166.19223118664195,518.852
612,15,12,-19.49236439114486,-160.3322567278512,520.535
613,15,13,-26.281577548779413,-153.9504148353364,522.369
614,15,14,-32.753622334567964,-146.79383824564542,524.197
615,15,15,-38.75687708667268,-138.55850157844262,525.849
616,15,16,-44.08102662017055,-128.9043706960881,527.15
617,15,17,-48.443021065667054,-117.53362203001262,527.949
618,15,18,-51.49821932292712,-104.38130048120935,528.123
619,15,19,-52.91127276408145,-89.88271449605071,527.599
620,15,20,-52.4905262810195,-75.04737286405376,526.357
621,15,21,-50.293674481660354,-61.0558532926877,524.436
622,15,22,-46.5934741403193,-48.68013449779863,521.932
623,15,23,-41.742421074776956,-38.10168094525545,518.993
624,15,24,-36.06183128925281,-29.1196372621356,515.803
625,15,25,-29.80156676396426,-21.40105733961034,512.569
626,15,26,-23.144007210128997,-14.617033418197705,509.503
627,15,27,-16.221168231572314,-8.486096817296056,506.804
628,15,28,-9.131734962743499,-2.775412791402008,504.642
629,15,29,-1.954176245365651,2.7123229743688353,503.14
630,15,30,5.243216487588268,8.154705430277147,502.368
631,15,31,12.394103102813805,13.725355637147127,502.336
632,15,32,19.426229376958922,19.60954823918748,502.995
633,15,33,26.252492895746208,26.020204992263242,504.243
634,15,34,32.759468976497494,33.213290650615235,505.934
635,15,35,38.79233259865422,41.496780151466616,507.899
636,15,36,44.13652873736607,51.21459571764234,509.953
637,15,37,48.50389854173938,62.66559910646548,511.923
638,15,38,51.54500270364712,75.9070136428024,513.657
639,15,39,52.92322218003439,90.48293102974392,515.044
640,16,0,52.9209648025137,106.96214210061203,515.584
641,16,1,51.535201382188156,121.52712435469235,516.342
642,16,2,48.49166908803047,134.74787073860082,516.687
643,16,3,44.12880720850937,146.1753099747874,516.681
644,16,4,38.796041391373535,155.8707635016205,516.427
645,16,5,32.78061865726244,164.13424054820376,516.052
646,16,6,26.295885087543297,171.3092723090321,515.701
647,16,7,19.495465297028048,177.70284846654096,515.509
648,16,8,12.491505015472772,-176.43013833735748,515.593
649,16,9,5.369840937724311,-170.87793220256745,516.037
650,16,10,-1.7986265844248384,-165.4564558884915,516.88
651,16,11,-8.949000081688977,-159.99357496766692,518.109
652,16,12,-16.014626726165716,-154.31349403123593,519.666
653,16,13,-22.91893540150415,-148.2212111783947,521.442
654,16,14,-29.565566652667396,-141.48675393978883,523.294
655,16,15,-35.82540429113281,-133.8319013897671,525.056
656,16,16,-41.51975349273996,-124.92997924070606,526.553
657,16,17,-46.40284014548966,-114.44621260062678,527.621
658,16,18,-50.15651745293732,-102.16749273723565,528.12
659,16,19,-52.42710114438676,-88.24838000126088,527.951
660,16,20,-52.93275370902114,-73.42968354027126,527.066
661,16,21,-51.60067899066648,-58.88345015546262,525.476
662,16,22,-48.60967768141537,-45.6422849210304,523.249
663,16,23,-44.29021140878594,-34.17324300260926,520.507
664,16,24,-38.9884478202928,-24.43099414222511,517.417
665,16,25,-32.99136755919776,-16.123887554771116,514.178
666,16,26,-26.513223414480397,-8.911044720471217,511.002
667,16,27,-19.708968472746182,-2.4854900441551844,508.096
668,16,28,-12.692027416673298,3.408799498469151,505.647
669,16,29,-5.549565839788972,8.984952489932633,503.803
670,16,30,1.646142504482598,14.428424574456974,502.661
671,16,31,8.828754601350903,19.912878647775038,502.261
672,16,32,15.92998872951821,25.615792906601374,502.584
673,16,33,22.871407530164618,31.734243921700237,503.553
674,16,34,29.554382217901498,38.500912332431874,505.043
675,16,35,35.846960368153375,46.197589545836195,506.894
676,16,36,41.566734948945886,55.15501722718732,508.926
677,16,37,46.46320194227965,65.71101653283408,510.959
678,16,38,50.21299287208957,78.07616560998255,512.828
679,16,39,52.458888844784,92.08174854084967,514.399
680,17,0,52.45242748582917,123.3595001844667,516.017
681,17,1,50.20116981463628,137.34839696319148,516.564
682,17,2,46.45232828112099,149.69069905756626,516.723
683,17,3,41.563907250629505,160.2234244936162,516.577
684,17,4,35.85871170862038,169.159647852689,516.246
685,17,5,29.58613918244747,176.8373815364303,515.865
686,17,6,22.927348487014314,-176.4133633927559,515.577
687,17,7,16.01309505624434,-170.3119144260485,515.51
688,17,8,8.940721038641277,-164.62665620622664,515.767
689,17,9,1.7873533571997324,-159.16171256827272,516.408
690,17,10,-5.380106285160017,-153.7409329334921,517.449
691,17,11,-12.496856468687476,-148.1922375159355,518.852
692,17,12,-19.49236439114486,-142.3322630571447,520.535
693,17,13,-26.281577548779413,-135.95042116462994,522.369
694,17,14,-32.753622334567964,-128.79384457493896,524.197
695,17,15,-38.75687708667268,-120.55850790773617,525.849
696,17,16,-44.08102662017055,-110.90437702538165,527.15
697,17,17,-48.443021065667054,-99.53362152911699,527.949
698,17,18,-51.49821932292712,-86.38130681050288,528.123
699,17,19,-52.91127276408145,-71.88272082534425,527.599
700,17,20,-52.4905262810195,-57.047375778252714,526.357
701,17,21,-50.293674481660354,-43.05585620688665,524.436
702,17,22,-46.5934741403193,-30.68014082709217,521.932
703,17,23,-41.742421074776956,-20.1016855670017,518.993
704,17,24,-36.06183128925281,-11.119642737655493,515.803
705,17,25,-29.80156676396426,-3.4010640957907,512.569
706,17,26,-23.144007210128997,3.3829608928389927,509.503
707,17,27,-16.221168231572314,9.513896853410406,506.804
708,17,28,-9.131734962743499,15.224580452417632,504.642
709,17,29,-1.954176245365651,20.712316431631887,503.14
710,17,30,5.243216487588268,26.154698247209964,502.368
711,17,31,12.394103102813805,31.725351015400882,502.336
712,17,32,19.426229376958922,37.60954190989394,502.995
713,17,33,26.252492895746208,44.020200370516996,504.243
714,17,34,32.759468976497494,51.213284321321694,505.934
715,17,35,38.79233259865422,59.49677382217308,507.899
716,17,36,44.13652873736607,69.2145893883488,509.953
717,17,37,48.50389854173938,80.66559277717194,511.923
718,17,38,51.54500270364712,93.90700731350886,513.657
719,17,39,52.92322218003439,108.48292470045038,515.044
720,18,0,52.9209648025137,124.96213577131849,515.584
721,18,1,51.535201382188156,139.5271180253988,516.342
722,18,2,48.49166908803047,152.74786440930728,516.687
723,18,3,44.12880720850937,164.17530364549387,516.681
724,18,4,38.796041391373535,173.87075717232696,516.427
725,18,5,32.78061865726244,-177.86577579900245,516.052
726,18,6,26.295885087543297,-170.69073037779575,515.701
727,18,7,19.495465297028048,-164.2971542202869,515.509
728,18,8,12.491505015472772,-158.43014466665102,515.593
729,18,9,5.369840937724311,-152.877938531861,516.037
730,18,10,-1.7986265844248384,-147.45646221778503,516.88
731,18,11,-8.949000081688977,-141.99358129696046,518.109
732,18,12,-16.014626726165716,-136.31350036052947,519.666
733,18,13,-22.91893540150415,-130.22121750768824,521.442
734,18,14,-29.565566652667396,-123.48676026908237,523.294
735,18,15,-35.82540429113281,-115.83190771906062,525.056
736,18,16,-41.51975349273996,-106.92999240018877,526.553
737,18,17,-46.40284014548966,-96.4462189299203,527.621
738,18,18,-50.15651745293732,-84.16749906652917,528.12
739,18,19,-52.42710114438676,-70.24838633055442,527.951
740,18,20,-52.93275370902114,-55.429686454470215,527.066
741,18,21,-51.60067899066648,-40.88345648475615,525.476
742,18,22,-48.60967768141537,-27.642289542776645,523.249
743,18,23,-44.29021140878594,-16.1732493319028,520.507
744,18,24,-38.9884478202928,-6.431000471518648,517.417
745,18,25,-32.99136755919776,1.8761059024919358,514.178
746,18,26,-26.513223414480397,9.088948950235247,511.002
747,18,27,-19.708968472746182,15.514503199664455,508.096
748,18,28,-12.692027416673298,21.408792528845378,505.647
749,18,29,-5.549565839788972,26.98494530686545,503.803
750,18,30,1.646142504482598,32.428419952710726,502.661
751,18,31,8.828754601350903,37.912874026028796,502.261
752,18,32,15.92998872951821,43.61578828485513,502.584
753,18,33,22.871407530164618,49.7342375924067,503.553
754,18,34,29.554382217901498,56.50090600313833,505.043
755,18,35,35.846960368153375,64.19758321654265,506.894
756,18,36,41.566734948945886,73.1550074827992,508.926
757,18,37,46.46320194227965,83.71101020354055,510.959
758,18,38,50.21299287208957,96.07615928068903,512.828
759,18,39,52.458888844784,110.08174221155613,514.399
760,19,0,52.45242748582917,141.35950751555148,516.017
761,19,1,50.20116981463628,155.34840429427626,516.564
762,19,2,46.45232828112099,167.69070638865105,516.723
763,19,3,41.563907250629505,178.223431824701,516.577
764,19,4,35.85871170862038,-172.84035483413885,516.246
765,19,5,29.58613918244747,-165.1626074900192,515.865
766,19,6,22.927348487014314,-158.41335606167112,515.577
767,19,7,16.01309505624434,-152.31190709496371,515.51
768,19,8,8.940721038641277,-146.62664887514185,515.767
769,19,9,1.7873533571997324,-141.16170523718793,516.408
770,19,10,-5.380106285160017,-135.74092560240732,517.449
771,19,11,-12.496856468687476,-130.1922301848507,518.852
772,19,12,-19.49236439114486,-124.33225572605991,520.535
773,19,13,-26.281577548779413,-117.95041383354514,522.369
774,19,14,-32.753622334567964,-110.79383724385416,524.197
775,19,15,-38.75687708667268,-102.55850740684053,525.849
776,19,16,-44.08102662017055,-92.90436969429683,527.15
777,19,17,-48.443021065667054,-81.53361419803218,527.949
778,19,18,-51.49821932292712,-68.38129947941808,528.123
779,19,19,-52.91127276408145,-53.88271349425944,527.599
780,19,20,-52.4905262810195,-39.04736844716791,526.357
781,19,21,-50.293674481660354,-25.05584887580185,524.436
782,19,22,-46.5934741403193,-12.68013264223372,521.932
783,19,23,-41.742421074776956,-2.101678662803719,518.993
784,19,24,-36.06183128925281,6.880364593429311,515.803
785,19,25,-29.80156676396426,14.598943662180927,512.569
786,19,26,-23.144007210128997,21.38296758359356,509.503
787,19,27,-16.221168231572314,27.51390418449521,506.804
788,19,28,-9.131734962743499,33.224587783502436,504.642
789,19,29,-1.954176245365651,38.71232376271669,503.14
790,19,30,5.243216487588268,44.15470728584206,502.368
791,19,31,12.394103102813805,49.725358346485685,502.336
792,19,32,19.426229376958922,55.609549240978744,502.995
793,19,33,26.252492895746208,62.020207701601805,504.243
794,19,34,32.759468976497494,69.2132916524065,505.934
795,19,35,38.79233259865422,77.49678115325788,507.899
796,19,36,44.13652873736607,87.2145967194336,509.953
797,19,37,48.50389854173938,98.66560010825674,511.923
798,19,38,51.54500270364712,111.90701464459366,513.657
799,19,39,52.92322218003439,126.48293203153519,515.044
800,20,0,52.9209648025137,142.9621431024033,515.584
801,20,1,51.535201382188156,157.52712535648362,516.342
802,20,2,48.49166908803047,170.74787174039207,516.687
803,20,3,44.12880720850937,-177.82468538095566,516.681
804,20,4,38.796041391373535,-168.1292455145009,516.427
805,20,5,32.78061865726244,-159.86576846791763,516.052
806,20,6,26.295885087543297,-152.69072304671096,515.701
807,20,7,19.495465297028048,-146.29714688920208,515.509
808,20,8,12.491505015472772,-140.4301373355662,515.593
809,20,9,5.369840937724311,-134.8779312007762,516.037
810,20,10,-1.7986265844248384,-129.45645488670024,516.88
811,20,11,-8.949000081688977,-123.99357396587565,518.109
812,20,12,-16.014626726165716,-118.31349302944467,519.666
813,20,13,-22.91893540150415,-112.22120334641426,521.442
814,20,14,-29.565566652667396,-105.48675293799757,523.294
815,20,15,-35.82540429113281,-97.83190038797582,525.056
816,20,16,-41.51975349273996,-88.92998506910396,526.553
817,20,17,-46.40284014548966,-78.4462115988355,527.621
818,20,18,-50.15651745293732,-66.16749173544437,528.12
819,20,19,-52.42710114438676,-52.24837558437503,527.951
820,20,20,-52.93275370902114,-37.42967912338541,527.066
821,20,21,-51.60067899066648,-22.88345086121864,525.476
822,20,22,-48.60967768141537,-9.64228306546549,523.249
823,20,23,-44.29021140878594,1.826757572295182,520.507
824,20,24,-38.9884478202928,11.569006859566155,517.417
825,20,25,-32.99136755919776,19.87611344702015,514.178
826,20,26,-26.513223414480397,27.088957135093697,511.002
827,20,27,-19.708968472746182,33.514512238296554,508.096
828,20,28,-12.692027416673298,39.408801567477475,505.647
829,20,29,-5.549565839788972,44.98495434549755,503.803
830,20,30,1.646142504482598,50.428427283795536,502.661
831,20,31,8.828754601350903,55.9128813571136,502.261
832,20,32,15.92998872951821,61.61579220084535,502.584
833,20,33,22.871407530164618,67.73424833858608,503.553
834,20,34,29.554382217901498,74.50090991912855,505.043
835,20,35,35.846960368153375,82.19759054762746,506.894
836,20,36,41.566734948945886,91.15501481388401,508.926
837,20,37,46.46320194227965,101.71101753462536,510.959
838,20,38,50.21299287208957,114.07616661177383,512.828
839,20,39,52.458888844784,128.08174271245176,514.399
840,21,0,52.45242748582917,159.35950118625797,516.017
841,21,1,50.20116981463628,173.34839796498272,516.564
842,21,2,46.45232828112099,-174.30930995855516,516.723
843,21,3,41.563907250629505,-163.77657086212687,516.577
844,21,4,35.85871170862038,-154.8403611634324,516.246
845,21,5,29.58613918244747,-147.16261381931275,515.865
846,21,6,22.927348487014314,-140.41336239096466,515.577
847,21,7,16.01309505624434,-134.31191342425723,515.51
848,21,8,8.940721038641277,-128.6266552044354,515.767
849,21,9,1.7873533571997324,-123.16171156648147,516.408
850,21,10,-5.380106285160017,-117.74093193170084,517.449
851,21,11,-12.496856468687476,-112.19224334433339,518.852
852,21,12,-19.49236439114486,-106.33225522516427,520.535
853,21,13,-26.281577548779413,-99.9504133326495,522.369
854,21,14,-32.753622334567964,-92.7938435731477,524.197
855,21,15,-38.75687708667268,-84.55851373613407,525.849
856,21,16,-44.08102662017055,-74.90437602359037,527.15
857,21,17,-48.443021065667054,-63.533620527325716,527.949
858,21,18,-51.49821932292712,-50.381305808711616,528.123
859,21,19,-52.91127276408145,-35.882719823552975,527.599
860,21,20,-52.4905262810195,-21.04737648400874,526.357
861,21,21,-50.293674481660354,-7.055855631982211,524.436
862,21,22,-46.5934741403193,5.319861028472743,521.932
863,21,23,-41.742421074776956,15.898315434789568,518.993
864,21,24,-36.06183128925281,24.880357410362127,515.803
865,21,25,-29.80156676396426,32.5989356253401,512.569
866,21,26,-23.144007210128997,39.38296296184732,509.503
867,21,27,-16.221168231572314,45.51389785520167,506.804
868,21,28,-9.131734962743499,51.2245814542089,504.642
869,21,29,-1.954176245365651,56.71231743342315,503.14
870,21,30,5.243216487588268,62.154700956548524,502.368
871,21,31,12.394103102813805,67.72534860209757,502.336
872,21,32,19.426229376958922,73.60954291168521,502.995
873,21,33,26.252492895746208,80.02020137230826,504.243
874,21,34,32.759468976497494,87.21328532311297,505.934
875,21,35,38.79233259865422,95.49677482396434,507.899
876,21,36,44.13652873736607,105.21459039014007,509.953
877,21,37,48.50389854173938,116.66560060915238,511.923
878,21,38,51.54500270364712,129.9070151454893,513.657
879,21,39,52.92322218003439,144.48292570224166,515.044
880,22,0,52.9209648025137,160.96213677310976,515.584
881,22,1,51.535201382188156,175.52711902719008,516.342
882,22,2,48.49166908803047,-171.25213094643578,516.687
883,22,3,44.12880720850937,-159.8246917102492,516.681
884,22,4,38.796041391373535,-150.12925184379444,516.427
885,22,5,32.78061865726244,-141.86577479721117,516.052
886,22,6,26.295885087543297,-134.6907293760045,515.701
887,22,7,19.495465297028048,-128.29715321849562,515.509
888,22,8,12.491505015472772,-122.43014366485974,515.593
889,22,9,5.369840937724311,-116.87793753006973,516.037
890,22,10,-1.7986265844248384,-111.45646121599377,516.88
891,22,11,-8.949000081688977,-105.9935802951692,518.109
892,22,12,-16.014626726165716,-100.31349252854903,519.666
893,22,13,-22.91893540150415,-94.22120967570778,521.442
894,22,14,-29.565566652667396,-87.4867592672911,523.294
895,22,15,-35.82540429113281,-79.83190671726935,525.056
896,22,16,-41.51975349273996,-70.9299913983975,526.553
897,22,17,-46.40284014548966,-60.446217928129045,527.621
898,22,18,-50.15651745293732,-48.16749806473791,528.12
899,22,19,-52.42710114438676,-34.248381913668574,527.951
900,22,20,-52.93275370902114,-19.42968716022624,527.066
901,22,21,-51.60067899066648,-4.883457190512179,525.476
902,22,22,-48.60967768141537,8.357710605240975,523.249
903,22,23,-44.29021140878594,19.82675166988847,520.507
904,22,24,-38.9884478202928,29.569002237819912,517.417
905,22,25,-32.99136755919776,37.87610711772661,514.178
906,22,26,-26.513223414480397,45.08895080580016,511.002
907,22,27,-19.708968472746182,51.51450590900301,508.096
908,22,28,-12.692027416673298,57.40879182308935,505.647
909,22,29,-5.549565839788972,62.984944601109426,503.803
910,22,30,1.646142504482598,68.428420954502,502.661
911,22,31,8.828754601350903,73.91287161272547,502.261
912,22,32,15.92998872951821,79.61578587155181,502.584
913,22,33,22.871407530164618,85.73424200929256,503.553
914,22,34,29.554382217901498,92.50090358983502,505.043
915,22,35,35.846960368153375,100.19758421833393,506.894
916,22,36,41.566734948945886,109.15500848459047,508.926
917,22,37,46.46320194227965,119.71100437514264,510.959
918,22,38,50.21299287208957,132.0761602824803,512.828
919,22,39,52.458888844784,146.08173638315824,514.399
920,23,0,52.45242748582917,177.35950851734276,516.017
921,23,1,50.20116981463628,-168.65160472184513,516.564
922,23,2,46.45232828112099,-156.30930262747034,516.723
923,23,3,41.563907250629505,-145.77656353104206,516.577
924,23,4,35.85871170862038,-136.84035383234757,516.246
925,23,5,29.58613918244747,-129.16260648822794,515.865
926,23,6,22.927348487014314,-122.41335505987985,515.577
927,23,7,16.01309505624434,-116.31190609317244,515.51
928,23,8,8.940721038641277,-110.62665470353976,515.767
929,23,9,1.7873533571997324,-105.16170423539666,516.408
930,23,10,-5.380106285160017,-99.74091777042688,517.449
931,23,11,-12.496856468687476,-94.19223601324859,518.852
932,23,12,-19.49236439114486,-88.33224789407947,520.535
933,23,13,-26.281577548779413,-81.9504060015647,522.369
934,23,14,-32.753622334567964,-74.7938362420629,524.197
935,23,15,-38.75687708667268,-66.55850640504927,525.849
936,23,16,-44.08102662017055,-56.90436869250557,527.15
937,23,17,-48.443021065667054,-45.533613196240914,527.949
938,23,18,-51.49821932292712,-32.381298477626814,528.123
939,23,19,-52.91127276408145,-17.882712492468176,527.599
940,23,20,-52.4905262810195,-3.0473691529239364,526.357
941,23,21,-50.293674481660354,10.944152125989417,524.436
942,23,22,-46.5934741403193,23.3198675057839,521.932
943,23,23,-41.742421074776956,33.89832105832708,518.993
944,23,24,-36.06183128925281,42.88036474144693,515.803
945,23,25,-29.80156676396426,50.5989429564249,512.569
946,23,26,-23.144007210128997,57.38296687783753,509.503
947,23,27,-16.221168231572314,63.51390177119189,506.804
948,23,28,-9.131734962743499,69.2245887852937,504.642
949,23,29,-1.954176245365651,74.71232476450795,503.14
950,23,30,5.243216487588268,80.15470828763333,502.368
951,23,31,12.394103102813805,85.72535593318237,502.336
952,23,32,19.426229376958922,91.60955024277001,502.995
953,23,33,26.252492895746208,98.02020870339307,504.243
954,23,34,32.759468976497494,105.21329265419777,505.934
955,23,35,38.79233259865422,113.49678215504915,507.899
956,23,36,44.13652873736607,123.2145908910357,509.953
957,23,37,48.50389854173938,134.66560794023718,511.923
958,23,38,51.54500270364712,147.9070224765741,513.657
959,23,39,52.92322218003439,162.48293303332645,515.044
960,24,0,52.9209648025137,178.96214410419455,515.584
961,24,1,51.535201382188156,-166.47286999925944,516.342
962,24,2,48.49166908803047,-153.25212361535097,516.687
963,24,3,44.12880720850937,-141.82468437916438,516.681
964,24,4,38.796041391373535,-132.12924451270962,516.427
965,24,5,32.78061865726244,-123.86576746612639,516.052
966,24,6,26.295885087543297,-116.69072204491968,515.701
967,24,7,19.495465297028048,-110.2971527176,515.509
968,24,8,12.491505015472772,-104.4301431639641,515.593
969,24,9,5.369840937724311,-98.87792336879576,516.037
970,24,10,-1.7986265844248384,-93.45645388490897,516.88
971,24,11,-8.949000081688977,-87.9935729640844,518.109
972,24,12,-16.014626726165716,-82.31348519746423,519.666
973,24,13,-22.91893540150415,-76.22120234462298,521.442
974,24,14,-29.565566652667396,-69.4867519362063,523.294
975,24,15,-35.82540429113281,-61.83189938618455,525.056
976,24,16,-41.51975349273996,-52.92998065221812,526.553
977,24,17,-46.40284014548966,-42.44620718194965,527.621
978,24,18,-50.15651745293732,-30.167490733653107,528.12
979,24,19,-52.42710114438676,-16.24837629013106,527.951
980,24,20,-52.93275370902114,-1.4296797224197306,527.066
981,24,21,-51.60067899066648,13.116550140572624,525.476
982,24,22,-48.60967768141537,26.357718790099423,523.249
983,24,23,-44.29021140878594,37.82675900097327,520.507
984,24,24,-38.9884478202928,47.56900956890471,517.417
985,24,25,-32.99136755919776,55.876114448811414,514.178
986,24,26,-26.513223414480397,63.08895472179038,511.002
987,24,27,-19.708968472746182,69.51450982499324,508.096
988,24,28,-12.692027416673298,75.40879915417416,505.647
989,24,29,-5.549565839788972,80.98495193219422,503.803
990,24,30,1.646142504482598,86.4284282855868,502.661
991,24,31,8.828754601350903,91.91287894381028,502.261
992,24,32,15.92998872951821,97.61579320263661,502.584
993,24,33,22.871407530164618,103.73424934037736,503.553
994,24,34,29.554382217901498,110.50091092091982,505.043
995,24,35,35.846960368153375,118.1975983796079,506.894
996,24,36,41.566734948945886,127.15502264586443,508.926
997,24,37,46.46320194227965,137.71101170622745,510.959
998,24,38,50.21299287208957,150.0761676135651,512.828
999,24,39,52.458888844784,164.08174371424303,514.399
1000,25,0,52.45242748582917,-164.6404941694851,516.017
1001,25,1,50.20116981463628,-150.65161105113867,516.564
1002,25,2,46.45232828112099,-138.30930895676389,516.723
1003,25,3,41.563907250629505,-127.7765698603356,516.577
1004,25,4,35.85871170862038,-118.84036016164112,516.246
1005,25,5,29.58613918244747,-111.16261281752148,515.865
1006,25,6,22.927348487014314,-104.41336821936255,515.577
1007,25,7,16.01309505624434,-98.31191242246598,515.51
1008,25,8,8.940721038641277,-92.6266610328333,515.767
1009,25,9,1.7873533571997324,-87.1617105646902,516.408
1010,25,10,-5.380106285160017,-81.7409240997204,517.449
1011,25,11,-12.496856468687476,-76.19224234254213,518.852
1012,25,12,-19.49236439114486,-70.33225422337301,520.535
1013,25,13,-26.281577548779413,-63.950412330858235,522.369
1014,25,14,-32.753622334567964,-56.79384257135643,524.197
1015,25,15,-38.75687708667268,-48.5585127343428,525.849
1016,25,16,-44.08102662017055,-38.90437502179911,527.15
1017,25,17,-48.443021065667054,-27.533621233081742,527.949
1018,25,18,-51.49821932292712,-14.381303099373055,528.123
1019,25,19,-52.91127276408145,0.11728085807317161,527.599
1020,25,20,-52.4905262810195,14.952624517782526,526.357
1021,25,21,-50.293674481660354,28.944145796695878,524.436
1022,25,22,-46.5934741403193,41.31986117649036,521.932
1023,25,23,-41.742421074776956,51.898314729033544,518.993
1024,25,24,-36.06183128925281,60.88035841215339,515.803
1025,25,25,-29.80156676396426,68.59893662713137,512.569
1026,25,26,-23.144007210128997,75.382960548544,509.503
1027,25,27,-16.221168231572314,81.51389544189836,506.804
1028,25,28,-9.131734962743499,87.22458245600016,504.642
1029,25,29,-1.954176245365651,92.71231843521441,503.14
1030,25,30,5.243216487588268,98.15470195833979,502.368
1031,25,31,12.394103102813805,103.72534960388883,502.336
1032,25,32,19.426229376958922,109.60954391347647,502.995
1033,25,33,26.252492895746208,116.02020237409953,504.243
1034,25,34,32.759468976497494,123.2132931550934,505.934
1035,25,35,38.79233259865422,131.49676899556644,507.899
1036,25,36,44.13652873736607,141.21458456174216,509.953
1037,25,37,48.50389854173938,152.66560161094364,511.923
1038,25,38,51.54500270364712,165.90701614728056,513.657
1039,25,39,52.92322218003439,-179.5170696535014,515.044
1040,26,0,52.9209648025137,-163.03784492225498,515.584
1041,26,1,51.535201382188156,-148.47286266817463,516.342
1042,26,2,48.49166908803047,-135.25211628426618,516.687
1043,26,3,44.12880720850937,-123.82467704807958,516.681
1044,26,4,38.796041391373535,-114.12923035143565,516.427
1045,26,5,32.78061865726244,-105.86576013504157,516.052
1046,26,6,26.295885087543297,-98.69071471383488,515.701
1047,26,7,19.495465297028048,-92.2971453865152,515.509
1048,26,8,12.491505015472772,-86.4301358328793,515.593
1049,26,9,5.369840937724311,-80.87791603771096,516.037
1050,26,10,-1.7986265844248384,-75.45644655382416,516.88
1051,26,11,-8.949000081688977,-69.99356563299959,518.109
1052,26,12,-16.014626726165716,-64.31347786637943,519.666
1053,26,13,-22.91893540150415,-58.22119501353818,521.442
1054,26,14,-29.565566652667396,-51.48674802021608,523.294
1055,26,15,-35.82540429113281,-43.83189205509975,525.056
1056,26,16,-41.51975349273996,-34.92997332113332,526.553
1057,26,17,-46.40284014548966,-24.446201558412145,527.621
1058,26,18,-50.15651745293732,-12.167481695021012,528.12
1059,26,19,-52.42710114438676,1.7516316812839772,527.951
1060,26,20,-52.93275370902114,16.570327501943368,527.066
1061,26,21,-51.60067899066648,31.11655917920472,525.476
1062,26,22,-48.60967768141537,44.35772441363694,523.249
1063,26,23,-44.29021140878594,55.82676633205808,520.507
1064,26,24,-38.9884478202928,65.56901689998952,517.417
1065,26,25,-32.99136755919776,73.87611836480164,514.178
1066,26,26,-26.513223414480397,81.08896205287517,511.002
1067,26,27,-19.708968472746182,87.51451715607804,508.096
1068,26,28,-12.692027416673298,93.40880648525896,505.647
1069,26,29,-5.549565839788972,98.98495926327902,503.803
1070,26,30,1.646142504482598,104.4284356166716,502.661
1071,26,31,8.828754601350903,109.91288627489509,502.261
1072,26,32,15.92998872951821,115.61580053372141,502.584
1073,26,33,22.871407530164618,121.73425667146216,503.553
1074,26,34,29.554382217901498,128.5009250821938,505.043
1075,26,35,35.846960368153375,136.1976057106927,506.894
1076,26,36,41.566734948945886,145.15502997694924,508.926
1077,26,37,46.46320194227965,155.71101903731224,510.959
1078,26,38,50.21299287208957,168.0761749446499,512.828
1079,26,39,52.458888844784,-177.9182453122065,514.399
1080,27,0,52.45242748582917,-146.64050049877864,516.017
1081,27,1,50.20116981463628,-132.6516173804322,516.564
1082,27,2,46.45232828112099,-120.30931528605743,516.723
1083,27,3,41.563907250629505,-109.7765830198183,516.577
1084,27,4,35.85871170862038,-100.84035966074548,516.246
1085,27,5,29.58613918244747,-93.16261914681502,515.865
1086,27,6,22.927348487014314,-86.4133745486561,515.577
1087,27,7,16.01309505624434,-80.3119187517595,515.51
1088,27,8,8.940721038641277,-74.62666736212682,515.767
1089,27,9,1.7873533571997324,-69.16171689398374,516.408
1090,27,10,-5.380106285160017,-63.74093042901394,517.449
1091,27,11,-12.496856468687476,-58.192248671835664,518.852
1092,27,12,-19.49236439114486,-52.33226396776113,520.535
1093,27,13,-26.281577548779413,-45.95042207524636,522.369
1094,27,14,-32.753622334567964,-38.79384890064996,524.197
1095,27,15,-38.75687708667268,-30.55851906363634,525.849
1096,27,16,-44.08102662017055,-20.904383058639937,527.15
1097,27,17,-48.443021065667054,-9.53362756237528,527.949
1098,27,18,-51.49821932292712,3.618690144446585,528.123
1099,27,19,-52.91127276408145,18.117274848944753,527.599
1100,27,20,-52.4905262810195,32.95261989603628,526.357
1101,27,21,-50.293674481660354,46.944139467402344,524.436
1102,27,22,-46.5934741403193,59.31985826229141,521.932
1103,27,23,-41.742421074776956,69.89831181483459,518.993
1104,27,24,-36.06183128925281,78.88035208285986,515.803
1105,27,25,-29.80156676396426,86.59893029783782,512.569
1106,27,26,-23.144007210128997,93.38295421925046,509.503
1107,27,27,-16.221168231572314,99.51388911260482,506.804
1108,27,28,-9.131734962743499,105.22457612670662,504.642
1109,27,29,-1.954176245365651,110.71231210592089,503.14
1110,27,30,5.243216487588268,116.15468879885708,502.368
1111,27,31,12.394103102813805,121.72535010478447,502.336
1112,27,32,19.426229376958922,127.60953075399377,502.995
1113,27,33,26.252492895746208,134.020196044806,504.243
1114,27,34,32.759468976497494,141.21328682579986,505.934
1115,27,35,38.79233259865422,149.4967626662729,507.899
1116,27,36,44.13652873736607,159.21457823244862,509.953
1117,27,37,48.50389854173938,170.6655952816501,511.923
1118,27,38,51.54500270364712,-176.09300019992563,513.657
1119,27,39,52.92322218003439,-161.51707598279495,515.044
1120,28,0,52.9209648025137,-145.03786491192685,515.584
1121,28,1,51.535201382188156,-130.47288265784653,516.342
1122,28,2,48.49166908803047,-117.25213627393805,516.687
1123,28,3,44.12880720850937,-105.82469703775146,516.681
1124,28,4,38.796041391373535,-96.12925034110754,516.427
1125,28,5,32.78061865726244,-87.86578012471345,516.052
1126,28,6,26.295885087543297,-80.69073470350676,515.701
1127,28,7,19.495465297028048,-74.29716537618707,515.509
1128,28,8,12.491505015472772,-68.43015582255119,515.593
1129,28,9,5.369840937724311,-62.87793602738284,516.037
1130,28,10,-1.7986265844248384,-57.45646654349604,516.88
1131,28,11,-8.949000081688977,-51.99358562267147,518.109
1132,28,12,-16.014626726165716,-46.31349785605131,519.666
1133,28,13,-22.91893540150415,-40.221215003210055,521.442
1134,28,14,-29.565566652667396,-33.48676800988796,523.294
1135,28,15,-35.82540429113281,-25.831912044771624,525.056
1136,28,16,-41.51975349273996,-16.92999331080519,526.553
1137,28,17,-46.40284014548966,-6.4462211211971985,527.621
1138,28,18,-50.15651745293732,5.832498315307111,528.12
1139,28,19,-52.42710114438676,19.751611051281866,527.951
1140,28,20,-52.93275370902114,34.57030921981878,527.066
1141,28,21,-51.60067899066648,49.116539189532844,525.476
1142,28,22,-48.60967768141537,62.35770783905964,523.249
1143,28,23,-44.29021140878594,73.82674292729162,520.507
1144,28,24,-38.9884478202928,83.56899691031764,517.417
1145,28,25,-32.99136755919776,91.87609837512976,514.178
1146,28,26,-26.513223414480397,99.0889420632033,511.002
1147,28,27,-19.708968472746182,105.51449716640616,508.096
1148,28,28,-12.692027416673298,111.40878649558708,505.647
1149,28,29,-5.549565839788972,116.98493927360715,503.803
1150,28,30,1.646142504482598,122.42840879681056,502.661
1151,28,31,8.828754601350903,127.91287311541238,502.261
1152,28,32,15.92998872951821,133.61578054404953,502.584
1153,28,33,22.871407530164618,139.7342366817903,503.553
1154,28,34,29.554382217901498,146.50090509252192,505.043
1155,28,35,35.846960368153375,154.19758572102083,506.894
1156,28,36,41.566734948945886,163.15500998727737,508.926
1157,28,37,46.46320194227965,173.71099904764037,510.959
1158,28,38,50.21299287208957,-173.92384140255632,512.828
1159,28,39,52.458888844784,-159.91826530187836,514.399
1160,29,0,52.45242748582917,-128.64049316769382,516.017
1161,29,1,50.20116981463628,-114.6516100493474,516.564
1162,29,2,46.45232828112099,-102.30930112478345,516.723
1163,29,3,41.563907250629505,-91.7765756887335,516.577
1164,29,4,35.85871170862038,-82.84035232966067,516.246
1165,29,5,29.58613918244747,-75.16261181573022,515.865
1166,29,6,22.927348487014314,-68.41336721757129,515.577
1167,29,7,16.01309505624434,-62.311911420674704,515.51
1168,29,8,8.940721038641277,-56.62666003104202,515.767
1169,29,9,1.7873533571997324,-51.161709562898935,516.408
1170,29,10,-5.380106285160017,-45.74092309792914,517.449
1171,29,11,-12.496856468687476,-40.19224134075086,518.852
1172,29,12,-19.49236439114486,-34.33225663667633,520.535
1173,29,13,-26.281577548779413,-27.95041303661426,522.369
1174,29,14,-32.753622334567964,-20.79384156956516,524.197
1175,29,15,-38.75687708667268,-12.558510878777888,525.849
1176,29,16,-44.08102662017055,-2.904375514111723,527.15
1177,29,17,-48.443021065667054,8.466379768709523,527.949
1178,29,18,-51.49821932292712,21.618697902418212,528.123
1179,29,19,-52.91127276408145,36.117282180029555,527.599
1180,29,20,-52.4905262810195,50.952627227121084,526.357
1181,29,21,-50.293674481660354,64.94414338339256,524.436
1182,29,22,-46.5934741403193,77.31986559337622,521.932
1183,29,23,-41.742421074776956,87.89831914591939,518.993
1184,29,24,-36.06183128925281,96.88035941394466,515.803
1185,29,25,-29.80156676396426,104.59893762892263,512.569
1186,29,26,-23.144007210128997,111.38296155033527,509.503
1187,29,27,-16.221168231572314,117.51389644368962,506.804
1188,29,28,-9.131734962743499,123.2245902879806,504.642
1189,29,29,-1.954176245365651,128.71231943700568,503.14
1190,29,30,5.243216487588268,134.1546961299419,502.368
1191,29,31,12.394103102813805,139.72535743586926,502.336
1192,29,32,19.426229376958922,145.60953808507858,502.995
1193,29,33,26.252492895746208,152.0202033758908,504.243
1194,29,34,32.759468976497494,159.21329415688467,505.934
1195,29,35,38.79233259865422,167.49676999735772,507.899
1196,29,36,44.13652873736607,177.21458556353343,509.953
1197,29,37,48.50389854173938,-171.33440740517776,511.923
1198,29,38,51.54500270364712,-158.09299286884084,513.657
1199,29,39,52.92322218003439,-143.51706865171013,515.044
1200,30,0,52.9209648025137,-127.03785758084204,515.584
1201,30,1,51.535201382188156,-112.47288215695087,516.342
1202,30,2,48.49166908803047,-99.25212894285325,516.687
1203,30,3,44.12880720850937,-87.82468970666666,516.681
1204,30,4,38.796041391373535,-78.12924301002272,516.427
1205,30,5,32.78061865726244,-69.86577279362865,516.052
1206,30,6,26.295885087543297,-62.690727372421954,515.701
1207,30,7,19.495465297028048,-56.29715463000768,515.509
1208,30,8,12.491505015472772,-50.430148491466376,515.593
1209,30,9,5.369840937724311,-44.87792869629803,516.037
1210,30,10,-1.7986265844248384,-39.45645921241124,516.88
1211,30,11,-8.949000081688977,-33.99357829158666,518.109
1212,30,12,-16.014626726165716,-28.3134922325138,519.666
1213,30,13,-22.91893540150415,-22.221209379672548,521.442
1214,30,14,-29.565566652667396,-15.486760678803156,523.294
1215,30,15,-35.82540429113281,-7.831904713686821,525.056
1216,30,16,-41.51975349273996,1.070013806836201,526.553
1217,30,17,-46.40284014548966,11.553785783000782,527.621
1218,30,18,-50.15651745293732,23.832505646391915,528.12
1219,30,19,-52.42710114438676,37.75162008991396,527.951
1220,30,20,-52.93275370902114,52.570316550903584,527.066
1221,30,21,-51.60067899066648,67.11654652061765,525.476
1222,30,22,-48.60967768141537,80.35771517014444,523.249
1223,30,23,-44.29021140878594,91.82675025837642,520.507
1224,30,24,-38.9884478202928,101.56900424140244,517.417
1225,30,25,-32.99136755919776,109.87610570621456,514.178
1226,30,26,-26.513223414480397,117.08894939428811,511.002
1227,30,27,-19.708968472746182,123.51450449749096,508.096
1228,30,28,-12.692027416673298,129.40879382667188,505.647
1229,30,29,-5.549565839788972,134.98494660469197,503.803
1230,30,30,1.646142504482598,140.42841612789536,502.661
1231,30,31,8.828754601350903,145.91288044649718,502.261
1232,30,32,15.92998872951821,151.61578787513434,502.584
1233,30,33,22.871407530164618,157.73424401287508,503.553
1234,30,34,29.554382217901498,164.5009124236067,505.043
1235,30,35,35.846960368153375,172.19759305210562,506.894
1236,30,36,41.566734948945886,-178.8449926995505,508.926
1237,30,37,46.46320194227965,-168.28898997880916,510.959
1238,30,38,50.21299287208957,-155.9238340714715,512.828
1239,30,39,52.458888844784,-141.91825797079355,514.399
1240,31,0,52.45242748582917,-110.64048583660903,516.017
1241,31,1,50.20116981463628,-96.65159588807343,516.564
1242,31,2,46.45232828112099,-84.30929379369864,516.723
1243,31,3,41.563907250629505,-73.7765683576487,516.577
1244,31,4,35.85871170862038,-64.84034499857587,516.246
1245,31,5,29.58613918244747,-57.162607899739996,515.865
1246,31,6,22.927348487014314,-50.4133564713919,515.577
1247,31,7,16.01309505624434,-44.3119040895899,515.51
1248,31,8,8.940721038641277,-38.62665269995722,515.767
1249,31,9,1.7873533571997324,-33.161702231814125,516.408
1250,31,10,-5.380106285160017,-27.74091576684434,517.449
1251,31,11,-12.496856468687476,-22.192232302118768,518.852
1252,31,12,-19.49236439114486,-16.332247598044233,520.535
1253,31,13,-26.281577548779413,-9.950406559303104,522.369
1254,31,14,-32.753622334567964,-2.793834025036944,524.197
1255,31,15,-38.75687708667268,5.4414964523069145,525.849
1256,31,16,-44.08102662017055,15.095631603529668,527.15
1257,31,17,-48.443021065667054,26.466387099794325,527.949
1258,31,18,-51.49821932292712,39.61870352595572,528.123
1259,31,19,-52.91127276408145,54.11728951111436,527.599
1260,31,20,-52.4905262810195,68.9526311431113,526.357
1261,31,21,-50.293674481660354,82.94415071447736,524.436
1262,31,22,-46.5934741403193,95.31987292446102,521.932
1263,31,23,-41.742421074776956,105.89832647700419,518.993
1264,31,24,-36.06183128925281,114.88036674502946,515.803
1265,31,25,-29.80156676396426,122.59894496000743,512.569
1266,31,26,-23.144007210128997,129.38297571160925,509.503
1267,31,27,-16.221168231572314,135.51390377477443,506.804
1268,31,28,-9.131734962743499,141.2245976190654,504.642
1269,31,29,-1.954176245365651,146.7123267680905,503.14
1270,31,30,5.243216487588268,152.15470346102668,502.368
1271,31,31,12.394103102813805,157.72536476695407,502.336
1272,31,32,19.426229376958922,163.60954541616337,502.995
1273,31,33,26.252492895746208,170.0202107069756,504.243
1274,31,34,32.759468976497494,177.21330148796946,505.934
1275,31,35,38.79233259865422,-174.5032190290918,507.899
1276,31,36,44.13652873736607,-164.7854034629161,509.953
1277,31,37,48.50389854173938,-153.33440007409294,511.923
1278,31,38,51.54500270364712,-140.09298553775602,513.657
1279,31,39,52.92322218003439,-125.51706132062534,515.044
1280,32,0,52.9209648025137,-109.0378570799464,515.584
1281,32,1,51.535201382188156,-94.47287482586607,516.342
1282,32,2,48.49166908803047,-81.25212161176844,516.687
1283,32,3,44.12880720850937,-69.82468237558186,516.681
1284,32,4,38.796041391373535,-60.129235678937924,516.427
1285,32,5,32.78061865726244,-51.86576204744926,516.052
1286,32,6,26.295885087543297,-44.69072345643173,515.701
1287,32,7,19.495465297028048,-38.29714729892288,515.509
1288,32,8,12.491505015472772,-32.430141160381574,515.593
1289,32,9,5.369840937724311,-26.877921365213226,516.037
1290,32,10,-1.7986265844248384,-21.456451881326437,516.88
1291,32,11,-8.949000081688977,-15.993570960501858,518.109
1292,32,12,-16.014626726165716,-10.31348404765535,519.666
1293,32,13,-22.91893540150415,-4.221201194814097,521.442
1294,32,14,-29.565566652667396,2.513247506055293,523.294
1295,32,15,-35.82540429113281,10.168102617397983,525.056
1296,32,16,-41.51975349273996,19.070021351364417,526.553
1297,32,17,-46.40284014548966,29.553794821632877,527.621
1298,32,18,-50.15651745293732,41.83251126992943,528.12
1299,32,19,-52.42710114438676,55.751627420998766,527.951
1300,32,20,-52.93275370902114,70.5703204668938,527.066
1301,32,21,-51.60067899066648,85.11655385170245,525.476
1302,32,22,-48.60967768141537,98.35772250122925,523.249
1303,32,23,-44.29021140878594,109.82675758946122,520.507
1304,32,24,-38.9884478202928,119.56900474229808,517.417
1305,32,25,-32.99136755919776,127.87611303729936,514.178
1306,32,26,-26.513223414480397,135.08895672537292,511.002
1307,32,27,-19.708968472746182,141.51451182857576,508.096
1308,32,28,-12.692027416673298,147.4088011577567,505.647
1309,32,29,-5.549565839788972,152.98495393577676,503.803
1310,32,30,1.646142504482598,158.42842345898015,502.661
1311,32,31,8.828754601350903,163.91288777758197,502.261
1312,32,32,15.92998872951821,169.61579520621916,502.584
1313,32,33,22.871407530164618,175.7342513439599,503.553
1314,32,34,29.554382217901498,-177.49909026322115,505.043
1315,32,35,35.846960368153375,-169.80240963472224,506.894
1316,32,36,41.566734948945886,-160.8449853684657,508.926
1317,32,37,46.46320194227965,-150.28898264772434,510.959
1318,32,38,50.21299287208957,-137.92382674038672,512.828
1319,32,39,52.458888844784,-123.91825063970876,514.399
1320,33,0,52.45242748582917,-92.64047850552423,516.017
1321,33,1,50.20116981463628,-78.65158855698863,516.564
1322,33,2,46.45232828112099,-66.30928646261384,516.723
1323,33,3,41.563907250629505,-55.7765610265639,516.577
1324,33,4,35.85871170862038,-46.84033766749108,516.246
1325,33,5,29.58613918244747,-39.16260056865519,515.865
1326,33,6,22.927348487014314,-32.4133491403071,515.577
1327,33,7,16.01309505624434,-26.31189505095781,515.51
1328,33,8,8.940721038641277,-20.626645368872417,515.767
1329,33,9,1.7873533571997324,-15.161694900729325,516.408
1330,33,10,-5.380106285160017,-9.740908435759534,517.449
1331,33,11,-12.496856468687476,-4.192225397920787,518.852
1332,33,12,-19.49236439114486,1.6677590927103363,520.535
1333,33,13,-26.281577548779413,8.049600771781698,522.369
1334,33,14,-32.753622334567964,15.206173092604448,524.197
1335,33,15,-38.75687708667268,23.441504637165366,525.849
1336,33,16,-44.08102662017055,33.09564064216176,527.15
1337,33,17,-48.443021065667054,44.466396138426425,527.949
1338,33,18,-51.49821932292712,57.618710857040526,528.123
1339,33,19,-52.91127276408145,72.11729684219917,527.599
1340,33,20,-52.4905262810195,86.9526384741961,526.357
1341,33,21,-50.293674481660354,100.94415804556216,524.436
1342,33,22,-46.5934741403193,113.31988025554583,521.932
1343,33,23,-41.742421074776956,123.898333808089,518.993
1344,33,24,-36.06183128925281,132.88037407611426,515.803
1345,33,25,-29.80156676396426,140.59895229109225,512.569
1346,33,26,-23.144007210128997,147.38298304269404,509.503
1347,33,27,-16.221168231572314,153.51391110585922,506.804
1348,33,28,-9.131734962743499,159.22460495015022,504.642
1349,33,29,-1.954176245365651,164.71233409917528,503.14
1350,33,30,5.243216487588268,170.1547107921115,502.368
1351,33,31,12.394103102813805,175.72537209803886,502.336
1352,33,32,19.426229376958922,-178.39044361028616,502.995
1353,33,33,26.252492895746208,-171.97977831947392,504.243
1354,33,34,32.759468976497494,-164.7867011988584,505.934
1355,33,35,38.79233259865422,-156.50321169800702,507.899
1356,33,36,44.13652873736607,-146.78539613183128,509.953
1357,33,37,48.50389854173938,-135.33439274300815,511.923
1358,33,38,51.54500270364712,-122.09297820667123,513.657
1359,33,39,52.92322218003439,-107.5170608197297,515.044
1360,34,0,52.9209648025137,-91.03787706961829,515.584
1361,34,1,51.535201382188156,-76.47289481553796,516.342
1362,34,2,48.49166908803047,-63.25214160144032,516.687
1363,34,3,44.12880720850937,-51.82470236525373,516.681
1364,34,4,38.796041391373535,-42.1292556686098,516.427
1365,34,5,32.78061865726244,-33.865782037121136,516.052
1366,34,6,26.295885087543297,-26.690743446103614,515.701
1367,34,7,19.495465297028048,-20.297168996142048,515.509
1368,34,8,12.491505015472772,-14.430161150053449,515.593
1369,34,9,5.369840937724311,-8.87794220865875,516.037
1370,34,10,-1.7986265844248384,-3.4564725113285473,516.88
1371,34,11,-8.949000081688977,2.0064086229394427,518.109
1372,34,12,-16.014626726165716,7.686495962672773,519.666
1373,34,13,-22.91893540150415,13.778778815514027,521.442
1374,34,14,-29.565566652667396,20.51322666260977,523.294
1375,34,15,-35.82540429113281,28.168082627726104,525.056
1376,34,16,-41.51975349273996,37.07000136169254,526.553
1377,34,17,-46.40284014548966,47.553774831961,527.621
1378,34,18,-50.15651745293732,59.83249128025755,528.12
1379,34,19,-52.42710114438676,73.7516040162323,527.951
1380,34,20,-52.93275370902114,88.57030047722193,527.066
1381,34,21,-51.60067899066648,103.11653386203058,525.476
1382,34,22,-48.60967768141537,116.3576956813682,523.249
1383,34,23,-44.29021140878594,127.82674442997852,520.507
1384,34,24,-38.9884478202928,137.5689847526262,517.417
1385,34,25,-32.99136755919776,145.87609304762748,514.178
1386,34,26,-26.513223414480397,153.08893673570103,511.002
1387,34,27,-19.708968472746182,159.5144918389039,508.096
1388,34,28,-12.692027416673298,165.4087811680848,505.647
1389,34,29,-5.549565839788972,170.9849339461049,503.803
1390,34,30,1.646142504482598,176.42840346930828,502.661
1391,34,31,8.828754601350903,-178.08714223000257,502.261
1392,34,32,15.92998872951821,-172.38422114098705,502.584
1393,34,33,22.871407530164618,-166.26576500324632,503.553
1394,34,34,29.554382217901498,-159.49911025289302,505.043
1395,34,35,35.846960368153375,-151.8024296243941,506.894
1396,34,36,41.566734948945886,-142.84500535813757,508.926
1397,34,37,46.46320194227965,-132.28900263739624,510.959
1398,34,38,50.21299287208957,-119.92384673005859,512.828
1399,34,39,52.458888844784,-105.91827062938063,514.399
1400,35,0,52.45242748582917,-74.6404984951961,516.017
1401,35,1,50.20116981463628,-60.6516085466605,516.564
1402,35,2,46.45232828112099,-48.30930645228572,516.723
1403,35,3,41.563907250629505,-37.776581016235774,516.577
1404,35,4,35.85871170862038,-28.84035765716295,516.246
1405,35,5,29.58613918244747,-21.162620558327074,515.865
1406,35,6,22.927348487014314,-14.413370837526266,515.577
1407,35,7,16.01309505624434,-8.311915040629685,515.51
1408,35,8,8.940721038641277,-2.6266653585442934,515.767
1409,35,9,1.7873533571997324,2.838284469268564,516.408
1410,35,10,-5.380106285160017,8.259071574568589,517.449
1411,35,11,-12.496856468687476,13.807754185520514,518.852
1412,35,12,-19.49236439114486,19.667739743368696,520.535
1413,35,13,-26.281577548779413,26.049581635883467,522.369
1414,35,14,-32.753622334567964,33.20615310293257,524.197
1415,35,15,-38.75687708667268,41.4414829399462,525.849
1416,35,16,-44.08102662017055,51.095620652489885,527.15
1417,35,17,-48.443021065667054,62.46637614875455,527.949
1418,35,18,-51.49821932292712,75.61869086736866,528.123
1419,35,19,-52.91127276408145,90.11727685252728,527.599
1420,35,20,-52.4905262810195,104.95261848452424,526.357
1421,35,21,-50.293674481660354,118.94413805589029,524.436
1422,35,22,-46.5934741403193,131.31985343568476,521.932
1423,35,23,-41.742421074776956,141.89831381841714,518.993
1424,35,24,-36.06183128925281,150.8803540864424,515.803
1425,35,25,-29.80156676396426,158.59893230142035,512.569
1426,35,26,-23.144007210128997,165.38296305302217,509.503
1427,35,27,-16.221168231572314,171.51389111618735,506.804
1428,35,28,-9.131734962743499,177.22458496047832,504.642
1429,35,29,-1.954176245365651,-177.2876822480309,503.14
1430,35,30,5.243216487588268,-171.8453055550947,502.368
1431,35,31,12.394103102813805,-166.27465790954568,502.336
1432,35,32,19.426229376958922,-160.39046359995803,502.995
1433,35,33,26.252492895746208,-153.9797983091458,504.243
1434,35,34,32.759468976497494,-146.78672118853027,505.934
1435,35,35,38.79233259865422,-138.5032316876789,507.899
1436,35,36,44.13652873736607,-128.78541612150318,509.953
1437,35,37,48.50389854173938,-117.33441273268002,511.923
1438,35,38,51.54500270364712,-104.09299136615394,513.657
1439,35,39,52.92322218003439,-89.51708080940159,515.044
1440,36,0,52.9209648025137,-73.03786973853349,515.584
1441,36,1,51.535201382188156,-58.47288748445315,516.342
1442,36,2,48.49166908803047,-45.25213085526094,516.687
1443,36,3,44.12880720850937,-33.824695034168926,516.681
1444,36,4,38.796041391373535,-24.129248337524995,516.427
1445,36,5,32.78061865726244,-15.865774706036333,516.052
1446,36,6,26.295885087543297,-8.690735261245162,515.701
1447,36,7,19.495465297028048,-2.2971614516138343,515.509
1448,36,8,12.491505015472772,3.5698470348050004,515.593
1449,36,9,5.369840937724311,9.122065122426052,516.037
1450,36,10,-1.7986265844248384,14.54353546008649,516.88
1451,36,11,-8.949000081688977,20.00641638091107,518.109
1452,36,12,-16.014626726165716,25.68650243998393,519.666
1453,36,13,-22.91893540150415,31.778787000372475,521.442
1454,36,14,-29.565566652667396,38.51323399369458,523.294
1455,36,15,-35.82540429113281,46.16808995881091,525.056
1456,36,16,-41.51975349273996,55.07000869277734,526.553
1457,36,17,-46.40284014548966,65.55377874795121,527.621
1458,36,18,-50.15651745293732,77.83249861134234,528.12
1459,36,19,-52.42710114438676,91.75161134731711,527.951
1460,36,20,-52.93275370902114,106.57030780830674,527.066
1461,36,21,-51.60067899066648,121.1165343629262,525.476
1462,36,22,-48.60967768141537,134.35770301245302,523.249
1463,36,23,-44.29021140878594,145.82675176106332,520.507
1464,36,24,-38.9884478202928,155.568992083711,517.417
1465,36,25,-32.99136755919776,163.8761003787123,514.178
1466,36,26,-26.513223414480397,171.08894406678584,511.002
1467,36,27,-19.708968472746182,177.51449916998868,508.096
1468,36,28,-12.692027416673298,-176.5912078583647,505.647
1469,36,29,-5.549565839788972,-171.01505508034464,503.803
1470,36,30,1.646142504482598,-165.57158555714125,502.661
1471,36,31,8.828754601350903,-160.08713489891775,502.261
1472,36,32,15.92998872951821,-154.38421380990226,502.584
1473,36,33,22.871407530164618,-148.2657576721615,503.553
1474,36,34,29.554382217901498,-141.49910292180823,505.043
1475,36,35,35.846960368153375,-133.80242229330932,506.894
1476,36,36,41.566734948945886,-124.84499802705277,508.926
1477,36,37,46.46320194227965,-114.28899530631142,510.959
1478,36,38,50.21299287208957,-101.92383939897378,512.828
1479,36,39,52.458888844784,-87.91826329829583,514.399
1480,37,0,52.45242748582917,-56.640491164111296,516.017
1481,37,1,50.20116981463628,-42.65160463067028,516.564
1482,37,2,46.45232828112099,-30.30929912120091,516.723
1483,37,3,41.563907250629505,-19.776571977603677,516.577
1484,37,4,35.85871170862038,-10.84035203362544,516.246
1485,37,5,29.58613918244747,-3.162612373468623,515.865
1486,37,6,22.927348487014314,3.5866373473321844,515.577
1487,37,7,16.01309505624434,9.688092290455119,515.51
1488,37,8,8.940721038641277,15.37334197254051,515.767
1489,37,9,1.7873533571997324,20.838292440683603,516.408
1490,37,10,-5.380106285160017,26.259078905653393,517.449
1491,37,11,-12.496856468687476,31.80776066283167,518.852
1492,37,12,-19.49236439114486,37.6677453669062,520.535
1493,37,13,-26.281577548779413,44.04958725942098,522.369
1494,37,14,-32.753622334567964,51.20616043401738,524.197
1495,37,15,-38.75687708667268,59.441490271031,525.849
1496,37,16,-44.08102662017055,69.09562798357469,527.15
1497,37,17,-48.443021065667054,80.46638347983935,527.949
1498,37,18,-51.49821932292712,93.61869819845346,528.123
1499,37,19,-52.91127276408145,108.11728418361209,527.599
1500,37,20,-52.4905262810195,122.95262581560904,526.357
1501,37,21,-50.293674481660354,136.9441453869751,524.436
1502,37,22,-46.5934741403193,149.31986076676958,521.932
1503,37,23,-41.742421074776956,159.89832114950192,518.993
1504,37,24,-36.06183128925281,168.88036141752718,515.803
1505,37,25,-29.80156676396426,176.59893963250516,512.569
1506,37,26,-23.144007210128997,-176.6170396338057,509.503
1507,37,27,-16.221168231572314,-170.48609791026217,506.804
1508,37,28,-9.131734962743499,-164.77541772634953,504.642
1509,37,29,-1.954176245365651,-159.28767491694612,503.14
1510,37,30,5.243216487588268,-153.8452982240099,502.368
1511,37,31,12.394103102813805,-148.27465057846086,502.336
1512,37,32,19.426229376958922,-142.3904562688732,502.995
1513,37,33,26.252492895746208,-135.979790978061,504.243
1514,37,34,32.759468976497494,-128.78671385744548,505.934
1515,37,35,38.79233259865422,-120.50322435659409,507.899
1516,37,36,44.13652873736607,-110.78540879041836,509.953
1517,37,37,48.50389854173938,-99.33439857140606,511.923
1518,37,38,51.54500270364712,-86.09298403506914,513.657
1519,37,39,52.92322218003439,-71.51707347831679,515.044
1520,38,0,52.9209648025137,-55.037858992354096,515.584
1521,38,1,51.535201382188156,-40.47287673827376,516.342
1522,38,2,48.49166908803047,-27.252125231723422,516.687
1523,38,3,44.12880720850937,-15.824689410631414,516.681
1524,38,4,38.796041391373535,-6.1292414333270155,516.427
1525,38,5,32.78061865726244,2.1342326250484693,516.052
1526,38,6,26.295885087543297,9.30927206983964,515.701
1527,38,7,19.495465297028048,15.702845666027557,515.509
1528,38,8,12.491505015472772,21.569853512116158,515.593
1529,38,9,5.369840937724311,27.122073307284502,516.037
1530,38,10,-1.7986265844248384,32.54354279117129,516.88
1531,38,11,-8.949000081688977,38.00642371199587,518.109
1532,38,12,-16.014626726165716,43.686511478616026,519.666
1533,38,13,-22.91893540150415,49.77879433145728,521.442
1534,38,14,-29.565566652667396,56.51324132477938,523.294
1535,38,15,-35.82540429113281,64.16809728989571,525.056
1536,38,16,-41.51975349273996,73.07001260876756,526.553
1537,38,17,-46.40284014548966,83.55378607903603,527.621
1538,38,18,-50.15651745293732,95.83250594242716,528.12
1539,38,19,-52.42710114438676,109.75161867840191,527.951
1540,38,20,-52.93275370902114,124.57031513939154,527.066
1541,38,21,-51.60067899066648,139.116541694011,525.476
1542,38,22,-48.60967768141537,152.3577103435378,523.249
1543,38,23,-44.29021140878594,163.8267590921481,520.507
1544,38,24,-38.9884478202928,173.5689994147958,517.417
1545,38,25,-32.99136755919776,-178.12388864773723,514.178
1546,38,26,-26.513223414480397,-170.91104495966368,511.002
1547,38,27,-19.708968472746182,-164.48548985646082,508.096
1548,38,28,-12.692027416673298,-158.5912005272799,505.647
1549,38,29,-5.549565839788972,-153.01504774925985,503.803
1550,38,30,1.646142504482598,-147.57157822605643,502.661
1551,38,31,8.828754601350903,-142.08712756783297,502.261
1552,38,32,15.92998872951821,-136.38420647881745,502.584
1553,38,33,22.871407530164618,-130.2657503410767,503.553
1554,38,34,29.554382217901498,-123.49909559072341,505.043
1555,38,35,35.846960368153375,-115.8024149622245,506.894
1556,38,36,41.566734948945886,-106.8449838657788,508.926
1557,38,37,46.46320194227965,-96.28898797522662,510.959
1558,38,38,50.21299287208957,-83.92383206788898,512.828
1559,38,39,52.458888844784,-69.91825596721102,514.399
1560,39,0,52.45242748582917,-38.640483833026494,516.017
1561,39,1,50.20116981463628,-24.651595592038184,516.564
1562,39,2,46.45232828112099,-12.30929179011611,516.723
1563,39,3,41.563907250629505,-1.77656475324058,516.577
1564,39,4,35.85871170862038,7.1596557243461865,516.246
1565,39,5,29.58613918244747,14.837394103842534,515.865
1566,39,6,22.927348487014314,21.586643824643343,515.577
1567,39,7,16.01309505624434,27.688099621539923,515.51
1568,39,8,8.940721038641277,33.37334930362531,515.767
1569,39,9,1.7873533571997324,38.838299771768405,516.408
1570,39,10,-5.380106285160017,44.2590862367382,517.449
1571,39,11,-12.496856468687476,49.80776799391647,518.852
1572,39,12,-19.49236439114486,55.667752697991006,520.535
1573,39,13,-26.281577548779413,62.049598005600366,522.369
1574,39,14,-32.753622334567964,69.20616776510218,524.197
1575,39,15,-38.75687708667268,77.4414976021158,525.849
1576,39,16,-44.08102662017055,87.09563531465949,527.15
1577,39,17,-48.443021065667054,98.46639081092415,527.949
1578,39,18,-51.49821932292712,111.61870552953826,528.123
1579,39,19,-52.91127276408145,126.11728468450772,527.599
1580,39,20,-52.4905262810195,140.95263314669384,526.357
1581,39,21,-50.293674481660354,154.9441527180599,524.436
1582,39,22,-46.5934741403193,167.31986809785437,521.932
1583,39,23,-41.742421074776956,177.89832848058674,518.993
1584,39,24,-36.06183128925281,-173.11962760892234,515.803
1585,39,25,-29.80156676396426,-165.40104939394436,512.569
1586,39,26,-23.144007210128997,-158.6170323027209,509.503
1587,39,27,-16.221168231572314,-152.48609057917736,506.804
1588,39,28,-9.131734962743499,-146.77541039526471,504.642
1589,39,29,-1.954176245365651,-141.2876675858613,503.14
1590,39,30,5.243216487588268,-135.8452908929251,502.368
1591,39,31,12.394103102813805,-130.27464324737608,502.336
1592,39,32,19.426229376958922,-124.39044893778842,502.995
1593,39,33,26.252492895746208,-117.97978364697619,504.243
1594,39,34,32.759468976497494,-110.7866996961715,505.934
1595,39,35,38.79233259865422,-102.50321702550927,507.899
1596,39,36,44.13652873736607,-92.78540145933356,509.953
1597,39,37,48.50389854173938,-81.33439124032125,511.923
1598,39,38,51.54500270364712,-68.09297670398433,513.657
1599,39,39,52.92322218003439,-53.5170627321374,515.044
