0,0,0,52.961030692185,-14.52406600585737,515.501
1,0,1,51.76845917253326,0.13202889067766874,516.305
2,0,2,48.887980569336705,13.529621198554779,516.692
3,0,3,44.649305189304776,25.15328664695396,516.718
4,0,4,39.40555722762172,35.0223140636173,516.482
5,0,5,33.45199551682342,43.42275689362681,516.111
6,0,6,27.00940762937785,50.69897449191432,515.747
7,0,7,20.236933557851707,57.16330799412992,515.529
8,0,8,13.250370621886098,63.076038834069884,515.575
9,0,9,6.137772339600361,68.65286780081779,515.974
10,0,10,-1.028817093970446,74.0800473228507,516.769
11,0,11,-8.184234899380051,79.53025141257574,517.956
12,0,12,-15.262392379662822,85.17816215801597,519.478
13,0,13,-22.188207613150336,91.21594693146969,521.233
14,0,14,-28.868002847828578,97.86908393781736,523.082
15,0,15,-35.176918810575124,105.41026164948259,524.859
16,0,16,-40.94245907390131,114.16181035377662,526.391
17,0,17,-45.9267008282589,124.46181075423671,527.51
18,0,18,-49.81856310789968,136.5464371319836,528.074
19,0,19,-52.26431383080326,150.31411774386999,527.979
20,0,20,-52.96745790019398,165.0888551073614,527.171
21,0,21,-51.8280115919066,179.7215655172516,525.655
22,0,22,-49.00058648308812,-166.86372074432424,523.492
23,0,23,-44.80642003078258,-155.19975205718012,520.799
24,0,24,-39.594948128022416,-145.28390198620903,517.74
25,0,25,-33.66095490919621,-136.8392746624587,514.509
26,0,26,-27.22607147513441,-129.52460651423863,511.319
27,0,27,-20.450750922271663,-123.02771691534416,508.378
28,0,28,-13.452072938265745,-117.08726916775228,505.876
29,0,29,-6.31942122057685,-111.48621352001835,503.965
30,0,30,0.8737929307089013,-106.03689735488541,502.748
31,0,31,8.060974744297063,-100.565144018329,502.273
32,0,32,15.174426373342229,-94.89462534673602,502.525
33,0,33,22.137235618921824,-88.83114540162471,503.433
34,0,34,28.853505771315227,-82.1465826949058,504.878
35,0,35,35.19561986852262,-74.56480633881402,506.701
36,0,36,40.98747685072086,-65.75942891367113,508.725
37,0,37,45.98654353067197,-55.38906731947615,510.768
38,0,38,49.87650701772348,-43.219203595982094,512.663
39,0,39,52.29977275787938,-29.364140958949132,514.272
40,1,0,52.591647231681534,1.9040411627538765,515.957
41,1,1,50.52065191306363,16.035410991810064,516.548
42,1,2,46.915551710631256,28.571548732187928,516.744
43,1,3,42.132834687734885,39.29241172892587,516.625
44,1,4,36.50204722654389,48.38441121239918,516.304
45,1,5,30.28066013801105,56.180672583902286,515.919
46,1,6,23.656353360149993,63.01516135799756,515.612
47,1,7,16.76441415739845,69.17426395148905,515.512
48,1,8,9.705067018089894,74.8943014945646,515.727
49,1,9,2.5570866483561967,80.37423739774671,516.321
50,1,10,-4.611938387983955,85.79157461718565,517.316
51,1,11,-11.737352239586752,91.31807875012889,518.68
52,1,12,-18.74962571513558,97.13518694168867,520.334
53,1,13,-25.565751525647276,103.4497787916355,522.156
54,1,14,-32.07827030491003,110.50956477059823,523.99
55,1,15,-38.1407564574971,118.61314708871147,525.666
56,1,16,-43.55005112918834,128.09891380802517,527.011
57,1,17,-48.03108211153983,139.27605393188747,527.869
58,1,18,-51.24374696501995,152.24727984503704,528.113
59,1,19,-52.84598640089989,166.6412888038136,527.665
60,1,20,-52.62394719626653,-178.5004642974367,526.499
61,1,21,-50.60738507023903,-164.3706333953779,524.648
62,1,22,-47.05180715438384,-151.80333120936456,522.202
63,1,23,-42.30769436067638,-141.03727285088863,519.304
64,1,24,-36.702776240966806,-131.89909445843688,516.133
65,1,25,-30.49486853076099,-124.06135676319886,512.896
66,1,26,-23.872846451177303,-117.19145687335165,509.805
67,1,27,-16.97324719127159,-111.00236974940381,507.062
68,1,28,-9.897648470606633,-105.25654141202229,504.839
69,1,29,-2.7261581628629306,-99.75360826190476,503.266
70,1,30,4.472252481720732,-94.31461251260771,502.418
71,1,31,11.631404906502453,-88.76625860450959,502.311
72,1,32,18.680077313911926,-82.92528573198979,502.904
73,1,33,25.53325177802906,-76.58249886114915,504.098
74,1,34,32.0809853051051,-69.48720272869153,505.753
75,1,35,38.173742856093675,-61.33690874684456,507.699
76,1,36,43.604238434968636,-51.789308324974726,509.755
77,1,37,48.092376229151526,-40.53360053508976,511.743
78,1,38,51.29310874215164,-27.473599238202965,513.51
79,1,39,52.86256668511009,-12.999911000116317,514.938
80,2,0,52.961030692185,3.4759344950382642,515.501
81,2,1,51.76845917253326,18.132029765099272,516.305
82,2,2,48.887980569336705,31.529621699450413,516.692
83,2,3,44.649305189304776,43.1532854403023,516.718
84,2,4,39.40555722762172,53.02231456451293,516.482
85,2,5,33.45199551682342,61.42275739452245,516.111
86,2,6,27.00940762937785,68.69897157771537,515.747
87,2,7,20.236933557851707,75.16330849502556,515.529
88,2,8,13.250370621886098,81.07603933496551,515.575
89,2,9,6.137772339600361,86.65286830171341,515.974
90,2,10,-1.028817093970446,92.08004782374634,516.769
91,2,11,-8.184234899380051,97.53025191347137,517.956
92,2,12,-15.262392379662822,103.1781626589116,519.478
93,2,13,-22.188207613150336,109.21594743236533,521.233
94,2,14,-28.868002847828578,115.86909126890217,523.082
95,2,15,-35.176918810575124,123.41026215037823,524.859
96,2,16,-40.94245907390131,132.16181085467224,526.391
97,2,17,-45.9267008282589,142.4618180853215,527.51
98,2,18,-49.81856310789968,154.54644446306838,528.074
99,2,19,-52.26431383080326,168.31411141457644,527.979
100,2,20,-52.96745790019398,-176.91114757946644,527.171
101,2,21,-51.8280115919066,-162.27843716957628,525.655
102,2,22,-49.00058648308812,-148.86371341323945,523.492
103,2,23,-44.80642003078258,-137.1997447260953,520.799
104,2,24,-39.594948128022416,-127.28390831550259,517.74
105,2,25,-33.66095490919621,-118.83928099175226,514.509
106,2,26,-27.22607147513441,-111.52459918315382,511.319
107,2,27,-20.450750922271663,-105.02770958425936,508.378
108,2,28,-13.452072938265745,-99.08726183666748,505.876
109,2,29,-6.31942122057685,-93.48621301912272,503.965
110,2,30,0.8737929307089013,-88.03689685398979,502.748
111,2,31,8.060974744297063,-82.56514351743336,502.273
112,2,32,15.174426373342229,-76.8946248458404,502.525
113,2,33,22.137235618921824,-70.83114490072909,503.433
114,2,34,28.853505771315227,-64.14658219401018,504.878
115,2,35,35.19561986852262,-56.564805837918385,506.701
116,2,36,40.98747685072086,-47.75942499768092,508.725
117,2,37,45.98654353067197,-37.38906681858052,510.768
118,2,38,49.87650701772348,-25.21920138753917,512.663
119,2,39,52.29977275787938,-11.364141311827147,514.272
120,3,0,52.591647231681534,19.904042090536333,515.957
121,3,1,50.52065191306363,34.03541320025299,516.548
122,3,2,46.915551710631256,46.57154923308356,516.744
123,3,3,42.132834687734885,57.29241222982151,516.625
124,3,4,36.50204722654389,66.38441171329481,516.304
125,3,5,30.28066013801105,74.1806764998925,515.919
126,3,6,23.656353360149993,81.0151618588932,515.612
127,3,7,16.76441415739845,87.17426445238468,515.512
128,3,8,9.705067018089894,92.89430199546024,515.727
129,3,9,2.5570866483561967,98.37423789864233,516.321
130,3,10,-4.611938387983955,103.79157511808127,517.316
131,3,11,-11.737352239586752,109.31807925102451,518.68
132,3,12,-18.74962571513558,115.1351874425843,520.334
133,3,13,-25.565751525647276,121.44977929253113,522.156
134,3,14,-32.07827030491003,128.50955844130468,523.99
135,3,15,-38.1407564574971,136.61315441979627,525.666
136,3,16,-43.55005112918834,146.09890747873163,527.011
137,3,17,-48.03108211153983,157.2760612629723,527.869
138,3,18,-51.24374696501995,170.2472735157435,528.113
139,3,19,-52.84598640089989,-175.35871388301425,527.665
140,3,20,-52.62394719626653,-160.50045696635192,526.499
141,3,21,-50.60738507023903,-146.3706260642931,524.648
142,3,22,-47.05180715438384,-133.8033375386581,522.202
143,3,23,-42.30769436067638,-123.03727918018217,519.304
144,3,24,-36.702776240966806,-113.89909395754124,516.133
145,3,25,-30.49486853076099,-106.06135626230324,512.896
146,3,26,-23.872846451177303,-99.1914632026452,509.805
147,3,27,-16.97324719127159,-93.00236924850819,507.062
148,3,28,-9.897648470606633,-87.25654091112665,504.839
149,3,29,-2.7261581628629306,-81.75360776100912,503.266
150,3,30,4.472252481720732,-76.31461201171207,502.418
151,3,31,11.631404906502453,-70.76625810361396,502.311
152,3,32,18.680077313911926,-64.92528523109415,502.904
153,3,33,25.53325177802906,-58.58249836025352,504.098
154,3,34,32.0809853051051,-51.4871988127013,505.753
155,3,35,38.173742856093675,-43.33691166104351,507.699
156,3,36,43.604238434968636,-33.78930782407909,509.755
157,3,37,48.092376229151526,-22.53360174174142,511.743
158,3,38,51.29310874215164,-9.473599591080976,513.51
159,3,39,52.86256668511009,5.00008992766614,514.938
160,4,0,52.961030692185,21.475934995933898,515.501
161,4,1,51.76845917253326,36.132028558447615,516.305
162,4,2,48.887980569336705,49.52962220034605,516.692
163,4,3,44.649305189304776,61.153285941197936,516.718
164,4,4,39.40555722762172,71.02231506540856,516.482
165,4,5,33.45199551682342,79.42275789541809,516.111
166,4,6,27.00940762937785,86.698972078611,515.747
167,4,7,20.236933557851707,93.1633089959212,515.529
168,4,8,13.250370621886098,99.07603983586115,515.575
169,4,9,6.137772339600361,104.65286880260905,515.974
170,4,10,-1.028817093970446,110.08004832464198,516.769
171,4,11,-8.184234899380051,115.53025924455618,517.956
172,4,12,-15.262392379662822,121.1781699899964,519.478
173,4,13,-22.188207613150336,127.21594793326095,521.233
174,4,14,-28.868002847828578,133.86908493960863,523.082
175,4,15,-35.176918810575124,141.41026948146302,524.859
176,4,16,-40.94245907390131,150.1618045253787,526.391
177,4,17,-45.9267008282589,160.46181175602797,527.51
178,4,18,-49.81856310789968,172.54643813377487,528.074
179,4,19,-52.26431383080326,-173.6858912722514,527.979
180,4,20,-52.96745790019398,-158.91114024838166,527.171
181,4,21,-51.8280115919066,-144.27844349886982,525.655
182,4,22,-49.00058648308812,-130.863719742533,523.492
183,4,23,-44.80642003078258,-119.19975105538884,520.799
184,4,24,-39.594948128022416,-109.28390098441778,517.74
185,4,25,-33.66095490919621,-100.83927366066746,514.509
186,4,26,-27.22607147513441,-93.52459868225819,511.319
187,4,27,-20.450750922271663,-87.02770908336372,508.378
188,4,28,-13.452072938265745,-81.08726133577184,505.876
189,4,29,-6.31942122057685,-75.48621251822708,503.965
190,4,30,0.8737929307089013,-70.03689635309415,502.748
191,4,31,8.060974744297063,-64.56514301653772,502.273
192,4,32,15.174426373342229,-58.89462434494476,502.525
193,4,33,22.137235618921824,-52.83114439983345,503.433
194,4,34,28.853505771315227,-46.14658169311454,504.878
195,4,35,35.19561986852262,-38.564805337022754,506.701
196,4,36,40.98747685072086,-29.759424496785282,508.725
197,4,37,45.98654353067197,-19.389068025232174,510.768
198,4,38,49.87650701772348,-7.219201740417181,512.663
199,4,39,52.29977275787938,6.635858762181663,514.272
200,5,0,52.591647231681534,37.90404259143197,515.957
201,5,1,50.52065191306363,52.03541370114862,516.548
202,5,2,46.915551710631256,64.5715497339792,516.744
203,5,3,42.132834687734885,75.29241273071715,516.625
204,5,4,36.50204722654389,84.38441221419045,516.304
205,5,5,30.28066013801105,92.18067700078814,515.919
206,5,6,23.656353360149993,99.01516235978883,515.612
207,5,7,16.76441415739845,105.17426495328031,515.512
208,5,8,9.705067018089894,110.89430249635588,515.727
209,5,9,2.5570866483561967,116.37423839953797,516.321
210,5,10,-4.611938387983955,121.7915756189769,517.316
211,5,11,-11.737352239586752,127.31808658210933,518.68
212,5,12,-18.74962571513558,133.1351947736691,520.334
213,5,13,-25.565751525647276,139.4497729632376,522.156
214,5,14,-32.07827030491003,146.5095657723895,523.99
215,5,15,-38.1407564574971,154.61314809050273,525.666
216,5,16,-43.55005112918834,164.09891480981645,527.011
217,5,17,-48.03108211153983,175.27605493367875,527.869
218,5,18,-51.24374696501995,-171.75272917108435,528.113
219,5,19,-52.84598640089989,-157.35870655192946,527.665
220,5,20,-52.62394719626653,-142.50046329564546,526.499
221,5,21,-50.60738507023903,-128.37063239358662,524.648
222,5,22,-47.05180715438384,-115.80333020757328,522.202
223,5,23,-42.30769436067638,-105.03727867928654,519.304
224,5,24,-36.702776240966806,-95.89909345664562,516.133
225,5,25,-30.49486853076099,-88.0613557614076,512.896
226,5,26,-23.872846451177303,-81.19146270174956,509.805
227,5,27,-16.97324719127159,-75.00236874761255,507.062
228,5,28,-9.897648470606633,-69.25654041023103,504.839
229,5,29,-2.7261581628629306,-63.75360726011349,503.266
230,5,30,4.472252481720732,-58.31461151081645,502.418
231,5,31,11.631404906502453,-52.766257602718326,502.311
232,5,32,18.680077313911926,-46.92528131510394,502.904
233,5,33,25.53325177802906,-40.58249785935788,504.098
234,5,34,32.0809853051051,-33.48719831180567,505.753
235,5,35,38.173742856093675,-25.336911160147874,507.699
236,5,36,43.604238434968636,-15.789305615636163,509.755
237,5,37,48.092376229151526,-4.533600813958963,511.743
238,5,38,51.29310874215164,8.526400909814656,513.51
239,5,39,52.86256668511009,23.000090001674952,514.938
240,6,0,52.961030692185,39.47593549682953,515.501
241,6,1,51.76845917253326,54.132029059343246,516.305
242,6,2,48.887980569336705,67.52962270124168,516.692
243,6,3,44.649305189304776,79.15328644209357,516.718
244,6,4,39.40555722762172,89.0223155663042,516.482
245,6,5,33.45199551682342,97.42275839631371,516.111
246,6,6,27.00940762937785,104.69897257950663,515.747
247,6,7,20.236933557851707,111.16330949681682,515.529
248,6,8,13.250370621886098,117.07604033675679,515.575
249,6,9,6.137772339600361,122.65287613369385,515.974
250,6,10,-1.028817093970446,128.0800488255376,516.769
251,6,11,-8.184234899380051,133.53025291526265,517.956
252,6,12,-15.262392379662822,139.17816366070286,519.478
253,6,13,-22.188207613150336,145.21594160396742,521.233
254,6,14,-28.868002847828578,151.86909227069344,523.082
255,6,15,-35.176918810575124,159.4102631521695,524.859
256,6,16,-40.94245907390131,168.16181185646352,526.391
257,6,17,-45.9267008282589,178.4618190871128,527.51
258,6,18,-49.81856310789968,-169.45355089267466,528.074
259,6,19,-52.26431383080326,-155.6858839411666,527.979
260,6,20,-52.96745790019398,-140.91114657767517,527.171
261,6,21,-51.8280115919066,-126.278436167785,525.655
262,6,22,-49.00058648308812,-112.86371924163736,523.492
263,6,23,-44.80642003078258,-101.19974372430404,520.799
264,6,24,-39.594948128022416,-91.28390048352215,517.74
265,6,25,-33.66095490919621,-82.83927315977182,514.509
266,6,26,-27.22607147513441,-75.52459818136255,511.319
267,6,27,-20.450750922271663,-69.02770858246808,508.378
268,6,28,-13.452072938265745,-63.08726083487621,505.876
269,6,29,-6.31942122057685,-57.48621201733145,503.965
270,6,30,0.8737929307089013,-52.03689585219851,502.748
271,6,31,8.060974744297063,-46.565139100547505,502.273
272,6,32,15.174426373342229,-40.89462384404912,502.525
273,6,33,22.137235618921824,-34.83114389893782,503.433
274,6,34,28.853505771315227,-28.146581192218907,504.878
275,6,35,35.19561986852262,-20.56480483612712,506.701
276,6,36,40.98747685072086,-11.759425703436941,508.725
277,6,37,45.98654353067197,-1.389066884006306,510.768
278,6,38,49.87650701772348,10.780798760478453,512.663
279,6,39,52.29977275787938,24.635858836190476,514.272
280,7,0,52.591647231681534,55.904039677233015,515.957
281,7,1,50.52065191306363,70.03540737185509,516.548
282,7,2,46.915551710631256,82.57154340468566,516.744
283,7,3,42.132834687734885,93.2924064014236,516.625
284,7,4,36.50204722654389,102.3844058848969,516.304
285,7,5,30.28066013801105,110.1806706714946,515.919
286,7,6,23.656353360149993,117.01515603049529,515.612
287,7,7,16.76441415739845,123.17426545417595,515.512
288,7,8,9.705067018089894,128.89430299725151,515.727
289,7,9,2.5570866483561967,134.37423207024443,516.321
290,7,10,-4.611938387983955,139.79156928968337,517.316
291,7,11,-11.737352239586752,145.31808025281578,518.68
292,7,12,-18.74962571513558,151.13518844437556,520.334
293,7,13,-25.565751525647276,157.4497802943224,522.156
294,7,14,-32.07827030491003,164.50955944309595,523.99
295,7,15,-38.1407564574971,172.6131417612092,525.666
296,7,16,-43.55005112918834,-177.9010878770114,527.011
297,7,17,-48.03108211153983,-166.7239477531491,527.869
298,7,18,-51.24374696501995,-153.75272183999957,528.113
299,7,19,-52.84598640089989,-139.35871288122297,527.665
300,7,20,-52.62394719626653,-124.50045596456064,526.499
301,7,21,-50.60738507023903,-110.370631892691,524.648
302,7,22,-47.05180715438384,-97.80333653686682,522.202
303,7,23,-42.30769436067638,-87.0372781783909,519.304
304,7,24,-36.702776240966806,-77.89909978593914,516.133
305,7,25,-30.49486853076099,-70.06135526051196,512.896
306,7,26,-23.872846451177303,-63.19146220085393,509.805
307,7,27,-16.97324719127159,-57.002375076906084,507.062
308,7,28,-9.897648470606633,-51.25654332442998,504.839
309,7,29,-2.7261581628629306,-45.75360675921785,503.266
310,7,30,4.472252481720732,-40.3146144250154,502.418
311,7,31,11.631404906502453,-34.76626051691728,502.311
312,7,32,18.680077313911926,-28.92528422930289,502.904
313,7,33,25.53325177802906,-22.582500773556834,504.098
314,7,34,32.0809853051051,-15.487201226004622,505.753
315,7,35,38.173742856093675,-7.336914074346827,507.699
316,7,36,43.604238434968636,2.210691256721473,509.755
317,7,37,48.092376229151526,13.466395844955262,511.743
318,7,38,51.29310874215164,26.526398849389352,513.51
319,7,39,52.86256668511009,41.00008879502329,514.938
320,8,0,52.961030692185,57.47593941281975,515.501
321,8,1,51.76845917253326,72.13202956023888,516.305
322,8,2,48.887980569336705,85.52962320213732,516.692
323,8,3,44.649305189304776,97.1532869429892,516.718
324,8,4,39.40555722762172,107.02231606719984,516.482
325,8,5,33.45199551682342,115.42275206702018,516.111
326,8,6,27.00940762937785,122.69897991059145,515.747
327,8,7,20.236933557851707,129.16331682790164,515.529
328,8,8,13.250370621886098,135.07604766784158,515.575
329,8,9,6.137772339600361,140.65286980440032,515.974
330,8,10,-1.028817093970446,146.08004249624406,516.769
331,8,11,-8.184234899380051,151.53026024634744,517.956
332,8,12,-15.262392379662822,157.17817099178768,519.478
333,8,13,-22.188207613150336,163.2159489350522,521.233
334,8,14,-28.868002847828578,169.8690859413999,523.082
335,8,15,-35.176918810575124,177.4102704832543,524.859
336,8,16,-40.94245907390131,-173.83819083036434,526.391
337,8,17,-45.9267008282589,-163.53818359971507,527.51
338,8,18,-49.81856310789968,-151.4535572219682,528.074
339,8,19,-52.26431383080326,-137.68589027046013,527.979
340,8,20,-52.96745790019398,-122.91113924659038,527.171
341,8,21,-51.8280115919066,-108.27843566688937,525.655
342,8,22,-49.00058648308812,-94.86371874074172,523.492
343,8,23,-44.80642003078258,-83.19974322340842,520.799
344,8,24,-39.594948128022416,-73.28389998262651,517.74
345,8,25,-33.66095490919621,-64.83927265887618,514.509
346,8,26,-27.22607147513441,-57.52459768046692,511.319
347,8,27,-20.450750922271663,-51.02771149666704,508.378
348,8,28,-13.452072938265745,-45.08726033398058,505.876
349,8,29,-6.31942122057685,-39.486211516435816,503.965
350,8,30,0.8737929307089013,-34.03689535130288,502.748
351,8,31,8.060974744297063,-28.565140307199165,502.273
352,8,32,15.174426373342229,-22.89462334315349,502.525
353,8,33,22.137235618921824,-16.83114339804218,503.433
354,8,34,28.853505771315227,-10.146581545096918,504.878
355,8,35,35.19561986852262,-2.564803908344665,506.701
356,8,36,40.98747685072086,6.2405747974586925,508.725
357,8,37,45.98654353067197,16.61093297655909,510.768
358,8,38,49.87650701772348,28.78079840760044,512.663
359,8,39,52.29977275787938,42.6358610446334,514.272
360,9,0,52.591647231681534,73.90404017812865,515.957
361,9,1,50.52065191306363,88.03540787275072,516.548
362,9,2,46.915551710631256,100.5715439055813,516.744
363,9,3,42.132834687734885,111.29240690231924,516.625
364,9,4,36.50204722654389,120.38440638579254,516.304
365,9,5,30.28066013801105,128.18067117239025,515.919
366,9,6,23.656353360149993,135.0151633615801,515.612
367,9,7,16.76441415739845,141.1742591248824,515.512
368,9,8,9.705067018089894,146.89429666795797,515.727
369,9,9,2.5570866483561967,152.37423940132925,516.321
370,9,10,-4.611938387983955,157.79157662076818,517.316
371,9,11,-11.737352239586752,163.31807392352226,518.68
372,9,12,-18.74962571513558,169.13518211508202,520.334
373,9,13,-25.565751525647276,175.44977396502887,522.156
374,9,14,-32.07827030491003,-177.4904432437319,523.99
375,9,15,-38.1407564574971,-169.38684726524033,525.666
376,9,16,-43.55005112918834,-159.90109420630495,527.011
377,9,17,-48.03108211153983,-148.72394042206432,527.869
378,9,18,-51.24374696501995,-135.75272816929308,528.113
379,9,19,-52.84598640089989,-121.35870555013818,527.665
380,9,20,-52.62394719626653,-106.50046229385418,526.499
381,9,21,-50.60738507023903,-92.37063139179536,524.648
382,9,22,-47.05180715438384,-79.80333603597118,522.202
383,9,23,-42.30769436067638,-69.03727767749527,519.304
384,9,24,-36.702776240966806,-59.89909928504351,516.133
385,9,25,-30.49486853076099,-52.06135475961633,512.896
386,9,26,-23.872846451177303,-45.19146511505288,509.805
387,9,27,-16.97324719127159,-39.00237457601045,507.062
388,9,28,-9.897648470606633,-33.25654282353434,504.839
389,9,29,-2.7261581628629306,-27.753607965869513,503.266
390,9,30,4.472252481720732,-22.31461392411976,502.418
391,9,31,11.631404906502453,-16.766261723568938,502.311
392,9,32,18.680077313911926,-10.925284582180902,502.904
393,9,33,25.53325177802906,-4.5825002726612,504.098
394,9,34,32.0809853051051,2.512799274891011,505.753
395,9,35,38.173742856093675,10.663086426548807,507.699
396,9,36,43.604238434968636,20.210691971060516,509.755
397,9,37,48.092376229151526,31.466398053398187,511.743
398,9,38,51.29310874215164,44.52639935028498,513.51
399,9,39,52.86256668511009,59.000089295918926,514.938
400,10,0,52.961030692185,75.47593991371538,515.501
401,10,1,51.76845917253326,90.13203006113451,516.305
402,10,2,48.887980569336705,103.52962370303294,516.692
403,10,3,44.649305189304776,115.15328744388484,516.718
404,10,4,39.40555722762172,125.0223097379063,516.482
405,10,5,33.45199551682342,133.42275939810497,516.111
406,10,6,27.00940762937785,140.6989735812979,515.747
407,10,7,20.236933557851707,147.1633104986081,515.529
408,10,8,13.250370621886098,153.07604133854804,515.575
409,10,9,6.137772339600361,158.6528771354851,515.974
410,10,10,-1.028817093970446,164.08004982732888,516.769
411,10,11,-8.184234899380051,169.5302539170539,517.956
412,10,12,-15.262392379662822,175.17816466249414,519.478
413,10,13,-22.188207613150336,-178.78405375177564,521.233
414,10,14,-28.868002847828578,-172.13091674542795,523.082
415,10,15,-35.176918810575124,-164.58973220357356,524.859
416,10,16,-40.94245907390131,-155.83818349927955,526.391
417,10,17,-45.9267008282589,-145.53817626863028,527.51
418,10,18,-49.81856310789968,-133.4535498908834,528.074
419,10,19,-52.26431383080326,-119.68588293937533,527.979
420,10,20,-52.96745790019398,-104.91113874569474,527.171
421,10,21,-51.8280115919066,-90.27843516599374,525.655
422,10,22,-49.00058648308812,-76.86371823984608,523.492
423,10,23,-44.80642003078258,-65.19974272251278,520.799
424,10,24,-39.594948128022416,-55.28390289682546,517.74
425,10,25,-33.66095490919621,-46.839275573075135,514.509
426,10,26,-27.22607147513441,-39.52460059466587,511.319
427,10,27,-20.450750922271663,-33.0277109957714,508.378
428,10,28,-13.452072938265745,-27.087259833084946,505.876
429,10,29,-6.31942122057685,-21.48620930799289,503.965
430,10,30,0.8737929307089013,-16.036894850407247,502.748
431,10,31,8.060974744297063,-10.565139806303531,502.273
432,10,32,15.174426373342229,-4.894623269144681,502.525
433,10,33,22.137235618921824,1.168857209575158,503.433
434,10,34,28.853505771315227,7.853418955798715,504.878
435,10,35,35.19561986852262,15.435196165664145,506.701
436,10,36,40.98747685072086,24.240575298354326,508.725
437,10,37,45.98654353067197,34.61093518500202,510.768
438,10,38,49.87650701772348,46.780798908496074,512.663
439,10,39,52.29977275787938,60.63585813043445,514.272
440,11,0,52.591647231681534,91.90404067902428,515.957
441,11,1,50.52065191306363,106.03540837364635,516.548
442,11,2,46.915551710631256,118.5715512366661,516.744
443,11,3,42.132834687734885,129.29240740321487,516.625
444,11,4,36.50204722654389,138.38441371687733,516.304
445,11,5,30.28066013801105,146.18067850347504,515.919
446,11,6,23.656353360149993,153.01515703228657,515.612
447,11,7,16.76441415739845,159.17426645596723,515.512
448,11,8,9.705067018089894,164.89430399904276,515.727
449,11,9,2.5570866483561967,170.3742330720357,516.321
450,11,10,-4.611938387983955,175.79157029147464,517.316
451,11,11,-11.737352239586752,-178.68191510292726,518.68
452,11,12,-18.74962571513558,-172.86482057174584,520.334
453,11,13,-25.565751525647276,-166.55022872179902,522.156
454,11,14,-32.07827030491003,-159.49043591264711,523.99
455,11,15,-38.1407564574971,-151.38685359453385,525.666
456,11,16,-43.55005112918834,-141.90108687522016,527.011
457,11,17,-48.03108211153983,-130.72394675135783,527.869
458,11,18,-51.24374696501995,-117.75272083820829,528.113
459,11,19,-52.84598640089989,-103.35871187943171,527.665
460,11,20,-52.62394719626653,-88.50046179295855,526.499
461,11,21,-50.60738507023903,-74.37063089089973,524.648
462,11,22,-47.05180715438384,-61.80333553507556,522.202
463,11,23,-42.30769436067638,-51.03727717659964,519.304
464,11,24,-36.702776240966806,-41.89909536905329,516.133
465,11,25,-30.49486853076099,-34.0613542587207,512.896
466,11,26,-23.872846451177303,-27.191464614157248,509.805
467,11,27,-16.97324719127159,-21.002372367567524,507.062
468,11,28,-9.897648470606633,-15.256544030186,504.839
469,11,29,-2.7261581628629306,-9.753606611200235,503.266
470,11,30,4.472252481720732,-4.31461342322413,502.418
471,11,31,11.631404906502453,1.2337395243786362,502.311
472,11,32,18.680077313911926,7.074715918714731,502.904
473,11,33,25.53325177802906,13.417500228234433,504.098
474,11,34,32.0809853051051,20.512799775786643,505.753
475,11,35,38.173742856093675,28.66308692744444,507.699
476,11,36,43.604238434968636,38.21069076440886,509.755
477,11,37,48.092376229151526,49.466398554293825,511.743
478,11,38,51.29310874215164,62.52639985118062,513.51
479,11,39,52.86256668511009,77.00008979681456,514.938
480,12,0,52.961030692185,93.47594041461102,515.501
481,12,1,51.76845917253326,108.13203056203015,516.305
482,12,2,48.887980569336705,121.52962420392858,516.692
483,12,3,44.649305189304776,133.15329477496965,516.718
484,12,4,39.40555722762172,143.0223170689911,516.482
485,12,5,33.45199551682342,151.42275306881143,516.111
486,12,6,27.00940762937785,158.6989809123827,515.747
487,12,7,20.236933557851707,165.1633178296929,515.529
488,12,8,13.250370621886098,171.07604866963285,515.575
489,12,9,6.137772339600361,176.65287080619157,515.974
490,12,10,-1.028817093970446,-177.91995285949898,516.769
491,12,11,-8.184234899380051,-172.46974876977396,517.956
492,12,12,-15.262392379662822,-166.82183802433374,519.478
493,12,13,-22.188207613150336,-160.78404642069083,521.233
494,12,14,-28.868002847828578,-154.13090941434317,523.082
495,12,15,-35.176918810575124,-146.5897385328671,524.859
496,12,16,-40.94245907390131,-137.8381898285731,526.391
497,12,17,-45.9267008282589,-127.53818259792382,527.51
498,12,18,-49.81856310789968,-115.45355622017694,528.074
499,12,19,-52.26431383080326,-101.68588243847971,527.979
500,12,20,-52.96745790019398,-86.9111382447991,527.171
501,12,21,-51.8280115919066,-72.2784346650981,525.655
502,12,22,-49.00058648308812,-58.86371773895045,523.492
503,12,23,-44.80642003078258,-47.19974222161714,520.799
504,12,24,-39.594948128022416,-37.28390239592983,517.74
505,12,25,-33.66095490919621,-28.839275072179504,514.509
506,12,26,-27.22607147513441,-21.524598386222944,511.319
507,12,27,-20.450750922271663,-15.027708787328477,508.378
508,12,28,-13.452072938265745,-9.087259332189314,505.876
509,12,29,-6.31942122057685,-3.486209233984079,503.965
510,12,30,0.8737929307089013,1.9631052236015618,502.748
511,12,31,8.060974744297063,7.4348606945921025,502.273
512,12,32,15.174426373342229,13.105376804864129,502.525
513,12,33,22.137235618921824,19.168857603749085,503.433
514,12,34,28.853505771315227,25.853420310467996,504.878
515,12,35,35.19561986852262,33.435196666559776,506.701
516,12,36,40.98747685072086,42.24057750679725,508.725
517,12,37,45.98654353067197,52.61093568589765,510.768
518,12,38,49.87650701772348,64.7807994093917,512.663
519,12,39,52.29977275787938,78.63585863133008,514.272
520,13,0,52.591647231681534,109.90404801010908,515.957
521,13,1,50.52065191306363,124.03541570473115,516.548
522,13,2,46.915551710631256,136.5715585677509,516.744
523,13,3,42.132834687734885,147.29241473429968,516.625
524,13,4,36.50204722654389,156.38442104796215,516.304
525,13,5,30.28066013801105,164.18068583455985,515.919
526,13,6,23.656353360149993,171.01516436337135,515.612
527,13,7,16.76441415739845,177.17427378705202,515.512
528,13,8,9.705067018089894,-177.1056986877851,515.727
529,13,9,2.5570866483561967,-171.62575595441382,516.321
530,13,10,-4.611938387983955,-166.20841873497488,517.316
531,13,11,-11.737352239586752,-160.68190777184248,518.68
532,13,12,-18.74962571513558,-154.86481324066102,520.334
533,13,13,-25.565751525647276,-148.5502213907142,522.156
534,13,14,-32.07827030491003,-141.4904285815623,523.99
535,13,15,-38.1407564574971,-133.38684626344906,525.666
536,13,16,-43.55005112918834,-123.90107954413534,527.011
537,13,17,-48.03108211153983,-112.72393942027304,527.869
538,13,18,-51.24374696501995,-99.75272033731265,528.113
539,13,19,-52.84598640089989,-85.3587045483469,527.665
540,13,20,-52.62394719626653,-70.50045446187374,526.499
541,13,21,-50.60738507023903,-56.37062355981492,524.648
542,13,22,-47.05180715438384,-43.80332820399075,522.202
543,13,23,-42.30769436067638,-33.037269845514835,519.304
544,13,24,-36.702776240966806,-23.899089745515784,516.133
545,13,25,-30.49486853076099,-16.061346927635896,512.896
546,13,26,-23.872846451177303,-9.191457283072443,509.805
547,13,27,-16.97324719127159,-3.002365676812957,507.062
548,13,28,-9.897648470606633,2.743463941229039,504.839
549,13,29,-2.7261581628629306,8.24640071988457,503.266
550,13,30,4.472252481720732,13.685393907860673,502.418
551,13,31,11.631404906502453,19.2337461084115,502.311
552,13,32,18.680077313911926,25.074724103573182,502.904
553,13,33,25.53325177802906,31.417507559319237,504.098
554,13,34,32.0809853051051,38.51280710687145,505.753
555,13,35,38.173742856093675,46.66309425852924,507.699
556,13,36,43.604238434968636,56.21069809549366,509.755
557,13,37,48.092376229151526,67.46640247028404,511.743
558,13,38,51.29310874215164,80.52640718226542,513.51
559,13,39,52.86256668511009,95.00009712789937,514.938
560,14,0,52.961030692185,111.47593408531748,515.501
561,14,1,51.76845917253326,126.13202423273661,516.305
562,14,2,48.887980569336705,139.52961787463505,516.692
563,14,3,44.649305189304776,151.1532884456761,516.718
564,14,4,39.40555722762172,161.02231073969756,516.482
565,14,5,33.45199551682342,169.42274673951792,516.111
566,14,6,27.00940762937785,176.69897458308918,515.747
567,14,7,20.236933557851707,-176.8366985175133,515.529
568,14,8,13.250370621886098,-170.92396767757336,515.575
569,14,9,6.137772339600361,-165.34713188063628,515.974
570,14,10,-1.028817093970446,-159.91995918879252,516.769
571,14,11,-8.184234899380051,-154.4697550990675,517.956
572,14,12,-15.262392379662822,-148.82184435362726,519.478
573,14,13,-22.188207613150336,-142.78405274998437,521.233
574,14,14,-28.868002847828578,-136.1309157436367,523.082
575,14,15,-35.176918810575124,-128.58974486216064,524.859
576,14,16,-40.94245907390131,-119.83819615786662,526.391
577,14,17,-45.9267008282589,-109.53818892721735,527.51
578,14,18,-49.81856310789968,-97.45356254947048,528.074
579,14,19,-52.26431383080326,-83.68588876777324,527.979
580,14,20,-52.96745790019398,-68.91114457409265,527.171
581,14,21,-51.8280115919066,-54.27844099439164,525.655
582,14,22,-49.00058648308812,-40.86372406824399,523.492
583,14,23,-44.80642003078258,-29.19974855091068,520.799
584,14,24,-39.594948128022416,-19.283908725223366,517.74
585,14,25,-33.66095490919621,-10.839279693925748,514.509
586,14,26,-27.22607147513441,-3.524605355846717,511.319
587,14,27,-20.450750922271663,2.9722848833779865,508.378
588,14,28,-13.452072938265745,8.912734338517149,505.876
589,14,29,-6.31942122057685,14.513784863609208,503.965
590,14,30,0.8737929307089013,19.963099321194846,502.748
591,14,31,8.060974744297063,25.434854365298566,502.273
592,14,32,15.174426373342229,31.10537132934424,502.525
593,14,33,22.137235618921824,37.16885127445555,503.433
594,14,34,28.853505771315227,43.853413981174455,504.878
595,14,35,35.19561986852262,51.43519033726624,506.701
596,14,36,40.98747685072086,60.24056776240913,508.725
597,14,37,45.98654353067197,70.61092594150954,510.768
598,14,38,49.87650701772348,82.78079308009816,512.663
599,14,39,52.29977275787938,96.63585230203654,514.272
600,15,0,52.591647231681534,127.90403485062637,515.957
601,15,1,50.52065191306363,142.0354093754376,516.548
602,15,2,46.915551710631256,154.57155223845737,516.744
603,15,3,42.132834687734885,165.29240840500614,516.625
604,15,4,36.50204722654389,174.3844147186686,516.304
605,15,5,30.28066013801105,-177.81933051264636,515.919
606,15,6,23.656353360149993,-170.9848383234565,515.612
607,15,7,16.76441415739845,-164.82572889977584,515.512
608,15,8,9.705067018089894,-159.10570501707863,515.727
609,15,9,2.5570866483561967,-153.62576228370736,516.321
610,15,10,-4.611938387983955,-148.20842506426843,517.316
611,15,11,-11.737352239586752,-142.68191410113602,518.68
612,15,12,-18.74962571513558,-136.86481956995456,520.334
613,15,13,-25.565751525647276,-130.55022772000774,522.156
614,15,14,-32.07827030491003,-123.49043491085584,523.99
615,15,15,-38.1407564574971,-115.38685259274258,525.666
616,15,16,-43.55005112918834,-105.90109270361805,527.011
617,15,17,-48.03108211153983,-94.72394574956658,527.869
618,15,18,-51.24374696501995,-81.7527266666062,528.113
619,15,19,-52.84598640089989,-67.35871087764045,527.665
620,15,20,-52.62394719626653,-52.50046079116728,526.499
621,15,21,-50.60738507023903,-38.370629889108464,524.648
622,15,22,-47.05180715438384,-25.803334533284293,522.202
623,15,23,-42.30769436067638,-15.037276174808373,519.304
624,15,24,-36.702776240966806,-5.899095647922497,516.133
625,15,25,-30.49486853076099,1.938645889296923,512.896
626,15,26,-23.872846451177303,8.80853638763402,509.805
627,15,27,-16.97324719127159,14.99762863422374,507.062
628,15,28,-9.897648470606633,20.74345697160527,504.839
629,15,29,-2.7261581628629306,26.246393536817386,503.266
630,15,30,4.472252481720732,31.685387578567138,502.418
631,15,31,11.631404906502453,37.23374148666525,502.311
632,15,32,18.680077313911926,43.07471777427964,502.904
633,15,33,25.53325177802906,49.4175012300257,504.098
634,15,34,32.0809853051051,56.51280077757791,505.753
635,15,35,38.173742856093675,64.6630879292357,507.699
636,15,36,43.604238434968636,74.21069518129471,509.755
637,15,37,48.092376229151526,85.4663961409905,511.743
638,15,38,51.29310874215164,98.52640085297189,513.51
639,15,39,52.86256668511009,113.00009079860583,514.938
640,16,0,52.961030692185,129.4759345862131,515.501
641,16,1,51.76845917253326,144.1320315638214,516.305
642,16,2,48.887980569336705,157.52962520571984,516.692
643,16,3,44.649305189304776,169.1532957767609,516.718
644,16,4,39.40555722762172,179.02231807078238,516.482
645,16,5,33.45199551682342,-172.5772422869316,516.111
646,16,6,27.00940762937785,-165.3010281037387,515.747
647,16,7,20.236933557851707,-158.8366911864285,515.529
648,16,8,13.250370621886098,-152.92396034648854,515.575
649,16,9,6.137772339600361,-147.34712454955147,515.974
650,16,10,-1.028817093970446,-141.91995185770773,516.769
651,16,11,-8.184234899380051,-136.46974776798268,517.956
652,16,12,-15.262392379662822,-130.82183702254247,519.478
653,16,13,-22.188207613150336,-124.78404541889958,521.233
654,16,14,-28.868002847828578,-118.13090841255189,523.082
655,16,15,-35.176918810575124,-110.58973070088666,524.859
656,16,16,-40.94245907390131,-101.83818882678182,526.391
657,16,17,-45.9267008282589,-91.53818159613255,527.51
658,16,18,-49.81856310789968,-79.45355521838567,528.074
659,16,19,-52.26431383080326,-65.68588143668843,527.979
660,16,20,-52.96745790019398,-50.911140658102426,527.171
661,16,21,-51.8280115919066,-36.278433663306835,525.655
662,16,22,-49.00058648308812,-22.86371502961189,523.492
663,16,23,-44.80642003078258,-11.199742073599525,520.799
664,16,24,-39.594948128022416,-1.2839009672517387,517.74
665,16,25,-33.66095490919621,7.160727637159056,514.509
666,16,26,-27.22607147513441,14.47540261556832,511.319
667,16,27,-20.450750922271663,20.97229221446279,508.378
668,16,28,-13.452072938265745,26.912741669601953,505.876
669,16,29,-6.31942122057685,32.51379048714672,503.965
670,16,30,0.8737929307089013,37.96310665227965,502.748
671,16,31,8.060974744297063,43.43486340393066,502.273
672,16,32,15.174426373342229,49.10537866042904,502.525
673,16,33,22.137235618921824,55.16885860554035,503.433
674,16,34,28.853505771315227,61.853421312259265,504.878
675,16,35,35.19561986852262,69.43519766835105,506.701
676,16,36,40.98747685072086,78.24057509349393,508.725
677,16,37,45.98654353067197,88.61093327259434,510.768
678,16,38,49.87650701772348,100.78080041118297,512.663
679,16,39,52.29977275787938,114.63585963312134,514.272
680,17,0,52.591647231681534,145.90402852133283,515.957
681,17,1,50.52065191306363,160.03540304614407,516.548
682,17,2,46.915551710631256,172.57154590916383,516.744
683,17,3,42.132834687734885,-176.70759428182174,516.625
684,17,4,36.50204722654389,-167.6156016285376,516.304
685,17,5,30.28066013801105,-159.8193368419399,515.919
686,17,6,23.656353360149993,-152.98484465275004,515.612
687,17,7,16.76441415739845,-146.82573522906938,515.512
688,17,8,9.705067018089894,-141.10571134637217,515.727
689,17,9,2.5570866483561967,-135.6257686130009,516.321
690,17,10,-4.611938387983955,-130.20843139356197,517.316
691,17,11,-11.737352239586752,-124.68192043042954,518.68
692,17,12,-18.74962571513558,-118.8648258992481,520.334
693,17,13,-25.565751525647276,-112.5502272191121,522.156
694,17,14,-32.07827030491003,-105.49044124014938,523.99
695,17,15,-38.1407564574971,-97.38685892203613,525.666
696,17,16,-43.55005112918834,-87.90109903291159,527.011
697,17,17,-48.03108211153983,-76.72395207886011,527.869
698,17,18,-51.24374696501995,-63.75273299589973,528.113
699,17,19,-52.84598640089989,-49.35871720693399,527.665
700,17,20,-52.62394719626653,-34.50046712046082,526.499
701,17,21,-50.60738507023903,-20.370634510854707,524.648
702,17,22,-47.05180715438384,-7.803341716351474,522.202
703,17,23,-42.30769436067638,2.962717069011268,519.304
704,17,24,-36.702776240966806,12.100898449670789,516.133
705,17,25,-30.49486853076099,19.938640413777033,512.896
706,17,26,-23.872846451177303,26.808530058340484,509.805
707,17,27,-16.97324719127159,32.99762059738291,507.062
708,17,28,-9.897648470606633,38.74345234985903,504.839
709,17,29,-2.7261581628629306,44.246388915071144,503.266
710,17,30,4.472252481720732,49.6853812492736,502.418
711,17,31,11.631404906502453,55.23373515737172,502.311
712,17,32,18.680077313911926,61.07471144498611,502.904
713,17,33,25.53325177802906,67.41749831582675,504.098
714,17,34,32.0809853051051,74.51279444828438,505.753
715,17,35,38.173742856093675,82.66308159994217,507.699
716,17,36,43.604238434968636,92.21068885200117,509.755
717,17,37,48.092376229151526,103.46638981169697,511.743
718,17,38,51.29310874215164,116.52638769348918,513.51
719,17,39,52.86256668511009,131.0000776391231,514.938
720,18,0,52.961030692185,147.4759282569196,515.501
721,18,1,51.76845917253326,162.13202523452787,516.305
722,18,2,48.887980569336705,175.5296188764263,516.692
723,18,3,44.649305189304776,-172.8467205704453,516.718
724,18,4,39.40555722762172,-162.9776846160455,516.482
725,18,5,33.45199551682342,-154.57724861622515,516.111
726,18,6,27.00940762937785,-147.30103443303224,515.747
727,18,7,20.236933557851707,-140.83669751572205,515.529
728,18,8,13.250370621886098,-134.92396667578208,515.575
729,18,9,6.137772339600361,-129.347130878845,515.974
730,18,10,-1.028817093970446,-123.91995818700126,516.769
731,18,11,-8.184234899380051,-118.46975409727622,517.956
732,18,12,-15.262392379662822,-112.82183652164683,519.478
733,18,13,-22.188207613150336,-106.78405857838229,521.233
734,18,14,-28.868002847828578,-100.13091474184543,523.082
735,18,15,-35.176918810575124,-92.5897370301802,524.859
736,18,16,-40.94245907390131,-83.83819515607536,526.391
737,18,17,-45.9267008282589,-73.53818792542609,527.51
738,18,18,-49.81856310789968,-61.45356154767921,528.074
739,18,19,-52.26431383080326,-47.685891181076556,527.979
740,18,20,-52.96745790019398,-32.911146987395966,527.171
741,18,21,-51.8280115919066,-18.278439992600372,525.655
742,18,22,-49.00058648308812,-4.863721358905427,523.492
743,18,23,-44.80642003078258,6.800252023993762,520.799
744,18,24,-39.594948128022416,16.716092276567903,517.74
745,18,25,-33.66095490919621,25.16072130786552,514.509
746,18,26,-27.22607147513441,32.47539457872749,511.319
747,18,27,-20.450750922271663,38.97228417762196,508.378
748,18,28,-13.452072938265745,44.912735340308416,505.876
749,18,29,-6.31942122057685,50.51378415785318,503.965
750,18,30,0.8737929307089013,55.963100322986115,502.748
751,18,31,8.060974744297063,61.43485365954254,502.273
752,18,32,15.174426373342229,67.10537233113551,502.525
753,18,33,22.137235618921824,73.16885227624681,503.433
754,18,34,28.853505771315227,79.85341498296573,504.878
755,18,35,35.19561986852262,87.43519133905751,506.701
756,18,36,40.98747685072086,96.2405687642004,508.725
757,18,37,45.98654353067197,106.6109269433008,510.768
758,18,38,49.87650701772348,118.7808009120786,512.663
759,18,39,52.29977275787938,132.63585330382782,514.272
760,19,0,52.591647231681534,163.90403585241765,515.957
761,19,1,50.52065191306363,178.03541037722889,516.548
762,19,2,46.915551710631256,-169.42845677766402,516.744
763,19,3,42.132834687734885,-158.70758695073692,516.625
764,19,4,36.50204722654389,-149.6155942974528,516.304
765,19,5,30.28066013801105,-141.81932951085508,515.919
766,19,6,23.656353360149993,-134.98483732166522,515.612
767,19,7,16.76441415739845,-128.8257278979846,515.512
768,19,8,9.705067018089894,-123.10570401528736,515.727
769,19,9,2.5570866483561967,-117.62576128191608,516.321
770,19,10,-4.611938387983955,-112.20842406247716,517.316
771,19,11,-11.737352239586752,-106.6819199295339,518.68
772,19,12,-18.74962571513558,-100.86481173797414,520.334
773,19,13,-25.565751525647276,-94.5502198880273,522.156
774,19,14,-32.07827030491003,-87.49043390906458,523.99
775,19,15,-38.1407564574971,-79.38685159095132,525.666
776,19,16,-43.55005112918834,-69.90109170182679,527.011
777,19,17,-48.03108211153983,-58.723944747775306,527.869
778,19,18,-51.24374696501995,-45.752725664814925,528.113
779,19,19,-52.84598640089989,-31.358709875849183,527.665
780,19,20,-52.62394719626653,-16.50045808182872,526.499
781,19,21,-50.60738507023903,-2.370627820100138,524.648
782,19,22,-47.05180715438384,10.196665614733329,522.202
783,19,23,-42.30769436067638,20.962724826982896,519.304
784,19,24,-36.702776240966806,30.100906634529238,516.133
785,19,25,-30.49486853076099,37.93864774486184,512.896
786,19,26,-23.872846451177303,44.80853738942528,509.805
787,19,27,-16.97324719127159,50.997627928467715,507.062
788,19,28,-9.897648470606633,56.74345968094383,504.839
789,19,29,-2.7261581628629306,62.246396246155946,503.266
790,19,30,4.472252481720732,67.68539199545299,502.418
791,19,31,11.631404906502453,73.23373907336193,502.311
792,19,32,18.680077313911926,79.07471877607091,502.904
793,19,33,25.53325177802906,85.41750564691155,504.098
794,19,34,32.0809853051051,92.51280177936918,505.753
795,19,35,38.173742856093675,100.66308893102698,507.699
796,19,36,43.604238434968636,110.21069618308597,509.755
797,19,37,48.092376229151526,121.46640397297094,511.743
798,19,38,51.29310874215164,134.526395024574,513.51
799,19,39,52.86256668511009,149.00008497020792,514.938
800,20,0,52.961030692185,165.47593558800438,515.501
801,20,1,51.76845917253326,-179.86796379192165,516.305
802,20,2,48.887980569336705,-166.47037015002323,516.692
803,20,3,44.649305189304776,-154.8467132393605,516.718
804,20,4,39.40555722762172,-144.9776772849607,516.482
805,20,5,33.45199551682342,-136.57724128514036,516.111
806,20,6,27.00940762937785,-129.30102710194743,515.747
807,20,7,20.236933557851707,-122.83669018463723,515.529
808,20,8,13.250370621886098,-116.92395934469728,515.575
809,20,9,6.137772339600361,-111.3471235477602,515.974
810,20,10,-1.028817093970446,-105.91995085591645,516.769
811,20,11,-8.184234899380051,-100.46973993600226,517.956
812,20,12,-15.262392379662822,-94.82182919056203,519.478
813,20,13,-22.188207613150336,-88.78405124729748,521.233
814,20,14,-28.868002847828578,-82.13090741076063,523.082
815,20,15,-35.176918810575124,-74.5897296990954,524.859
816,20,16,-40.94245907390131,-65.83818782499056,526.391
817,20,17,-45.9267008282589,-55.538180594341284,527.51
818,20,18,-49.81856310789968,-43.453550801499816,528.074
819,20,19,-52.26431383080326,-29.685883849991754,527.979
820,20,20,-52.96745790019398,-14.911139656311162,527.171
821,20,21,-51.8280115919066,-0.27843340856751025,525.655
822,20,22,-49.00058648308812,13.136285972179376,523.492
823,20,23,-44.80642003078258,24.800259781965387,520.799
824,20,24,-39.594948128022416,34.71609960765271,517.74
825,20,25,-33.66095490919621,43.16072693140303,514.509
826,20,26,-27.22607147513441,50.4754019098123,511.319
827,20,27,-20.450750922271663,56.97229150870676,508.378
828,20,28,-13.452072938265745,62.91274267139322,505.876
829,20,29,-6.31942122057685,68.51379148893798,503.965
830,20,30,0.8737929307089013,73.96310765407092,502.748
831,20,31,8.060974744297063,79.43486099062734,502.273
832,20,32,15.174426373342229,85.10537966222032,502.525
833,20,33,22.137235618921824,91.16885960733161,503.433
834,20,34,28.853505771315227,97.85342231405053,504.878
835,20,35,35.19561986852262,105.43519867014231,506.701
836,20,36,40.98747685072086,114.2405760952852,508.725
837,20,37,45.98654353067197,124.61094110457476,510.768
838,20,38,49.87650701772348,136.78080824316342,512.663
839,20,39,52.29977275787938,150.6358606349126,514.272
840,21,0,52.591647231681534,-178.0959668344102,515.957
841,21,1,50.52065191306363,-163.96459230959897,516.548
842,21,2,46.915551710631256,-151.42846310695757,516.744
843,21,3,42.132834687734885,-140.70759328003047,516.625
844,21,4,36.50204722654389,-131.61560062674633,516.304
845,21,5,30.28066013801105,-123.81933584014864,515.919
846,21,6,23.656353360149993,-116.98484365095878,515.612
847,21,7,16.76441415739845,-110.82574105746728,515.512
848,21,8,9.705067018089894,-105.10570351439172,515.727
849,21,9,2.5570866483561967,-99.62576761120962,516.321
850,21,10,-4.611938387983955,-94.20843039177069,517.316
851,21,11,-11.737352239586752,-88.68192625882745,518.68
852,21,12,-18.74962571513558,-82.86481806726766,520.334
853,21,13,-25.565751525647276,-76.55022621732084,522.156
854,21,14,-32.07827030491003,-69.4904402383581,523.99
855,21,15,-38.1407564574971,-61.38685792024486,525.666
856,21,16,-43.55005112918834,-51.90109461602574,527.011
857,21,17,-48.03108211153983,-40.72394766197426,527.869
858,21,18,-51.24374696501995,-27.752731994108462,528.113
859,21,19,-52.84598640089989,-13.358715351369073,527.665
860,21,20,-52.62394719626653,1.4995348418258014,526.499
861,21,21,-50.60738507023903,15.62936649093656,524.648
862,21,22,-47.05180715438384,28.19666013921344,522.202
863,21,23,-42.30769436067638,38.96271849768936,519.304
864,21,24,-36.702776240966806,48.100900305235704,516.133
865,21,25,-30.49486853076099,55.9386414155683,512.896
866,21,26,-23.872846451177303,62.80853447522633,509.805
867,21,27,-16.97324719127159,68.99762159917418,507.062
868,21,28,-9.897648470606633,74.7434499365557,504.839
869,21,29,-2.7261581628629306,80.24638991686241,503.266
870,21,30,4.472252481720732,85.68538566615945,502.418
871,21,31,11.631404906502453,91.2337327440684,502.311
872,21,32,18.680077313911926,97.07471244677737,502.904
873,21,33,25.53325177802906,103.41749931761801,504.098
874,21,34,32.0809853051051,110.51279545007564,505.753
875,21,35,38.173742856093675,118.6630894319226,507.699
876,21,36,43.604238434968636,128.21068302360328,509.755
877,21,37,48.092376229151526,139.4663976436774,511.743
878,21,38,51.29310874215164,152.52638869528045,513.51
879,21,39,52.86256668511009,167.00007864091438,514.938
880,22,0,52.961030692185,-176.52406709882348,515.501
881,22,1,51.76845917253326,-161.8679701212152,516.305
882,22,2,48.887980569336705,-148.47037647931674,516.692
883,22,3,44.649305189304776,-136.84671956865404,516.718
884,22,4,39.40555722762172,-126.97768361425423,516.482
885,22,5,33.45199551682342,-118.57724761443389,516.111
886,22,6,27.00940762937785,-111.30102660105179,515.747
887,22,7,20.236933557851707,-104.83668968374161,515.529
888,22,8,13.250370621886098,-98.92395884380164,515.575
889,22,9,6.137772339600361,-93.34712987705375,515.974
890,22,10,-1.028817093970446,-87.91995718521,516.769
891,22,11,-8.184234899380051,-82.46974626529578,517.956
892,22,12,-15.262392379662822,-76.82183551985557,519.478
893,22,13,-22.188207613150336,-70.78405757659101,521.233
894,22,14,-28.868002847828578,-64.13091374005417,523.082
895,22,15,-35.176918810575124,-56.589736028388934,524.859
896,22,16,-40.94245907390131,-47.8381907391895,526.391
897,22,17,-45.9267008282589,-37.53818692363482,527.51
898,22,18,-49.81856310789968,-25.453558838340644,528.074
899,22,19,-52.26431383080326,-11.685890179285291,527.979
900,22,20,-52.96745790019398,3.088854227838713,527.171
901,22,21,-51.8280115919066,17.721561009190893,525.655
902,22,22,-49.00058648308812,31.136277935338548,523.492
903,22,23,-44.80642003078258,42.80025345267185,520.799
904,22,24,-39.594948128022416,52.71609327835917,517.74
905,22,25,-33.66095490919621,61.160724017204075,514.509
906,22,26,-27.22607147513441,68.47539899561335,511.319
907,22,27,-20.450750922271663,74.97228859450782,508.378
908,22,28,-13.452072938265745,80.91273634209968,505.876
909,22,29,-6.31942122057685,86.51378515964444,503.965
910,22,30,0.8737929307089013,91.96310132477738,502.748
911,22,31,8.060974744297063,97.4348546613338,502.273
912,22,32,15.174426373342229,103.10537333292677,502.525
913,22,33,22.137235618921824,109.16885327803809,503.433
914,22,34,28.853505771315227,115.85340915456783,504.878
915,22,35,35.19561986852262,123.43519234084877,506.701
916,22,36,40.98747685072086,132.24057659618083,508.725
917,22,37,45.98654353067197,142.61093477528124,510.768
918,22,38,49.87650701772348,154.78080191386988,512.663
919,22,39,52.29977275787938,168.6358543056191,514.272
920,23,0,52.591647231681534,-160.09595950332542,515.957
921,23,1,50.52065191306363,-145.96458497851418,516.548
922,23,2,46.915551710631256,-133.42845577587278,516.744
923,23,3,42.132834687734885,-122.70758594894566,516.625
924,23,4,36.50204722654389,-113.61558646547235,516.304
925,23,5,30.28066013801105,-105.81932167887466,515.919
926,23,6,23.656353360149993,-98.98483631987396,515.612
927,23,7,16.76441415739845,-92.82573372638248,515.512
928,23,8,9.705067018089894,-87.10569618330692,515.727
929,23,9,2.5570866483561967,-81.62576028012482,516.321
930,23,10,-4.611938387983955,-76.20842306068589,517.316
931,23,11,-11.737352239586752,-70.68191892774264,518.68
932,23,12,-18.74962571513558,-64.86481073618286,520.334
933,23,13,-25.565751525647276,-58.55021888623603,522.156
934,23,14,-32.07827030491003,-51.4904329072733,523.99
935,23,15,-38.1407564574971,-43.38684717406547,525.666
936,23,16,-43.55005112918834,-33.901087284940935,527.011
937,23,17,-48.03108211153983,-22.72394203843675,527.869
938,23,18,-51.24374696501995,-9.752724663023656,528.113
939,23,19,-52.84598640089989,4.641291552828908,527.665
940,23,20,-52.62394719626653,19.499542919962547,526.499
941,23,21,-50.60738507023903,33.62937211447407,524.648
942,23,22,-47.05180715438384,46.196667470298244,522.202
943,23,23,-42.30769436067638,56.96272582877416,519.304
944,23,24,-36.702776240966806,66.10090422122592,516.133
945,23,25,-30.49486853076099,73.9386487466531,512.896
946,23,26,-23.872846451177303,80.80854180631114,509.805
947,23,27,-16.97324719127159,86.99762893025898,507.062
948,23,28,-9.897648470606633,92.74345726764051,504.839
949,23,29,-2.7261581628629306,98.24639724794721,503.266
950,23,30,4.472252481720732,103.68539299724425,502.418
951,23,31,11.631404906502453,109.23374007515321,502.311
952,23,32,18.680077313911926,115.074712947673,502.904
953,23,33,25.53325177802906,121.41749981851365,504.098
954,23,34,32.0809853051051,128.51279595097128,505.753
955,23,35,38.173742856093675,136.66309676300742,507.699
956,23,36,43.604238434968636,146.21069035468807,509.755
957,23,37,48.092376229151526,157.4664049747622,511.743
958,23,38,51.29310874215164,170.52639602636526,513.51
959,23,39,52.86256668511009,-174.99991038553514,514.938
960,24,0,52.961030692185,-158.5240597677387,515.501
961,24,1,51.76845917253326,-143.86796279013038,516.305
962,24,2,48.887980569336705,-130.47036914823195,516.692
963,24,3,44.649305189304776,-118.84671223756924,516.718
964,24,4,39.40555722762172,-108.9776831133586,516.482
965,24,5,33.45199551682342,-100.57724028334908,516.111
966,24,6,27.00940762937785,-93.30101926996699,515.747
967,24,7,20.236933557851707,-86.83668235265681,515.529
968,24,8,13.250370621886098,-80.92395151271684,515.575
969,24,9,6.137772339600361,-75.34712254596894,515.974
970,24,10,-1.028817093970446,-69.91994985412519,516.769
971,24,11,-8.184234899380051,-64.46973893421098,517.956
972,24,12,-15.262392379662822,-58.82182818877076,519.478
973,24,13,-22.188207613150336,-52.78405024550621,521.233
974,24,14,-28.868002847828578,-46.13090640896936,523.082
975,24,15,-35.176918810575124,-38.58972869730413,524.859
976,24,16,-40.94245907390131,-29.838183408104697,526.391
977,24,17,-45.9267008282589,-19.538179592550016,527.51
978,24,18,-49.81856310789968,-7.453551507255842,528.074
979,24,19,-52.26431383080326,6.314117578686336,527.979
980,24,20,-52.96745790019398,21.088861345480105,527.171
981,24,21,-51.8280115919066,35.721568340275695,525.655
982,24,22,-49.00058648308812,49.13628526642335,523.492
983,24,23,-44.80642003078258,60.800260783756656,520.799
984,24,24,-39.594948128022416,70.71610402453855,517.74
985,24,25,-33.66095490919621,79.16073134828888,514.509
986,24,26,-27.22607147513441,86.47540632669815,511.319
987,24,27,-20.450750922271663,92.97229592559262,508.378
988,24,28,-13.452072938265745,98.91274367318448,505.876
989,24,29,-6.31942122057685,104.51379249072926,503.965
990,24,30,0.8737929307089013,109.96310865586219,502.748
991,24,31,8.060974744297063,115.43486882260778,502.273
992,24,32,15.174426373342229,121.10537383382241,502.525
993,24,33,22.137235618921824,127.16886060912289,503.433
994,24,34,28.853505771315227,133.85341648565262,504.878
995,24,35,35.19561986852262,141.4351996719336,506.701
996,24,36,40.98747685072086,150.24058392726565,508.725
997,24,37,45.98654353067197,160.61094210636602,510.768
998,24,38,49.87650701772348,172.78080924495467,512.663
999,24,39,52.29977275787938,-173.36413472083044,514.272
1000,25,0,52.591647231681534,-142.09596583261896,515.957
1001,25,1,50.52065191306363,-127.96459130780771,516.548
1002,25,2,46.915551710631256,-115.4284621051663,516.744
1003,25,3,42.132834687734885,-104.70759227823919,516.625
1004,25,4,36.50204722654389,-95.61559279476589,516.304
1005,25,5,30.28066013801105,-87.8193280081682,515.919
1006,25,6,23.656353360149993,-80.9848426491675,515.612
1007,25,7,16.76441415739845,-74.82574005567602,515.512
1008,25,8,9.705067018089894,-69.10570251260046,515.727
1009,25,9,2.5570866483561967,-63.62576660941836,516.321
1010,25,10,-4.611938387983955,-58.20842938997943,517.316
1011,25,11,-11.737352239586752,-52.681921841941595,518.68
1012,25,12,-18.74962571513558,-46.8648170654764,520.334
1013,25,13,-25.565751525647276,-40.55022521552957,522.156
1014,25,14,-32.07827030491003,-33.49043923656684,523.99
1015,25,15,-38.1407564574971,-25.3868552109063,525.666
1016,25,16,-43.55005112918834,-15.901095321781762,527.011
1017,25,17,-48.03108211153983,-4.7239479408434635,527.869
1018,25,18,-51.24374696501995,8.247269007682807,528.113
1019,25,19,-52.84598640089989,22.64128479664855,527.665
1020,25,20,-52.62394719626653,37.49953488312172,526.499
1021,25,21,-50.60738507023903,51.62936578518053,524.648
1022,25,22,-47.05180715438384,64.19666114100471,522.202
1023,25,23,-42.30769436067638,74.96271949948063,519.304
1024,25,24,-36.702776240966806,84.10089789193239,516.133
1025,25,25,-30.49486853076099,91.93864241735956,512.896
1026,25,26,-23.872846451177303,98.8085354770176,509.805
1027,25,27,-16.97324719127159,104.99762260096544,507.062
1028,25,28,-9.897648470606633,110.74345093834697,504.839
1029,25,29,-2.7261581628629306,116.24639091865367,503.266
1030,25,30,4.472252481720732,121.68537983776154,502.418
1031,25,31,11.631404906502453,127.23373374585967,502.311
1032,25,32,18.680077313911926,133.07470661837948,502.904
1033,25,33,25.53325177802906,139.4174934892201,504.098
1034,25,34,32.0809853051051,146.51278962167774,505.753
1035,25,35,38.173742856093675,154.66309043371388,507.699
1036,25,36,43.604238434968636,164.21068402539453,509.755
1037,25,37,48.092376229151526,175.46639864546867,511.743
1038,25,38,51.29310874215164,-171.47360666046262,513.51
1039,25,39,52.86256668511009,-156.9999167148287,514.938
1040,26,0,52.961030692185,-140.52405243665388,515.501
1041,26,1,51.76845917253326,-125.86795545904558,516.305
1042,26,2,48.887980569336705,-112.47036864733631,516.692
1043,26,3,44.649305189304776,-100.84669807629525,516.718
1044,26,4,39.40555722762172,-90.97767578227379,516.482
1045,26,5,33.45199551682342,-82.57723295226428,516.111
1046,26,6,27.00940762937785,-75.30101193888218,515.747
1047,26,7,20.236933557851707,-68.83667502157199,515.529
1048,26,8,13.250370621886098,-62.92394418163204,515.575
1049,26,9,6.137772339600361,-57.34711521488414,515.974
1050,26,10,-1.028817093970446,-51.91994252304039,516.769
1051,26,11,-8.184234899380051,-46.469731603126185,517.956
1052,26,12,-15.262392379662822,-40.821824272780546,519.478
1053,26,13,-22.188207613150336,-34.784042914421406,521.233
1054,26,14,-28.868002847828578,-28.130899077884557,523.082
1055,26,15,-35.176918810575124,-20.58972307376662,524.859
1056,26,16,-40.94245907390131,-11.838177784567188,526.391
1057,26,17,-45.9267008282589,-1.5381720480218,527.51
1058,26,18,-49.81856310789968,10.54645582382896,528.074
1059,26,19,-52.26431383080326,24.314124482884317,527.979
1060,26,20,-52.96745790019398,39.08886867656491,527.171
1061,26,21,-51.8280115919066,53.7215756713605,525.655
1062,26,22,-49.00058648308812,67.13629259750816,523.492
1063,26,23,-44.80642003078258,78.80026811484146,520.799
1064,26,24,-39.594948128022416,88.71611135562335,517.74
1065,26,25,-33.66095490919621,97.16073867937368,514.509
1066,26,26,-27.22607147513441,104.47541365778295,511.319
1067,26,27,-20.450750922271663,110.97230325667742,508.378
1068,26,28,-13.452072938265745,116.91274417408012,505.876
1069,26,29,-6.31942122057685,122.51379982181406,503.965
1070,26,30,0.8737929307089013,127.96311598694699,502.748
1071,26,31,8.060974744297063,133.43487615369258,502.273
1072,26,32,15.174426373342229,139.10538116490721,502.525
1073,26,33,22.137235618921824,145.1688679402077,503.433
1074,26,34,28.853505771315227,151.85342381673743,504.878
1075,26,35,35.19561986852262,159.43520700301838,506.701
1076,26,36,40.98747685072086,168.24059125835043,508.725
1077,26,37,45.98654353067197,178.61094943745084,510.768
1078,26,38,49.87650701772348,-169.2191934418732,512.663
1079,26,39,52.29977275787938,-155.36412738974565,514.272
1080,27,0,52.591647231681534,-124.09597216191248,515.957
1081,27,1,50.52065191306363,-109.96459763710125,516.548
1082,27,2,46.915551710631256,-97.42846160427068,516.744
1083,27,3,42.132834687734885,-86.70759860753273,516.625
1084,27,4,36.50204722654389,-77.61559912405943,516.304
1085,27,5,30.28066013801105,-69.81933433746173,515.919
1086,27,6,23.656353360149993,-62.984848978461045,515.612
1087,27,7,16.76441415739845,-56.825746384969555,515.512
1088,27,8,9.705067018089894,-51.10571225698858,515.727
1089,27,9,2.5570866483561967,-45.6257729387119,516.321
1090,27,10,-4.611938387983955,-40.20843230417838,517.316
1091,27,11,-11.737352239586752,-34.68192817123513,518.68
1092,27,12,-18.74962571513558,-28.864823394769935,520.334
1093,27,13,-25.565751525647276,-22.5502332523704,522.156
1094,27,14,-32.07827030491003,-15.490447273407671,523.99
1095,27,15,-38.1407564574971,-7.386860686426192,525.666
1096,27,16,-43.55005112918834,2.0988985623681122,527.011
1097,27,17,-48.03108211153983,13.276046156749823,527.869
1098,27,18,-51.24374696501995,26.24726267838927,528.113
1099,27,19,-52.84598640089989,40.64127846735501,527.665
1100,27,20,-52.62394719626653,55.49952855382818,526.499
1101,27,21,-50.60738507023903,69.629359455887,524.648
1102,27,22,-47.05180715438384,82.19665481171117,522.202
1103,27,23,-42.30769436067638,92.96271317018709,519.304
1104,27,24,-36.702776240966806,102.10089156263885,516.133
1105,27,25,-30.49486853076099,109.93863608806603,512.896
1106,27,26,-23.872846451177303,116.80852914772406,509.805
1107,27,27,-16.97324719127159,122.99762310186108,507.062
1108,27,28,-9.897648470606633,128.7434514392426,504.839
1109,27,29,-2.7261581628629306,134.24638458936013,503.266
1110,27,30,4.472252481720732,139.68537350846802,502.418
1111,27,31,11.631404906502453,145.23372741656613,502.311
1112,27,32,18.680077313911926,151.07470028908594,502.904
1113,27,33,25.53325177802906,157.41748715992657,504.098
1114,27,34,32.0809853051051,164.5127832923842,505.753
1115,27,35,38.173742856093675,172.66308410442034,507.699
1116,27,36,43.604238434968636,-177.78931866143333,509.755
1117,27,37,48.092376229151526,-166.53361770173754,511.743
1118,27,38,51.29310874215164,-153.47361298975616,513.51
1119,27,39,52.86256668511009,-138.99992304412223,514.938
1120,28,0,52.961030692185,-122.52407242632576,515.501
1121,28,1,51.76845917253326,-107.86797544871746,516.305
1122,28,2,48.887980569336705,-94.4703886370082,516.692
1123,28,3,44.649305189304776,-82.84671806596714,516.718
1124,28,4,39.40555722762172,-72.97769577194566,516.482
1125,28,5,33.45199551682342,-64.57725294193615,516.111
1126,28,6,27.00940762937785,-57.30103192855406,515.747
1127,28,7,20.236933557851707,-50.83669842633846,515.529
1128,28,8,13.250370621886098,-44.923964171303915,515.575
1129,28,9,6.137772339600361,-39.3471386196506,515.974
1130,28,10,-1.028817093970446,-33.91996251271226,516.769
1131,28,11,-8.184234899380051,-28.469753300345353,517.956
1132,28,12,-15.262392379662822,-22.82184255490513,519.478
1133,28,13,-22.188207613150336,-16.78406119654599,521.233
1134,28,14,-28.868002847828578,-10.13091992133008,523.082
1135,28,15,-35.176918810575124,-2.5897424231082624,524.859
1136,28,16,-40.94245907390131,6.161802225760936,526.391
1137,28,17,-45.9267008282589,16.461807748862913,527.51
1138,28,18,-49.81856310789968,28.546435834157084,528.074
1139,28,19,-52.26431383080326,42.31410449321244,527.979
1140,28,20,-52.96745790019398,57.08884868689303,527.171
1141,28,21,-51.8280115919066,71.72155568168863,525.655
1142,28,22,-49.00058648308812,85.13627260783628,523.492
1143,28,23,-44.80642003078258,96.80024812516959,520.799
1144,28,24,-39.594948128022416,106.71609136595148,517.74
1145,28,25,-33.66095490919621,115.16071868970181,514.509
1146,28,26,-27.22607147513441,122.4753868379219,511.319
1147,28,27,-20.450750922271663,128.97227643681637,508.378
1148,28,28,-13.452072938265745,134.91272418440823,505.876
1149,28,29,-6.31942122057685,140.51377983214218,503.965
1150,28,30,0.8737929307089013,145.9630959972751,502.748
1151,28,31,8.060974744297063,151.43485616402072,502.273
1152,28,32,15.174426373342229,157.10536117523534,502.525
1153,28,33,22.137235618921824,163.16884795053582,503.433
1154,28,34,28.853505771315227,169.85340382706556,504.878
1155,28,35,35.19561986852262,177.4351870133465,506.701
1156,28,36,40.98747685072086,-173.7594387492341,508.725
1157,28,37,45.98654353067197,-163.3890805701337,510.768
1158,28,38,49.87650701772348,-151.21921343154506,512.663
1159,28,39,52.29977275787938,-137.36414737941752,514.272
1160,29,0,52.591647231681534,-106.09596483082768,515.957
1161,29,1,50.52065191306363,-91.96459030601645,516.548
1162,29,2,46.915551710631256,-79.42845427318588,516.744
1163,29,3,42.132834687734885,-68.70759127644793,516.625
1164,29,4,36.50204722654389,-59.61559179297463,516.304
1165,29,5,30.28066013801105,-51.81933042147151,515.919
1166,29,6,23.656353360149993,-44.98483823228165,515.612
1167,29,7,16.76441415739845,-38.82573905388475,515.512
1168,29,8,9.705067018089894,-33.10570492590378,515.727
1169,29,9,2.5570866483561967,-27.625767315174386,516.321
1170,29,10,-4.611938387983955,-22.208424973093575,517.316
1171,29,11,-11.737352239586752,-16.681920840150326,518.68
1172,29,12,-18.74962571513558,-10.864816063685133,520.334
1173,29,13,-25.565751525647276,-4.550225494398774,522.156
1174,29,14,-32.07827030491003,2.509560698007367,523.99
1175,29,15,-38.1407564574971,10.613146644658611,525.666
1176,29,16,-43.55005112918834,20.098905680009505,527.011
1177,29,17,-48.03108211153983,31.276054341608273,527.869
1178,29,18,-51.24374696501995,44.24727000947407,528.113
1179,29,19,-52.84598640089989,58.64128579843982,527.665
1180,29,20,-52.62394719626653,73.49953588491299,526.499
1181,29,21,-50.60738507023903,87.6293667869718,524.648
1182,29,22,-47.05180715438384,100.19666214279597,522.202
1183,29,23,-42.30769436067638,110.96272050127189,519.304
1184,29,24,-36.702776240966806,120.10089889372365,516.133
1185,29,25,-30.49486853076099,127.93863658896166,512.896
1186,29,26,-23.872846451177303,134.80853647880886,509.805
1187,29,27,-16.97324719127159,140.99763043294587,507.062
1188,29,28,-9.897648470606633,146.7434587703274,504.839
1189,29,29,-2.7261581628629306,152.24639192044495,503.266
1190,29,30,4.472252481720732,157.6853808395528,502.418
1191,29,31,11.631404906502453,163.23373474765094,502.311
1192,29,32,18.680077313911926,169.07470762017073,502.904
1193,29,33,25.53325177802906,175.41749449101138,504.098
1194,29,34,32.0809853051051,-177.48720573406533,505.753
1195,29,35,38.173742856093675,-169.33691858240752,507.699
1196,29,36,43.604238434968636,-159.7893113303485,509.755
1197,29,37,48.092376229151526,-148.53361037065272,511.743
1198,29,38,51.29310874215164,-135.47360565867135,513.51
1199,29,39,52.86256668511009,-120.99991571303741,514.938
1200,30,0,52.961030692185,-104.52406509524096,515.501
1201,30,1,51.76845917253326,-89.86796811763266,516.305
1202,30,2,48.887980569336705,-76.47038130592338,516.692
1203,30,3,44.649305189304776,-64.84671073488234,516.718
1204,30,4,39.40555722762172,-54.97768502576628,516.482
1205,30,5,33.45199551682342,-46.57724219575677,516.111
1206,30,6,27.00940762937785,-39.30102459746926,515.747
1207,30,7,20.236933557851707,-32.836691095253656,515.529
1208,30,8,13.250370621886098,-26.923958547766407,515.575
1209,30,9,6.137772339600361,-21.347129581018503,515.974
1210,30,10,-1.028817093970446,-15.91995518162746,516.769
1211,30,11,-8.184234899380051,-10.469745969260549,517.956
1212,30,12,-15.262392379662822,-4.821835223820324,519.478
1213,30,13,-22.188207613150336,1.215945921095401,521.233
1214,30,14,-28.868002847828578,7.869087409754724,523.082
1215,30,15,-35.176918810575124,15.410264267646307,524.859
1216,30,16,-40.94245907390131,24.16180955684574,526.391
1217,30,17,-45.9267008282589,34.46181507994771,527.51
1218,30,18,-49.81856310789968,46.54644487278918,528.074
1219,30,19,-52.26431383080326,60.314115239391825,527.979
1220,30,20,-52.96745790019398,75.08885943307241,527.171
1221,30,21,-51.8280115919066,89.72156301277343,525.655
1222,30,22,-49.00058648308812,103.13627993892108,523.492
1223,30,23,-44.80642003078258,114.80024862606521,520.799
1224,30,24,-39.594948128022416,124.71609869703629,517.74
1225,30,25,-33.66095490919621,133.1607260207866,514.509
1226,30,26,-27.22607147513441,140.4753941690067,511.319
1227,30,27,-20.450750922271663,146.9722837679012,508.378
1228,30,28,-13.452072938265745,152.91273151549305,505.876
1229,30,29,-6.31942122057685,158.513787163227,503.965
1230,30,30,0.8737929307089013,163.96310332835992,502.748
1231,30,31,8.060974744297063,169.4348634951055,502.273
1232,30,32,15.174426373342229,175.10536850632013,502.525
1233,30,33,22.137235618921824,-178.8311410759137,503.433
1234,30,34,28.853505771315227,-172.14658519938396,504.878
1235,30,35,35.19561986852262,-164.56480201310302,506.701
1236,30,36,40.98747685072086,-155.7594314181493,508.725
1237,30,37,45.98654353067197,-145.3890732390489,510.768
1238,30,38,49.87650701772348,-133.21920610046027,512.663
1239,30,39,52.29977275787938,-119.36414004833271,514.272
1240,31,0,52.591647231681534,-88.09595749974288,515.957
1241,31,1,50.52065191306363,-73.96458297493164,516.548
1242,31,2,46.915551710631256,-61.42844694210107,516.744
1243,31,3,42.132834687734885,-50.707583945363126,516.625
1244,31,4,36.50204722654389,-41.61558446188982,516.304
1245,31,5,30.28066013801105,-33.81932309038671,515.919
1246,31,6,23.656353360149993,-26.984832608744146,515.612
1247,31,7,16.76441415739845,-20.825730015252656,515.512
1248,31,8,9.705067018089894,-15.105697594818976,515.727
1249,31,9,2.5570866483561967,-9.625759984089582,516.321
1250,31,10,-4.611938387983955,-4.208418495782418,517.316
1251,31,11,-11.737352239586752,1.3180859573259467,518.68
1252,31,12,-18.74962571513558,7.13519126739967,520.334
1253,31,13,-25.565751525647276,13.449782263572853,522.156
1254,31,14,-32.07827030491003,20.509567388761937,523.99
1255,31,15,-38.1407564574971,28.61315312196977,525.666
1256,31,16,-43.55005112918834,38.0989147186416,527.011
1257,31,17,-48.03108211153983,49.276061672693075,527.869
1258,31,18,-51.24374696501995,62.247277340558874,528.113
1259,31,19,-52.84598640089989,76.64129312952461,527.665
1260,31,20,-52.62394719626653,91.49954321599779,526.499
1261,31,21,-50.60738507023903,105.6293741180566,524.648
1262,31,22,-47.05180715438384,118.19666947388077,522.202
1263,31,23,-42.30769436067638,128.9627278323567,519.304
1264,31,24,-36.702776240966806,138.10090622480845,516.133
1265,31,25,-30.49486853076099,145.93864392004647,512.896
1266,31,26,-23.872846451177303,152.80854380989368,509.805
1267,31,27,-16.97324719127159,158.99763776403069,507.062
1268,31,28,-9.897648470606633,164.74346610141222,504.839
1269,31,29,-2.7261581628629306,170.24639925152974,503.266
1270,31,30,4.472252481720732,175.68538817063762,502.418
1271,31,31,11.631404906502453,-178.76625427879858,502.311
1272,31,32,18.680077313911926,-172.9252814062788,502.904
1273,31,33,25.53325177802906,-166.58249453543814,504.098
1274,31,34,32.0809853051051,-159.4871984029805,505.753
1275,31,35,38.173742856093675,-151.33691125132273,507.699
1276,31,36,43.604238434968636,-141.78930399926372,509.755
1277,31,37,48.092376229151526,-130.53360303956794,511.743
1278,31,38,51.29310874215164,-117.47359832758654,513.51
1279,31,39,52.86256668511009,-102.99990838195261,514.938
1280,32,0,52.961030692185,-86.52405776415615,515.501
1281,32,1,51.76845917253326,-71.86796078654784,516.305
1282,32,2,48.887980569336705,-58.47037397483859,516.692
1283,32,3,44.649305189304776,-46.84670681889211,516.718
1284,32,4,39.40555722762172,-36.977677694681475,516.482
1285,32,5,33.45199551682342,-28.577234864671965,516.111
1286,32,6,27.00940762937785,-21.301018973931747,515.747
1287,32,7,20.236933557851707,-14.83668205662156,515.529
1288,32,8,13.250370621886098,-8.923951216681603,515.575
1289,32,9,6.137772339600361,-3.3471228902639356,515.974
1290,32,10,-1.028817093970446,2.080052149457343,516.769
1291,32,11,-8.184234899380051,7.530261361824255,517.956
1292,32,12,-15.262392379662822,13.17817210726448,519.478
1293,32,13,-22.188207613150336,19.215953465623617,521.233
1294,32,14,-28.868002847828578,25.869095594613174,523.082
1295,32,15,-35.176918810575124,33.410273306278405,524.859
1296,32,16,-40.94245907390131,42.16181859547783,526.391
1297,32,17,-45.9267008282589,52.46182241103252,527.51
1298,32,18,-49.81856310789968,64.5464487887794,528.074
1299,32,19,-52.26431383080326,78.31412257047663,527.979
1300,32,20,-52.96745790019398,93.08886676415722,527.171
1301,32,21,-51.8280115919066,107.72157034385823,525.655
1302,32,22,-49.00058648308812,121.13628727000588,523.492
1303,32,23,-44.80642003078258,132.80025595715003,520.799
1304,32,24,-39.594948128022416,142.7161060281211,517.74
1305,32,25,-33.66095490919621,151.16073335187141,514.509
1306,32,26,-27.22607147513441,158.47540150009152,511.319
1307,32,27,-20.450750922271663,164.97229109898598,508.378
1308,32,28,-13.452072938265745,170.91273884657784,505.876
1309,32,29,-6.31942122057685,176.51379449431178,503.965
1310,32,30,0.8737929307089013,-178.0368856980896,502.748
1311,32,31,8.060974744297063,-172.56513919172235,502.273
1312,32,32,15.174426373342229,-166.8946205201294,502.525
1313,32,33,22.137235618921824,-160.83113374482892,503.433
1314,32,34,28.853505771315227,-154.14657786829918,504.878
1315,32,35,35.19561986852262,-146.5647946820182,506.701
1316,32,36,40.98747685072086,-137.7594240870645,508.725
1317,32,37,45.98654353067197,-127.3890659079641,510.768
1318,32,38,49.87650701772348,-115.21919876937545,512.663
1319,32,39,52.29977275787938,-101.36413271724791,514.272
1320,33,0,52.591647231681534,-70.09595016865808,515.957
1321,33,1,50.52065191306363,-55.964575643846835,516.548
1322,33,2,46.915551710631256,-43.428439611016266,516.744
1323,33,3,42.132834687734885,-32.707576614278324,516.625
1324,33,4,36.50204722654389,-23.61557713080502,516.304
1325,33,5,30.28066013801105,-15.819314051754615,515.919
1326,33,6,23.656353360149993,-8.984825277659342,515.612
1327,33,7,16.76441415739845,-2.8257231110546757,515.512
1328,33,8,9.705067018089894,2.894309736265828,515.727
1329,33,9,2.5570866483561967,8.37424734699522,516.321
1330,33,10,-4.611938387983955,13.791588835302386,517.316
1331,33,11,-11.737352239586752,19.31809382201928,518.68
1332,33,12,-18.74962571513558,25.135198598484475,520.334
1333,33,13,-25.565751525647276,31.4497904484313,522.156
1334,33,14,-32.07827030491003,38.50957642739403,523.99
1335,33,15,-38.1407564574971,46.61316216060187,525.666
1336,33,16,-43.55005112918834,56.098922049726404,527.011
1337,33,17,-48.03108211153983,67.2760655886833,527.869
1338,33,18,-51.24374696501995,80.24728467164368,528.113
1339,33,19,-52.84598640089989,94.64130046060941,527.665
1340,33,20,-52.62394719626653,109.49955054708259,526.499
1341,33,21,-50.60738507023903,123.62938827933058,524.648
1342,33,22,-47.05180715438384,136.1966768049656,522.202
1343,33,23,-42.30769436067638,146.9627351634415,519.304
1344,33,24,-36.702776240966806,156.10091355589327,516.133
1345,33,25,-30.49486853076099,163.93865125113126,512.896
1346,33,26,-23.872846451177303,170.80855114097847,509.805
1347,33,27,-16.97324719127159,176.9976450951155,507.062
1348,33,28,-9.897648470606633,-177.25653658541566,504.839
1349,33,29,-2.7261581628629306,-171.7535897749198,503.266
1350,33,30,4.472252481720732,-166.3146008558119,502.418
1351,33,31,11.631404906502453,-160.7662469477138,502.311
1352,33,32,18.680077313911926,-154.92527407519398,502.904
1353,33,33,25.53325177802906,-148.58248720435336,504.098
1354,33,34,32.0809853051051,-141.48719107189572,505.753
1355,33,35,38.173742856093675,-133.33690392023792,507.699
1356,33,36,43.604238434968636,-123.78929666817892,509.755
1357,33,37,48.092376229151526,-112.53358887829395,511.743
1358,33,38,51.29310874215164,-99.47359099650174,513.51
1359,33,39,52.86256668511009,-84.9999010508678,514.938
1360,34,0,52.961030692185,-68.52407775382802,515.501
1361,34,1,51.76845917253326,-53.86798419131431,516.305
1362,34,2,48.887980569336705,-40.470390549415875,516.692
1363,34,3,44.649305189304776,-28.84672680856399,516.718
1364,34,4,39.40555722762172,-18.977699391900646,516.482
1365,34,5,33.45199551682342,-10.577254854343842,516.111
1366,34,6,27.00940762937785,-3.301038536716802,515.747
1367,34,7,20.236933557851707,3.16329752681974,515.529
1368,34,8,13.250370621886098,9.076028793646522,515.575
1369,34,9,6.137772339600361,14.652857760394422,515.974
1370,34,10,-1.028817093970446,20.080032159785468,516.769
1371,34,11,-8.184234899380051,25.53024137215238,517.956
1372,34,12,-15.262392379662822,31.17815041004531,519.478
1373,34,13,-22.188207613150336,37.215931768404445,521.233
1374,34,14,-28.868002847828578,43.869075604941294,523.082
1375,34,15,-35.176918810575124,51.41025331660653,524.859
1376,34,16,-40.94245907390131,60.16179519071137,526.391
1377,34,17,-45.9267008282589,70.46180242136064,527.51
1378,34,18,-49.81856310789968,82.54642879910752,528.074
1379,34,19,-52.26431383080326,96.31410258080476,527.979
1380,34,20,-52.96745790019398,111.08884677448535,527.171
1381,34,21,-51.8280115919066,125.72154352399718,525.655
1382,34,22,-49.00058648308812,139.136267280334,523.492
1383,34,23,-44.80642003078258,150.80023596747813,520.799
1384,34,24,-39.594948128022416,160.71608603844922,517.74
1385,34,25,-33.66095490919621,169.16071336219954,514.509
1386,34,26,-27.22607147513441,176.47538151041962,511.319
1387,34,27,-20.450750922271663,-177.02772524822024,508.378
1388,34,28,-13.452072938265745,-171.08727750062835,505.876
1389,34,29,-6.31942122057685,-165.48622185289443,503.965
1390,34,30,0.8737929307089013,-160.03690568776148,502.748
1391,34,31,8.060974744297063,-154.56515918139422,502.273
1392,34,32,15.174426373342229,-148.89464050980126,502.525
1393,34,33,22.137235618921824,-142.8311537345008,503.433
1394,34,34,28.853505771315227,-136.14659785797105,504.878
1395,34,35,35.19561986852262,-128.5648146716901,506.701
1396,34,36,40.98747685072086,-119.75944407673637,508.725
1397,34,37,45.98654353067197,-109.3890790674468,510.768
1398,34,38,49.87650701772348,-97.21921192885816,512.663
1399,34,39,52.29977275787938,-83.36415270691978,514.272
1400,35,0,52.591647231681534,-52.09596674323537,515.957
1401,35,1,50.52065191306363,-37.96459563351871,516.548
1402,35,2,46.915551710631256,-25.428461308235434,516.744
1403,35,3,42.132834687734885,-14.70759831149749,516.625
1404,35,4,36.50204722654389,-5.61559797425054,516.304
1405,35,5,30.28066013801105,2.180665531686685,515.919
1406,35,6,23.656353360149993,9.015154732668783,515.612
1407,35,7,16.76441415739845,15.174257326160271,515.512
1408,35,8,9.705067018089894,20.89428974659395,515.727
1409,35,9,2.5570866483561967,26.374227357323345,516.321
1410,35,10,-4.611938387983955,31.791569699404157,517.316
1411,35,11,-11.737352239586752,37.3180738323474,518.68
1412,35,12,-18.74962571513558,43.135178608812595,520.334
1413,35,13,-25.565751525647276,49.449770458759424,522.156
1414,35,14,-32.07827030491003,56.50955643772215,523.99
1415,35,15,-38.1407564574971,64.61313875583541,525.666
1416,35,16,-43.55005112918834,74.09889864495995,527.011
1417,35,17,-48.03108211153983,85.27604559901141,527.869
1418,35,18,-51.24374696501995,98.2472646819718,528.113
1419,35,19,-52.84598640089989,112.64128047093755,527.665
1420,35,20,-52.62394719626653,127.49953738759989,526.499
1421,35,21,-50.60738507023903,141.62936828965871,524.648
1422,35,22,-47.05180715438384,154.1966568152937,522.202
1423,35,23,-42.30769436067638,164.96271517376962,519.304
1424,35,24,-36.702776240966806,174.10089356622137,516.133
1425,35,25,-30.49486853076099,-178.06136509607492,512.896
1426,35,26,-23.872846451177303,-171.19147886660608,509.805
1427,35,27,-16.97324719127159,-165.00238491246907,507.062
1428,35,28,-9.897648470606633,-159.25655657508753,504.839
1429,35,29,-2.7261581628629306,-153.75360976459166,503.266
1430,35,30,4.472252481720732,-148.31462084548377,502.418
1431,35,31,11.631404906502453,-142.76626693738567,502.311
1432,35,32,18.680077313911926,-136.92529406486585,502.904
1433,35,33,25.53325177802906,-130.58250719402523,504.098
1434,35,34,32.0809853051051,-123.48721106156759,505.753
1435,35,35,38.173742856093675,-115.3369239099098,507.699
1436,35,36,43.604238434968636,-105.78931665785079,509.755
1437,35,37,48.092376229151526,-94.53360886796582,511.743
1438,35,38,51.29310874215164,-81.47361098617363,513.51
1439,35,39,52.86256668511009,-66.99992104053968,514.938
1440,36,0,52.961030692185,-50.52407042274322,515.501
1441,36,1,51.76845917253326,-35.867976860229504,516.305
1442,36,2,48.887980569336705,-22.470383218331072,516.692
1443,36,3,44.649305189304776,-10.846718623705538,516.718
1444,36,4,39.40555722762172,-0.9776916339290196,516.482
1445,36,5,33.45199551682342,7.422752476740962,516.111
1446,36,6,27.00940762937785,14.698968367481179,515.747
1447,36,7,20.236933557851707,21.163305284791367,515.529
1448,36,8,13.250370621886098,27.076036124731324,515.575
1449,36,9,6.137772339600361,32.65286338393193,515.974
1450,36,10,-1.028817093970446,38.08003949087027,516.769
1451,36,11,-8.184234899380051,43.530250410784475,517.956
1452,36,12,-15.262392379662822,49.178157741130114,519.478
1453,36,13,-22.188207613150336,55.21593909948925,521.233
1454,36,14,-28.868002847828578,61.8690829360261,523.082
1455,36,15,-35.176918810575124,69.41026064769133,524.859
1456,36,16,-40.94245907390131,78.16180252179618,526.391
1457,36,17,-45.9267008282589,88.46180975244545,527.51
1458,36,18,-49.81856310789968,100.54643613019232,528.074
1459,36,19,-52.26431383080326,114.31410991188956,527.979
1460,36,20,-52.96745790019398,129.08885410557016,527.171
1461,36,21,-51.8280115919066,143.721550855082,525.655
1462,36,22,-49.00058648308812,157.1362746114188,523.492
1463,36,23,-44.80642003078258,168.80024329856295,520.799
1464,36,24,-39.594948128022416,178.716093369534,517.74
1465,36,25,-33.66095490919621,-172.83927566424998,514.509
1466,36,26,-27.22607147513441,-165.5246075160299,511.319
1467,36,27,-20.450750922271663,-159.02771791713542,508.378
1468,36,28,-13.452072938265745,-153.08727016954356,505.876
1469,36,29,-6.31942122057685,-147.48621452180961,503.965
1470,36,30,0.8737929307089013,-142.0368983566767,502.748
1471,36,31,8.060974744297063,-136.56515185030943,502.273
1472,36,32,15.174426373342229,-130.89463317871648,502.525
1473,36,33,22.137235618921824,-124.83114640341599,503.433
1474,36,34,28.853505771315227,-118.14659052688624,504.878
1475,36,35,35.19561986852262,-110.56480734060528,506.701
1476,36,36,40.98747685072086,-101.7594299154624,508.725
1477,36,37,45.98654353067197,-91.389071736362,510.768
1478,36,38,49.87650701772348,-79.21920459777336,512.663
1479,36,39,52.29977275787938,-65.36414537583498,514.272
1480,37,0,52.591647231681534,-34.09595941215057,515.957
1481,37,1,50.52065191306363,-19.964590009981205,516.548
1482,37,2,46.915551710631256,-7.428453123376984,516.744
1483,37,3,42.132834687734885,3.2924096599175487,516.625
1484,37,4,36.50204722654389,12.384409356834263,516.304
1485,37,5,30.28066013801105,20.180673289658312,515.919
1486,37,6,23.656353360149993,27.015162063753586,515.612
1487,37,7,16.76441415739845,33.174262949697784,515.512
1488,37,8,9.705067018089894,38.89429707767876,515.727
1489,37,9,2.5570866483561967,44.37423639595544,516.321
1490,37,10,-4.611938387983955,49.79157703048896,517.316
1491,37,11,-11.737352239586752,55.318081163432204,518.68
1492,37,12,-18.74962571513558,61.1351859398974,520.334
1493,37,13,-25.565751525647276,67.44977778984423,522.156
1494,37,14,-32.07827030491003,74.50956376880696,523.99
1495,37,15,-38.1407564574971,82.61314608692021,525.666
1496,37,16,-43.55005112918834,92.09890597604475,527.011
1497,37,17,-48.03108211153983,103.27605293009623,527.869
1498,37,18,-51.24374696501995,116.24727884324578,528.113
1499,37,19,-52.84598640089989,130.64128780202236,527.665
1500,37,20,-52.62394719626653,145.4995447186847,526.499
1501,37,21,-50.60738507023903,159.6293756207435,524.648
1502,37,22,-47.05180715438384,172.1966641463785,522.202
1503,37,23,-42.30769436067638,-177.0372738526799,519.304
1504,37,24,-36.702776240966806,-167.89909546022815,516.133
1505,37,25,-30.49486853076099,-160.06135776499013,512.896
1506,37,26,-23.872846451177303,-153.19147153552126,509.805
1507,37,27,-16.97324719127159,-147.00237758138425,507.062
1508,37,28,-9.897648470606633,-141.2565492440027,504.839
1509,37,29,-2.7261581628629306,-135.75360243350684,503.266
1510,37,30,4.472252481720732,-130.31461351439899,502.418
1511,37,31,11.631404906502453,-124.76625960630086,502.311
1512,37,32,18.680077313911926,-118.92528673378105,502.904
1513,37,33,25.53325177802906,-112.58249986294041,504.098
1514,37,34,32.0809853051051,-105.48720373048279,505.753
1515,37,35,38.173742856093675,-97.33690974863582,507.699
1516,37,36,43.604238434968636,-87.78930932676599,509.755
1517,37,37,48.092376229151526,-76.53360153688102,511.743
1518,37,38,51.29310874215164,-63.473603655088816,513.51
1519,37,39,52.86256668511009,-48.99991029436029,514.938
1520,38,0,52.961030692185,-32.52406309165842,515.501
1521,38,1,51.76845917253326,-17.86796782159741,516.305
1522,38,2,48.887980569336705,-4.470376314133094,516.692
1523,38,3,44.649305189304776,7.153289134266089,516.718
1524,38,4,39.40555722762172,17.02231527026896,516.482
1525,38,5,33.45199551682342,25.422759807825766,516.111
1526,38,6,27.00940762937785,32.69897740611327,515.747
1527,38,7,20.236933557851707,39.163310908328874,515.529
1528,38,8,13.250370621886098,45.07604516336342,515.575
1529,38,9,6.137772339600361,50.65287071501674,515.974
1530,38,10,-1.028817093970446,56.08004682195507,516.769
1531,38,11,-8.184234899380051,61.53025774186928,517.956
1532,38,12,-15.262392379662822,67.1781684873095,519.478
1533,38,13,-22.188207613150336,73.21594643057405,521.233
1534,38,14,-28.868002847828578,79.8690902671109,523.082
1535,38,15,-35.176918810575124,87.41026797877613,524.859
1536,38,16,-40.94245907390131,96.16180985288098,526.391
1537,38,17,-45.9267008282589,106.46181708353025,527.51
1538,38,18,-49.81856310789968,118.54644346127714,528.074
1539,38,19,-52.26431383080326,132.3141104127852,527.979
1540,38,20,-52.96745790019398,147.08886143665495,527.171
1541,38,21,-51.8280115919066,161.7215581861668,525.655
1542,38,22,-49.00058648308812,175.13628194250362,523.492
1543,38,23,-44.80642003078258,-173.19974572788658,520.799
1544,38,24,-39.594948128022416,-163.28389565691552,517.74
1545,38,25,-33.66095490919621,-154.8392683331652,514.509
1546,38,26,-27.22607147513441,-147.5246001849451,511.319
1547,38,27,-20.450750922271663,-141.02771058605063,508.378
1548,38,28,-13.452072938265745,-135.08726283845874,505.876
1549,38,29,-6.31942122057685,-129.4862071907248,503.965
1550,38,30,0.8737929307089013,-124.03689102559188,502.748
1551,38,31,8.060974744297063,-118.56514451922462,502.273
1552,38,32,15.174426373342229,-112.89462584763166,502.525
1553,38,33,22.137235618921824,-106.83114590252035,503.433
1554,38,34,28.853505771315227,-100.14658319580144,504.878
1555,38,35,35.19561986852262,-92.56480000952048,506.701
1556,38,36,40.98747685072086,-83.7594225843776,508.725
1557,38,37,45.98654353067197,-73.3890644052772,510.768
1558,38,38,49.87650701772348,-61.21919726668856,512.663
1559,38,39,52.29977275787938,-47.364138044750185,514.272
1560,39,0,52.591647231681534,-16.095952081065764,515.957
1561,39,1,50.52065191306363,-1.964582252009577,516.548
1562,39,2,46.915551710631256,10.57155420770782,516.744
1563,39,3,42.132834687734885,21.292416350672116,516.625
1564,39,4,36.50204722654389,30.384417541692713,516.304
1565,39,5,30.28066013801105,38.18067891319582,515.919
1566,39,6,23.656353360149993,45.01517110238568,515.612
1567,39,7,16.76441415739845,51.174270280782586,515.512
1568,39,8,9.705067018089894,56.89430440876356,515.727
1569,39,9,2.5570866483561967,62.374243727040245,516.321
1570,39,10,-4.611938387983955,67.79158094647917,517.316
1571,39,11,-11.737352239586752,73.31808507942243,518.68
1572,39,12,-18.74962571513558,79.1351932709822,520.334
1573,39,13,-25.565751525647276,85.44978512092904,522.156
1574,39,14,-32.07827030491003,92.50957109989176,523.99
1575,39,15,-38.1407564574971,100.61315341800501,525.666
1576,39,16,-43.55005112918834,110.09891330712955,527.011
1577,39,17,-48.03108211153983,121.27606026118103,527.869
1578,39,18,-51.24374696501995,134.24728617433058,528.113
1579,39,19,-52.84598640089989,148.64129513310715,527.665
1580,39,20,-52.62394719626653,163.49955204976948,526.499
1581,39,21,-50.60738507023903,177.62938295182832,524.648
1582,39,22,-47.05180715438384,-169.80332488007102,522.202
1583,39,23,-42.30769436067638,-159.0372665215951,519.304
1584,39,24,-36.702776240966806,-149.89908812914334,516.133
1585,39,25,-30.49486853076099,-142.06135043390532,512.896
1586,39,26,-23.872846451177303,-135.19146420443647,509.805
1587,39,27,-16.97324719127159,-129.00237025029944,507.062
1588,39,28,-9.897648470606633,-123.25654191291792,504.839
1589,39,29,-2.7261581628629306,-117.75359510242205,503.266
1590,39,30,4.472252481720732,-112.31460618331417,502.418
1591,39,31,11.631404906502453,-106.76625227521606,502.311
1592,39,32,18.680077313911926,-100.92527940269625,502.904
1593,39,33,25.53325177802906,-94.5824925318556,504.098
1594,39,34,32.0809853051051,-87.48719639939799,505.753
1595,39,35,38.173742856093675,-79.33690241755102,507.699
1596,39,36,43.604238434968636,-69.78930199568119,509.755
1597,39,37,48.092376229151526,-58.53359420579623,511.743
1598,39,38,51.29310874215164,-45.473592908909424,513.51
1599,39,39,52.86256668511009,-30.99990296327549,514.938
