0,0,0,29.438292907673375,-77.95523028053832,505.03
1,0,1,35.73921071890184,-70.27794055909307,506.879
2,0,2,41.47112254584947,-61.346109011656566,508.912
3,0,3,46.38486991778336,-50.8212246327738,510.949
4,0,4,50.158231830419,-38.48852578437205,512.823
5,0,5,52.433852786381316,-24.5074820156455,514.402
6,0,6,52.929130293666454,-9.6328966779986,515.595
7,0,7,51.57537996998075,4.948014430999847,516.36
8,0,8,48.55873813058541,18.19850287364913,516.711
9,0,9,44.21630534687182,29.65849137632542,516.709
10,0,10,38.898169794938156,39.38255998068629,516.455
11,0,11,32.892920627595785,47.66853908549014,516.078
12,0,12,26.415114577242335,54.860171621096214,515.722
13,0,13,19.619282966302038,61.26532153415366,515.522
14,0,14,12.61818368023535,67.13976233360653,515.596
15,0,15,5.497979982308805,72.6959368083043,516.029
16,0,16,-1.670223830505359,78.11821908470233,516.86
17,0,17,-8.821491548942241,83.5788460431008,518.079
18,0,18,-15.889280802064933,89.25342184706075,519.626
19,0,19,-22.7972726569133,95.33644979357663,521.395
20,0,20,-29.44956954999307,102.05715786138326,523.244
21,0,21,-35.71774684943507,109.69282441002645,525.006
22,0,22,-41.42418890096772,118.56946119878008,526.507
23,0,23,-46.32441591343957,129.0224919875943,527.581
24,0,24,-50.101425147092,141.26906215056218,528.09
25,0,25,-52.4014230482021,155.16360669609242,527.932
26,0,26,-52.94001761520345,169.9760876849373,527.061
27,0,27,-51.63983646517816,-175.46234151310168,525.483
28,0,28,-48.6757461012569,-162.19184403127886,523.267
29,0,29,-44.376797716894195,-150.6903655444893,520.534
30,0,30,-39.08977709172452,-140.9194520877059,517.452
31,0,31,-33.1029660200466,-132.58972220617355,514.217
32,0,32,-26.63186550791081,-125.36019919614682,511.041
33,0,33,-19.832280708021592,-118.92295080908491,508.133
34,0,34,-12.818305661595787,-113.02117559257366,505.678
35,0,35,-5.677405209823632,-107.4410339840783,503.826
36,0,36,1.5179438024645726,-101.99672434760699,502.676
37,0,37,8.701362181820057,-96.51452082162044,502.267
38,0,38,15.804673541268693,-90.81715267640016,502.582
39,0,39,22.74970038934416,-84.70802657706565,503.545
40,1,0,32.64714993069122,-65.25179559417745,505.92
41,1,1,38.69009491206288,-56.99076034022248,507.884
42,1,2,44.04882910842311,-47.3015427761016,509.941
43,1,3,48.43652555576637,-35.88315695565986,511.916
44,1,4,51.50443137997725,-22.67166889317135,513.657
45,1,5,52.91461955677476,-8.112026139474677,515.051
46,1,6,52.47704348759789,6.77002630248234,516.031
47,1,7,50.25558251665919,20.7831728140816,516.585
48,1,8,46.53041100371257,33.15780219379805,516.748
49,1,9,41.6593659744696,43.72163572642282,516.606
50,1,10,35.96639988616939,52.683485955261524,516.273
51,1,11,29.702242153053934,60.38068226304277,515.889
52,1,12,23.04912905236835,67.14388776786521,515.594
53,1,13,16.138540018088086,73.25475556543806,515.519
54,1,14,9.068285066675019,78.94564186113601,515.764
55,1,15,1.9157688110022,84.41294874454276,516.394
56,1,16,-5.252010356144659,89.83303170002803,517.424
57,1,17,-12.370260619968581,95.37786806070359,518.817
58,1,18,-19.368652589803006,101.23054787746081,520.491
59,1,19,-26.162467587390854,107.60100384462916,522.32
60,1,20,-32.641398911410064,114.74122213125797,524.147
61,1,21,-38.65472136235139,122.95434702327988,525.8
62,1,22,-43.99331333084925,132.58022824322722,527.107
63,1,23,-48.37545000420812,143.91873841642027,527.914
64,1,24,-51.45716305582617,157.0412940008206,528.099
65,1,25,-52.901888084161854,171.52341239989036,527.587
66,1,26,-52.51416215064233,-173.63635874039048,526.357
67,1,27,-50.34706265530775,-159.62109743146945,524.448
68,1,28,-46.67059380623792,-147.21329382295426,521.956
69,1,29,-41.837026024970804,-136.60376973987667,519.025
70,1,30,-36.16876473089852,-127.5959933190588,515.84
71,1,31,-29.917031111883325,-119.85786710267625,512.608
72,1,32,-23.26522257732921,-113.05975933119505,509.541
73,1,33,-16.346143617910624,-106.91933730508356,506.838
74,1,34,-9.258951504903218,-101.20298123397063,504.669
75,1,35,-2.082340049385886,-95.71285468854687,503.159
76,1,36,5.115272103395119,-90.271174674906,502.378
77,1,37,12.267578117307549,-84.70437925604887,502.338
78,1,38,19.302502207691433,-78.82754106019732,502.989
79,1,39,26.133300972087607,-72.4283778079474,504.231
80,2,0,29.438292907673375,-59.95522977964268,505.03
81,2,1,35.73921071890184,-52.27794005819744,506.879
82,2,2,41.47112254584947,-43.346105095666346,508.912
83,2,3,46.38486991778336,-32.82122413187816,510.949
84,2,4,50.158231830419,-20.48852528347642,512.823
85,2,5,52.433852786381316,-6.50748066097622,514.402
86,2,6,52.929130293666454,8.367103822897034,515.595
87,2,7,51.57537996998075,22.948014931895482,516.36
88,2,8,48.55873813058541,36.198503374544764,516.711
89,2,9,44.21630534687182,47.65849187722105,516.709
90,2,10,38.898169794938156,57.38256389667651,516.455
91,2,11,32.892920627595785,65.66853958638578,516.078
92,2,12,26.415114577242335,72.86016870689726,515.722
93,2,13,19.619282966302038,79.26532203504928,515.522
94,2,14,12.61818368023535,85.13976283450215,515.596
95,2,15,5.497979982308805,90.69593730919993,516.029
96,2,16,-1.670223830505359,96.11821958559796,516.86
97,2,17,-8.821491548942241,101.57884654399643,518.079
98,2,18,-15.889280802064933,107.25342234795639,519.626
99,2,19,-22.7972726569133,113.33645029447227,521.395
100,2,20,-29.44956954999307,120.05715836227888,523.244
101,2,21,-35.71774684943507,127.69283174111125,525.006
102,2,22,-41.42418890096772,136.56945486948655,526.507
103,2,23,-46.32441591343957,147.0224993186791,527.581
104,2,24,-50.101425147092,159.26905582126867,528.09
105,2,25,-52.4014230482021,173.1636140271772,527.932
106,2,26,-52.94001761520345,-172.02391500189054,527.061
107,2,27,-51.63983646517816,-157.46234784239522,525.483
108,2,28,-48.6757461012569,-144.19183670019405,523.267
109,2,29,-44.376797716894195,-132.69035821340452,520.534
110,2,30,-39.08977709172452,-122.91944475662112,517.452
111,2,31,-33.1029660200466,-114.58972170527791,514.217
112,2,32,-26.63186550791081,-107.36019186506202,511.041
113,2,33,-19.832280708021592,-100.92295713837845,508.133
114,2,34,-12.818305661595787,-95.02117509167802,505.678
115,2,35,-5.677405209823632,-89.44103348318266,503.826
116,2,36,1.5179438024645726,-83.99672384671135,502.676
117,2,37,8.701362181820057,-78.5145203207248,502.267
118,2,38,15.804673541268693,-72.81715217550452,502.582
119,2,39,22.74970038934416,-66.70802607617001,503.545
120,3,0,32.64714993069122,-47.251795093281814,505.92
121,3,1,38.69009491206288,-38.99075983932684,507.884
122,3,2,44.04882910842311,-29.301542275205968,509.941
123,3,3,48.43652555576637,-17.883156454764226,511.916
124,3,4,51.50443137997725,-4.671668819162539,513.657
125,3,5,52.91461955677476,9.887974361420957,515.051
126,3,6,52.47704348759789,24.77002765715162,516.031
127,3,7,50.25558251665919,38.78317331497723,516.585
128,3,8,46.53041100371257,51.157802694693686,516.748
129,3,9,41.6593659744696,61.721632812223866,516.606
130,3,10,35.96639988616939,70.68348987125175,516.273
131,3,11,29.702242153053934,78.38068276393841,515.889
132,3,12,23.04912905236835,85.14388826876085,515.594
133,3,13,16.138540018088086,91.2547560663337,515.519
134,3,14,9.068285066675019,96.94564236203165,515.764
135,3,15,1.9157688110022,102.41294924543838,516.394
136,3,16,-5.252010356144659,107.83303220092367,517.424
137,3,17,-12.370260619968581,113.37786856159923,518.817
138,3,18,-19.368652589803006,119.23055520854561,520.491
139,3,19,-26.162467587390854,125.6010043455248,522.32
140,3,20,-32.641398911410064,132.74121580196442,524.147
141,3,21,-38.65472136235139,140.95435435436468,525.8
142,3,22,-43.99331333084925,150.58023557431204,527.107
143,3,23,-48.37545000420812,161.91874574750506,527.914
144,3,24,-51.45716305582617,175.04128767152707,528.099
145,3,25,-52.901888084161854,-170.47659028693752,527.587
146,3,26,-52.51416215064233,-155.63636506968402,526.357
147,3,27,-50.34706265530775,-141.62109010038463,524.448
148,3,28,-46.67059380623792,-129.21330015224777,521.956
149,3,29,-41.837026024970804,-118.60376240879188,519.025
150,3,30,-36.16876473089852,-109.59599281816317,515.84
151,3,31,-29.917031111883325,-101.85785977159145,512.608
152,3,32,-23.26522257732921,-95.05975883029943,509.541
153,3,33,-16.346143617910624,-88.91933680418792,506.838
154,3,34,-9.258951504903218,-83.202980733075,504.669
155,3,35,-2.082340049385886,-77.71285418765123,503.159
156,3,36,5.115272103395119,-72.27117417401038,502.378
157,3,37,12.267578117307549,-66.70437875515323,502.338
158,3,38,19.302502207691433,-60.82754055930169,502.989
159,3,39,26.133300972087607,-54.42837730705176,504.231
160,4,0,29.438292907673375,-41.95523269384163,505.03
161,4,1,35.73921071890184,-34.2779395573018,506.879
162,4,2,41.47112254584947,-25.346106302318006,508.912
163,4,3,46.38486991778336,-14.821221923435237,510.949
164,4,4,50.158231830419,-2.4885252094676087,512.823
165,4,5,52.433852786381316,11.492519839919414,514.402
166,4,6,52.929130293666454,26.36710347001902,515.595
167,4,7,51.57537996998075,40.94801543279112,516.36
168,4,8,48.55873813058541,54.198503875440394,516.711
169,4,9,44.21630534687182,65.65849237811669,516.709
170,4,10,38.898169794938156,75.38256439757214,516.455
171,4,11,32.892920627595785,83.6685400872814,516.078
172,4,12,26.415114577242335,90.8601692077929,515.722
173,4,13,19.619282966302038,97.26532253594492,515.522
174,4,14,12.61818368023535,103.13976333539779,515.596
175,4,15,5.497979982308805,108.69593781009557,516.029
176,4,16,-1.670223830505359,114.1182200864936,516.86
177,4,17,-8.821491548942241,119.57885387508124,518.079
178,4,18,-15.889280802064933,125.25342967904119,519.626
179,4,19,-22.7972726569133,131.3364507953679,521.395
180,4,20,-29.44956954999307,138.0571656933637,523.244
181,4,21,-35.71774684943507,145.6928254118177,525.006
182,4,22,-41.42418890096772,154.56946220057134,526.507
183,4,23,-46.32441591343957,165.02249298938557,527.581
184,4,24,-50.101425147092,177.26906315235345,528.09
185,4,25,-52.4014230482021,-168.83638865965065,527.932
186,4,26,-52.94001761520345,-154.02390767080573,527.061
187,4,27,-51.63983646517816,-139.46234051131043,525.483
188,4,28,-48.6757461012569,-126.19184302948759,523.267
189,4,29,-44.376797716894195,-114.69036454269805,520.534
190,4,30,-39.08977709172452,-104.91945108591464,517.452
191,4,31,-33.1029660200466,-96.58972120438227,514.217
192,4,32,-26.63186550791081,-89.3601913641664,511.041
193,4,33,-19.832280708021592,-82.92295663748281,508.133
194,4,34,-12.818305661595787,-77.0211745907824,505.678
195,4,35,-5.677405209823632,-71.44103298228703,503.826
196,4,36,1.5179438024645726,-65.99672334581571,502.676
197,4,37,8.701362181820057,-60.514519819829175,502.267
198,4,38,15.804673541268693,-54.81715167460889,502.582
199,4,39,22.74970038934416,-48.708028990368966,503.545
200,5,0,32.64714993069122,-29.25179459238618,505.92
201,5,1,38.69009491206288,-20.99075763088392,507.884
202,5,2,44.04882910842311,-11.30154006676304,509.941
203,5,3,48.43652555576637,0.11684324571861476,511.916
204,5,4,51.50443137997725,13.32833125484627,513.657
205,5,5,52.91461955677476,27.88797486231659,515.051
206,5,6,52.47704348759789,42.77002645049996,516.031
207,5,7,50.25558251665919,56.783173815872864,516.585
208,5,8,46.53041100371257,69.15780319558932,516.748
209,5,9,41.6593659744696,79.7216333131195,516.606
210,5,10,35.96639988616939,88.68349037214738,516.273
211,5,11,29.702242153053934,96.38068326483403,515.889
212,5,12,23.04912905236835,103.14388876965647,515.594
213,5,13,16.138540018088086,109.25475656722934,515.519
214,5,14,9.068285066675019,114.94564969311645,515.764
215,5,15,1.9157688110022,120.41294291614486,516.394
216,5,16,-5.252010356144659,125.83302587163013,517.424
217,5,17,-12.370260619968581,131.37786906249485,518.817
218,5,18,-19.368652589803006,137.23054887925207,520.491
219,5,19,-26.162467587390854,143.6010116766096,522.32
220,5,20,-32.641398911410064,150.74122313304923,524.147
221,5,21,-38.65472136235139,158.95434802507114,525.8
222,5,22,-43.99331333084925,168.5802292450185,527.107
223,5,23,-48.37545000420812,179.91873941821152,527.914
224,5,24,-51.45716305582617,-166.95871501530078,528.099
225,5,25,-52.901888084161854,-152.47659661623106,527.587
226,5,26,-52.51416215064233,-137.6363577385992,526.357
227,5,27,-50.34706265530775,-123.62109642967819,524.448
228,5,28,-46.67059380623792,-111.21329965135214,521.956
229,5,29,-41.837026024970804,-100.6037687380854,519.025
230,5,30,-36.16876473089852,-91.59599231726753,515.84
231,5,31,-29.917031111883325,-83.85785927069583,512.608
232,5,32,-23.26522257732921,-77.05975832940379,509.541
233,5,33,-16.346143617910624,-70.91933630329228,506.838
234,5,34,-9.258951504903218,-65.20298023217937,504.669
235,5,35,-2.082340049385886,-59.71285368675561,503.159
236,5,36,5.115272103395119,-54.271173673114745,502.378
237,5,37,12.267578117307549,-48.70437825425759,502.338
238,5,38,19.302502207691433,-42.82754347350064,502.989
239,5,39,26.133300972087607,-36.42837680615612,504.231
240,6,0,29.438292907673375,-23.955230485398705,505.03
241,6,1,35.73921071890184,-16.27793905640617,506.879
242,6,2,41.47112254584947,-7.346105801422372,508.912
243,6,3,46.38486991778336,3.1787783640169853,510.949
244,6,4,50.158231830419,15.511475718314848,512.823
245,6,5,52.433852786381316,29.492521194588694,514.402
246,6,6,52.929130293666454,44.36710567846195,515.595
247,6,7,51.57537996998075,58.94801593368675,516.36
248,6,8,48.55873813058541,72.19850096124145,516.711
249,6,9,44.21630534687182,83.65849287901231,516.709
250,6,10,38.898169794938156,93.38256489846778,516.455
251,6,11,32.892920627595785,101.66854058817704,516.078
252,6,12,26.415114577242335,108.86016970868853,515.722
253,6,13,19.619282966302038,115.26532986702972,515.522
254,6,14,12.61818368023535,121.13977066648259,515.596
255,6,15,5.497979982308805,126.69593831099121,516.029
256,6,16,-1.670223830505359,132.11822058738923,516.86
257,6,17,-8.821491548942241,137.5788475457877,518.079
258,6,18,-15.889280802064933,143.25342334974766,519.626
259,6,19,-22.7972726569133,149.3364581264527,521.395
260,6,20,-29.44956954999307,156.05715936407015,523.244
261,6,21,-35.71774684943507,163.6928327429025,525.006
262,6,22,-41.42418890096772,172.5694558712778,526.507
263,6,23,-46.32441591343957,-176.9775096974423,527.581
264,6,24,-50.101425147092,-164.7309395344744,528.09
265,6,25,-52.4014230482021,-150.83638132856586,527.932
266,6,26,-52.94001761520345,-136.02391400009927,527.061
267,6,27,-51.63983646517816,-121.46234684060396,525.483
268,6,28,-48.6757461012569,-108.19183569840278,523.267
269,6,29,-44.376797716894195,-96.69036404180241,520.534
270,6,30,-39.08977709172452,-86.91945058501902,517.452
271,6,31,-33.1029660200466,-78.58972070348665,514.217
272,6,32,-26.63186550791081,-71.36019086327076,511.041
273,6,33,-19.832280708021592,-64.92295613658719,508.133
274,6,34,-12.818305661595787,-59.021174089886756,505.678
275,6,35,-5.677405209823632,-53.441029066296814,503.826
276,6,36,1.5179438024645726,-47.996722844920086,502.676
277,6,37,8.701362181820057,-42.51452273402813,502.267
278,6,38,15.804673541268693,-36.81715117371325,502.582
279,6,39,22.74970038934416,-30.70802848947333,503.545
280,7,0,32.64714993069122,-11.251798360358777,505.92
281,7,1,38.69009491206288,-2.9907611854131053,507.884
282,7,2,44.04882910842311,6.698456592151184,509.941
283,7,3,48.43652555576637,18.116841131932457,511.916
284,7,4,51.50443137997725,31.328329194420967,513.657
285,7,5,52.91461955677476,45.88797024057035,515.051
286,7,6,52.47704348759789,60.77002353630101,516.031
287,7,7,50.25558251665919,74.78316748657933,516.585
288,7,8,46.53041100371257,87.15780369648495,516.748
289,7,9,41.6593659744696,97.72163381401514,516.606
290,7,10,35.96639988616939,106.68348404285385,516.273
291,7,11,29.702242153053934,114.38068376572967,515.889
292,7,12,23.04912905236835,121.14388244036294,515.594
293,7,13,16.138540018088086,127.25475706812496,515.519
294,7,14,9.068285066675019,132.9456433638229,515.764
295,7,15,1.9157688110022,138.41295024722965,516.394
296,7,16,-5.252010356144659,143.83303320271494,517.424
297,7,17,-12.370260619968581,149.37786273320134,518.817
298,7,18,-19.368652589803006,155.23054254995853,520.491
299,7,19,-26.162467587390854,161.60100534731606,522.32
300,7,20,-32.641398911410064,168.7412168037557,524.147
301,7,21,-38.65472136235139,176.95435535615596,525.8
302,7,22,-43.99331333084925,-173.41977344180938,527.107
303,7,23,-48.37545000420812,-162.08126326861634,527.914
304,7,24,-51.45716305582617,-148.958707684216,528.099
305,7,25,-52.901888084161854,-134.47658928514625,527.587
306,7,26,-52.51416215064233,-119.63636406789274,526.357
307,7,27,-50.34706265530775,-105.62109592878255,524.448
308,7,28,-46.67059380623792,-93.21329915045652,521.956
309,7,29,-41.837026024970804,-82.60376823718978,519.025
310,7,30,-36.16876473089852,-73.5959918163719,515.84
311,7,31,-29.917031111883325,-65.85786559998935,512.608
312,7,32,-23.26522257732921,-59.059757828508154,509.541
313,7,33,-16.346143617910624,-52.91933580239665,506.838
314,7,34,-9.258951504903218,-47.202983146378315,504.669
315,7,35,-2.082340049385886,-41.71286001604914,503.159
316,7,36,5.115272103395119,-36.2711765873137,502.378
317,7,37,12.267578117307549,-30.704381168456546,502.338
318,7,38,19.302502207691433,-24.827544680152297,502.989
319,7,39,26.133300972087607,-18.42838142790237,504.231
320,8,0,29.438292907673375,-5.95522998450307,505.03
321,8,1,35.73921071890184,1.722060910880936,506.879
322,8,2,41.47112254584947,10.653894699473263,508.912
323,8,3,46.38486991778336,21.17877907835603,510.949
324,8,4,50.158231830419,33.51147621921048,512.823
325,8,5,52.433852786381316,47.49252169548433,514.402
326,8,6,52.929130293666454,62.36710617935758,515.595
327,8,7,51.57537996998075,76.94801643458239,516.36
328,8,8,48.55873813058541,90.19850146213707,516.711
329,8,9,44.21630534687182,101.65849337990795,516.709
330,8,10,38.898169794938156,111.3825653993634,516.455
331,8,11,32.892920627595785,119.66854791926184,516.078
332,8,12,26.415114577242335,126.86017703977333,515.722
333,8,13,19.619282966302038,133.26532353773618,515.522
334,8,14,12.61818368023535,139.13976433718906,515.596
335,8,15,5.497979982308805,144.695945642076,516.029
336,8,16,-1.670223830505359,150.11822791847402,516.86
337,8,17,-8.821491548942241,155.5788548768725,518.079
338,8,18,-15.889280802064933,161.25343068083245,519.626
339,8,19,-22.7972726569133,167.33645179715919,521.395
340,8,20,-29.44956954999307,174.05716669515496,523.244
341,8,21,-35.71774684943507,-178.30716994392535,525.006
342,8,22,-41.42418890096772,-169.43054681555006,526.507
343,8,23,-46.32441591343957,-158.9775023663575,527.581
344,8,24,-50.101425147092,-146.73094586376794,528.09
345,8,25,-52.4014230482021,-132.83638765785938,527.932
346,8,26,-52.94001761520345,-118.02390666901448,527.061
347,8,27,-51.63983646517816,-103.46233950951915,525.483
348,8,28,-48.6757461012569,-90.19183519750715,523.267
349,8,29,-44.376797716894195,-78.69036354090679,520.534
350,8,30,-39.08977709172452,-68.91945008412338,517.452
351,8,31,-33.1029660200466,-60.58972020259101,514.217
352,8,32,-26.63186550791081,-53.36019036237513,511.041
353,8,33,-19.832280708021592,-46.92295563569155,508.133
354,8,34,-12.818305661595787,-41.02117700408571,505.678
355,8,35,-5.677405209823632,-35.441028565401176,503.826
356,8,36,1.5179438024645726,-29.996722344024448,502.676
357,8,37,8.701362181820057,-24.514520525585198,502.267
358,8,38,15.804673541268693,-18.817152380364913,502.582
359,8,39,22.74970038934416,-12.7080279885777,503.545
360,9,0,32.64714993069122,6.748201713650033,505.92
361,9,1,38.69009491206288,15.009239955812763,507.884
362,9,2,44.04882910842311,24.69845751993364,509.941
363,9,3,48.43652555576637,36.11684163282809,511.916
364,9,4,51.50443137997725,49.3283296953166,513.657
365,9,5,52.91461955677476,63.88797074146598,515.051
366,9,6,52.47704348759789,78.77002403719665,516.031
367,9,7,50.25558251665919,92.78316798747497,516.585
368,9,8,46.53041100371257,105.15780419738059,516.748
369,9,9,41.6593659744696,115.7216274847216,516.606
370,9,10,35.96639988616939,124.68349137393865,516.273
371,9,11,29.702242153053934,132.38067743643614,515.889
372,9,12,23.04912905236835,139.14388977144773,515.594
373,9,13,16.138540018088086,145.25475073883143,515.519
374,9,14,9.068285066675019,150.94563703452937,515.764
375,9,15,1.9157688110022,156.41294391793613,516.394
376,9,16,-5.252010356144659,161.8330268734214,517.424
377,9,17,-12.370260619968581,167.37787006428613,518.817
378,9,18,-19.368652589803006,173.23054988104334,520.491
379,9,19,-26.162467587390854,179.60099901802252,522.32
380,9,20,-32.641398911410064,-173.25878588307216,524.147
381,9,21,-38.65472136235139,-165.04564733067193,525.8
382,9,22,-43.99331333084925,-155.41976611072457,527.107
383,9,23,-48.37545000420812,-144.08125593753155,527.914
384,9,24,-51.45716305582617,-130.9587140135095,528.099
385,9,25,-52.901888084161854,-116.47659561443979,527.587
386,9,26,-52.51416215064233,-101.6363635669971,526.357
387,9,27,-50.34706265530775,-87.62109542788691,524.448
388,9,28,-46.67059380623792,-75.21329864956088,521.956
389,9,29,-41.837026024970804,-64.60376773629415,519.025
390,9,30,-36.16876473089852,-55.59599473057086,515.84
391,9,31,-29.917031111883325,-47.85786168399914,512.608
392,9,32,-23.26522257732921,-41.05975732761252,509.541
393,9,33,-16.346143617910624,-34.91933530150102,506.838
394,9,34,-9.258951504903218,-29.20298264548268,504.669
395,9,35,-2.082340049385886,-23.712857807606216,503.159
396,9,36,5.115272103395119,-18.271176086418066,502.378
397,9,37,12.267578117307549,-12.704380667560912,502.338
398,9,38,19.302502207691433,-6.82754503303031,502.989
399,9,39,26.133300972087607,-0.42838084696545786,504.231
400,10,0,29.438292907673375,12.044770516392564,505.03
401,10,1,35.73921071890184,19.722061945385096,506.879
402,10,2,41.47112254584947,28.653896907916188,508.912
403,10,3,46.38486991778336,39.17877787170437,510.949
404,10,4,50.158231830419,51.51147672010612,512.823
405,10,5,52.433852786381316,65.49251878128537,514.402
406,10,6,52.929130293666454,80.36710668025322,515.595
407,10,7,51.57537996998075,94.94801693547801,516.36
408,10,8,48.55873813058541,108.19850196303271,516.711
409,10,9,44.21630534687182,119.65849388080359,516.709
410,10,10,38.898169794938156,129.38256590025904,516.455
411,10,11,32.892920627595785,137.6685415899683,516.078
412,10,12,26.415114577242335,144.8601707104798,515.722
413,10,13,19.619282966302038,151.265330868821,515.522
414,10,14,12.61818368023535,157.13977166827385,515.596
415,10,15,5.497979982308805,162.69593931278246,516.029
416,10,16,-1.670223830505359,168.11822158918048,516.86
417,10,17,-8.821491548942241,173.57884854757896,518.079
418,10,18,-15.889280802064933,179.2534243515389,519.626
419,10,19,-22.7972726569133,-174.6635508896687,521.395
420,10,20,-29.44956954999307,-167.9428359916729,523.244
421,10,21,-35.71774684943507,-160.3071762732189,525.006
422,10,22,-41.42418890096772,-151.43053948446527,526.507
423,10,23,-46.32441591343957,-140.977508695651,527.581
424,10,24,-50.101425147092,-128.73093853268315,528.09
425,10,25,-52.4014230482021,-114.83638032677459,527.932
426,10,26,-52.94001761520345,-100.02390616811884,527.061
427,10,27,-51.63983646517816,-85.46233900862352,525.483
428,10,28,-48.6757461012569,-72.19183469661151,523.267
429,10,29,-44.376797716894195,-60.69036304001115,520.534
430,10,30,-39.08977709172452,-50.91944958322775,517.452
431,10,31,-33.1029660200466,-42.58971970169538,514.217
432,10,32,-26.63186550791081,-35.36018986147949,511.041
433,10,33,-19.832280708021592,-28.922955134795917,508.133
434,10,34,-12.818305661595787,-23.021176503190073,505.678
435,10,35,-5.677405209823632,-17.441029772052836,503.826
436,10,36,1.5179438024645726,-11.996723550676109,502.676
437,10,37,8.701362181820057,-6.514520878463211,502.267
438,10,38,15.804673541268693,-0.8171510790564847,502.582
439,10,39,22.74970038934416,5.291972512317934,503.545
440,11,0,32.64714993069122,24.748201787658843,505.92
441,11,1,38.69009491206288,33.009238749161106,507.884
442,11,2,44.04882910842311,42.69845631328198,509.941
443,11,3,48.43652555576637,54.11684213372372,511.916
444,11,4,51.50443137997725,67.32833019621224,513.657
445,11,5,52.91461955677476,81.88797124236162,515.051
446,11,6,52.47704348759789,96.77002453809227,516.031
447,11,7,50.25558251665919,110.78316848837059,516.585
448,11,8,46.53041100371257,123.15780469827622,516.748
449,11,9,41.6593659744696,133.7216348158064,516.606
450,11,10,35.96639988616939,142.6834850446451,516.273
451,11,11,29.702242153053934,150.38068476752093,515.889
452,11,12,23.04912905236835,157.1438834421542,515.594
453,11,13,16.138540018088086,163.25475806991622,515.519
454,11,14,9.068285066675019,168.94564436561419,515.764
455,11,15,1.9157688110022,174.41295124902092,516.394
456,11,16,-5.252010356144659,179.8330342045062,517.424
457,11,17,-12.370260619968581,-174.62213262254173,518.817
458,11,18,-19.368652589803006,-168.76945280578454,520.491
459,11,19,-26.162467587390854,-162.398990008427,522.32
460,11,20,-32.641398911410064,-155.25877855198738,524.147
461,11,21,-38.65472136235139,-147.04565365996547,525.8
462,11,22,-43.99331333084925,-137.4197724400181,527.107
463,11,23,-48.37545000420812,-126.08126226682508,527.914
464,11,24,-51.45716305582617,-112.95871351261388,528.099
465,11,25,-52.901888084161854,-98.47659511354415,527.587
466,11,26,-52.51416215064233,-83.63636306610148,526.357
467,11,27,-50.34706265530775,-69.62109492699128,524.448
468,11,28,-46.67059380623792,-57.213298148665245,521.956
469,11,29,-41.837026024970804,-46.603767235398514,519.025
470,11,30,-36.16876473089852,-37.59599422967522,515.84
471,11,31,-29.917031111883325,-29.857861183103505,512.608
472,11,32,-23.26522257732921,-23.05975682671689,509.541
473,11,33,-16.346143617910624,-16.919334800605387,506.838
474,11,34,-9.258951504903218,-11.202980437039757,504.669
475,11,35,-2.082340049385886,-5.712857733597406,503.159
476,11,36,5.115272103395119,-0.27117617249181303,502.378
477,11,37,12.267578117307549,5.295619406447898,502.338
478,11,38,19.302502207691433,11.172455467865323,502.989
479,11,39,26.133300972087607,17.571619573888896,504.231
480,12,0,29.438292907673375,30.044769309740904,505.03
481,12,1,35.73921071890184,37.72206244628073,506.879
482,12,2,41.47112254584947,46.65389740881182,508.912
483,12,3,46.38486991778336,57.17877837260001,510.949
484,12,4,50.158231830419,69.51147722100175,512.823
485,12,5,52.433852786381316,83.49251928218101,514.402
486,12,6,52.929130293666454,98.36710718114885,515.595
487,12,7,51.57537996998075,112.94801743637365,516.36
488,12,8,48.55873813058541,126.19850929411751,516.711
489,12,9,44.21630534687182,137.6585012118884,516.709
490,12,10,38.898169794938156,147.3825595709655,516.455
491,12,11,32.892920627595785,155.66854892105312,516.078
492,12,12,26.415114577242335,162.8601780415646,515.722
493,12,13,19.619282966302038,169.26532453952746,515.522
494,12,14,12.61818368023535,175.1397653389803,515.596
495,12,15,5.497979982308805,-179.3040633740454,516.029
496,12,16,-1.670223830505359,-173.88178109764738,516.86
497,12,17,-8.821491548942241,-168.4211541392489,518.079
498,12,18,-15.889280802064933,-162.74657833528894,519.626
499,12,19,-22.7972726569133,-156.66354355858388,521.395
500,12,20,-29.44956954999307,-149.94284232096643,523.244
501,12,21,-35.71774684943507,-142.3071689421341,525.006
502,12,22,-41.42418890096772,-133.43054581375878,526.507
503,12,23,-46.32441591343957,-122.97750136456622,527.581
504,12,24,-50.101425147092,-110.7309380317875,528.09
505,12,25,-52.4014230482021,-96.83638665606811,527.932
506,12,26,-52.94001761520345,-82.0239056672232,527.061
507,12,27,-51.63983646517816,-67.46233850772788,525.483
508,12,28,-48.6757461012569,-54.19183419571588,523.267
509,12,29,-44.376797716894195,-42.69036253911552,520.534
510,12,30,-39.08977709172452,-32.919449082332115,517.452
511,12,31,-33.1029660200466,-24.589719200799745,514.217
512,12,32,-26.63186550791081,-17.36019106813115,511.041
513,12,33,-19.832280708021592,-10.922954633900282,508.133
514,12,34,-12.818305661595787,-5.021175575407615,505.678
515,12,35,-5.677405209823632,0.5589707822036489,503.826
516,12,36,1.5179438024645726,6.003277377106348,502.676
517,12,37,8.701362181820057,11.485479622432424,502.267
518,12,38,15.804673541268693,17.182848621426356,502.582
519,12,39,22.74970038934416,23.291973013213568,503.545
520,13,0,32.64714993069122,42.748210826290936,505.92
521,13,1,38.69009491206288,51.00924608024591,507.884
522,13,2,44.04882910842311,60.69846364436678,509.941
523,13,3,48.43652555576637,72.11684604971394,511.916
524,13,4,51.50443137997725,85.32833752729704,513.657
525,13,5,52.91461955677476,99.88797857344642,515.051
526,13,6,52.47704348759789,114.77003186917707,516.031
527,13,7,50.25558251665919,128.7831758194554,516.585
528,13,8,46.53041100371257,141.15781202936103,516.748
529,13,9,41.6593659744696,151.7216421468912,516.606
530,13,10,35.96639988616939,160.6834923757299,516.273
531,13,11,29.702242153053934,168.38069209860575,515.889
532,13,12,23.04912905236835,175.143890773239,515.594
533,13,13,16.138540018088086,-178.74524461691163,515.519
534,13,14,9.068285066675019,-173.05434466083534,515.764
535,13,15,1.9157688110022,-167.58705143780693,516.394
536,13,16,-5.252010356144659,-162.16696848232166,517.424
537,13,17,-12.370260619968581,-156.62212529145694,518.817
538,13,18,-19.368652589803006,-150.76944547469972,520.491
539,13,19,-26.162467587390854,-144.3989826773422,522.32
540,13,20,-32.641398911410064,-137.25877122090256,524.147
541,13,21,-38.65472136235139,-129.04564632888065,525.8
542,13,22,-43.99331333084925,-119.4197651089333,527.107
543,13,23,-48.37545000420812,-108.0812481055511,527.914
544,13,24,-51.45716305582617,-94.95870618152908,528.099
545,13,25,-52.901888084161854,-80.47658778245935,527.587
546,13,26,-52.51416215064233,-65.63635573501668,526.357
547,13,27,-50.34706265530775,-51.62108759590648,524.448
548,13,28,-46.67059380623792,-39.21329081758044,521.956
549,13,29,-41.837026024970804,-28.603761611861003,519.025
550,13,30,-36.16876473089852,-19.595985191043127,515.84
551,13,31,-29.917031111883325,-11.857854705792349,512.608
552,13,32,-23.26522257732921,-5.059750349405732,509.541
553,13,33,-16.346143617910624,1.0806719968708884,506.838
554,13,34,-9.258951504903218,6.797026894045047,504.669
555,13,35,-2.082340049385886,12.28715002437422,503.159
556,13,36,5.115272103395119,17.72883174556237,502.378
557,13,37,12.267578117307549,23.295627164419525,502.338
558,13,38,19.302502207691433,29.17246194517648,502.989
559,13,39,26.133300972087607,35.57162861252099,504.231
560,14,0,29.438292907673375,48.044762980447366,505.03
561,14,1,35.73921071890184,55.7220561169872,506.879
562,14,2,41.47112254584947,64.6538876644237,508.912
563,14,3,46.38486991778336,75.17877204330647,510.949
564,14,4,50.158231830419,87.51147089170821,512.823
565,14,5,52.433852786381316,101.49251295288747,514.402
566,14,6,52.929130293666454,116.36709402166613,515.595
567,14,7,51.57537996998075,130.94801793726927,516.36
568,14,8,48.55873813058541,144.19850296482397,516.711
569,14,9,44.21630534687182,155.65849488259485,516.709
570,14,10,38.898169794938156,165.38255324167196,516.455
571,14,11,32.892920627595785,173.66854259175958,516.078
572,14,12,26.415114577242335,-179.1398383056416,515.722
573,14,13,19.619282966302038,-172.7346781473004,515.522
574,14,14,12.61818368023535,-166.86023734784754,515.596
575,14,15,5.497979982308805,-161.30406970333894,516.029
576,14,16,-1.670223830505359,-155.88178742694092,516.86
577,14,17,-8.821491548942241,-150.42116046854244,518.079
578,14,18,-15.889280802064933,-144.74658466458249,519.626
579,14,19,-22.7972726569133,-138.66354988787742,521.395
580,14,20,-29.44956954999307,-131.94284865025998,523.244
581,14,21,-35.71774684943507,-124.30717527142762,525.006
582,14,22,-41.42418890096772,-115.43055214305234,526.507
583,14,23,-46.32441591343957,-104.97750769385976,527.581
584,14,24,-50.101425147092,-92.73094436108104,528.09
585,14,25,-52.4014230482021,-78.83639298536166,527.932
586,14,26,-52.94001761520345,-64.02391199651674,527.061
587,14,27,-51.63983646517816,-49.462348252116,525.483
588,14,28,-48.6757461012569,-36.19184052500942,523.267
589,14,29,-44.376797716894195,-24.69036716086176,520.534
590,14,30,-39.08977709172452,-14.919455411625652,517.452
591,14,31,-33.1029660200466,-6.589725103206459,514.217
592,14,32,-26.63186550791081,0.6398034029881052,511.041
593,14,33,-19.832280708021592,7.077039036806182,508.133
594,14,34,-12.818305661595787,12.978818522185671,505.678
595,14,35,-5.677405209823632,18.55896439954926,503.826
596,14,36,1.5179438024645726,24.00327062092599,502.676
597,14,37,8.701362181820057,29.48547243936524,502.267
598,14,38,15.804673541268693,35.18284399968011,502.582
599,14,39,22.74970038934416,41.29196668392003,503.545
600,15,0,32.64714993069122,60.74820108190282,505.92
601,15,1,38.69009491206288,69.00923975095237,507.884
602,15,2,44.04882910842311,78.69845731507324,509.941
603,15,3,48.43652555576637,90.1168397204204,511.916
604,15,4,51.50443137997725,103.3283311980035,513.657
605,15,5,52.91461955677476,117.88797224415288,515.051
606,15,6,52.47704348759789,132.77002553988353,516.031
607,15,7,50.25558251665919,146.78316949016187,516.585
608,15,8,46.53041100371257,159.15780570006748,516.748
609,15,9,41.6593659744696,169.72163581759767,516.606
610,15,10,35.96639988616939,178.68348604643637,516.273
611,15,11,29.702242153053934,-173.61931058822213,515.889
612,15,12,23.04912905236835,-166.85611191358885,515.594
613,15,13,16.138540018088086,-160.74525094620518,515.519
614,15,14,9.068285066675019,-155.05435099012888,515.764
615,15,15,1.9157688110022,-149.58705776710048,516.394
616,15,16,-5.252010356144659,-144.1669748116152,517.424
617,15,17,-12.370260619968581,-138.62213162075048,518.817
618,15,18,-19.368652589803006,-132.76945180399326,520.491
619,15,19,-26.162467587390854,-126.39898900663573,522.32
620,15,20,-32.641398911410064,-119.2587775501961,524.147
621,15,21,-38.65472136235139,-111.04564582798501,525.8
622,15,22,-43.99331333084925,-101.41976460803767,527.107
623,15,23,-48.37545000420812,-90.08125443484464,527.914
624,15,24,-51.45716305582617,-76.95871251082262,528.099
625,15,25,-52.901888084161854,-62.47659411175289,527.587
626,15,26,-52.51416215064233,-47.63636206431021,526.357
627,15,27,-50.34706265530775,-33.621093925200014,524.448
628,15,28,-46.67059380623792,-21.21329714687398,521.956
629,15,29,-41.837026024970804,-10.603767941154539,519.025
630,15,30,-36.16876473089852,-1.5959921606668968,515.84
631,15,31,-29.917031111883325,6.142138964914115,512.608
632,15,32,-23.26522257732921,12.94024332130073,509.541
633,15,33,-16.346143617910624,19.08066620118588,506.838
634,15,34,-9.258951504903218,24.79702056475151,504.669
635,15,35,-2.082340049385886,30.287141987533392,503.159
636,15,36,5.115272103395119,35.72882541626883,502.378
637,15,37,12.267578117307549,41.29562083512599,502.338
638,15,38,19.302502207691433,47.172455615882946,502.989
639,15,39,26.133300972087607,53.571622283227455,504.231
640,16,0,29.438292907673375,66.04477372662676,505.03
641,16,1,35.73921071890184,73.72206344807199,506.879
642,16,2,41.47112254584947,82.65389499550851,508.912
643,16,3,46.38486991778336,93.17877937439127,510.949
644,16,4,50.158231830419,105.51147822279302,512.823
645,16,5,52.433852786381316,119.49252028397227,514.402
646,16,6,52.929130293666454,134.36710135275095,515.595
647,16,7,51.57537996998075,148.9480252683541,516.36
648,16,8,48.55873813058541,162.1985102959088,516.711
649,16,9,44.21630534687182,173.65850221367967,516.709
650,16,10,38.898169794938156,-176.61743578477757,516.455
651,16,11,32.892920627595785,-168.33146009506828,516.078
652,16,12,26.415114577242335,-161.13983097455682,515.722
653,16,13,19.619282966302038,-154.7346708162156,515.522
654,16,14,12.61818368023535,-148.86023001676273,515.596
655,16,15,5.497979982308805,-143.30406237225412,516.029
656,16,16,-1.670223830505359,-137.8817800958561,516.86
657,16,17,-8.821491548942241,-132.42115313745762,518.079
658,16,18,-15.889280802064933,-126.74657733349768,519.626
659,16,19,-22.7972726569133,-120.66354255679262,521.395
660,16,20,-29.44956954999307,-113.94283448898601,523.244
661,16,21,-35.71774684943507,-106.30716794034282,525.006
662,16,22,-41.42418890096772,-97.43053798177836,526.507
663,16,23,-46.32441591343957,-86.97750036277496,527.581
664,16,24,-50.101425147092,-74.73093702999624,528.09
665,16,25,-52.4014230482021,-60.83638565427685,527.932
666,16,26,-52.94001761520345,-46.02390466543194,527.061
667,16,27,-51.63983646517816,-31.4623409210312,525.483
668,16,28,-48.6757461012569,-18.191834901471903,523.267
669,16,29,-44.376797716894195,-6.690359829776957,520.534
670,16,30,-39.08977709172452,3.080551919459151,517.452
671,16,31,-33.1029660200466,11.410282654765167,514.217
672,16,32,-26.63186550791081,18.639809933660114,511.041
673,16,33,-19.832280708021592,25.077046367890986,508.133
674,16,34,-12.818305661595787,30.97882499949683,505.678
675,16,35,-5.677405209823632,36.558973438181354,503.826
676,16,36,1.5179438024645726,42.00327965955808,502.676
677,16,37,8.701362181820057,47.48547977045004,502.267
678,16,38,15.804673541268693,53.18285133076491,502.582
679,16,39,22.74970038934416,59.29197743009942,503.545
680,17,0,32.64714993069122,78.74819475260928,505.92
681,17,1,38.69009491206288,87.00923342165883,507.884
682,17,2,44.04882910842311,96.69845098577971,509.941
683,17,3,48.43652555576637,108.11683339112687,511.916
684,17,4,51.50443137997725,121.32832486870996,513.657
685,17,5,52.91461955677476,135.88796591485934,515.051
686,17,6,52.47704348759789,150.77001921059,516.031
687,17,7,50.25558251665919,164.78316316086833,516.585
688,17,8,46.53041100371257,177.15779937077394,516.748
689,17,9,41.6593659744696,-172.2783668692302,516.606
690,17,10,35.96639988616939,-163.31651664039148,516.273
691,17,11,29.702242153053934,-155.61931691751565,515.889
692,17,12,23.04912905236835,-148.8561182428824,515.594
693,17,13,16.138540018088086,-142.74525727549872,515.519
694,17,14,9.068285066675019,-137.05435731942242,515.764
695,17,15,1.9157688110022,-131.58706409639402,516.394
696,17,16,-5.252010356144659,-126.16698114090873,517.424
697,17,17,-12.370260619968581,-120.622137950044,518.817
698,17,18,-19.368652589803006,-114.7694581332868,520.491
699,17,19,-26.162467587390854,-108.39900216611844,522.32
700,17,20,-32.641398911410064,-101.2587907096788,524.147
701,17,21,-38.65472136235139,-93.04565215727855,525.8
702,17,22,-43.99331333084925,-83.41977093733121,527.107
703,17,23,-48.37545000420812,-72.08126076413818,527.914
704,17,24,-51.45716305582617,-58.958718840116155,528.099
705,17,25,-52.901888084161854,-44.47659702595184,527.587
706,17,26,-52.51416215064233,-29.636368393603746,526.357
707,17,27,-50.34706265530775,-15.621100254493552,524.448
708,17,28,-46.67059380623792,-3.213304329941165,521.956
709,17,29,-41.837026024970804,7.396225729551925,519.025
710,17,30,-36.16876473089852,16.404002150369802,515.84
711,17,31,-29.917031111883325,24.14213178184693,512.608
712,17,32,-23.26522257732921,30.940237845780842,509.541
713,17,33,-16.346143617910624,37.080659871892344,506.838
714,17,34,-9.258951504903218,42.79701252791068,504.669
715,17,35,-2.082340049385886,48.287135658239855,503.159
716,17,36,5.115272103395119,53.7288190869753,502.378
717,17,37,12.267578117307549,59.295611090737864,502.338
718,17,38,19.302502207691433,65.17244928658941,502.989
719,17,39,26.133300972087607,71.57161253883933,504.231
720,18,0,29.438292907673375,84.04476739733322,505.03
721,18,1,35.73921071890184,91.72205711877847,506.879
722,18,2,41.47112254584947,100.65388866621497,508.912
723,18,3,46.38486991778336,111.17877304509773,510.949
724,18,4,50.158231830419,123.51147189349948,512.823
725,18,5,52.433852786381316,137.49251395467874,514.402
726,18,6,52.929130293666454,152.3670950234574,515.595
727,18,7,51.57537996998075,166.94801893906055,516.36
728,18,8,48.55873813058541,-179.80150605129742,516.711
729,18,9,44.21630534687182,-168.34151413352654,516.709
730,18,10,38.898169794938156,-158.61744211407108,516.455
731,18,11,32.892920627595785,-150.33146642436182,516.078
732,18,12,26.415114577242335,-143.13983730385033,515.722
733,18,13,19.619282966302038,-136.73467714550915,515.522
734,18,14,12.61818368023535,-130.86023634605627,515.596
735,18,15,5.497979982308805,-125.30406870154766,516.029
736,18,16,-1.670223830505359,-119.88178642514964,516.86
737,18,17,-8.821491548942241,-114.421152636562,518.079
738,18,18,-15.889280802064933,-108.74657683260205,519.626
739,18,19,-22.7972726569133,-102.66354888608616,521.395
740,18,20,-29.44956954999307,-95.94284081827954,523.244
741,18,21,-35.71774684943507,-88.30717426963636,525.006
742,18,22,-41.42418890096772,-79.4305443110719,526.507
743,18,23,-46.32441591343957,-68.97750669206849,527.581
744,18,24,-50.101425147092,-56.73094335928978,528.09
745,18,25,-52.4014230482021,-42.83639198357039,527.932
746,18,26,-52.94001761520345,-28.023910994725476,527.061
747,18,27,-51.63983646517816,-13.462345542777445,525.483
748,18,28,-48.6757461012569,-0.19184119074480097,523.267
749,18,29,-44.376797716894195,11.309633840929505,520.534
750,18,30,-39.08977709172452,21.080545590165613,517.452
751,18,31,-33.1029660200466,29.410275471697986,514.217
752,18,32,-26.63186550791081,36.63980531191387,511.041
753,18,33,-19.832280708021592,43.077040038597445,508.133
754,18,34,-12.818305661595787,48.97881867020329,505.678
755,18,35,-5.677405209823632,54.55896710888782,503.826
756,18,36,1.5179438024645726,60.00327333026455,502.676
757,18,37,8.701362181820057,65.4854768562511,502.267
758,18,38,15.804673541268693,71.18284500147138,502.582
759,18,39,22.74970038934416,77.29197110080588,503.545
760,19,0,32.64714993069122,96.74820208369408,505.92
761,19,1,38.69009491206288,105.00924075274364,507.884
762,19,2,44.04882910842311,114.69846514705368,509.941
763,19,3,48.43652555576637,126.11684755240084,511.916
764,19,4,51.50443137997725,139.32833219979477,513.657
765,19,5,52.91461955677476,153.88797324594415,515.051
766,19,6,52.47704348759789,168.7700265416748,516.031
767,19,7,50.25558251665919,-177.2168258655812,516.585
768,19,8,46.53041100371257,-164.84218965567558,516.748
769,19,9,41.6593659744696,-154.2783595381454,516.606
770,19,10,35.96639988616939,-145.3165093093067,516.273
771,19,11,29.702242153053934,-137.61930958643086,515.889
772,19,12,23.04912905236835,-130.8561109117976,515.594
773,19,13,16.138540018088086,-124.7452499444139,515.519
774,19,14,9.068285066675019,-119.05434998833762,515.764
775,19,15,1.9157688110022,-113.58704993512004,516.394
776,19,16,-5.252010356144659,-108.16696697963476,517.424
777,19,17,-12.370260619968581,-102.6221306189592,518.817
778,19,18,-19.368652589803006,-96.76945080220199,520.491
779,19,19,-26.162467587390854,-90.39899483503363,522.32
780,19,20,-32.641398911410064,-83.258783378594,524.147
781,19,21,-38.65472136235139,-75.04564482619375,525.8
782,19,22,-43.99331333084925,-65.4197636062464,527.107
783,19,23,-48.37545000420812,-54.08125684814796,527.914
784,19,24,-51.45716305582617,-40.95870809393677,528.099
785,19,25,-52.901888084161854,-26.476589694867034,527.587
786,19,26,-52.51416215064233,-11.63636191629259,526.357
787,19,27,-50.34706265530775,2.3789077169214856,524.448
788,19,28,-46.67059380623792,14.786703854917285,521.956
789,19,29,-41.837026024970804,25.396233060636728,519.025
790,19,30,-36.16876473089852,34.40400777390731,515.84
791,19,31,-29.917031111883325,42.14214082047903,512.608
792,19,32,-23.26522257732921,48.940245176865645,509.541
793,19,33,-16.346143617910624,55.080667202977146,506.838
794,19,34,-9.258951504903218,60.79702327409007,504.669
795,19,35,-2.082340049385886,66.28714298932466,503.159
796,19,36,5.115272103395119,71.72882300296551,502.378
797,19,37,12.267578117307549,77.29561842182267,502.338
798,19,38,19.302502207691433,83.17245661767421,502.989
799,19,39,26.133300972087607,89.57161986992413,504.231
800,20,0,29.438292907673375,102.04477472841802,505.03
801,20,1,35.73921071890184,109.72206444986327,506.879
802,20,2,41.47112254584947,118.65389599729977,508.912
803,20,3,46.38486991778336,129.17878037618254,510.949
804,20,4,50.158231830419,141.5114792245843,512.823
805,20,5,52.433852786381316,155.49252128576353,514.402
806,20,6,52.929130293666454,170.3671023545422,515.595
807,20,7,51.57537996998075,-175.0519837477673,516.36
808,20,8,48.55873813058541,-161.8014987202126,516.711
809,20,9,44.21630534687182,-150.34150680244176,516.709
810,20,10,38.898169794938156,-140.6174347829863,516.455
811,20,11,32.892920627595785,-132.33145909327703,516.078
812,20,12,26.415114577242335,-125.13982997276554,515.722
813,20,13,19.619282966302038,-118.73466981442434,515.522
814,20,14,12.61818368023535,-112.86022901497148,515.596
815,20,15,5.497979982308805,-107.3040545402737,516.029
816,20,16,-1.670223830505359,-101.88177226387567,516.86
817,20,17,-8.821491548942241,-96.4211453054772,518.079
818,20,18,-15.889280802064933,-90.74656950151724,519.626
819,20,19,-22.7972726569133,-84.66354155500136,521.395
820,20,20,-29.44956954999307,-77.94283348719473,523.244
821,20,21,-35.71774684943507,-70.30716693855155,525.006
822,20,22,-41.42418890096772,-61.43053697998709,526.507
823,20,23,-46.32441591343957,-50.977499360983686,527.581
824,20,24,-50.101425147092,-38.73093602820497,528.09
825,20,25,-52.4014230482021,-24.836382944938293,527.932
826,20,26,-52.94001761520345,-10.023903663640674,527.061
827,20,27,-51.63983646517816,4.537661361420535,525.483
828,20,28,-48.6757461012569,17.80816610031936,523.267
829,20,29,-44.376797716894195,29.30963946446702,520.534
830,20,30,-39.08977709172452,39.080552921250415,517.452
831,20,31,-33.1029660200466,47.41028280278279,514.217
832,20,32,-26.63186550791081,54.63981264299868,511.041
833,20,33,-19.832280708021592,61.077047369682255,508.133
834,20,34,-12.818305661595787,66.97882941638268,505.678
835,20,35,-5.677405209823632,72.55897102487803,503.826
836,20,36,1.5179438024645726,78.00328066134935,502.676
837,20,37,8.701362181820057,83.4854841873359,502.267
838,20,38,15.804673541268693,89.18285233255618,502.582
839,20,39,22.74970038934416,95.29197843189068,503.545
840,21,0,32.64714993069122,114.74820258458972,505.92
841,21,1,38.69009491206288,123.0092344234501,507.884
842,21,2,44.04882910842311,132.69845881776016,509.941
843,21,3,48.43652555576637,144.11684122310731,511.916
844,21,4,51.50443137997725,157.32832587050123,513.657
845,21,5,52.91461955677476,171.8879669166506,515.051
846,21,6,52.47704348759789,-173.22997614515305,516.031
847,21,7,50.25558251665919,-159.21683219487474,516.585
848,21,8,46.53041100371257,-146.84219598496912,516.748
849,21,9,41.6593659744696,-136.27836586743894,516.606
850,21,10,35.96639988616939,-127.31651563860022,516.273
851,21,11,29.702242153053934,-119.61931591572439,515.889
852,21,12,23.04912905236835,-112.85611724109113,515.594
853,21,13,16.138540018088086,-106.74524944351826,515.519
854,21,14,9.068285066675019,-101.05436314782033,515.764
855,21,15,1.9157688110022,-95.58705626441358,516.394
856,21,16,-5.252010356144659,-90.1669733089283,517.424
857,21,17,-12.370260619968581,-84.62213694825273,518.817
858,21,18,-19.368652589803006,-78.76945713149553,520.491
859,21,19,-26.162467587390854,-72.39900116432717,522.32
860,21,20,-32.641398911410064,-65.25878970788754,524.147
861,21,21,-38.65472136235139,-57.045651155487285,525.8
862,21,22,-43.99331333084925,-47.41977335063452,527.107
863,21,23,-48.37545000420812,-36.08126317744149,527.914
864,21,24,-51.45716305582617,-22.9587161307776,528.099
865,21,25,-52.901888084161854,-8.476596877934217,527.587
866,21,26,-52.51416215064233,6.363631754413873,526.357
867,21,27,-50.34706265530775,20.378900747297713,524.448
868,21,28,-46.67059380623792,32.78669752562375,521.956
869,21,29,-41.837026024970804,43.39622843889048,519.025
870,21,30,-36.16876473089852,52.404001444613776,515.84
871,21,31,-29.917031111883325,60.142131076090905,512.608
872,21,32,-23.26522257732921,66.9402388475721,509.541
873,21,33,-16.346143617910624,73.08066087368361,506.838
874,21,34,-9.258951504903218,78.79701694479654,504.669
875,21,35,-2.082340049385886,84.28713666003112,503.159
876,21,36,5.115272103395119,89.72881667367199,502.378
877,21,37,12.267578117307549,95.29561209252914,502.338
878,21,38,19.302502207691433,101.17245028838067,502.989
879,21,39,26.133300972087607,107.5716135406306,504.231
880,22,0,29.438292907673375,120.0447683991245,505.03
881,22,1,35.73921071890184,127.72205129038056,506.879
882,22,2,41.47112254584947,136.65388966800623,508.912
883,22,3,46.38486991778336,147.178774046889,510.949
884,22,4,50.158231830419,159.51147289529075,512.823
885,22,5,52.433852786381316,173.49251495647002,514.402
886,22,6,52.929130293666454,-171.63290033228566,515.595
887,22,7,51.57537996998075,-157.05199007706085,516.36
888,22,8,48.55873813058541,-143.80150504950615,516.711
889,22,9,44.21630534687182,-132.34151313173527,516.709
890,22,10,38.898169794938156,-122.61744111227983,516.455
891,22,11,32.892920627595785,-114.33146542257056,516.078
892,22,12,26.415114577242335,-107.1398294718699,515.722
893,22,13,19.619282966302038,-100.73467614371788,515.522
894,22,14,12.61818368023535,-94.860235344265,515.596
895,22,15,5.497979982308805,-89.30406086956722,516.029
896,22,16,-1.670223830505359,-83.8817785931692,516.86
897,22,17,-8.821491548942241,-78.42115163477074,518.079
898,22,18,-15.889280802064933,-72.74657583081078,519.626
899,22,19,-22.7972726569133,-66.66354788429489,521.395
900,22,20,-29.44956954999307,-59.942839816488274,523.244
901,22,21,-35.71774684943507,-52.30717326784509,525.006
902,22,22,-41.42418890096772,-43.43054672437521,526.507
903,22,23,-46.32441591343957,-32.977505690277226,527.581
904,22,24,-50.101425147092,-20.730942357498513,528.09
905,22,25,-52.4014230482021,-6.836390128005476,527.932
906,22,26,-52.94001761520345,7.97609000706579,527.061
907,22,27,-51.63983646517816,22.537655459013823,525.483
908,22,28,-48.6757461012569,35.80816147857312,523.267
909,22,29,-44.376797716894195,47.30963313517348,520.534
910,22,30,-39.08977709172452,57.08054659195688,517.452
911,22,31,-33.1029660200466,65.41027647348925,514.217
912,22,32,-26.63186550791081,72.63980631370514,511.041
913,22,33,-19.832280708021592,79.07704104038872,508.133
914,22,34,-12.818305661595787,84.97882308708914,505.678
915,22,35,-5.677405209823632,90.5589646955845,503.826
916,22,36,1.5179438024645726,96.00327433205581,502.676
917,22,37,8.701362181820057,101.48547785804236,502.267
918,22,38,15.804673541268693,107.18284600326264,502.582
919,22,39,22.74970038934416,113.29197210259714,503.545
920,23,0,32.64714993069122,132.74820991567452,505.92
921,23,1,38.69009491206288,141.0092417545349,507.884
922,23,2,44.04882910842311,150.69846614884494,509.941
923,23,3,48.43652555576637,162.1168485541921,511.916
924,23,4,51.50443137997725,175.32833320158602,513.657
925,23,5,52.91461955677476,-170.11202210979891,515.051
926,23,6,52.47704348759789,-155.22996881406826,516.031
927,23,7,50.25558251665919,-141.21682486378992,516.585
928,23,8,46.53041100371257,-128.8421886538843,516.748
929,23,9,41.6593659744696,-118.27835853635413,516.606
930,23,10,35.96639988616939,-109.31650830751542,516.273
931,23,11,29.702242153053934,-101.61931541482876,515.889
932,23,12,23.04912905236835,-94.85610991000632,515.594
933,23,13,16.138540018088086,-88.74524211243346,515.519
934,23,14,9.068285066675019,-83.05435581673552,515.764
935,23,15,1.9157688110022,-77.58704893332877,516.394
936,23,16,-5.252010356144659,-72.16696597784349,517.424
937,23,17,-12.370260619968581,-66.62212961716793,518.817
938,23,18,-19.368652589803006,-60.769449800410726,520.491
939,23,19,-26.162467587390854,-54.398993833242365,522.32
940,23,20,-32.641398911410064,-47.25877896170815,524.147
941,23,21,-38.65472136235139,-39.04564382440248,525.8
942,23,22,-43.99331333084925,-29.419766019549716,527.107
943,23,23,-48.37545000420812,-18.08125584635669,527.914
944,23,24,-51.45716305582617,-4.958708799692794,528.099
945,23,25,-52.901888084161854,9.523410453150587,527.587
946,23,26,-52.51416215064233,24.36363823172503,526.357
947,23,27,-50.34706265530775,38.378908078382516,524.448
948,23,28,-46.67059380623792,50.78670485670855,521.956
949,23,29,-41.837026024970804,61.396235769975284,519.025
950,23,30,-36.16876473089852,70.40401219079317,515.84
951,23,31,-29.917031111883325,78.14213840717571,512.608
952,23,32,-23.26522257732921,84.9402461786569,509.541
953,23,33,-16.346143617910624,91.08066820476841,506.838
954,23,34,-9.258951504903218,96.79702427588134,504.669
955,23,35,-2.082340049385886,102.28714399111593,503.159
956,23,36,5.115272103395119,107.72882400475679,502.378
957,23,37,12.267578117307549,113.29561942361394,502.338
958,23,38,19.302502207691433,119.17245761946548,502.989
959,23,39,26.133300972087607,125.57162087171541,504.231
960,24,0,29.438292907673375,138.0447757302093,505.03
961,24,1,35.73921071890184,145.72205862146535,506.879
962,24,2,41.47112254584947,154.65389699909105,508.912
963,24,3,46.38486991778336,165.1787813779738,510.949
964,24,4,50.158231830419,177.51148022637554,512.823
965,24,5,52.433852786381316,-168.5074740699795,514.402
966,24,6,52.929130293666454,-153.63289300120084,515.595
967,24,7,51.57537996998075,-139.05198274597606,516.36
968,24,8,48.55873813058541,-125.80149771842136,516.711
969,24,9,44.21630534687182,-114.3414989704613,516.709
970,24,10,38.898169794938156,-104.61743378119503,516.455
971,24,11,32.892920627595785,-96.33145809148576,516.078
972,24,12,26.415114577242335,-89.1398221407851,515.722
973,24,13,19.619282966302038,-82.73466881263307,515.522
974,24,14,12.61818368023535,-76.8602280131802,515.596
975,24,15,5.497979982308805,-71.30405353848242,516.029
976,24,16,-1.670223830505359,-65.8817712620844,516.86
977,24,17,-8.821491548942241,-60.42114430368593,518.079
978,24,18,-15.889280802064933,-54.746568499725974,519.626
979,24,19,-22.7972726569133,-48.66354055321009,521.395
980,24,20,-29.44956954999307,-41.94283248540347,523.244
981,24,21,-35.71774684943507,-34.307165936760285,525.006
982,24,22,-41.42418890096772,-25.43053939329041,526.507
983,24,23,-46.32441591343957,-14.97749835919242,527.581
984,24,24,-50.101425147092,-2.7309354533005314,528.09
985,24,25,-52.4014230482021,11.163617203079328,527.932
986,24,26,-52.94001761520345,25.976097338150595,527.061
987,24,27,-51.63983646517816,40.53766108255133,525.483
988,24,28,-48.6757461012569,53.80816880965792,523.267
989,24,29,-44.376797716894195,65.30964046625829,520.534
990,24,30,-39.08977709172452,75.08055392304169,517.452
991,24,31,-33.1029660200466,83.41028380457405,514.217
992,24,32,-26.63186550791081,90.63981364478994,511.041
993,24,33,-19.832280708021592,97.07704837147352,508.133
994,24,34,-12.818305661595787,102.97883041817394,505.678
995,24,35,-5.677405209823632,108.55897202666931,503.826
996,24,36,1.5179438024645726,114.00328166314061,502.676
997,24,37,8.701362181820057,119.48548518912716,502.267
998,24,38,15.804673541268693,125.18284650415828,502.582
999,24,39,22.74970038934416,131.29197260349278,503.545
1000,25,0,32.64714993069122,150.74820358638098,505.92
1001,25,1,38.69009491206288,159.00923542524137,507.884
1002,25,2,44.04882910842311,168.6984598195514,509.941
1003,25,3,48.43652555576637,-179.8831677930141,511.916
1004,25,4,51.50443137997725,-166.67166948524184,513.657
1005,25,5,52.91461955677476,-152.11202843909246,515.051
1006,25,6,52.47704348759789,-137.2299751433618,516.031
1007,25,7,50.25558251665919,-123.21683119308346,516.585
1008,25,8,46.53041100371257,-110.84220181336701,516.748
1009,25,9,41.6593659744696,-100.27837169583684,516.606
1010,25,10,35.96639988616939,-91.31651463680896,516.273
1011,25,11,29.702242153053934,-83.61932174412229,515.889
1012,25,12,23.04912905236835,-76.85611623929987,515.594
1013,25,13,16.138540018088086,-70.745248441727,515.519
1014,25,14,9.068285066675019,-65.05436214602906,515.764
1015,25,15,1.9157688110022,-59.58705526262231,516.394
1016,25,16,-5.252010356144659,-54.16697572223162,517.424
1017,25,17,-12.370260619968581,-48.62213936155606,518.817
1018,25,18,-19.368652589803006,-42.76945271460968,520.491
1019,25,19,-26.162467587390854,-36.3990001625359,522.32
1020,25,20,-32.641398911410064,-29.258785291001686,524.147
1021,25,21,-38.65472136235139,-21.04565015369602,525.8
1022,25,22,-43.99331333084925,-11.419771495069607,527.107
1023,25,23,-48.37545000420812,-0.08126189550574903,527.914
1024,25,24,-51.45716305582617,13.04128487101367,528.099
1025,25,25,-52.901888084161854,27.523404977630697,527.587
1026,25,26,-52.51416215064233,42.363633609978784,526.357
1027,25,27,-50.34706265530775,56.37890174908898,524.448
1028,25,28,-46.67059380623792,68.78669852741501,521.956
1029,25,29,-41.837026024970804,79.39622944068175,519.025
1030,25,30,-36.16876473089852,88.40400586149963,515.84
1031,25,31,-29.917031111883325,96.14213207788217,512.608
1032,25,32,-23.26522257732921,102.94023984936338,509.541
1033,25,33,-16.346143617910624,109.08066187547487,506.838
1034,25,34,-9.258951504903218,114.79701111639864,504.669
1035,25,35,-2.082340049385886,120.28714449201156,503.159
1036,25,36,5.115272103395119,125.72882450565241,502.378
1037,25,37,12.267578117307549,131.29561992450957,502.338
1038,25,38,19.302502207691433,137.17245129017195,502.989
1039,25,39,26.133300972087607,143.57161454242186,504.231
1040,26,0,29.438292907673375,156.04478306129408,505.03
1041,26,1,35.73921071890184,163.72206595255017,506.879
1042,26,2,41.47112254584947,172.65390433017583,508.912
1043,26,3,46.38486991778336,-176.8212076484757,510.949
1044,26,4,50.158231830419,-164.488508800074,512.823
1045,26,5,52.433852786381316,-150.50746673889472,514.402
1046,26,6,52.929130293666454,-135.63288567011605,515.595
1047,26,7,51.57537996998075,-121.05197541489125,516.36
1048,26,8,48.55873813058541,-107.80148355714738,516.711
1049,26,9,44.21630534687182,-96.3414916393765,516.709
1050,26,10,38.898169794938156,-86.61742645011022,516.455
1051,26,11,32.892920627595785,-78.33145076040095,516.078
1052,26,12,26.415114577242335,-71.1398148097003,515.722
1053,26,13,19.619282966302038,-64.73466148154827,515.522
1054,26,14,12.61818368023535,-58.8602206820954,515.596
1055,26,15,5.497979982308805,-53.30404962249221,516.029
1056,26,16,-1.670223830505359,-47.881767346094186,516.86
1057,26,17,-8.821491548942241,-42.421136972601126,518.079
1058,26,18,-15.889280802064933,-36.74656116864117,519.626
1059,26,19,-22.7972726569133,-30.663533222125285,521.395
1060,26,20,-29.44956954999307,-23.94282686186596,523.244
1061,26,21,-35.71774684943507,-16.307160313222777,525.006
1062,26,22,-41.42418890096772,-7.430532062205606,526.507
1063,26,23,-46.32441591343957,3.0225085450055595,527.581
1064,26,24,-50.101425147092,15.269072304671095,528.09
1065,26,25,-52.4014230482021,29.163623680390483,527.932
1066,26,26,-52.94001761520345,43.9761046692354,527.061
1067,26,27,-51.63983646517816,58.53767182873072,525.483
1068,26,28,-48.6757461012569,71.80817614074273,523.267
1069,26,29,-44.376797716894195,83.30964779734309,520.534
1070,26,30,-39.08977709172452,93.0805612541265,517.452
1071,26,31,-33.1029660200466,101.41029113565885,514.217
1072,26,32,-26.63186550791081,108.63982097587474,511.041
1073,26,33,-19.832280708021592,115.07706253274749,508.133
1074,26,34,-12.818305661595787,120.97883774925874,505.678
1075,26,35,-5.677405209823632,126.55897935775411,503.826
1076,26,36,1.5179438024645726,132.00328216403625,502.676
1077,26,37,8.701362181820057,137.48549252021198,502.267
1078,26,38,15.804673541268693,143.1828538352431,502.582
1079,26,39,22.74970038934416,149.2919799345776,503.545
1080,27,0,32.64714993069122,168.74819725708744,505.92
1081,27,1,38.69009491206288,177.00922909594783,507.884
1082,27,2,44.04882910842311,-173.30155652765478,509.941
1083,27,3,48.43652555576637,-161.88317412230762,511.916
1084,27,4,51.50443137997725,-148.67167581453538,513.657
1085,27,5,52.91461955677476,-134.112034768386,515.051
1086,27,6,52.47704348759789,-119.22998147265533,516.031
1087,27,7,50.25558251665919,-105.216837522377,516.585
1088,27,8,46.53041100371257,-92.84220814266055,516.748
1089,27,9,41.6593659744696,-82.27837802513037,516.606
1090,27,10,35.96639988616939,-73.31652096610249,516.273
1091,27,11,29.702242153053934,-65.61932807341583,515.889
1092,27,12,23.04912905236835,-58.8561225685934,515.594
1093,27,13,16.138540018088086,-52.74525477102054,515.519
1094,27,14,9.068285066675019,-47.05436847532259,515.764
1095,27,15,1.9157688110022,-41.58706159191585,516.394
1096,27,16,-5.252010356144659,-36.16698205152515,517.424
1097,27,17,-12.370260619968581,-30.622145690849592,518.817
1098,27,18,-19.368652589803006,-24.769459043903215,520.491
1099,27,19,-26.162467587390854,-18.39900649182944,522.32
1100,27,20,-32.641398911410064,-11.258793327842517,524.147
1101,27,21,-38.65472136235139,-3.045656909876379,525.8
1102,27,22,-43.99331333084925,6.5802217487500325,527.107
1103,27,23,-48.37545000420812,17.918731495056235,527.914
1104,27,24,-51.45716305582617,31.041280249267423,528.099
1105,27,25,-52.901888084161854,45.523398648337164,527.587
1106,27,26,-52.51416215064233,60.36362728068525,526.357
1107,27,27,-50.34706265530775,74.37889541979544,524.448
1108,27,28,-46.67059380623792,86.78669219812147,521.956
1109,27,29,-41.837026024970804,97.39622311138821,519.025
1110,27,30,-36.16876473089852,106.40399953220609,515.84
1111,27,31,-29.917031111883325,114.14212574858864,512.608
1112,27,32,-23.26522257732921,120.94023352006984,509.541
1113,27,33,-16.346143617910624,127.08065554618135,506.838
1114,27,34,-9.258951504903218,132.7970047871051,504.669
1115,27,35,-2.082340049385886,138.287138162718,503.159
1116,27,36,5.115272103395119,143.72881817635889,502.378
1117,27,37,12.267578117307549,149.29561359521603,502.338
1118,27,38,19.302502207691433,155.1724449608784,502.989
1119,27,39,26.133300972087607,161.57160821312834,504.231
1120,28,0,29.438292907673375,174.0447630716222,505.03
1121,28,1,35.73921071890184,-178.27795039465605,506.879
1122,28,2,41.47112254584947,-169.34611201703038,508.912
1123,28,3,46.38486991778336,-158.8212276381476,510.949
1124,28,4,50.158231830419,-146.48852878974586,512.823
1125,28,5,52.433852786381316,-132.5074867285666,514.402
1126,28,6,52.929130293666454,-117.63290565978792,515.595
1127,28,7,51.57537996998075,-103.05199540456313,516.36
1128,28,8,48.55873813058541,-89.80150354681926,516.711
1129,28,9,44.21630534687182,-78.34151162904838,516.709
1130,28,10,38.898169794938156,-68.6174464397821,516.455
1131,28,11,32.892920627595785,-60.33147075007283,516.078
1132,28,12,26.415114577242335,-53.139834799372174,515.722
1133,28,13,19.619282966302038,-46.73468488631473,515.522
1134,28,14,12.61818368023535,-40.86024067176728,515.596
1135,28,15,5.497979982308805,-35.304069612164085,516.029
1136,28,16,-1.670223830505359,-29.88178733576606,516.86
1137,28,17,-8.821491548942241,-24.421158669820294,518.079
1138,28,18,-15.889280802064933,-18.74658286586034,519.626
1139,28,19,-22.7972726569133,-12.663553211797161,521.395
1140,28,20,-29.44956954999307,-5.942846851537837,523.244
1141,28,21,-35.71774684943507,1.692820123992171,525.006
1142,28,22,-41.42418890096772,10.569447948122516,526.507
1143,28,23,-46.32441591343957,21.022488982220505,527.581
1144,28,24,-50.101425147092,33.26905231499922,528.09
1145,28,25,-52.4014230482021,47.16360369071861,527.932
1146,28,26,-52.94001761520345,61.97608467956352,527.061
1147,28,27,-51.63983646517816,76.53765183905884,525.483
1148,28,28,-48.6757461012569,89.80815615107085,523.267
1149,28,29,-44.376797716894195,101.3096278076712,520.534
1150,28,30,-39.08977709172452,111.08054126445461,517.452
1151,28,31,-33.1029660200466,119.41027114598698,514.217
1152,28,32,-26.63186550791081,126.63979415601369,511.041
1153,28,33,-19.832280708021592,133.0770425430756,508.133
1154,28,34,-12.818305661595787,138.97881775958686,505.678
1155,28,35,-5.677405209823632,144.55895936808224,503.826
1156,28,36,1.5179438024645726,150.00326217436438,502.676
1157,28,37,8.701362181820057,155.48547253054008,502.267
1158,28,38,15.804673541268693,161.1828338455712,502.582
1159,28,39,22.74970038934416,167.2919599449057,503.545
1160,29,0,32.64714993069122,-173.25180542974041,505.92
1161,29,1,38.69009491206288,-164.9907599305017,507.884
1162,29,2,44.04882910842311,-155.30154919657,509.941
1163,29,3,48.43652555576637,-143.88316679122283,511.916
1164,29,4,51.50443137997725,-130.67166848345056,513.657
1165,29,5,52.91461955677476,-116.11202743730118,515.051
1166,29,6,52.47704348759789,-101.22997414157052,516.031
1167,29,7,50.25558251665919,-87.2168301912922,516.585
1168,29,8,46.53041100371257,-74.84220081157575,516.748
1169,29,9,41.6593659744696,-64.27837069404556,516.606
1170,29,10,35.96639988616939,-55.316517050112274,516.273
1171,29,11,29.702242153053934,-47.61932074233103,515.889
1172,29,12,23.04912905236835,-40.85611523750859,515.594
1173,29,13,16.138540018088086,-34.74524743993573,515.519
1174,29,14,9.068285066675019,-29.05436114423779,515.764
1175,29,15,1.9157688110022,-23.587055968378337,516.394
1176,29,16,-5.252010356144659,-18.16697472044035,517.424
1177,29,17,-12.370260619968581,-12.622136652217495,518.817
1178,29,18,-19.368652589803006,-6.769452139705236,520.491
1179,29,19,-26.162467587390854,-0.39899892062079684,522.32
1180,29,20,-32.641398911410064,6.74121443012911,524.147
1181,29,21,-38.65472136235139,14.954350848095247,525.8
1182,29,22,-43.99331333084925,24.580228652948012,527.107
1183,29,23,-48.37545000420812,35.91873882614104,527.914
1184,29,24,-51.45716305582617,49.041287580352225,528.099
1185,29,25,-52.901888084161854,63.52340256432738,527.587
1186,29,26,-52.51416215064233,78.36363461177005,526.357
1187,29,27,-50.34706265530775,92.37890275088024,524.448
1188,29,28,-46.67059380623792,104.78669952920629,521.956
1189,29,29,-41.837026024970804,115.39622361228385,519.025
1190,29,30,-36.16876473089852,124.40400003310172,515.84
1191,29,31,-29.917031111883325,132.1421399098626,512.608
1192,29,32,-23.26522257732921,138.94024085115464,509.541
1193,29,33,-16.346143617910624,145.08066287726615,506.838
1194,29,34,-9.258951504903218,150.79701211818988,504.669
1195,29,35,-2.082340049385886,156.28714549380283,503.159
1196,29,36,5.115272103395119,161.72882550744367,502.378
1197,29,37,12.267578117307549,167.29562092630084,502.338
1198,29,38,19.302502207691433,173.1724522919632,502.989
1199,29,39,26.133300972087607,179.57161554421313,504.231
1200,30,0,29.438292907673375,-167.9552259548273,505.03
1201,30,1,35.73921071890184,-160.27794306357123,506.879
1202,30,2,41.47112254584947,-151.34610468594556,508.912
1203,30,3,46.38486991778336,-140.8212203070628,510.949
1204,30,4,50.158231830419,-128.48852145866104,512.823
1205,30,5,52.433852786381316,-114.50747939748179,514.402
1206,30,6,52.929130293666454,-99.63289832870312,515.595
1207,30,7,51.57537996998075,-85.05198807347831,516.36
1208,30,8,48.55873813058541,-71.80149621573446,516.711
1209,30,9,44.21630534687182,-60.34150429796358,516.709
1210,30,10,38.898169794938156,-50.6174391086973,516.455
1211,30,11,32.892920627595785,-42.33146000389344,516.078
1212,30,12,26.415114577242335,-35.13982746828737,515.722
1213,30,13,19.619282966302038,-28.73467755522993,515.522
1214,30,14,12.61818368023535,-22.860235048229768,515.596
1215,30,15,5.497979982308805,-17.30406228107928,516.029
1216,30,16,-1.670223830505359,-11.88177915090761,516.86
1217,30,17,-8.821491548942241,-6.4211513387354895,518.079
1218,30,18,-15.889280802064933,-0.7465750011670074,519.626
1219,30,19,-22.7972726569133,5.336453692400819,521.395
1220,30,20,-29.44956954999307,12.057160479546967,523.244
1221,30,21,-35.71774684943507,19.692827028190152,525.006
1222,30,22,-41.42418890096772,28.56945527920732,526.507
1223,30,23,-46.32441591343957,39.02249631330531,527.581
1224,30,24,-50.101425147092,51.269059646084024,528.09
1225,30,25,-52.4014230482021,65.1636110218034,527.932
1226,30,26,-52.94001761520345,79.97609201064833,527.061
1227,30,27,-51.63983646517816,94.53765917014364,525.483
1228,30,28,-48.6757461012569,107.80816348215565,523.267
1229,30,29,-44.376797716894195,119.30963513875601,520.534
1230,30,30,-39.08977709172452,129.08054859553943,517.452
1231,30,31,-33.1029660200466,137.41027847707178,514.217
1232,30,32,-26.63186550791081,144.6398014870985,511.041
1233,30,33,-19.832280708021592,151.07704987416042,508.133
1234,30,34,-12.818305661595787,156.97882509067168,505.678
1235,30,35,-5.677405209823632,162.55896669916703,503.826
1236,30,36,1.5179438024645726,168.00326950544917,502.676
1237,30,37,8.701362181820057,173.4854798616249,502.267
1238,30,38,15.804673541268693,179.182841176656,502.582
1239,30,39,22.74970038934416,-174.70802908154383,503.545
1240,31,0,32.64714993069122,-155.2517980986556,505.92
1241,31,1,38.69009491206288,-146.99075259941688,507.884
1242,31,2,44.04882910842311,-137.30154186548518,509.941
1243,31,3,48.43652555576637,-125.88315946013803,511.916
1244,31,4,51.50443137997725,-112.67166798255494,513.657
1245,31,5,52.91461955677476,-98.11202010621638,515.051
1246,31,6,52.47704348759789,-83.22996681048572,516.031
1247,31,7,50.25558251665919,-69.2168228602074,516.585
1248,31,8,46.53041100371257,-56.84219348049095,516.748
1249,31,9,41.6593659744696,-46.27835994786618,516.606
1250,31,10,35.96639988616939,-37.31650971902747,516.273
1251,31,11,29.702242153053934,-29.619313411246225,515.889
1252,31,12,23.04912905236835,-22.856106198876496,515.594
1253,31,13,16.138540018088086,-16.745241816398224,515.519
1254,31,14,9.068285066675019,-11.05435295937934,515.764
1255,31,15,1.9157688110022,-5.587048210406709,516.394
1256,31,16,-5.252010356144659,-0.16696698914915004,517.424
1257,31,17,-12.370260619968581,5.377870251980484,518.817
1258,31,18,-19.368652589803006,11.230554764492744,520.491
1259,31,19,-26.162467587390854,17.60100817034017,522.32
1260,31,20,-32.641398911410064,24.74122133432709,524.147
1261,31,21,-38.65472136235139,32.95435817918005,525.8
1262,31,22,-43.99331333084925,42.58023598403282,527.107
1263,31,23,-48.37545000420812,53.91874615722584,527.914
1264,31,24,-51.45716305582617,67.04129149634245,528.099
1265,31,25,-52.901888084161854,81.52340989541219,527.587
1266,31,26,-52.51416215064233,96.36364194285485,526.357
1267,31,27,-50.34706265530775,110.37891008196505,524.448
1268,31,28,-46.67059380623792,122.78670686029109,521.956
1269,31,29,-41.837026024970804,133.39623094336866,519.025
1270,31,30,-36.16876473089852,142.40400736418653,515.84
1271,31,31,-29.917031111883325,150.14214724094742,512.608
1272,31,32,-23.26522257732921,156.94024818223946,509.541
1273,31,33,-16.346143617910624,163.08067020835094,506.838
1274,31,34,-9.258951504903218,168.7970194492747,504.669
1275,31,35,-2.082340049385886,174.28715282488764,503.159
1276,31,36,5.115272103395119,179.7288328385285,502.378
1277,31,37,12.267578117307549,-174.704381760527,502.338
1278,31,38,19.302502207691433,-168.82753673448633,502.989
1279,31,39,26.133300972087607,-162.4283734822364,504.231
1280,32,0,29.438292907673375,-149.9552186237425,505.03
1281,32,1,35.73921071890184,-142.27793573248644,506.879
1282,32,2,41.47112254584947,-133.34609735486075,508.912
1283,32,3,46.38486991778336,-122.82121297597799,510.949
1284,32,4,50.158231830419,-110.48852095776542,512.823
1285,32,5,52.433852786381316,-96.50747206639699,514.402
1286,32,6,52.929130293666454,-81.63289099761832,515.595
1287,32,7,51.57537996998075,-67.05198074239351,516.36
1288,32,8,48.55873813058541,-53.80148888464965,516.711
1289,32,9,44.21630534687182,-42.34150038197336,516.709
1290,32,10,38.898169794938156,-32.617431777612495,516.455
1291,32,11,32.892920627595785,-24.331452672808638,516.078
1292,32,12,26.415114577242335,-17.13982184474986,515.722
1293,32,13,19.619282966302038,-10.73466937037148,515.522
1294,32,14,12.61818368023535,-4.860227717144966,515.596
1295,32,15,5.497979982308805,0.6959452100880829,516.029
1296,32,16,-1.670223830505359,6.11822775329037,516.86
1297,32,17,-8.821491548942241,11.578855992349313,518.079
1298,32,18,-15.889280802064933,17.25343179630927,519.626
1299,32,19,-22.7972726569133,23.336461450372447,521.395
1300,32,20,-29.44956954999307,30.057169518179062,523.244
1301,32,21,-35.71774684943507,37.692836066822245,525.006
1302,32,22,-41.42418890096772,46.56946261029212,526.507
1303,32,23,-46.32441591343957,57.02250364439011,527.581
1304,32,24,-50.101425147092,69.26906697716882,528.09
1305,32,25,-52.4014230482021,83.16361835288822,527.932
1306,32,26,-52.94001761520345,97.97609934173313,527.061
1307,32,27,-51.63983646517816,112.53766650122846,525.483
1308,32,28,-48.6757461012569,125.80816398305129,523.267
1309,32,29,-44.376797716894195,137.3096424698408,520.534
1310,32,30,-39.08977709172452,147.0805559266242,517.452
1311,32,31,-33.1029660200466,155.4102858081566,514.217
1312,32,32,-26.63186550791081,162.6398088181833,511.041
1313,32,33,-19.832280708021592,169.0770572052452,508.133
1314,32,34,-12.818305661595787,174.9788324217565,505.678
1315,32,35,-5.677405209823632,-179.4410223272825,503.826
1316,32,36,1.5179438024645726,-173.99671952100036,502.676
1317,32,37,8.701362181820057,-168.51450916482463,502.267
1318,32,38,15.804673541268693,-162.8171478497935,502.582
1319,32,39,22.74970038934416,-156.708021750459,503.545
1320,33,0,32.64714993069122,-137.2517907675708,505.92
1321,33,1,38.69009491206288,-128.9907452683321,507.884
1322,33,2,44.04882910842311,-119.30153453440037,509.941
1323,33,3,48.43652555576637,-107.88314529886405,511.916
1324,33,4,51.50443137997725,-94.67166065147013,513.657
1325,33,5,52.91461955677476,-80.11201277513157,515.051
1326,33,6,52.47704348759789,-65.22995947940092,516.031
1327,33,7,50.25558251665919,-51.21681552912259,516.585
1328,33,8,46.53041100371257,-38.842186149406146,516.748
1329,33,9,41.6593659744696,-28.278352616781376,516.606
1330,33,10,35.96639988616939,-19.316500680395375,516.273
1331,33,11,29.702242153053934,-11.619305226387775,515.889
1332,33,12,23.04912905236835,-4.856099294678517,515.594
1333,33,13,16.138540018088086,1.2547659415734032,515.519
1334,33,14,9.068285066675019,6.945654371705463,515.764
1335,33,15,1.9157688110022,12.412959547564917,516.394
1336,33,16,-5.252010356144659,17.833039941729258,517.424
1337,33,17,-12.370260619968581,23.37787800995211,518.817
1338,33,18,-19.368652589803006,29.230562949351196,520.491
1339,33,19,-26.162467587390854,35.601015501424975,522.32
1340,33,20,-32.641398911410064,42.74123037295919,524.147
1341,33,21,-38.65472136235139,50.95436551026486,525.8
1342,33,22,-43.99331333084925,60.5802467302122,527.107
1343,33,23,-48.37545000420812,71.91875690340524,527.914
1344,33,24,-51.45716305582617,85.04129882742725,528.099
1345,33,25,-52.901888084161854,99.52341722649699,527.587
1346,33,26,-52.51416215064233,114.36364927393966,526.357
1347,33,27,-50.34706265530775,128.37892424323903,524.448
1348,33,28,-46.67059380623792,140.7867141913759,521.956
1349,33,29,-41.837026024970804,151.39623827445345,519.025
1350,33,30,-36.16876473089852,160.40401469527134,515.84
1351,33,31,-29.917031111883325,168.1421545720322,512.608
1352,33,32,-23.26522257732921,174.94025551332425,509.541
1353,33,33,-16.346143617910624,-178.9193188180986,506.838
1354,33,34,-9.258951504903218,-173.20296957717483,504.669
1355,33,35,-2.082340049385886,-167.71284986194024,503.159
1356,33,36,5.115272103395119,-162.27116984829937,502.378
1357,33,37,12.267578117307549,-156.70437442944223,502.338
1358,33,38,19.302502207691433,-150.8275294034015,502.989
1359,33,39,26.133300972087607,-144.42836615115158,504.231
1360,34,0,29.438292907673375,-131.9552386134144,505.03
1361,34,1,35.73921071890184,-124.27795572215831,506.879
1362,34,2,41.47112254584947,-115.34611734453263,508.912
1363,34,3,46.38486991778336,-104.82123296564987,510.949
1364,34,4,50.158231830419,-92.48854094743729,512.823
1365,34,5,52.433852786381316,-78.50749205606886,514.402
1366,34,6,52.929130293666454,-63.632910987290195,515.595
1367,34,7,51.57537996998075,-49.051997316970805,516.36
1368,34,8,48.55873813058541,-35.80150887432153,516.711
1369,34,9,44.21630534687182,-24.341520371645238,516.709
1370,34,10,38.898169794938156,-14.617451767284368,516.455
1371,34,11,32.892920627595785,-6.331472662480515,516.078
1372,34,12,26.415114577242335,0.8601588592693509,515.722
1373,34,13,19.619282966302038,7.2653106399566445,515.522
1374,34,14,12.61818368023535,13.139752293183157,515.596
1375,34,15,5.497979982308805,18.695925060333646,516.029
1376,34,16,-1.670223830505359,24.118207336731672,516.86
1377,34,17,-8.821491548942241,29.57883771022473,518.079
1378,34,18,-15.889280802064933,35.253413514184686,519.626
1379,34,19,-22.7972726569133,41.33644146070057,521.395
1380,34,20,-29.44956954999307,48.05714952850719,523.244
1381,34,21,-35.71774684943507,55.69281607715037,525.006
1382,34,22,-41.42418890096772,64.56944603571483,526.507
1383,34,23,-46.32441591343957,75.02248365471823,527.581
1384,34,24,-50.101425147092,87.26904698749695,528.09
1385,34,25,-52.4014230482021,101.16359836321634,527.932
1386,34,26,-52.94001761520345,115.97607935206125,527.061
1387,34,27,-51.63983646517816,130.53764651155657,525.483
1388,34,28,-48.6757461012569,143.80814399337942,523.267
1389,34,29,-44.376797716894195,155.30962248016894,520.534
1390,34,30,-39.08977709172452,165.08053593695234,517.452
1391,34,31,-33.1029660200466,173.4102658184847,514.217
1392,34,32,-26.63186550791081,-179.3602075290229,511.041
1393,34,33,-19.832280708021592,-172.92297280233933,508.133
1394,34,34,-12.818305661595787,-167.02118392544972,505.678
1395,34,35,-5.677405209823632,-161.44104231695437,503.826
1396,34,36,1.5179438024645726,-155.99673951067223,502.676
1397,34,37,8.701362181820057,-150.5145291544965,502.267
1398,34,38,15.804673541268693,-144.81716783946538,502.582
1399,34,39,22.74970038934416,-138.70804174013088,503.545
1400,35,0,32.64714993069122,-119.25181075724268,505.92
1401,35,1,38.69009491206288,-110.99076525800396,507.884
1402,35,2,44.04882910842311,-101.30154769388308,509.941
1403,35,3,48.43652555576637,-89.88316528853593,511.916
1404,35,4,51.50443137997725,-76.671680641142,513.657
1405,35,5,52.91461955677476,-62.11203276480345,515.051
1406,35,6,52.47704348759789,-47.22998288416738,516.031
1407,35,7,50.25558251665919,-33.21683551879447,516.585
1408,35,8,46.53041100371257,-20.84220613907802,516.748
1409,35,9,41.6593659744696,-10.2783734602269,516.606
1410,35,10,35.96639988616939,-1.3165212036757792,516.273
1411,35,11,29.702242153053934,6.380675210827171,515.889
1412,35,12,23.04912905236835,13.143880288762784,515.594
1413,35,13,16.138540018088086,19.2547455250147,515.519
1414,35,14,9.068285066675019,24.94563523580723,515.764
1415,35,15,1.9157688110022,30.412940411666685,516.394
1416,35,16,-5.252010356144659,35.83301995205738,517.424
1417,35,17,-12.370260619968581,41.377856312732945,518.817
1418,35,18,-19.368652589803006,47.23054295967932,520.491
1419,35,19,-26.162467587390854,53.6009955117531,522.32
1420,35,20,-32.641398911410064,60.74120696819273,524.147
1421,35,21,-38.65472136235139,68.95434552059298,525.8
1422,35,22,-43.99331333084925,78.58022674054033,527.107
1423,35,23,-48.37545000420812,89.91873691373335,527.914
1424,35,24,-51.45716305582617,103.04127883775537,528.099
1425,35,25,-52.901888084161854,117.52340406701428,527.587
1426,35,26,-52.51416215064233,132.36362928426777,526.357
1427,35,27,-50.34706265530775,146.37890425356716,524.448
1428,35,28,-46.67059380623792,158.78669420170402,521.956
1429,35,29,-41.837026024970804,169.39621828478158,519.025
1430,35,30,-36.16876473089852,178.40399470559944,515.84
1431,35,31,-29.917031111883325,-173.85787543555233,512.608
1432,35,32,-23.26522257732921,-167.05976083388197,509.541
1433,35,33,-16.346143617910624,-160.91933880777046,506.838
1434,35,34,-9.258951504903218,-155.2029895668467,504.669
1435,35,35,-2.082340049385886,-149.7128698516121,503.159
1436,35,36,5.115272103395119,-144.27118983797126,502.378
1437,35,37,12.267578117307549,-138.7043944191141,502.338
1438,35,38,19.302502207691433,-132.82754939307338,502.989
1439,35,39,26.133300972087607,-126.42838614082346,504.231
1440,36,0,29.438292907673375,-113.95523811251874,505.03
1441,36,1,35.73921071890184,-106.27794839107351,506.879
1442,36,2,41.47112254584947,-97.34611001344783,508.912
1443,36,3,46.38486991778336,-86.82122563456507,510.949
1444,36,4,50.158231830419,-74.48853361635248,512.823
1445,36,5,52.433852786381316,-60.50748472498406,514.402
1446,36,6,52.929130293666454,-45.632900241110804,515.595
1447,36,7,51.57537996998075,-31.051989985886003,516.36
1448,36,8,48.55873813058541,-17.80150154323672,516.711
1449,36,9,44.21630534687182,-6.341513040560434,516.709
1450,36,10,38.898169794938156,3.3825562041306694,516.455
1451,36,11,32.892920627595785,11.668534668604288,516.078
1452,36,12,26.415114577242335,18.86016549666307,515.722
1453,36,13,19.619282966302038,25.265318824815093,515.522
1454,36,14,12.61818368023535,31.139761331815254,515.596
1455,36,15,5.497979982308805,36.69593239141845,516.029
1456,36,16,-1.670223830505359,42.118214667816474,516.86
1457,36,17,-8.821491548942241,47.578845041309535,518.079
1458,36,18,-15.889280802064933,53.25342084526949,519.626
1459,36,19,-22.7972726569133,59.33644879178537,521.395
1460,36,20,-29.44956954999307,66.05715685959198,523.244
1461,36,21,-35.71774684943507,73.69282340823517,525.006
1462,36,22,-41.42418890096772,82.56945336679964,526.507
1463,36,23,-46.32441591343957,93.02249098580305,527.581
1464,36,24,-50.101425147092,105.26905431858175,528.09
1465,36,25,-52.4014230482021,119.16360569430114,527.932
1466,36,26,-52.94001761520345,133.97608668314606,527.061
1467,36,27,-51.63983646517816,148.5376538426414,525.483
1468,36,28,-48.6757461012569,161.8081513244642,523.267
1469,36,29,-44.376797716894195,173.30962981125376,520.534
1470,36,30,-39.08977709172452,-176.91945308949718,517.452
1471,36,31,-33.1029660200466,-168.58972320796482,514.217
1472,36,32,-26.63186550791081,-161.3602001979381,511.041
1473,36,33,-19.832280708021592,-154.9229654712545,508.133
1474,36,34,-12.818305661595787,-149.02117659436493,505.678
1475,36,35,-5.677405209823632,-143.44103498586955,503.826
1476,36,36,1.5179438024645726,-137.9967321795874,502.676
1477,36,37,8.701362181820057,-132.5145218234117,502.267
1478,36,38,15.804673541268693,-126.8171605083806,502.582
1479,36,39,22.74970038934416,-120.70803440904608,503.545
1480,37,0,32.64714993069122,-101.25179659596871,505.92
1481,37,1,38.69009491206288,-92.99075792691916,507.884
1482,37,2,44.04882910842311,-83.30154036279828,509.941
1483,37,3,48.43652555576637,-71.88315795745113,511.916
1484,37,4,51.50443137997725,-58.6716733100572,513.657
1485,37,5,52.91461955677476,-44.11202884881324,515.051
1486,37,6,52.47704348759789,-29.22997555308257,516.031
1487,37,7,50.25558251665919,-15.216828187709668,516.585
1488,37,8,46.53041100371257,-2.8421985945498043,516.748
1489,37,9,41.6593659744696,7.721633870857904,516.606
1490,37,10,35.96639988616939,16.683486661017554,516.273
1491,37,11,29.702242153053934,24.380682968798798,515.889
1492,37,12,23.04912905236835,31.14388676607394,515.594
1493,37,13,16.138540018088086,37.2547545636468,515.519
1494,37,14,9.068285066675019,42.94564085934474,515.764
1495,37,15,1.9157688110022,48.41294774275149,516.394
1496,37,16,-5.252010356144659,53.83302728314219,517.424
1497,37,17,-12.370260619968581,59.37786705891233,518.817
1498,37,18,-19.368652589803006,65.23054687566953,520.491
1499,37,19,-26.162467587390854,71.6010028428379,522.32
1500,37,20,-32.641398911410064,78.74121429927753,524.147
1501,37,21,-38.65472136235139,86.95435285167778,525.8
1502,37,22,-43.99331333084925,96.58023407162513,527.107
1503,37,23,-48.37545000420812,107.91874424481816,527.914
1504,37,24,-51.45716305582617,121.04129299902935,528.099
1505,37,25,-52.901888084161854,135.52341139809909,527.587
1506,37,26,-52.51416215064233,150.3636366153526,526.357
1507,37,27,-50.34706265530775,164.37891158465195,524.448
1508,37,28,-46.67059380623792,176.7867015327888,521.956
1509,37,29,-41.837026024970804,-172.60377074166794,519.025
1510,37,30,-36.16876473089852,-163.59599432085008,515.84
1511,37,31,-29.917031111883325,-155.8578681044675,512.608
1512,37,32,-23.26522257732921,-149.05975350279715,509.541
1513,37,33,-16.346143617910624,-142.91933147668564,506.838
1514,37,34,-9.258951504903218,-137.2029822357619,504.669
1515,37,35,-2.082340049385886,-131.7128625205273,503.159
1516,37,36,5.115272103395119,-126.27118250688645,502.378
1517,37,37,12.267578117307549,-120.70438708802929,502.338
1518,37,38,19.302502207691433,-114.82754206198858,502.989
1519,37,39,26.133300972087607,-108.42837880973866,504.231
1520,38,0,29.438292907673375,-95.95523078143394,505.03
1521,38,1,35.73921071890184,-88.2779410599887,506.879
1522,38,2,41.47112254584947,-79.34610268236302,508.912
1523,38,3,46.38486991778336,-68.82121830348026,510.949
1524,38,4,50.158231830419,-56.4885228701731,512.823
1525,38,5,52.433852786381316,-42.50747739389926,514.402
1526,38,6,52.929130293666454,-27.632894617573292,515.595
1527,38,7,51.57537996998075,-13.0519826548012,516.36
1528,38,8,48.55873813058541,0.19850553438402935,516.711
1529,38,9,44.21630534687182,11.65849429052437,516.709
1530,38,10,38.898169794938156,21.38256289488524,516.455
1531,38,11,32.892920627595785,29.668541999689094,516.078
1532,38,12,26.415114577242335,36.860174535295165,515.722
1533,38,13,19.619282966302038,43.26532444835261,515.522
1534,38,14,12.61818368023535,49.13976866290006,515.596
1535,38,15,5.497979982308805,54.695939722503255,516.029
1536,38,16,-1.670223830505359,60.11822541399586,516.86
1537,38,17,-8.821491548942241,65.57885237239434,518.079
1538,38,18,-15.889280802064933,71.25342817635429,519.626
1539,38,19,-22.7972726569133,77.33645612287017,521.395
1540,38,20,-29.44956954999307,84.05716419067679,523.244
1541,38,21,-35.71774684943507,91.69283073931997,525.006
1542,38,22,-41.42418890096772,100.56946069788444,526.507
1543,38,23,-46.32441591343957,111.02249831688785,527.581
1544,38,24,-50.101425147092,123.26905481947739,528.09
1545,38,25,-52.4014230482021,137.16361302538596,527.932
1546,38,26,-52.94001761520345,151.97609401423085,527.061
1547,38,27,-51.63983646517816,166.53766117372618,525.483
1548,38,28,-48.6757461012569,179.80815865554902,523.267
1549,38,29,-44.376797716894195,-168.69035921519577,520.534
1550,38,30,-39.08977709172452,-158.91944575841237,517.452
1551,38,31,-33.1029660200466,-150.58971587688,514.217
1552,38,32,-26.63186550791081,-143.36019286685328,511.041
1553,38,33,-19.832280708021592,-136.92295814016973,508.133
1554,38,34,-12.818305661595787,-131.02116926328011,505.678
1555,38,35,-5.677405209823632,-125.44102765478476,503.826
1556,38,36,1.5179438024645726,-119.99672484850262,502.676
1557,38,37,8.701362181820057,-114.51452132251607,502.267
1558,38,38,15.804673541268693,-108.81715317729578,502.582
1559,38,39,22.74970038934416,-102.70802707796128,503.545
1560,39,0,32.64714993069122,-83.25178926488391,505.92
1561,39,1,38.69009491206288,-74.99075059583436,507.884
1562,39,2,44.04882910842311,-65.30153303171348,509.941
1563,39,3,48.43652555576637,-53.88315062636632,511.916
1564,39,4,51.50443137997725,-40.67166256387781,513.657
1565,39,5,52.91461955677476,-26.11201981018114,515.051
1566,39,6,52.47704348759789,-11.229967368224123,516.031
1567,39,7,50.25558251665919,2.7831787164883126,516.585
1568,39,8,46.53041100371257,15.157808523091587,516.748
1569,39,9,41.6593659744696,25.721642055716355,516.606
1570,39,10,35.96639988616939,34.683492284555065,516.273
1571,39,11,29.702242153053934,42.380688592336305,515.889
1572,39,12,23.04912905236835,49.14389409715874,515.594
1573,39,13,16.138540018088086,55.2547618947316,515.519
1574,39,14,9.068285066675019,60.945648190429544,515.764
1575,39,15,1.9157688110022,66.41295507383629,516.394
1576,39,16,-5.252010356144659,71.83303802932157,517.424
1577,39,17,-12.370260619968581,77.37787438999713,518.817
1578,39,18,-19.368652589803006,83.23055420675433,520.491
1579,39,19,-26.162467587390854,89.6010101739227,522.32
1580,39,20,-32.641398911410064,96.74122163036233,524.147
1581,39,21,-38.65472136235139,104.95436018276258,525.8
1582,39,22,-43.99331333084925,114.58024140270993,527.107
1583,39,23,-48.37545000420812,125.9187447457138,527.914
1584,39,24,-51.45716305582617,139.04130033011415,528.099
1585,39,25,-52.901888084161854,153.52341872918387,527.587
1586,39,26,-52.51416215064233,168.36364394643738,526.357
1587,39,27,-50.34706265530775,-177.6210911021759,524.448
1588,39,28,-46.67059380623792,-165.21328749366072,521.956
1589,39,29,-41.837026024970804,-154.60376341058316,519.025
1590,39,30,-36.16876473089852,-145.59598698976527,515.84
1591,39,31,-29.917031111883325,-137.85786077338273,512.608
1592,39,32,-23.26522257732921,-131.05974617171236,509.541
1593,39,33,-16.346143617910624,-124.91932414560084,506.838
1594,39,34,-9.258951504903218,-119.20297490467709,504.669
1595,39,35,-2.082340049385886,-113.71284835925333,503.159
1596,39,36,5.115272103395119,-108.27116834561248,502.378
1597,39,37,12.267578117307549,-102.70437292675533,502.338
1598,39,38,19.302502207691433,-96.82753473090378,502.989
1599,39,39,26.133300972087607,-90.42837147865386,504.231
